516.514000   -0.065512
516.515000   -0.055366
516.516000   -0.044035
516.517000   -0.031861
516.518000   -0.019434
516.519000   -0.007388
516.520000   0.003728
516.521000   0.013487
516.522000   0.021589
516.523000   0.027877
516.524000   0.032334
516.525000   0.035038
516.526000   0.036044
516.527000   0.035288
516.528000   0.032621
516.529000   0.027963
516.530000   0.021432
516.531000   0.013366
516.532000   0.004293
516.533000   -0.005144
516.534000   -0.014265
516.535000   -0.022456
516.536000   -0.029254
516.537000   -0.034406
516.538000   -0.037848
516.539000   -0.039619
516.540000   -0.039784
516.541000   -0.038405
516.542000   -0.035547
516.543000   -0.031281
516.544000   -0.025690
516.545000   -0.018872
516.546000   -0.011004
516.547000   -0.002418
516.548000   0.006374
516.549000   0.014786
516.550000   0.022297
516.551000   0.028528
516.552000   0.033264
516.553000   0.036446
516.554000   0.038149
516.555000   0.038531
516.556000   0.037782
516.557000   0.036056
516.558000   0.033416
516.559000   0.029857
516.560000   0.025378
516.561000   0.020022
516.562000   0.013886
516.563000   0.007099
516.564000   -0.000180
516.565000   -0.007751
516.566000   -0.015350
516.567000   -0.022694
516.568000   -0.029605
516.569000   -0.036103
516.570000   -0.042316
516.571000   -0.048340
516.572000   -0.054180
516.573000   -0.059769
516.574000   -0.064995
516.575000   -0.069708
516.576000   -0.073710
516.577000   -0.076810
516.578000   -0.078927
516.579000   -0.080167
516.580000   -0.080754
516.581000   -0.080914
516.582000   -0.080851
516.583000   -0.080763
516.584000   -0.080839
516.585000   -0.081220
516.586000   -0.081934
516.587000   -0.082874
516.588000   -0.083873
516.589000   -0.084828
516.590000   -0.085725
516.591000   -0.086554
516.592000   -0.087274
516.593000   -0.087812
516.594000   -0.088056
516.595000   -0.087810
516.596000   -0.086761
516.597000   -0.084489
516.598000   -0.080584
516.599000   -0.074806
516.600000   -0.067163
516.601000   -0.057860
516.602000   -0.047244
516.603000   -0.035736
516.604000   -0.023768
516.605000   -0.011708
516.606000   0.000201
516.607000   0.011868
516.608000   0.023287
516.609000   0.034387
516.610000   0.044933
516.611000   0.054573
516.612000   0.062941
516.613000   0.069731
516.614000   0.074752
516.615000   0.077946
516.616000   0.079416
516.617000   0.079419
516.618000   0.078306
516.619000   0.076361
516.620000   0.073680
516.621000   0.070229
516.622000   0.065974
516.623000   0.060960
516.624000   0.055311
516.625000   0.049213
516.626000   0.042919
516.627000   0.036762
516.628000   0.031135
516.629000   0.026360
516.630000   0.022521
516.631000   0.019464
516.632000   0.016964
516.633000   0.014858
516.634000   0.013066
516.635000   0.011558
516.636000   0.010342
516.637000   0.009456
516.638000   0.008936
516.639000   0.008697
516.640000   0.008395
516.641000   0.007457
516.642000   0.005296
516.643000   0.001507
516.644000   -0.004081
516.645000   -0.011432
516.646000   -0.020330
516.647000   -0.030410
516.648000   -0.041214
516.649000   -0.052270
516.650000   -0.063172
516.651000   -0.073623
516.652000   -0.083350
516.653000   -0.092026
516.654000   -0.099268
516.655000   -0.104702
516.656000   -0.108009
516.657000   -0.108950
516.658000   -0.107369
516.659000   -0.103214
516.660000   -0.096631
516.661000   -0.088085
516.662000   -0.078315
516.663000   -0.068133
516.664000   -0.058284
516.665000   -0.049382
516.666000   -0.041892
516.667000   -0.036103
516.668000   -0.032103
516.669000   -0.029770
516.670000   -0.028899
516.671000   -0.029473
516.672000   -0.031692
516.673000   -0.035692
516.674000   -0.041366
516.675000   -0.048374
516.676000   -0.056236
516.677000   -0.064393
516.678000   -0.072220
516.679000   -0.079017
516.680000   -0.084063
516.681000   -0.086812
516.682000   -0.087068
516.683000   -0.084904
516.684000   -0.080492
516.685000   -0.074049
516.686000   -0.065863
516.687000   -0.056312
516.688000   -0.045830
516.689000   -0.034823
516.690000   -0.023599
516.691000   -0.012439
516.692000   -0.001768
516.693000   0.007839
516.694000   0.015842
516.695000   0.021828
516.696000   0.025479
516.697000   0.026572
516.698000   0.025045
516.699000   0.021086
516.700000   0.015163
516.701000   0.007949
516.702000   0.000146
516.703000   -0.007626
516.704000   -0.014830
516.705000   -0.021042
516.706000   -0.025983
516.707000   -0.029493
516.708000   -0.031484
516.709000   -0.031852
516.710000   -0.030428
516.711000   -0.027007
516.712000   -0.021518
516.713000   -0.014141
516.714000   -0.005248
516.715000   0.004699
516.716000   0.015193
516.717000   0.025712
516.718000   0.035764
516.719000   0.044960
516.720000   0.053090
516.721000   0.060099
516.722000   0.065922
516.723000   0.070312
516.724000   0.072883
516.725000   0.073282
516.726000   0.071313
516.727000   0.066956
516.728000   0.060372
516.729000   0.051883
516.730000   0.041956
516.731000   0.031136
516.732000   0.019922
516.733000   0.008650
516.734000   -0.002505
516.735000   -0.013435
516.736000   -0.024032
516.737000   -0.034174
516.738000   -0.043732
516.739000   -0.052569
516.740000   -0.060519
516.741000   -0.067389
516.742000   -0.073036
516.743000   -0.077506
516.744000   -0.081104
516.745000   -0.084312
516.746000   -0.087639
516.747000   -0.091514
516.748000   -0.096231
516.749000   -0.101905
516.750000   -0.108456
516.751000   -0.115656
516.752000   -0.123273
516.753000   -0.131269
516.754000   -0.139853
516.755000   -0.149327
516.756000   -0.159894
516.757000   -0.171576
516.758000   -0.184215
516.759000   -0.197506
516.760000   -0.211043
516.761000   -0.224388
516.762000   -0.237153
516.763000   -0.249064
516.764000   -0.259954
516.765000   -0.269693
516.766000   -0.278123
516.767000   -0.285030
516.768000   -0.290144
516.769000   -0.293154
516.770000   -0.293736
516.771000   -0.291610
516.772000   -0.286601
516.773000   -0.278708
516.774000   -0.268145
516.775000   -0.255320
516.776000   -0.240751
516.777000   -0.224968
516.778000   -0.208463
516.779000   -0.191663
516.780000   -0.174931
516.781000   -0.158608
516.782000   -0.143085
516.783000   -0.128852
516.784000   -0.116438
516.785000   -0.106257
516.786000   -0.098494
516.787000   -0.093101
516.788000   -0.089848
516.789000   -0.088379
516.790000   -0.088287
516.791000   -0.089168
516.792000   -0.090634
516.793000   -0.092282
516.794000   -0.093653
516.795000   -0.094265
516.796000   -0.093668
516.797000   -0.091525
516.798000   -0.087645
516.799000   -0.082005
516.800000   -0.074719
516.801000   -0.065992
516.802000   -0.056102
516.803000   -0.045454
516.804000   -0.034632
516.805000   -0.024343
516.806000   -0.015269
516.807000   -0.007957
516.808000   -0.002772
516.809000   0.000102
516.810000   0.000653
516.811000   -0.001012
516.812000   -0.004779
516.813000   -0.010605
516.814000   -0.018484
516.815000   -0.028325
516.816000   -0.039912
516.817000   -0.052943
516.818000   -0.067079
516.819000   -0.081984
516.820000   -0.097335
516.821000   -0.112819
516.822000   -0.128121
516.823000   -0.142926
516.824000   -0.156927
516.825000   -0.169834
516.826000   -0.181383
516.827000   -0.191337
516.828000   -0.199483
516.829000   -0.205621
516.830000   -0.209551
516.831000   -0.211074
516.832000   -0.210041
516.833000   -0.206461
516.834000   -0.200554
516.835000   -0.192711
516.836000   -0.183415
516.837000   -0.173179
516.838000   -0.162497
516.839000   -0.151799
516.840000   -0.141420
516.841000   -0.131617
516.842000   -0.122625
516.843000   -0.114721
516.844000   -0.108198
516.845000   -0.103290
516.846000   -0.100145
516.847000   -0.098804
516.848000   -0.099192
516.849000   -0.101102
516.850000   -0.104195
516.851000   -0.108027
516.852000   -0.112112
516.853000   -0.116000
516.854000   -0.119313
516.855000   -0.121735
516.856000   -0.123000
516.857000   -0.122869
516.858000   -0.121127
516.859000   -0.117575
516.860000   -0.112028
516.861000   -0.104360
516.862000   -0.094618
516.863000   -0.083143
516.864000   -0.070549
516.865000   -0.057576
516.866000   -0.044927
516.867000   -0.033154
516.868000   -0.022608
516.869000   -0.013434
516.870000   -0.005614
516.871000   0.000921
516.872000   0.006165
516.873000   0.009979
516.874000   0.012147
516.875000   0.012463
516.876000   0.010800
516.877000   0.007145
516.878000   0.001602
516.879000   -0.005609
516.880000   -0.014168
516.881000   -0.023673
516.882000   -0.033709
516.883000   -0.043934
516.884000   -0.054121
516.885000   -0.064111
516.886000   -0.073719
516.887000   -0.082672
516.888000   -0.090582
516.889000   -0.096964
516.890000   -0.101282
516.891000   -0.103052
516.892000   -0.102001
516.893000   -0.098176
516.894000   -0.091939
516.895000   -0.083838
516.896000   -0.074480
516.897000   -0.064434
516.898000   -0.054181
516.899000   -0.044068
516.900000   -0.034315
516.901000   -0.025078
516.902000   -0.016576
516.903000   -0.009143
516.904000   -0.003187
516.905000   0.000925
516.906000   0.002931
516.907000   0.002694
516.908000   0.000205
516.909000   -0.004426
516.910000   -0.010996
516.911000   -0.019276
516.912000   -0.029089
516.913000   -0.040326
516.914000   -0.052894
516.915000   -0.066643
516.916000   -0.081333
516.917000   -0.096634
516.918000   -0.112137
516.919000   -0.127377
516.920000   -0.141885
516.921000   -0.155287
516.922000   -0.167403
516.923000   -0.178261
516.924000   -0.188004
516.925000   -0.196797
516.926000   -0.204762
516.927000   -0.211963
516.928000   -0.218403
516.929000   -0.224053
516.930000   -0.228924
516.931000   -0.233156
516.932000   -0.237059
516.933000   -0.241037
516.934000   -0.245453
516.935000   -0.250532
516.936000   -0.256314
516.937000   -0.262662
516.938000   -0.269293
516.939000   -0.275845
516.940000   -0.281962
516.941000   -0.287359
516.942000   -0.291818
516.943000   -0.295138
516.944000   -0.297087
516.945000   -0.297395
516.946000   -0.295762
516.947000   -0.291899
516.948000   -0.285563
516.949000   -0.276610
516.950000   -0.265039
516.951000   -0.251015
516.952000   -0.234855
516.953000   -0.216990
516.954000   -0.197911
516.955000   -0.178107
516.956000   -0.158033
516.957000   -0.138095
516.958000   -0.118652
516.959000   -0.100035
516.960000   -0.082553
516.961000   -0.066504
516.962000   -0.052161
516.963000   -0.039751
516.964000   -0.029405
516.965000   -0.021124
516.966000   -0.014774
516.967000   -0.010115
516.968000   -0.006832
516.969000   -0.004586
516.970000   -0.003039
516.971000   -0.001889
516.972000   -0.000902
516.973000   0.000070
516.974000   0.001100
516.975000   0.002221
516.976000   0.003444
516.977000   0.004761
516.978000   0.006133
516.979000   0.007475
516.980000   0.008659
516.981000   0.009506
516.982000   0.009772
516.983000   0.009162
516.984000   0.007393
516.985000   0.004252
516.986000   -0.000376
516.987000   -0.006535
516.988000   -0.014226
516.989000   -0.023426
516.990000   -0.034068
516.991000   -0.046034
516.992000   -0.059153
516.993000   -0.073199
516.994000   -0.087873
516.995000   -0.102791
516.996000   -0.117509
516.997000   -0.131555
516.998000   -0.144454
516.999000   -0.155722
517.000000   -0.164877
517.001000   -0.171480
517.001000   -0.171480
517.002000   -0.175205
517.003000   -0.175906
517.004000   -0.173624
517.005000   -0.168564
517.006000   -0.161062
517.007000   -0.151549
517.008000   -0.140496
517.009000   -0.128358
517.010000   -0.115533
517.011000   -0.102376
517.012000   -0.089237
517.013000   -0.076489
517.014000   -0.064503
517.015000   -0.053610
517.016000   -0.044088
517.017000   -0.036158
517.018000   -0.029974
517.019000   -0.025613
517.020000   -0.023070
517.021000   -0.022276
517.022000   -0.023120
517.023000   -0.025484
517.024000   -0.029274
517.025000   -0.034432
517.026000   -0.040927
517.027000   -0.048709
517.028000   -0.057664
517.029000   -0.067568
517.030000   -0.078080
517.031000   -0.088772
517.032000   -0.099183
517.033000   -0.108890
517.034000   -0.117564
517.035000   -0.124980
517.036000   -0.130984
517.037000   -0.135444
517.038000   -0.138215
517.039000   -0.139131
517.040000   -0.138026
517.041000   -0.134774
517.042000   -0.129339
517.043000   -0.121832
517.044000   -0.112543
517.045000   -0.101943
517.046000   -0.090622
517.047000   -0.079212
517.048000   -0.068306
517.049000   -0.058410
517.050000   -0.049898
517.051000   -0.042980
517.052000   -0.037719
517.053000   -0.034103
517.054000   -0.032147
517.055000   -0.031925
517.056000   -0.033495
517.057000   -0.036811
517.058000   -0.041654
517.059000   -0.047610
517.060000   -0.054075
517.061000   -0.060309
517.062000   -0.065544
517.063000   -0.069132
517.064000   -0.070637
517.065000   -0.069831
517.066000   -0.066619
517.067000   -0.060984
517.068000   -0.052973
517.069000   -0.042689
517.070000   -0.030300
517.071000   -0.016056
517.072000   -0.000323
517.073000   0.016364
517.074000   0.033307
517.075000   0.049726
517.076000   0.064879
517.077000   0.078162
517.078000   0.089166
517.079000   0.097688
517.080000   0.103708
517.081000   0.107342
517.082000   0.108755
517.083000   0.108086
517.084000   0.105433
517.085000   0.100914
517.086000   0.094723
517.087000   0.087145
517.088000   0.078555
517.089000   0.069395
517.090000   0.060149
517.091000   0.051316
517.092000   0.043363
517.093000   0.036702
517.094000   0.031652
517.095000   0.028408
517.096000   0.027015
517.097000   0.027364
517.098000   0.029230
517.099000   0.032322
517.100000   0.036319
517.101000   0.040891
517.102000   0.045667
517.103000   0.050237
517.104000   0.054184
517.105000   0.057135
517.106000   0.058799
517.107000   0.059006
517.108000   0.057742
517.109000   0.055155
517.110000   0.051495
517.111000   0.047010
517.112000   0.041875
517.113000   0.036228
517.114000   0.030240
517.115000   0.024130
517.116000   0.018143
517.117000   0.012518
517.118000   0.007484
517.119000   0.003238
517.120000   -0.000082
517.121000   -0.002430
517.122000   -0.003820
517.123000   -0.004268
517.124000   -0.003759
517.125000   -0.002286
517.126000   0.000103
517.127000   0.003308
517.128000   0.007214
517.129000   0.011699
517.130000   0.016601
517.131000   0.021658
517.132000   0.026500
517.133000   0.030706
517.134000   0.033853
517.135000   0.035539
517.136000   0.035417
517.137000   0.033278
517.138000   0.029097
517.139000   0.023000
517.140000   0.015151
517.141000   0.005669
517.142000   -0.005350
517.143000   -0.017764
517.144000   -0.031369
517.145000   -0.045912
517.146000   -0.061081
517.147000   -0.076463
517.148000   -0.091543
517.149000   -0.105790
517.150000   -0.118761
517.151000   -0.130125
517.152000   -0.139617
517.153000   -0.147030
517.154000   -0.152254
517.155000   -0.155318
517.156000   -0.156382
517.157000   -0.155697
517.158000   -0.153589
517.159000   -0.150484
517.160000   -0.146900
517.161000   -0.143368
517.162000   -0.140338
517.163000   -0.138136
517.164000   -0.136978
517.165000   -0.137001
517.166000   -0.138254
517.167000   -0.140679
517.168000   -0.144143
517.169000   -0.148490
517.170000   -0.153530
517.171000   -0.158978
517.172000   -0.164424
517.173000   -0.169366
517.174000   -0.173275
517.175000   -0.175653
517.176000   -0.176074
517.177000   -0.174243
517.178000   -0.170056
517.179000   -0.163623
517.180000   -0.155195
517.181000   -0.145076
517.182000   -0.133564
517.183000   -0.120940
517.184000   -0.107473
517.185000   -0.093426
517.186000   -0.079078
517.187000   -0.064790
517.188000   -0.051047
517.189000   -0.038417
517.190000   -0.027440
517.191000   -0.018528
517.192000   -0.011925
517.193000   -0.007703
517.194000   -0.005775
517.195000   -0.005942
517.196000   -0.007967
517.197000   -0.011672
517.198000   -0.016961
517.199000   -0.023741
517.200000   -0.031827
517.201000   -0.040891
517.202000   -0.050463
517.203000   -0.059955
517.204000   -0.068707
517.205000   -0.076045
517.206000   -0.081358
517.207000   -0.084165
517.208000   -0.084129
517.209000   -0.081048
517.210000   -0.074852
517.211000   -0.065636
517.212000   -0.053660
517.213000   -0.039333
517.214000   -0.023160
517.215000   -0.005710
517.216000   0.012367
517.217000   0.030346
517.218000   0.047488
517.219000   0.063120
517.220000   0.076684
517.221000   0.087749
517.222000   0.096018
517.223000   0.101329
517.224000   0.103635
517.225000   0.102942
517.226000   0.099259
517.227000   0.092633
517.228000   0.083233
517.229000   0.071401
517.230000   0.057624
517.231000   0.042492
517.232000   0.026644
517.233000   0.010726
517.234000   -0.004645
517.235000   -0.018933
517.236000   -0.031714
517.237000   -0.042650
517.238000   -0.051474
517.239000   -0.057983
517.240000   -0.062074
517.241000   -0.063765
517.242000   -0.063186
517.243000   -0.060555
517.244000   -0.056211
517.245000   -0.050672
517.246000   -0.044621
517.247000   -0.038776
517.248000   -0.033767
517.249000   -0.030079
517.250000   -0.028046
517.251000   -0.027840
517.252000   -0.029475
517.253000   -0.032885
517.254000   -0.038070
517.255000   -0.045205
517.256000   -0.054554
517.257000   -0.066308
517.258000   -0.080473
517.259000   -0.096851
517.260000   -0.115061
517.261000   -0.134589
517.262000   -0.154851
517.263000   -0.175278
517.264000   -0.195376
517.265000   -0.214691
517.266000   -0.232687
517.267000   -0.248699
517.268000   -0.261990
517.269000   -0.271866
517.270000   -0.277768
517.271000   -0.279315
517.272000   -0.276326
517.273000   -0.268843
517.274000   -0.257150
517.275000   -0.241717
517.276000   -0.223132
517.277000   -0.202052
517.278000   -0.179182
517.279000   -0.155247
517.280000   -0.130939
517.281000   -0.106855
517.282000   -0.083499
517.283000   -0.061332
517.284000   -0.040824
517.285000   -0.022404
517.286000   -0.006410
517.287000   0.006933
517.288000   0.017502
517.289000   0.025256
517.290000   0.030212
517.291000   0.032418
517.292000   0.031912
517.293000   0.028729
517.294000   0.023003
517.295000   0.015045
517.296000   0.005357
517.297000   -0.005426
517.298000   -0.016632
517.299000   -0.027650
517.300000   -0.037988
517.301000   -0.047299
517.302000   -0.055361
517.303000   -0.062036
517.304000   -0.067231
517.305000   -0.070890
517.306000   -0.073018
517.307000   -0.073705
517.308000   -0.073131
517.309000   -0.071574
517.310000   -0.069408
517.311000   -0.067135
517.312000   -0.065383
517.313000   -0.064842
517.314000   -0.066144
517.315000   -0.069771
517.316000   -0.075977
517.317000   -0.084741
517.318000   -0.095779
517.319000   -0.108644
517.320000   -0.122891
517.321000   -0.138219
517.322000   -0.154422
517.323000   -0.171239
517.324000   -0.188259
517.325000   -0.204909
517.326000   -0.220499
517.327000   -0.234273
517.328000   -0.245483
517.329000   -0.253506
517.330000   -0.257963
517.331000   -0.258756
517.332000   -0.255973
517.333000   -0.249803
517.334000   -0.240516
517.335000   -0.228463
517.336000   -0.214051
517.337000   -0.197720
517.338000   -0.179931
517.339000   -0.161221
517.340000   -0.142258
517.341000   -0.123791
517.342000   -0.106539
517.343000   -0.091102
517.344000   -0.077924
517.345000   -0.067272
517.346000   -0.059214
517.347000   -0.053654
517.348000   -0.050420
517.349000   -0.049406
517.350000   -0.050613
517.351000   -0.054057
517.352000   -0.059653
517.353000   -0.067166
517.354000   -0.076200
517.355000   -0.086215
517.356000   -0.096559
517.357000   -0.106544
517.358000   -0.115559
517.359000   -0.123157
517.360000   -0.129049
517.361000   -0.133047
517.362000   -0.135033
517.363000   -0.134949
517.364000   -0.132792
517.365000   -0.128602
517.366000   -0.122460
517.367000   -0.114513
517.368000   -0.105058
517.369000   -0.094586
517.370000   -0.083747
517.371000   -0.073236
517.372000   -0.063686
517.373000   -0.055587
517.374000   -0.049229
517.375000   -0.044680
517.376000   -0.041831
517.377000   -0.040529
517.378000   -0.040696
517.379000   -0.042306
517.380000   -0.045268
517.381000   -0.049350
517.382000   -0.054165
517.383000   -0.059180
517.384000   -0.063754
517.385000   -0.067210
517.386000   -0.068972
517.387000   -0.068722
517.388000   -0.066440
517.389000   -0.062316
517.390000   -0.056629
517.391000   -0.049652
517.392000   -0.041586
517.393000   -0.032532
517.394000   -0.022493
517.395000   -0.011456
517.396000   0.000476
517.397000   0.012986
517.398000   0.025600
517.399000   0.037805
517.400000   0.049129
517.401000   0.059196
517.402000   0.067756
517.403000   0.074694
517.404000   0.079998
517.405000   0.083659
517.406000   0.085578
517.407000   0.085570
517.408000   0.083455
517.409000   0.079093
517.410000   0.072402
517.411000   0.063384
517.412000   0.052189
517.413000   0.039121
517.414000   0.024603
517.415000   0.009100
517.416000   -0.006935
517.417000   -0.023070
517.418000   -0.038911
517.419000   -0.054146
517.420000   -0.068551
517.421000   -0.081909
517.422000   -0.093955
517.423000   -0.104378
517.424000   -0.112917
517.425000   -0.119474
517.426000   -0.124162
517.427000   -0.127241
517.428000   -0.129037
517.429000   -0.129888
517.430000   -0.130080
517.431000   -0.129790
517.432000   -0.129088
517.433000   -0.128028
517.434000   -0.126809
517.435000   -0.125825
517.436000   -0.125544
517.437000   -0.126342
517.438000   -0.128413
517.439000   -0.131760
517.440000   -0.136190
517.441000   -0.141313
517.442000   -0.146620
517.443000   -0.151641
517.444000   -0.156083
517.445000   -0.159788
517.446000   -0.162606
517.447000   -0.164334
517.448000   -0.164773
517.449000   -0.163782
517.450000   -0.161266
517.451000   -0.157142
517.452000   -0.151377
517.453000   -0.144058
517.454000   -0.135388
517.455000   -0.125590
517.456000   -0.114856
517.457000   -0.103375
517.458000   -0.091410
517.459000   -0.079308
517.460000   -0.067446
517.461000   -0.056192
517.462000   -0.045922
517.463000   -0.037019
517.464000   -0.029786
517.465000   -0.024356
517.466000   -0.020686
517.467000   -0.018628
517.468000   -0.018005
517.469000   -0.018646
517.470000   -0.020366
517.471000   -0.022957
517.472000   -0.026202
517.473000   -0.029835
517.474000   -0.033490
517.475000   -0.036691
517.476000   -0.038921
517.477000   -0.039708
517.478000   -0.038698
517.479000   -0.035681
517.480000   -0.030616
517.481000   -0.023689
517.482000   -0.015329
517.483000   -0.006101
517.484000   0.003433
517.485000   0.012803
517.486000   0.021661
517.487000   0.029782
517.488000   0.037054
517.489000   0.043416
517.490000   0.048734
517.491000   0.052698
517.492000   0.054907
517.493000   0.055052
517.494000   0.053044
517.495000   0.049047
517.496000   0.043457
517.497000   0.036833
517.498000   0.029791
517.499000   0.022862
517.500000   0.016385
517.501000   0.010509
517.501000   0.010509
517.502000   0.005292
517.503000   0.000777
517.504000   -0.002995
517.505000   -0.005995
517.506000   -0.008224
517.507000   -0.009731
517.508000   -0.010638
517.509000   -0.011169
517.510000   -0.011677
517.511000   -0.012609
517.512000   -0.014432
517.513000   -0.017570
517.514000   -0.022352
517.515000   -0.028985
517.516000   -0.037523
517.517000   -0.047870
517.518000   -0.059835
517.519000   -0.073245
517.520000   -0.088001
517.521000   -0.104031
517.522000   -0.121218
517.523000   -0.139375
517.524000   -0.158239
517.525000   -0.177479
517.526000   -0.196692
517.527000   -0.215441
517.528000   -0.233332
517.529000   -0.250097
517.530000   -0.265611
517.531000   -0.279828
517.532000   -0.292729
517.533000   -0.304296
517.534000   -0.314487
517.535000   -0.323220
517.536000   -0.330360
517.537000   -0.335758
517.538000   -0.339352
517.539000   -0.341254
517.540000   -0.341712
517.541000   -0.341016
517.542000   -0.339415
517.543000   -0.337088
517.544000   -0.334133
517.545000   -0.330561
517.546000   -0.326322
517.547000   -0.321365
517.548000   -0.315724
517.549000   -0.309522
517.550000   -0.302902
517.551000   -0.295957
517.552000   -0.288701
517.553000   -0.281094
517.554000   -0.273058
517.555000   -0.264489
517.556000   -0.255262
517.557000   -0.245270
517.558000   -0.234458
517.559000   -0.222821
517.560000   -0.210367
517.561000   -0.197096
517.562000   -0.182983
517.563000   -0.167984
517.564000   -0.152037
517.565000   -0.135084
517.566000   -0.117133
517.567000   -0.098351
517.568000   -0.079112
517.569000   -0.059958
517.570000   -0.041511
517.571000   -0.024390
517.572000   -0.009124
517.573000   0.003902
517.574000   0.014476
517.575000   0.022532
517.576000   0.028072
517.577000   0.031081
517.578000   0.031511
517.579000   0.029310
517.580000   0.024460
517.581000   0.017032
517.582000   0.007223
517.583000   -0.004640
517.584000   -0.018138
517.585000   -0.032803
517.586000   -0.048158
517.587000   -0.063716
517.588000   -0.078975
517.589000   -0.093453
517.590000   -0.106735
517.591000   -0.118480
517.592000   -0.128394
517.593000   -0.136213
517.594000   -0.141708
517.595000   -0.144722
517.596000   -0.145207
517.597000   -0.143233
517.598000   -0.139004
517.599000   -0.132881
517.600000   -0.125374
517.601000   -0.117047
517.602000   -0.108393
517.603000   -0.099782
517.604000   -0.091487
517.605000   -0.083744
517.606000   -0.076777
517.607000   -0.070775
517.608000   -0.065886
517.609000   -0.062223
517.610000   -0.059832
517.611000   -0.058645
517.612000   -0.058467
517.613000   -0.059024
517.614000   -0.060060
517.615000   -0.061374
517.616000   -0.062795
517.617000   -0.064146
517.618000   -0.065245
517.619000   -0.065933
517.620000   -0.066078
517.621000   -0.065552
517.622000   -0.064218
517.623000   -0.061961
517.624000   -0.058719
517.625000   -0.054469
517.626000   -0.049210
517.627000   -0.042977
517.628000   -0.035876
517.629000   -0.028104
517.630000   -0.019930
517.631000   -0.011661
517.632000   -0.003656
517.633000   0.003658
517.634000   0.009803
517.635000   0.014330
517.636000   0.016883
517.637000   0.017231
517.638000   0.015266
517.639000   0.010979
517.640000   0.004432
517.641000   -0.004299
517.642000   -0.015167
517.643000   -0.028134
517.644000   -0.043085
517.645000   -0.059758
517.646000   -0.077719
517.647000   -0.096391
517.648000   -0.115090
517.649000   -0.133085
517.650000   -0.149669
517.651000   -0.164242
517.652000   -0.176356
517.653000   -0.185707
517.654000   -0.192091
517.655000   -0.195389
517.656000   -0.195566
517.657000   -0.192681
517.658000   -0.186878
517.659000   -0.178390
517.660000   -0.167565
517.661000   -0.154901
517.662000   -0.141019
517.663000   -0.126577
517.664000   -0.112163
517.665000   -0.098234
517.666000   -0.085079
517.667000   -0.072812
517.668000   -0.061396
517.669000   -0.050737
517.670000   -0.040802
517.671000   -0.031711
517.672000   -0.023689
517.673000   -0.016950
517.674000   -0.011602
517.675000   -0.007606
517.676000   -0.004765
517.677000   -0.002747
517.678000   -0.001158
517.679000   0.000336
517.680000   0.001894
517.681000   0.003503
517.682000   0.005066
517.683000   0.006491
517.684000   0.007738
517.685000   0.008844
517.686000   0.009939
517.687000   0.011225
517.688000   0.012915
517.689000   0.015148
517.690000   0.017942
517.691000   0.021196
517.692000   0.024698
517.693000   0.028141
517.694000   0.031166
517.695000   0.033444
517.696000   0.034748
517.697000   0.034970
517.698000   0.034069
517.699000   0.032008
517.700000   0.028732
517.701000   0.024197
517.702000   0.018381
517.703000   0.011297
517.704000   0.003048
517.705000   -0.006115
517.706000   -0.015774
517.707000   -0.025407
517.708000   -0.034501
517.709000   -0.042584
517.710000   -0.049210
517.711000   -0.053937
517.712000   -0.056372
517.713000   -0.056225
517.714000   -0.053320
517.715000   -0.047586
517.716000   -0.039082
517.717000   -0.028068
517.718000   -0.015018
517.719000   -0.000540
517.720000   0.014761
517.721000   0.030355
517.722000   0.045799
517.723000   0.060728
517.724000   0.074849
517.725000   0.087919
517.726000   0.099679
517.727000   0.109786
517.728000   0.117836
517.729000   0.123473
517.730000   0.126488
517.731000   0.126849
517.732000   0.124672
517.733000   0.120161
517.734000   0.113555
517.735000   0.105096
517.736000   0.094991
517.737000   0.083422
517.738000   0.070601
517.739000   0.056835
517.740000   0.042533
517.741000   0.028168
517.742000   0.014197
517.743000   0.000990
517.744000   -0.011204
517.745000   -0.022245
517.746000   -0.032062
517.747000   -0.040631
517.748000   -0.047951
517.749000   -0.054034
517.750000   -0.058920
517.751000   -0.062679
517.752000   -0.065419
517.753000   -0.067287
517.754000   -0.068475
517.755000   -0.069256
517.756000   -0.069991
517.757000   -0.071073
517.758000   -0.072836
517.759000   -0.075494
517.760000   -0.079117
517.761000   -0.083634
517.762000   -0.088860
517.763000   -0.094564
517.764000   -0.100573
517.765000   -0.106843
517.766000   -0.113419
517.767000   -0.120323
517.768000   -0.127472
517.769000   -0.134652
517.770000   -0.141530
517.771000   -0.147692
517.772000   -0.152713
517.773000   -0.156272
517.774000   -0.158249
517.775000   -0.158726
517.776000   -0.157871
517.777000   -0.155828
517.778000   -0.152678
517.779000   -0.148447
517.780000   -0.143140
517.781000   -0.136783
517.782000   -0.129496
517.783000   -0.121559
517.784000   -0.113416
517.785000   -0.105578
517.786000   -0.098515
517.787000   -0.092595
517.788000   -0.088056
517.789000   -0.085017
517.790000   -0.083487
517.791000   -0.083397
517.792000   -0.084637
517.793000   -0.087078
517.794000   -0.090551
517.795000   -0.094822
517.796000   -0.099608
517.797000   -0.104598
517.798000   -0.109487
517.799000   -0.113974
517.800000   -0.117752
517.801000   -0.120513
517.802000   -0.121965
517.803000   -0.121873
517.804000   -0.120081
517.805000   -0.116537
517.806000   -0.111319
517.807000   -0.104647
517.808000   -0.096856
517.809000   -0.088332
517.810000   -0.079451
517.811000   -0.070572
517.812000   -0.062050
517.813000   -0.054221
517.814000   -0.047354
517.815000   -0.041620
517.816000   -0.037101
517.817000   -0.033805
517.818000   -0.031653
517.819000   -0.030481
517.820000   -0.030057
517.821000   -0.030149
517.822000   -0.030556
517.823000   -0.031088
517.824000   -0.031556
517.825000   -0.031773
517.826000   -0.031596
517.827000   -0.030934
517.828000   -0.029750
517.829000   -0.028061
517.830000   -0.025968
517.831000   -0.023669
517.832000   -0.021421
517.833000   -0.019469
517.834000   -0.017990
517.835000   -0.017095
517.836000   -0.016855
517.837000   -0.017330
517.838000   -0.018593
517.839000   -0.020767
517.840000   -0.024038
517.841000   -0.028608
517.842000   -0.034611
517.843000   -0.042071
517.844000   -0.050906
517.845000   -0.060975
517.846000   -0.072133
517.847000   -0.084258
517.848000   -0.097241
517.849000   -0.110961
517.850000   -0.125238
517.851000   -0.139811
517.852000   -0.154349
517.853000   -0.168497
517.854000   -0.181923
517.855000   -0.194366
517.856000   -0.205643
517.857000   -0.215627
517.858000   -0.224237
517.859000   -0.231438
517.860000   -0.237264
517.861000   -0.241813
517.862000   -0.245222
517.863000   -0.247654
517.864000   -0.249273
517.865000   -0.250233
517.866000   -0.250676
517.867000   -0.250771
517.868000   -0.250786
517.869000   -0.251122
517.870000   -0.252235
517.871000   -0.254531
517.872000   -0.258276
517.873000   -0.263558
517.874000   -0.270278
517.875000   -0.278172
517.876000   -0.286878
517.877000   -0.296017
517.878000   -0.305236
517.879000   -0.314181
517.880000   -0.322442
517.881000   -0.329539
517.882000   -0.334949
517.883000   -0.338150
517.884000   -0.338679
517.885000   -0.336188
517.886000   -0.330499
517.887000   -0.321653
517.888000   -0.309892
517.889000   -0.295594
517.890000   -0.279192
517.891000   -0.261096
517.892000   -0.241650
517.893000   -0.221117
517.894000   -0.199696
517.895000   -0.177583
517.896000   -0.155069
517.897000   -0.132595
517.898000   -0.110716
517.899000   -0.090000
517.900000   -0.070949
517.901000   -0.053947
517.902000   -0.039249
517.903000   -0.026980
517.904000   -0.017174
517.905000   -0.009831
517.906000   -0.004950
517.907000   -0.002540
517.908000   -0.002585
517.909000   -0.005035
517.910000   -0.009807
517.911000   -0.016789
517.912000   -0.025849
517.913000   -0.036823
517.914000   -0.049509
517.915000   -0.063655
517.916000   -0.078974
517.917000   -0.095173
517.918000   -0.111987
517.919000   -0.129194
517.920000   -0.146626
517.921000   -0.164151
517.922000   -0.181661
517.923000   -0.199049
517.924000   -0.216236
517.925000   -0.233242
517.926000   -0.250234
517.927000   -0.267476
517.928000   -0.285234
517.929000   -0.303687
517.930000   -0.322879
517.931000   -0.342689
517.932000   -0.362825
517.933000   -0.382901
517.934000   -0.402565
517.935000   -0.421606
517.936000   -0.439920
517.937000   -0.457394
517.938000   -0.473835
517.939000   -0.488968
517.940000   -0.502472
517.941000   -0.514025
517.942000   -0.523343
517.943000   -0.530231
517.944000   -0.534626
517.945000   -0.536579
517.946000   -0.536181
517.947000   -0.533485
517.948000   -0.528476
517.949000   -0.521059
517.950000   -0.511084
517.951000   -0.498376
517.952000   -0.482791
517.953000   -0.464271
517.954000   -0.442896
517.955000   -0.418889
517.956000   -0.392605
517.957000   -0.364489
517.958000   -0.335028
517.959000   -0.304700
517.960000   -0.273928
517.961000   -0.243059
517.962000   -0.212371
517.963000   -0.182129
517.964000   -0.152629
517.965000   -0.124217
517.966000   -0.097263
517.967000   -0.072134
517.968000   -0.049142
517.969000   -0.028521
517.970000   -0.010417
517.971000   0.005081
517.972000   0.017868
517.973000   0.027772
517.974000   0.034579
517.975000   0.038103
517.976000   0.038264
517.977000   0.035141
517.978000   0.028987
517.979000   0.020210
517.980000   0.009307
517.981000   -0.003222
517.982000   -0.016954
517.983000   -0.031560
517.984000   -0.046783
517.985000   -0.062412
517.986000   -0.078247
517.987000   -0.094060
517.988000   -0.109558
517.989000   -0.124367
517.990000   -0.138055
517.991000   -0.150192
517.992000   -0.160420
517.993000   -0.168519
517.994000   -0.174456
517.995000   -0.178400
517.996000   -0.180686
517.997000   -0.181729
517.998000   -0.181947
517.999000   -0.181713
518.000000   -0.181371
518.001000   -0.181285
518.001000   -0.181285
518.002000   -0.181843
518.003000   -0.183430
518.004000   -0.186354
518.005000   -0.190793
518.006000   -0.196731
518.007000   -0.203931
518.008000   -0.211965
518.009000   -0.220312
518.010000   -0.228481
518.011000   -0.236074
518.012000   -0.242774
518.013000   -0.248321
518.014000   -0.252501
518.015000   -0.255167
518.016000   -0.256231
518.017000   -0.255669
518.018000   -0.253520
518.019000   -0.249919
518.020000   -0.245095
518.021000   -0.239347
518.022000   -0.232987
518.023000   -0.226313
518.024000   -0.219604
518.025000   -0.213110
518.026000   -0.207030
518.027000   -0.201516
518.028000   -0.196710
518.029000   -0.192804
518.030000   -0.190028
518.031000   -0.188587
518.032000   -0.188587
518.033000   -0.190019
518.034000   -0.192760
518.035000   -0.196583
518.036000   -0.201182
518.037000   -0.206231
518.038000   -0.211460
518.039000   -0.216697
518.040000   -0.221835
518.041000   -0.226783
518.042000   -0.231439
518.043000   -0.235677
518.044000   -0.239317
518.045000   -0.242103
518.046000   -0.243707
518.047000   -0.243774
518.048000   -0.241979
518.049000   -0.238036
518.050000   -0.231696
518.051000   -0.222751
518.052000   -0.211052
518.053000   -0.196523
518.054000   -0.179158
518.055000   -0.159029
518.056000   -0.136337
518.057000   -0.111468
518.058000   -0.084986
518.059000   -0.057539
518.060000   -0.029759
518.061000   -0.002196
518.062000   0.024720
518.063000   0.050697
518.064000   0.075571
518.065000   0.099233
518.066000   0.121503
518.067000   0.142087
518.068000   0.160646
518.069000   0.176916
518.070000   0.190776
518.071000   0.202249
518.072000   0.211490
518.073000   0.218752
518.074000   0.224320
518.075000   0.228440
518.076000   0.231270
518.077000   0.232908
518.078000   0.233433
518.079000   0.232922
518.080000   0.231430
518.081000   0.228956
518.082000   0.225445
518.083000   0.220809
518.084000   0.214947
518.085000   0.207752
518.086000   0.199111
518.087000   0.188901
518.088000   0.177005
518.089000   0.163317
518.090000   0.147766
518.091000   0.130349
518.092000   0.111178
518.093000   0.090491
518.094000   0.068621
518.095000   0.045941
518.096000   0.022843
518.097000   -0.000259
518.098000   -0.022925
518.099000   -0.044714
518.100000   -0.065197
518.101000   -0.083956
518.102000   -0.100601
518.103000   -0.114814
518.104000   -0.126417
518.105000   -0.135393
518.106000   -0.141838
518.107000   -0.145916
518.108000   -0.147822
518.109000   -0.147771
518.110000   -0.145973
518.111000   -0.142616
518.112000   -0.137879
518.113000   -0.131990
518.114000   -0.125269
518.115000   -0.118090
518.116000   -0.110801
518.117000   -0.103666
518.118000   -0.096840
518.119000   -0.090371
518.120000   -0.084208
518.121000   -0.078222
518.122000   -0.072266
518.123000   -0.066239
518.124000   -0.060106
518.125000   -0.053854
518.126000   -0.047462
518.127000   -0.040898
518.128000   -0.034147
518.129000   -0.027231
518.130000   -0.020213
518.131000   -0.013205
518.132000   -0.006385
518.133000   0.000026
518.134000   0.005813
518.135000   0.010818
518.136000   0.014956
518.137000   0.018190
518.138000   0.020509
518.139000   0.021906
518.140000   0.022369
518.141000   0.021859
518.142000   0.020295
518.143000   0.017583
518.144000   0.013676
518.145000   0.008607
518.146000   0.002504
518.147000   -0.004437
518.148000   -0.011975
518.149000   -0.019868
518.150000   -0.027921
518.151000   -0.036038
518.152000   -0.044218
518.153000   -0.052497
518.154000   -0.060889
518.155000   -0.069344
518.156000   -0.077743
518.157000   -0.085899
518.158000   -0.093572
518.159000   -0.100512
518.160000   -0.106526
518.161000   -0.111517
518.162000   -0.115466
518.163000   -0.118380
518.164000   -0.120264
518.165000   -0.121120
518.166000   -0.120957
518.167000   -0.119805
518.168000   -0.117748
518.169000   -0.114981
518.170000   -0.111846
518.171000   -0.108805
518.172000   -0.106330
518.173000   -0.104817
518.174000   -0.104531
518.175000   -0.105603
518.176000   -0.108029
518.177000   -0.111690
518.178000   -0.116392
518.179000   -0.121923
518.180000   -0.128086
518.181000   -0.134689
518.182000   -0.141515
518.183000   -0.148321
518.184000   -0.154859
518.185000   -0.160894
518.186000   -0.166204
518.187000   -0.170587
518.188000   -0.173871
518.189000   -0.175948
518.190000   -0.176786
518.191000   -0.176428
518.192000   -0.174980
518.193000   -0.172612
518.194000   -0.169561
518.195000   -0.166113
518.196000   -0.162569
518.197000   -0.159223
518.198000   -0.156359
518.199000   -0.154254
518.200000   -0.153135
518.201000   -0.153109
518.202000   -0.154134
518.203000   -0.156036
518.204000   -0.158552
518.205000   -0.161367
518.206000   -0.164141
518.207000   -0.166542
518.208000   -0.168292
518.209000   -0.169167
518.210000   -0.168955
518.211000   -0.167439
518.212000   -0.164415
518.213000   -0.159716
518.214000   -0.153251
518.215000   -0.145024
518.216000   -0.135168
518.217000   -0.123976
518.218000   -0.111875
518.219000   -0.099333
518.220000   -0.086746
518.221000   -0.074368
518.222000   -0.062289
518.223000   -0.050479
518.224000   -0.038871
518.225000   -0.027453
518.226000   -0.016349
518.227000   -0.005840
518.228000   0.003716
518.229000   0.011996
518.230000   0.018804
518.231000   0.024090
518.232000   0.027926
518.233000   0.030463
518.234000   0.031859
518.235000   0.032205
518.236000   0.031487
518.237000   0.029601
518.238000   0.026451
518.239000   0.022028
518.240000   0.016443
518.241000   0.009918
518.242000   0.002757
518.243000   -0.004688
518.244000   -0.012066
518.245000   -0.019081
518.246000   -0.025530
518.247000   -0.031289
518.248000   -0.036265
518.249000   -0.040363
518.250000   -0.043485
518.251000   -0.045532
518.252000   -0.046417
518.253000   -0.046087
518.254000   -0.044596
518.255000   -0.042202
518.256000   -0.039400
518.257000   -0.036815
518.258000   -0.035054
518.259000   -0.034583
518.260000   -0.035671
518.261000   -0.038367
518.262000   -0.042512
518.263000   -0.047826
518.264000   -0.054045
518.265000   -0.061026
518.266000   -0.068701
518.267000   -0.076948
518.268000   -0.085496
518.269000   -0.093916
518.270000   -0.101659
518.271000   -0.108108
518.272000   -0.112649
518.273000   -0.114762
518.274000   -0.114119
518.275000   -0.110621
518.276000   -0.104373
518.277000   -0.095637
518.278000   -0.084790
518.279000   -0.072293
518.280000   -0.058622
518.281000   -0.044203
518.282000   -0.029369
518.283000   -0.014379
518.284000   0.000506
518.285000   0.014977
518.286000   0.028687
518.287000   0.041292
518.288000   0.052485
518.289000   0.062032
518.290000   0.069802
518.291000   0.075778
518.292000   0.080020
518.293000   0.082582
518.294000   0.083463
518.295000   0.082631
518.296000   0.080075
518.297000   0.075838
518.298000   0.070032
518.299000   0.062844
518.300000   0.054536
518.301000   0.045422
518.302000   0.035797
518.303000   0.025878
518.304000   0.015826
518.305000   0.005798
518.306000   -0.004019
518.307000   -0.013405
518.308000   -0.022107
518.309000   -0.029826
518.310000   -0.036246
518.311000   -0.041108
518.312000   -0.044304
518.313000   -0.045924
518.314000   -0.046224
518.315000   -0.045564
518.316000   -0.044377
518.317000   -0.043115
518.318000   -0.042189
518.319000   -0.041894
518.320000   -0.042401
518.321000   -0.043807
518.322000   -0.046216
518.323000   -0.049724
518.324000   -0.054369
518.325000   -0.060092
518.326000   -0.066762
518.327000   -0.074186
518.328000   -0.082116
518.329000   -0.090254
518.330000   -0.098318
518.331000   -0.106111
518.332000   -0.113532
518.333000   -0.120507
518.334000   -0.126920
518.335000   -0.132629
518.336000   -0.137506
518.337000   -0.141447
518.338000   -0.144360
518.339000   -0.146162
518.340000   -0.146831
518.341000   -0.146440
518.342000   -0.145113
518.343000   -0.142947
518.344000   -0.139978
518.345000   -0.136231
518.346000   -0.131764
518.347000   -0.126663
518.348000   -0.121029
518.349000   -0.114995
518.350000   -0.108791
518.351000   -0.102771
518.352000   -0.097364
518.353000   -0.092989
518.354000   -0.090009
518.355000   -0.088708
518.356000   -0.089292
518.357000   -0.091856
518.358000   -0.096400
518.359000   -0.102899
518.360000   -0.111367
518.361000   -0.121821
518.362000   -0.134152
518.363000   -0.148039
518.364000   -0.162939
518.365000   -0.178151
518.366000   -0.192869
518.367000   -0.206246
518.368000   -0.217475
518.369000   -0.225908
518.370000   -0.231107
518.371000   -0.232818
518.372000   -0.230941
518.373000   -0.225527
518.374000   -0.216808
518.375000   -0.205197
518.376000   -0.191255
518.377000   -0.175628
518.378000   -0.159037
518.379000   -0.142279
518.380000   -0.126169
518.381000   -0.111437
518.382000   -0.098625
518.383000   -0.088066
518.384000   -0.079886
518.385000   -0.074025
518.386000   -0.070262
518.387000   -0.068281
518.388000   -0.067773
518.389000   -0.068467
518.390000   -0.070046
518.391000   -0.072060
518.392000   -0.073918
518.393000   -0.074963
518.394000   -0.074584
518.395000   -0.072310
518.396000   -0.067850
518.397000   -0.061124
518.398000   -0.052251
518.399000   -0.041484
518.400000   -0.029108
518.401000   -0.015373
518.402000   -0.000483
518.403000   0.015355
518.404000   0.031876
518.405000   0.048731
518.406000   0.065500
518.407000   0.081714
518.408000   0.096845
518.409000   0.110348
518.410000   0.121737
518.411000   0.130651
518.412000   0.136906
518.413000   0.140520
518.414000   0.141708
518.415000   0.140810
518.416000   0.138174
518.417000   0.134023
518.418000   0.128420
518.419000   0.121363
518.420000   0.112910
518.421000   0.103264
518.422000   0.092810
518.423000   0.082118
518.424000   0.071867
518.425000   0.062712
518.426000   0.055127
518.427000   0.049344
518.428000   0.045423
518.429000   0.043354
518.430000   0.043117
518.431000   0.044688
518.432000   0.048041
518.433000   0.053143
518.434000   0.059928
518.435000   0.068220
518.436000   0.077663
518.437000   0.087727
518.438000   0.097823
518.439000   0.107424
518.440000   0.116136
518.441000   0.123722
518.442000   0.130109
518.443000   0.135384
518.444000   0.139739
518.445000   0.143350
518.446000   0.146249
518.447000   0.148308
518.448000   0.149348
518.449000   0.149239
518.450000   0.147957
518.451000   0.145603
518.452000   0.142412
518.453000   0.138747
518.454000   0.135022
518.455000   0.131569
518.456000   0.128510
518.457000   0.125758
518.458000   0.123098
518.459000   0.120305
518.460000   0.117222
518.461000   0.113792
518.462000   0.110061
518.463000   0.106135
518.464000   0.102108
518.465000   0.097987
518.466000   0.093669
518.467000   0.088964
518.468000   0.083656
518.469000   0.077586
518.470000   0.070714
518.471000   0.063116
518.472000   0.054952
518.473000   0.046403
518.474000   0.037612
518.475000   0.028683
518.476000   0.019698
518.477000   0.010725
518.478000   0.001811
518.479000   -0.006988
518.480000   -0.015552
518.481000   -0.023668
518.482000   -0.031064
518.483000   -0.037478
518.484000   -0.042703
518.485000   -0.046577
518.486000   -0.048969
518.487000   -0.049826
518.488000   -0.049219
518.489000   -0.047294
518.490000   -0.044177
518.491000   -0.039939
518.492000   -0.034653
518.493000   -0.028479
518.494000   -0.021672
518.495000   -0.014517
518.496000   -0.007282
518.497000   -0.000250
518.498000   0.006230
518.499000   0.011806
518.500000   0.016220
518.501000   0.019305
518.501000   0.019305
518.502000   0.020901
518.503000   0.020815
518.504000   0.018902
518.505000   0.015153
518.506000   0.009735
518.507000   0.002933
518.508000   -0.004933
518.509000   -0.013545
518.510000   -0.022585
518.511000   -0.031768
518.512000   -0.040870
518.513000   -0.049709
518.514000   -0.058088
518.515000   -0.065762
518.516000   -0.072450
518.517000   -0.077906
518.518000   -0.082013
518.519000   -0.084827
518.520000   -0.086532
518.521000   -0.087417
518.522000   -0.087830
518.523000   -0.088132
518.524000   -0.088627
518.525000   -0.089549
518.526000   -0.091073
518.527000   -0.093354
518.528000   -0.096575
518.529000   -0.100972
518.530000   -0.106850
518.531000   -0.114569
518.532000   -0.124442
518.533000   -0.136616
518.534000   -0.150996
518.535000   -0.167240
518.536000   -0.184802
518.537000   -0.202993
518.538000   -0.221086
518.539000   -0.238406
518.540000   -0.254382
518.541000   -0.268508
518.542000   -0.280267
518.543000   -0.289104
518.544000   -0.294466
518.545000   -0.295862
518.546000   -0.292921
518.547000   -0.285453
518.548000   -0.273500
518.549000   -0.257409
518.550000   -0.237861
518.551000   -0.215815
518.552000   -0.192373
518.553000   -0.168655
518.554000   -0.145693
518.555000   -0.124343
518.556000   -0.105223
518.557000   -0.088715
518.558000   -0.075088
518.559000   -0.064697
518.560000   -0.058004
518.561000   -0.055356
518.562000   -0.056791
518.563000   -0.061982
518.564000   -0.070294
518.565000   -0.080865
518.566000   -0.092711
518.567000   -0.104846
518.568000   -0.116423
518.569000   -0.126809
518.570000   -0.135544
518.571000   -0.142263
518.572000   -0.146692
518.573000   -0.148688
518.574000   -0.148264
518.575000   -0.145578
518.576000   -0.140892
518.577000   -0.134534
518.578000   -0.126911
518.579000   -0.118559
518.580000   -0.110118
518.581000   -0.102253
518.582000   -0.095558
518.583000   -0.090507
518.584000   -0.087408
518.585000   -0.086368
518.586000   -0.087303
518.587000   -0.090016
518.588000   -0.094347
518.589000   -0.100224
518.590000   -0.107581
518.591000   -0.116246
518.592000   -0.125920
518.593000   -0.136196
518.594000   -0.146593
518.595000   -0.156597
518.596000   -0.165726
518.597000   -0.173656
518.598000   -0.180333
518.599000   -0.185921
518.600000   -0.190631
518.601000   -0.194603
518.602000   -0.197872
518.603000   -0.200384
518.604000   -0.202019
518.605000   -0.202626
518.606000   -0.202096
518.607000   -0.200480
518.608000   -0.198040
518.609000   -0.195167
518.610000   -0.192252
518.611000   -0.189600
518.612000   -0.187386
518.613000   -0.185630
518.614000   -0.184191
518.615000   -0.182801
518.616000   -0.181160
518.617000   -0.179083
518.618000   -0.176542
518.619000   -0.173619
518.620000   -0.170429
518.621000   -0.167074
518.622000   -0.163599
518.623000   -0.159976
518.624000   -0.156102
518.625000   -0.151841
518.626000   -0.147100
518.627000   -0.141879
518.628000   -0.136233
518.629000   -0.130222
518.630000   -0.123895
518.631000   -0.117278
518.632000   -0.110325
518.633000   -0.102889
518.634000   -0.094740
518.635000   -0.085625
518.636000   -0.075341
518.637000   -0.063758
518.638000   -0.050808
518.639000   -0.036524
518.640000   -0.021078
518.641000   -0.004735
518.642000   0.012241
518.643000   0.029627
518.644000   0.047203
518.645000   0.064667
518.646000   0.081586
518.647000   0.097455
518.648000   0.111819
518.649000   0.124347
518.650000   0.134828
518.651000   0.143194
518.652000   0.149559
518.653000   0.154200
518.654000   0.157426
518.655000   0.159436
518.656000   0.160310
518.657000   0.160151
518.658000   0.159210
518.659000   0.157843
518.660000   0.156385
518.661000   0.155104
518.662000   0.154271
518.663000   0.154151
518.664000   0.154915
518.665000   0.156585
518.666000   0.159080
518.667000   0.162300
518.668000   0.166136
518.669000   0.170405
518.670000   0.174751
518.671000   0.178691
518.672000   0.181743
518.673000   0.183503
518.674000   0.183616
518.675000   0.181784
518.676000   0.177825
518.677000   0.171752
518.678000   0.163803
518.679000   0.154375
518.680000   0.143870
518.681000   0.132604
518.682000   0.120846
518.683000   0.108836
518.684000   0.096783
518.685000   0.084902
518.686000   0.073468
518.687000   0.062836
518.688000   0.053417
518.689000   0.045601
518.690000   0.039636
518.691000   0.035558
518.692000   0.033165
518.693000   0.031984
518.694000   0.031342
518.695000   0.030519
518.696000   0.028884
518.697000   0.025983
518.698000   0.021590
518.699000   0.015722
518.700000   0.008572
518.701000   0.000335
518.702000   -0.008951
518.703000   -0.019395
518.704000   -0.031065
518.705000   -0.043841
518.706000   -0.057386
518.707000   -0.071176
518.708000   -0.084504
518.709000   -0.096531
518.710000   -0.106429
518.711000   -0.113611
518.712000   -0.117841
518.713000   -0.119122
518.714000   -0.117530
518.715000   -0.113149
518.716000   -0.106057
518.717000   -0.096324
518.718000   -0.083967
518.719000   -0.068958
518.720000   -0.051343
518.721000   -0.031476
518.722000   -0.010087
518.723000   0.011928
518.724000   0.033754
518.725000   0.054762
518.726000   0.074520
518.727000   0.092811
518.728000   0.109643
518.729000   0.125210
518.730000   0.139696
518.731000   0.153026
518.732000   0.164839
518.733000   0.174692
518.734000   0.182253
518.735000   0.187351
518.736000   0.189977
518.737000   0.190275
518.738000   0.188553
518.739000   0.185236
518.740000   0.180753
518.741000   0.175376
518.742000   0.169166
518.743000   0.162100
518.744000   0.154240
518.745000   0.145794
518.746000   0.137095
518.747000   0.128554
518.748000   0.120618
518.749000   0.113701
518.750000   0.108073
518.751000   0.103751
518.752000   0.100454
518.753000   0.097709
518.754000   0.095005
518.755000   0.091904
518.756000   0.088073
518.757000   0.083286
518.758000   0.077408
518.759000   0.070351
518.760000   0.062053
518.761000   0.052456
518.762000   0.041477
518.763000   0.029025
518.764000   0.015125
518.765000   0.000006
518.766000   -0.015911
518.767000   -0.032092
518.768000   -0.047991
518.769000   -0.063119
518.770000   -0.077047
518.771000   -0.089398
518.772000   -0.099923
518.773000   -0.108590
518.774000   -0.115506
518.775000   -0.120791
518.776000   -0.124534
518.777000   -0.126834
518.778000   -0.127860
518.779000   -0.127847
518.780000   -0.127024
518.781000   -0.125577
518.782000   -0.123722
518.783000   -0.121777
518.784000   -0.120080
518.785000   -0.118853
518.786000   -0.118188
518.787000   -0.118147
518.788000   -0.118834
518.789000   -0.120367
518.790000   -0.122792
518.791000   -0.126041
518.792000   -0.129998
518.793000   -0.134585
518.794000   -0.139777
518.795000   -0.145560
518.796000   -0.151937
518.797000   -0.158948
518.798000   -0.166614
518.799000   -0.174810
518.800000   -0.183190
518.801000   -0.191196
518.802000   -0.198168
518.803000   -0.203501
518.804000   -0.206764
518.805000   -0.207708
518.806000   -0.206249
518.807000   -0.202427
518.808000   -0.196346
518.809000   -0.188113
518.810000   -0.177814
518.811000   -0.165528
518.812000   -0.151369
518.813000   -0.135572
518.814000   -0.118547
518.815000   -0.100901
518.816000   -0.083430
518.817000   -0.067025
518.818000   -0.052505
518.819000   -0.040456
518.820000   -0.031163
518.821000   -0.024593
518.822000   -0.020450
518.823000   -0.018301
518.824000   -0.017735
518.825000   -0.018469
518.826000   -0.020334
518.827000   -0.023160
518.828000   -0.026654
518.829000   -0.030392
518.830000   -0.033853
518.831000   -0.036478
518.832000   -0.037720
518.833000   -0.037143
518.834000   -0.034524
518.835000   -0.029919
518.836000   -0.023614
518.837000   -0.016015
518.838000   -0.007548
518.839000   0.001372
518.840000   0.010373
518.841000   0.019158
518.842000   0.027512
518.843000   0.035225
518.844000   0.041897
518.845000   0.046813
518.846000   0.049108
518.847000   0.048067
518.848000   0.043307
518.849000   0.034831
518.850000   0.023021
518.851000   0.008607
518.852000   -0.007467
518.853000   -0.024305
518.854000   -0.041343
518.855000   -0.058351
518.856000   -0.075208
518.857000   -0.091720
518.858000   -0.107597
518.859000   -0.122486
518.860000   -0.136005
518.861000   -0.147773
518.862000   -0.157447
518.863000   -0.164826
518.864000   -0.169966
518.865000   -0.173197
518.866000   -0.175004
518.867000   -0.175897
518.868000   -0.176345
518.869000   -0.176734
518.870000   -0.177313
518.871000   -0.178145
518.872000   -0.179127
518.873000   -0.180187
518.874000   -0.181519
518.875000   -0.183559
518.876000   -0.186717
518.877000   -0.191186
518.878000   -0.196896
518.879000   -0.203560
518.880000   -0.210704
518.881000   -0.217729
518.882000   -0.224042
518.883000   -0.229293
518.884000   -0.233503
518.885000   -0.236931
518.886000   -0.239864
518.887000   -0.242523
518.888000   -0.245047
518.889000   -0.247481
518.890000   -0.249748
518.891000   -0.251657
518.892000   -0.253034
518.893000   -0.253963
518.894000   -0.254862
518.895000   -0.256274
518.896000   -0.258611
518.897000   -0.262035
518.898000   -0.266448
518.899000   -0.271519
518.900000   -0.276727
518.901000   -0.281447
518.902000   -0.285115
518.903000   -0.287452
518.904000   -0.288533
518.905000   -0.288632
518.906000   -0.288039
518.907000   -0.286992
518.908000   -0.285655
518.909000   -0.284096
518.910000   -0.282234
518.911000   -0.279811
518.912000   -0.276514
518.913000   -0.272229
518.914000   -0.267168
518.915000   -0.261685
518.916000   -0.256086
518.917000   -0.250541
518.918000   -0.245071
518.919000   -0.239532
518.920000   -0.233626
518.921000   -0.226977
518.922000   -0.219346
518.923000   -0.210856
518.924000   -0.201970
518.925000   -0.193214
518.926000   -0.184943
518.927000   -0.177278
518.928000   -0.170138
518.929000   -0.163307
518.930000   -0.156513
518.931000   -0.149552
518.932000   -0.142425
518.933000   -0.135381
518.934000   -0.128756
518.935000   -0.122755
518.936000   -0.117419
518.937000   -0.112697
518.938000   -0.108517
518.939000   -0.104830
518.940000   -0.101627
518.941000   -0.098942
518.942000   -0.096828
518.943000   -0.095340
518.944000   -0.094548
518.945000   -0.094521
518.946000   -0.095277
518.947000   -0.096747
518.948000   -0.098729
518.949000   -0.100873
518.950000   -0.102710
518.951000   -0.103787
518.952000   -0.103913
518.953000   -0.103290
518.954000   -0.102300
518.955000   -0.101201
518.956000   -0.100008
518.957000   -0.098515
518.958000   -0.096356
518.959000   -0.093083
518.960000   -0.088257
518.961000   -0.081607
518.962000   -0.073179
518.963000   -0.063326
518.964000   -0.052515
518.965000   -0.041164
518.966000   -0.029604
518.967000   -0.018099
518.968000   -0.006839
518.969000   0.004055
518.970000   0.014524
518.971000   0.024464
518.972000   0.033549
518.973000   0.041189
518.974000   0.046708
518.975000   0.049572
518.976000   0.049496
518.977000   0.046484
518.978000   0.040829
518.979000   0.033076
518.980000   0.023897
518.981000   0.013848
518.982000   0.003174
518.983000   -0.008087
518.984000   -0.019854
518.985000   -0.031880
518.986000   -0.043784
518.987000   -0.055137
518.988000   -0.065538
518.989000   -0.074683
518.990000   -0.082398
518.991000   -0.088663
518.992000   -0.093606
518.993000   -0.097453
518.994000   -0.100420
518.995000   -0.102665
518.996000   -0.104273
518.997000   -0.105258
518.998000   -0.105550
518.999000   -0.104975
519.000000   -0.103270
519.001000   -0.100242
519.001000   -0.100242
519.002000   -0.095981
519.003000   -0.090845
519.004000   -0.085252
519.005000   -0.079540
519.006000   -0.073928
519.007000   -0.068502
519.008000   -0.063201
519.009000   -0.057824
519.010000   -0.052156
519.011000   -0.046210
519.012000   -0.040320
519.013000   -0.034917
519.014000   -0.030318
519.015000   -0.026690
519.016000   -0.024084
519.017000   -0.022457
519.018000   -0.021674
519.019000   -0.021516
519.020000   -0.021723
519.021000   -0.022112
519.022000   -0.022625
519.023000   -0.023268
519.024000   -0.024059
519.025000   -0.025036
519.026000   -0.026275
519.027000   -0.027865
519.028000   -0.029857
519.029000   -0.032199
519.030000   -0.034770
519.031000   -0.037560
519.032000   -0.040793
519.033000   -0.044817
519.034000   -0.049952
519.035000   -0.056451
519.036000   -0.064493
519.037000   -0.074169
519.038000   -0.085432
519.039000   -0.098077
519.040000   -0.111784
519.041000   -0.126271
519.042000   -0.141394
519.043000   -0.157079
519.044000   -0.173222
519.045000   -0.189655
519.046000   -0.206152
519.047000   -0.222414
519.048000   -0.238044
519.049000   -0.252537
519.050000   -0.265336
519.051000   -0.275995
519.052000   -0.284308
519.053000   -0.290268
519.054000   -0.293963
519.055000   -0.295494
519.056000   -0.294949
519.057000   -0.292376
519.058000   -0.287766
519.059000   -0.281055
519.060000   -0.272223
519.061000   -0.261488
519.062000   -0.249377
519.063000   -0.236580
519.064000   -0.223752
519.065000   -0.211416
519.066000   -0.199931
519.067000   -0.189485
519.068000   -0.180093
519.069000   -0.171627
519.070000   -0.163890
519.071000   -0.156719
519.072000   -0.150014
519.073000   -0.143691
519.074000   -0.137622
519.075000   -0.131636
519.076000   -0.125546
519.077000   -0.119192
519.078000   -0.112454
519.079000   -0.105261
519.080000   -0.097633
519.081000   -0.089771
519.082000   -0.082104
519.083000   -0.075209
519.084000   -0.069684
519.085000   -0.066037
519.086000   -0.064620
519.087000   -0.065589
519.088000   -0.068867
519.089000   -0.074165
519.090000   -0.081100
519.091000   -0.089394
519.092000   -0.098941
519.093000   -0.109669
519.094000   -0.121384
519.095000   -0.133728
519.096000   -0.146229
519.097000   -0.158368
519.098000   -0.169632
519.099000   -0.179557
519.100000   -0.187788
519.101000   -0.194166
519.102000   -0.198749
519.103000   -0.201730
519.104000   -0.203354
519.105000   -0.203884
519.106000   -0.203589
519.107000   -0.202720
519.108000   -0.201468
519.109000   -0.199934
519.110000   -0.198199
519.111000   -0.196504
519.112000   -0.195322
519.113000   -0.195193
519.114000   -0.196487
519.115000   -0.199294
519.116000   -0.203428
519.117000   -0.208459
519.118000   -0.213778
519.119000   -0.218692
519.120000   -0.222600
519.121000   -0.225176
519.122000   -0.226392
519.123000   -0.226345
519.124000   -0.225125
519.125000   -0.222797
519.126000   -0.219451
519.127000   -0.215220
519.128000   -0.210278
519.129000   -0.204805
519.130000   -0.198976
519.131000   -0.192996
519.132000   -0.187122
519.133000   -0.181592
519.134000   -0.176563
519.135000   -0.172119
519.136000   -0.168299
519.137000   -0.165106
519.138000   -0.162485
519.139000   -0.160306
519.140000   -0.158402
519.141000   -0.156692
519.142000   -0.155271
519.143000   -0.154318
519.144000   -0.153952
519.145000   -0.154185
519.146000   -0.154931
519.147000   -0.156025
519.148000   -0.157229
519.149000   -0.158240
519.150000   -0.158778
519.151000   -0.158764
519.152000   -0.158393
519.153000   -0.157958
519.154000   -0.157677
519.155000   -0.157670
519.156000   -0.157984
519.157000   -0.158616
519.158000   -0.159494
519.159000   -0.160473
519.160000   -0.161406
519.161000   -0.162294
519.162000   -0.163306
519.163000   -0.164633
519.164000   -0.166380
519.165000   -0.168565
519.166000   -0.171141
519.167000   -0.174025
519.168000   -0.177119
519.169000   -0.180335
519.170000   -0.183596
519.171000   -0.186881
519.172000   -0.190239
519.173000   -0.193721
519.174000   -0.197299
519.175000   -0.200848
519.176000   -0.204178
519.177000   -0.207067
519.178000   -0.209271
519.179000   -0.210524
519.180000   -0.210581
519.181000   -0.209376
519.182000   -0.207084
519.183000   -0.203974
519.184000   -0.200244
519.185000   -0.196008
519.186000   -0.191328
519.187000   -0.186237
519.188000   -0.180738
519.189000   -0.174791
519.190000   -0.168361
519.191000   -0.161576
519.192000   -0.154788
519.193000   -0.148434
519.194000   -0.142896
519.195000   -0.138454
519.196000   -0.135293
519.197000   -0.133485
519.198000   -0.132937
519.199000   -0.133347
519.200000   -0.134295
519.201000   -0.135526
519.202000   -0.137114
519.203000   -0.139249
519.204000   -0.142018
519.205000   -0.145366
519.206000   -0.149126
519.207000   -0.153032
519.208000   -0.156706
519.209000   -0.159700
519.210000   -0.161697
519.211000   -0.162771
519.212000   -0.163337
519.213000   -0.163890
519.214000   -0.164870
519.215000   -0.166646
519.216000   -0.169498
519.217000   -0.173587
519.218000   -0.178936
519.219000   -0.185455
519.220000   -0.193052
519.221000   -0.201701
519.222000   -0.211394
519.223000   -0.222082
519.224000   -0.233700
519.225000   -0.246177
519.226000   -0.259414
519.227000   -0.273247
519.228000   -0.287394
519.229000   -0.301463
519.230000   -0.315053
519.231000   -0.327868
519.232000   -0.339762
519.233000   -0.350738
519.234000   -0.360923
519.235000   -0.370491
519.236000   -0.379569
519.237000   -0.388149
519.238000   -0.396045
519.239000   -0.402946
519.240000   -0.408628
519.241000   -0.413138
519.242000   -0.416753
519.243000   -0.419835
519.244000   -0.422671
519.245000   -0.425367
519.246000   -0.427811
519.247000   -0.429677
519.248000   -0.430472
519.249000   -0.429673
519.250000   -0.426948
519.251000   -0.422295
519.252000   -0.415952
519.253000   -0.408244
519.254000   -0.399472
519.255000   -0.389892
519.256000   -0.379699
519.257000   -0.369002
519.258000   -0.357799
519.259000   -0.346040
519.260000   -0.333815
519.261000   -0.321471
519.262000   -0.309493
519.263000   -0.298280
519.264000   -0.288015
519.265000   -0.278637
519.266000   -0.269863
519.267000   -0.261205
519.268000   -0.252025
519.269000   -0.241666
519.270000   -0.229659
519.271000   -0.215845
519.272000   -0.200266
519.273000   -0.183023
519.274000   -0.164244
519.275000   -0.144117
519.276000   -0.122921
519.277000   -0.101017
519.278000   -0.078806
519.279000   -0.056742
519.280000   -0.035418
519.281000   -0.015639
519.282000   0.001717
519.283000   0.015899
519.284000   0.026389
519.285000   0.032909
519.286000   0.035431
519.287000   0.034172
519.288000   0.029592
519.289000   0.022278
519.290000   0.012759
519.291000   0.001407
519.292000   -0.011468
519.293000   -0.025502
519.294000   -0.040235
519.295000   -0.055138
519.296000   -0.069632
519.297000   -0.083106
519.298000   -0.094951
519.299000   -0.104685
519.300000   -0.112118
519.301000   -0.117414
519.302000   -0.120982
519.303000   -0.123323
519.304000   -0.124933
519.305000   -0.126256
519.306000   -0.127650
519.307000   -0.129357
519.308000   -0.131570
519.309000   -0.134576
519.310000   -0.138879
519.311000   -0.145128
519.312000   -0.153936
519.313000   -0.165699
519.314000   -0.180506
519.315000   -0.198118
519.316000   -0.217996
519.317000   -0.239363
519.318000   -0.261324
519.319000   -0.283020
519.320000   -0.303730
519.321000   -0.322867
519.322000   -0.339906
519.323000   -0.354281
519.324000   -0.365362
519.325000   -0.372509
519.326000   -0.375147
519.327000   -0.372857
519.328000   -0.365454
519.329000   -0.353041
519.330000   -0.336012
519.331000   -0.315002
519.332000   -0.290795
519.333000   -0.264198
519.334000   -0.235951
519.335000   -0.206704
519.336000   -0.177016
519.337000   -0.147413
519.338000   -0.118418
519.339000   -0.090556
519.340000   -0.064323
519.341000   -0.040175
519.342000   -0.018429
519.343000   0.000835
519.344000   0.017793
519.345000   0.032799
519.346000   0.046259
519.347000   0.058537
519.348000   0.069915
519.349000   0.080615
519.350000   0.090790
519.351000   0.100502
519.352000   0.109752
519.353000   0.118543
519.354000   0.126905
519.355000   0.134876
519.356000   0.142459
519.357000   0.149614
519.358000   0.156291
519.359000   0.162460
519.360000   0.168088
519.361000   0.173074
519.362000   0.177270
519.363000   0.180580
519.364000   0.183018
519.365000   0.184683
519.366000   0.185686
519.367000   0.186118
519.368000   0.186055
519.369000   0.185575
519.370000   0.184732
519.371000   0.183502
519.372000   0.181802
519.373000   0.179541
519.374000   0.176627
519.375000   0.172924
519.376000   0.168220
519.377000   0.162270
519.378000   0.154872
519.379000   0.145952
519.380000   0.135585
519.381000   0.123949
519.382000   0.111266
519.383000   0.097769
519.384000   0.083694
519.385000   0.069262
519.386000   0.054695
519.387000   0.040249
519.388000   0.026248
519.389000   0.013085
519.390000   0.001153
519.391000   -0.009276
519.392000   -0.018149
519.393000   -0.025635
519.394000   -0.032068
519.395000   -0.037873
519.396000   -0.043495
519.397000   -0.049313
519.398000   -0.055585
519.399000   -0.062407
519.400000   -0.069740
519.401000   -0.077502
519.402000   -0.085689
519.403000   -0.094392
519.404000   -0.103744
519.405000   -0.113843
519.406000   -0.124717
519.407000   -0.136300
519.408000   -0.148427
519.409000   -0.160819
519.410000   -0.173088
519.411000   -0.184813
519.412000   -0.195674
519.413000   -0.205554
519.414000   -0.214539
519.415000   -0.222826
519.416000   -0.230632
519.417000   -0.238136
519.418000   -0.245431
519.419000   -0.252470
519.420000   -0.259053
519.421000   -0.264876
519.422000   -0.269716
519.423000   -0.273561
519.424000   -0.276575
519.425000   -0.278929
519.426000   -0.280696
519.427000   -0.281830
519.428000   -0.282176
519.429000   -0.281494
519.430000   -0.279485
519.431000   -0.275887
519.432000   -0.270639
519.433000   -0.263980
519.434000   -0.256361
519.435000   -0.248271
519.436000   -0.240117
519.437000   -0.232178
519.438000   -0.224585
519.439000   -0.217297
519.440000   -0.210112
519.441000   -0.202777
519.442000   -0.195174
519.443000   -0.187428
519.444000   -0.179795
519.445000   -0.172477
519.446000   -0.165548
519.447000   -0.158945
519.448000   -0.152496
519.449000   -0.145927
519.450000   -0.138898
519.451000   -0.131130
519.452000   -0.122593
519.453000   -0.113570
519.454000   -0.104495
519.455000   -0.095756
519.456000   -0.087604
519.457000   -0.080148
519.458000   -0.073369
519.459000   -0.067136
519.460000   -0.061258
519.461000   -0.055623
519.462000   -0.050370
519.463000   -0.045916
519.464000   -0.042776
519.465000   -0.041369
519.466000   -0.041938
519.467000   -0.044542
519.468000   -0.049067
519.469000   -0.055242
519.470000   -0.062689
519.471000   -0.071060
519.472000   -0.080215
519.473000   -0.090253
519.474000   -0.101345
519.475000   -0.113560
519.476000   -0.126803
519.477000   -0.140820
519.478000   -0.155215
519.479000   -0.169476
519.480000   -0.183047
519.481000   -0.195488
519.482000   -0.206616
519.483000   -0.216496
519.484000   -0.225265
519.485000   -0.233011
519.486000   -0.239738
519.487000   -0.245378
519.488000   -0.249796
519.489000   -0.252805
519.490000   -0.254227
519.491000   -0.254017
519.492000   -0.252387
519.493000   -0.249790
519.494000   -0.246726
519.495000   -0.243581
519.496000   -0.240558
519.497000   -0.237672
519.498000   -0.234767
519.499000   -0.231557
519.500000   -0.227750
519.501000   -0.223234
519.501000   -0.223234
519.502000   -0.218214
519.503000   -0.213115
519.504000   -0.208349
519.505000   -0.204163
519.506000   -0.200598
519.507000   -0.197505
