516.908000   0.216449
516.909000   0.197045
516.910000   0.178220
516.911000   0.160508
516.912000   0.144420
516.913000   0.130411
516.914000   0.118889
516.915000   0.110219
516.916000   0.104627
516.917000   0.102084
516.918000   0.102366
516.919000   0.105278
516.920000   0.110745
516.921000   0.118753
516.922000   0.129270
516.923000   0.142194
516.924000   0.157381
516.925000   0.174678
516.926000   0.193951
516.927000   0.215013
516.928000   0.237561
516.929000   0.261193
516.930000   0.285468
516.931000   0.309916
516.932000   0.334038
516.933000   0.357316
516.934000   0.379255
516.935000   0.399444
516.936000   0.417623
516.937000   0.433676
516.938000   0.447516
516.939000   0.458970
516.940000   0.467815
516.941000   0.473885
516.942000   0.477155
516.943000   0.477754
516.944000   0.475960
516.945000   0.472194
516.946000   0.466986
516.947000   0.460911
516.948000   0.454487
516.949000   0.448073
516.950000   0.441810
516.951000   0.435654
516.952000   0.429494
516.953000   0.423253
516.954000   0.416910
516.955000   0.410463
516.956000   0.403879
516.957000   0.397061
516.958000   0.389858
516.959000   0.382099
516.960000   0.373617
516.961000   0.364254
516.962000   0.353874
516.963000   0.342429
516.964000   0.330015
516.965000   0.316879
516.966000   0.303355
516.967000   0.289796
516.968000   0.276520
516.969000   0.263798
516.970000   0.251869
516.971000   0.240940
516.972000   0.231154
516.973000   0.222575
516.974000   0.215203
516.975000   0.209018
516.976000   0.203973
516.977000   0.199993
516.978000   0.196987
516.979000   0.194873
516.980000   0.193612
516.981000   0.193215
516.982000   0.193702
516.983000   0.195035
516.984000   0.197055
516.985000   0.199504
516.986000   0.202094
516.987000   0.204557
516.988000   0.206670
516.989000   0.208259
516.990000   0.209201
516.991000   0.209425
516.992000   0.208919
516.993000   0.207714
516.994000   0.205853
516.995000   0.203352
516.996000   0.200216
516.997000   0.196475
516.998000   0.192216
516.999000   0.187572
517.000000   0.182706
517.001000   0.177809
517.001000   0.177809
517.002000   0.173109
517.003000   0.168857
517.004000   0.165249
517.005000   0.162348
517.006000   0.160147
517.007000   0.158670
517.008000   0.158007
517.009000   0.158276
517.010000   0.159579
517.011000   0.161989
517.012000   0.165551
517.013000   0.170276
517.014000   0.176119
517.015000   0.182966
517.016000   0.190679
517.017000   0.199139
517.018000   0.208249
517.019000   0.217901
517.020000   0.227950
517.021000   0.238205
517.022000   0.248453
517.023000   0.258486
517.024000   0.268104
517.025000   0.277081
517.026000   0.285128
517.027000   0.291928
517.028000   0.297196
517.029000   0.300720
517.030000   0.302395
517.031000   0.302248
517.032000   0.300466
517.033000   0.297409
517.034000   0.293566
517.035000   0.289426
517.036000   0.285351
517.037000   0.281556
517.038000   0.278178
517.039000   0.275342
517.040000   0.273191
517.041000   0.271887
517.042000   0.271604
517.043000   0.272495
517.044000   0.274636
517.045000   0.277941
517.046000   0.282090
517.047000   0.286570
517.048000   0.290829
517.049000   0.294417
517.050000   0.297062
517.051000   0.298675
517.052000   0.299310
517.053000   0.299100
517.054000   0.298182
517.055000   0.296636
517.056000   0.294457
517.057000   0.291589
517.058000   0.287995
517.059000   0.283694
517.060000   0.278756
517.061000   0.273267
517.062000   0.267296
517.063000   0.260889
517.064000   0.254089
517.065000   0.246974
517.066000   0.239667
517.067000   0.232307
517.068000   0.225011
517.069000   0.217877
517.070000   0.210998
517.071000   0.204471
517.072000   0.198394
517.073000   0.192873
517.074000   0.188037
517.075000   0.184070
517.076000   0.181209
517.077000   0.179707
517.078000   0.179767
517.079000   0.181508
517.080000   0.184969
517.081000   0.190117
517.082000   0.196842
517.083000   0.204949
517.084000   0.214180
517.085000   0.224267
517.086000   0.234968
517.087000   0.246052
517.088000   0.257253
517.089000   0.268231
517.090000   0.278603
517.091000   0.288008
517.092000   0.296150
517.093000   0.302810
517.094000   0.307846
517.095000   0.311204
517.096000   0.312910
517.097000   0.313057
517.098000   0.311768
517.099000   0.309175
517.100000   0.305410
517.101000   0.300617
517.102000   0.294970
517.103000   0.288701
517.104000   0.282108
517.105000   0.275563
517.106000   0.269468
517.107000   0.264198
517.108000   0.260026
517.109000   0.257045
517.110000   0.255141
517.111000   0.254025
517.112000   0.253310
517.113000   0.252571
517.114000   0.251383
517.115000   0.249343
517.116000   0.246111
517.117000   0.241455
517.118000   0.235301
517.119000   0.227752
517.120000   0.219070
517.121000   0.209623
517.122000   0.199816
517.123000   0.190060
517.124000   0.180770
517.125000   0.172384
517.126000   0.165364
517.127000   0.160195
517.128000   0.157366
517.129000   0.157301
517.130000   0.160271
517.131000   0.166306
517.132000   0.175198
517.133000   0.186563
517.134000   0.199914
517.135000   0.214714
517.136000   0.230433
517.137000   0.246591
517.138000   0.262790
517.139000   0.278703
517.140000   0.294028
517.141000   0.308406
517.142000   0.321381
517.143000   0.332438
517.144000   0.341088
517.145000   0.346970
517.146000   0.349931
517.147000   0.350059
517.148000   0.347647
517.149000   0.343094
517.150000   0.336772
517.151000   0.328943
517.152000   0.319757
517.153000   0.309303
517.154000   0.297689
517.155000   0.285114
517.156000   0.271900
517.157000   0.258467
517.158000   0.245283
517.159000   0.232783
517.160000   0.221318
517.161000   0.211156
517.162000   0.202506
517.163000   0.195535
517.164000   0.190373
517.165000   0.187130
517.166000   0.185889
517.167000   0.186701
517.168000   0.189556
517.169000   0.194349
517.170000   0.200853
517.171000   0.208746
517.172000   0.217645
517.173000   0.227127
517.174000   0.236753
517.175000   0.246109
517.176000   0.254844
517.177000   0.262691
517.178000   0.269464
517.179000   0.275035
517.180000   0.279331
517.181000   0.282337
517.182000   0.284075
517.183000   0.284572
517.184000   0.283844
517.185000   0.281918
517.186000   0.278867
517.187000   0.274831
517.188000   0.270014
517.189000   0.264646
517.190000   0.258952
517.191000   0.253147
517.192000   0.247443
517.193000   0.242033
517.194000   0.237094
517.195000   0.232805
517.196000   0.229362
517.197000   0.226964
517.198000   0.225764
517.199000   0.225828
517.200000   0.227138
517.201000   0.229624
517.202000   0.233161
517.203000   0.237540
517.204000   0.242472
517.205000   0.247631
517.206000   0.252725
517.207000   0.257537
517.208000   0.261942
517.209000   0.265891
517.210000   0.269387
517.211000   0.272446
517.212000   0.275060
517.213000   0.277178
517.214000   0.278729
517.215000   0.279674
517.216000   0.280046
517.217000   0.279928
517.218000   0.279393
517.219000   0.278444
517.220000   0.277030
517.221000   0.275085
517.222000   0.272540
517.223000   0.269310
517.224000   0.265303
517.225000   0.260456
517.226000   0.254752
517.227000   0.248213
517.228000   0.240922
517.229000   0.233054
517.230000   0.224891
517.231000   0.216792
517.232000   0.209127
517.233000   0.202234
517.234000   0.196399
517.235000   0.191836
517.236000   0.188664
517.237000   0.186867
517.238000   0.186263
517.239000   0.186488
517.240000   0.187049
517.241000   0.187414
517.242000   0.187116
517.243000   0.185815
517.244000   0.183325
517.245000   0.179603
517.246000   0.174669
517.247000   0.168510
517.248000   0.161039
517.249000   0.152165
517.250000   0.141900
517.251000   0.130421
517.252000   0.118080
517.253000   0.105377
517.254000   0.092894
517.255000   0.081218
517.256000   0.070861
517.257000   0.062227
517.258000   0.055618
517.259000   0.051251
517.260000   0.049254
517.261000   0.049653
517.262000   0.052370
517.263000   0.057234
517.264000   0.064017
517.265000   0.072461
517.266000   0.082291
517.267000   0.093199
517.268000   0.104814
517.269000   0.116718
517.270000   0.128470
517.271000   0.139660
517.272000   0.149953
517.273000   0.159131
517.274000   0.167107
517.275000   0.173908
517.276000   0.179630
517.277000   0.184420
517.278000   0.188466
517.279000   0.191979
517.280000   0.195152
517.281000   0.198138
517.282000   0.201048
517.283000   0.203984
517.284000   0.207063
517.285000   0.210443
517.286000   0.214329
517.287000   0.218916
517.288000   0.224302
517.289000   0.230388
517.290000   0.236894
517.291000   0.243441
517.292000   0.249661
517.293000   0.255282
517.294000   0.260149
517.295000   0.264204
517.296000   0.267446
517.297000   0.269900
517.298000   0.271596
517.299000   0.272566
517.300000   0.272857
517.301000   0.272568
517.302000   0.271863
517.303000   0.270955
517.304000   0.270070
517.305000   0.269411
517.306000   0.269140
517.307000   0.269349
517.308000   0.270011
517.309000   0.270935
517.310000   0.271813
517.311000   0.272314
517.312000   0.272170
517.313000   0.271224
517.314000   0.269443
517.315000   0.266919
517.316000   0.263830
517.317000   0.260395
517.318000   0.256801
517.319000   0.253181
517.320000   0.249647
517.321000   0.246334
517.322000   0.243414
517.323000   0.241071
517.324000   0.239477
517.325000   0.238776
517.326000   0.239051
517.327000   0.240282
517.328000   0.242304
517.329000   0.244829
517.330000   0.247534
517.331000   0.250144
517.332000   0.252474
517.333000   0.254424
517.334000   0.255973
517.335000   0.257165
517.336000   0.258088
517.337000   0.258844
517.338000   0.259507
517.339000   0.260136
517.340000   0.260807
517.341000   0.261643
517.342000   0.262801
517.343000   0.264451
517.344000   0.266771
517.345000   0.269950
517.346000   0.274164
517.347000   0.279511
517.348000   0.285948
517.349000   0.293306
517.350000   0.301339
517.351000   0.309748
517.352000   0.318177
517.353000   0.326223
517.354000   0.333476
517.355000   0.339555
517.356000   0.344122
517.357000   0.346867
517.358000   0.347493
517.359000   0.345746
517.360000   0.341448
517.361000   0.334513
517.362000   0.324955
517.363000   0.312912
517.364000   0.298671
517.365000   0.282673
517.366000   0.265457
517.367000   0.247573
517.368000   0.229512
517.369000   0.211711
517.370000   0.194603
517.371000   0.178632
517.372000   0.164237
517.373000   0.151809
517.374000   0.141651
517.375000   0.133949
517.376000   0.128749
517.377000   0.125961
517.378000   0.125364
517.379000   0.126630
517.380000   0.129365
517.381000   0.133157
517.382000   0.137629
517.383000   0.142482
517.384000   0.147512
517.385000   0.152611
517.386000   0.157739
517.387000   0.162877
517.388000   0.167972
517.389000   0.172898
517.390000   0.177470
517.391000   0.181494
517.392000   0.184829
517.393000   0.187410
517.394000   0.189235
517.395000   0.190331
517.396000   0.190732
517.397000   0.190454
517.398000   0.189496
517.399000   0.187825
517.400000   0.185379
517.401000   0.182086
517.402000   0.177916
517.403000   0.172909
517.404000   0.167178
517.405000   0.160896
517.406000   0.154272
517.407000   0.147542
517.408000   0.140955
517.409000   0.134750
517.410000   0.129132
517.411000   0.124256
517.412000   0.120224
517.413000   0.117103
517.414000   0.114923
517.415000   0.113683
517.416000   0.113343
517.417000   0.113832
517.418000   0.115052
517.419000   0.116876
517.420000   0.119137
517.421000   0.121634
517.422000   0.124149
517.423000   0.126484
517.424000   0.128509
517.425000   0.130194
517.426000   0.131613
517.427000   0.132924
517.428000   0.134324
517.429000   0.136021
517.430000   0.138192
517.431000   0.140916
517.432000   0.144145
517.433000   0.147791
517.434000   0.151830
517.435000   0.156351
517.436000   0.161540
517.437000   0.167638
517.438000   0.174884
517.439000   0.183451
517.440000   0.193371
517.441000   0.204501
517.442000   0.216572
517.443000   0.229294
517.444000   0.242412
517.445000   0.255698
517.446000   0.268906
517.447000   0.281733
517.448000   0.293795
517.449000   0.304669
517.450000   0.313935
517.451000   0.321203
517.452000   0.326134
517.453000   0.328491
517.454000   0.328175
517.455000   0.325210
517.456000   0.319693
517.457000   0.311757
517.458000   0.301580
517.459000   0.289387
517.460000   0.275438
517.461000   0.259983
517.462000   0.243289
517.463000   0.225685
517.464000   0.207556
517.465000   0.189291
517.466000   0.171229
517.467000   0.153643
517.468000   0.136773
517.469000   0.120855
517.470000   0.106095
517.471000   0.092594
517.472000   0.080308
517.473000   0.069117
517.474000   0.058890
517.475000   0.049519
517.476000   0.040941
517.477000   0.033176
517.478000   0.026357
517.479000   0.020721
517.480000   0.016509
517.481000   0.013881
517.482000   0.012938
517.483000   0.013781
517.484000   0.016496
517.485000   0.021112
517.486000   0.027571
517.487000   0.035755
517.488000   0.045529
517.489000   0.056796
517.490000   0.069506
517.491000   0.083610
517.492000   0.098994
517.493000   0.115459
517.494000   0.132744
517.495000   0.150553
517.496000   0.168600
517.497000   0.186659
517.498000   0.204616
517.499000   0.222479
517.500000   0.240315
517.501000   0.258111
517.501000   0.258111
517.502000   0.275695
517.503000   0.292798
517.504000   0.309149
517.505000   0.324523
517.506000   0.338748
517.507000   0.351687
517.508000   0.363235
517.509000   0.373299
517.510000   0.381792
517.511000   0.388613
517.512000   0.393649
517.513000   0.396783
517.514000   0.397922
517.515000   0.397013
517.516000   0.394040
517.517000   0.389021
517.518000   0.382003
517.519000   0.373088
517.520000   0.362460
517.521000   0.350407
517.522000   0.337292
517.523000   0.323491
517.524000   0.309351
517.525000   0.295196
517.526000   0.281346
517.527000   0.268126
517.528000   0.255858
517.529000   0.244854
517.530000   0.235408
517.531000   0.227778
517.532000   0.222147
517.533000   0.218576
517.534000   0.216974
517.535000   0.217109
517.536000   0.218644
517.537000   0.221179
517.538000   0.224296
517.539000   0.227592
517.540000   0.230707
517.541000   0.233341
517.542000   0.235249
517.543000   0.236232
517.544000   0.236124
517.545000   0.234784
517.546000   0.232125
517.547000   0.228147
517.548000   0.222977
517.549000   0.216879
517.550000   0.210236
517.551000   0.203493
517.552000   0.197087
517.553000   0.191380
517.554000   0.186620
517.555000   0.182938
517.556000   0.180361
517.557000   0.178841
517.558000   0.178263
517.559000   0.178465
517.560000   0.179249
517.561000   0.180383
517.562000   0.181599
517.563000   0.182588
517.564000   0.183001
517.565000   0.182479
517.566000   0.180708
517.567000   0.177460
517.568000   0.172623
517.569000   0.166214
517.570000   0.158364
517.571000   0.149310
517.572000   0.139368
517.573000   0.128911
517.574000   0.118353
517.575000   0.108141
517.576000   0.098756
517.577000   0.090702
517.578000   0.084477
517.579000   0.080537
517.580000   0.079269
517.581000   0.080966
517.582000   0.085812
517.583000   0.093856
517.584000   0.104998
517.585000   0.119001
517.586000   0.135524
517.587000   0.154168
517.588000   0.174515
517.589000   0.196157
517.590000   0.218710
517.591000   0.241812
517.592000   0.265113
517.593000   0.288241
517.594000   0.310766
517.595000   0.332182
517.596000   0.351937
517.597000   0.369464
517.598000   0.384228
517.599000   0.395762
517.600000   0.403710
517.601000   0.407866
517.602000   0.408202
517.603000   0.404875
517.604000   0.398193
517.605000   0.388565
517.606000   0.376443
517.607000   0.362300
517.608000   0.346613
517.609000   0.329854
517.610000   0.312500
517.611000   0.295045
517.612000   0.278008
517.613000   0.261920
517.614000   0.247266
517.615000   0.234409
517.616000   0.223560
517.617000   0.214809
517.618000   0.208198
517.619000   0.203767
517.620000   0.201576
517.621000   0.201702
517.622000   0.204216
517.623000   0.209163
517.624000   0.216528
517.625000   0.226205
517.626000   0.237970
517.627000   0.251488
517.628000   0.266346
517.629000   0.282076
517.630000   0.298171
517.631000   0.314089
517.632000   0.329278
517.633000   0.343226
517.634000   0.355509
517.635000   0.365816
517.636000   0.373925
517.637000   0.379663
517.638000   0.382915
517.639000   0.383661
517.640000   0.382006
517.641000   0.378169
517.642000   0.372462
517.643000   0.365269
517.644000   0.357017
517.645000   0.348130
517.646000   0.338964
517.647000   0.329746
517.648000   0.320566
517.649000   0.311432
517.650000   0.302328
517.651000   0.293231
517.652000   0.284108
517.653000   0.274904
517.654000   0.265535
517.655000   0.255896
517.656000   0.245864
517.657000   0.235305
517.658000   0.224079
517.659000   0.212085
517.660000   0.199330
517.661000   0.185978
517.662000   0.172364
517.663000   0.158975
517.664000   0.146403
517.665000   0.135285
517.666000   0.126223
517.667000   0.119711
517.668000   0.116076
517.669000   0.115485
517.670000   0.117985
517.671000   0.123535
517.672000   0.132011
517.673000   0.143187
517.674000   0.156720
517.675000   0.172158
517.676000   0.188970
517.677000   0.206583
517.678000   0.224401
517.679000   0.241823
517.680000   0.258277
517.681000   0.273267
517.682000   0.286403
517.683000   0.297392
517.684000   0.306022
517.685000   0.312146
517.686000   0.315664
517.687000   0.316504
517.688000   0.314601
517.689000   0.309912
517.690000   0.302472
517.691000   0.292467
517.692000   0.280249
517.693000   0.266297
517.694000   0.251154
517.695000   0.235375
517.696000   0.219494
517.697000   0.204025
517.698000   0.189443
517.699000   0.176140
517.700000   0.164379
517.701000   0.154287
517.702000   0.145916
517.703000   0.139296
517.704000   0.134463
517.705000   0.131449
517.706000   0.130268
517.707000   0.130880
517.708000   0.133144
517.709000   0.136768
517.710000   0.141320
517.711000   0.146302
517.712000   0.151272
517.713000   0.155902
517.714000   0.159995
517.715000   0.163483
517.716000   0.166409
517.717000   0.168925
517.718000   0.171258
517.719000   0.173637
517.720000   0.176223
517.721000   0.179079
517.722000   0.182209
517.723000   0.185612
517.724000   0.189313
517.725000   0.193383
517.726000   0.197946
517.727000   0.203159
517.728000   0.209173
517.729000   0.216072
517.730000   0.223825
517.731000   0.232307
517.732000   0.241339
517.733000   0.250747
517.734000   0.260363
517.735000   0.270028
517.736000   0.279583
517.737000   0.288861
517.738000   0.297685
517.739000   0.305847
517.740000   0.313094
517.741000   0.319123
517.742000   0.323605
517.743000   0.326216
517.744000   0.326670
517.745000   0.324749
517.746000   0.320324
517.747000   0.313374
517.748000   0.304008
517.749000   0.292482
517.750000   0.279197
517.751000   0.264675
517.752000   0.249517
517.753000   0.234366
517.754000   0.219862
517.755000   0.206625
517.756000   0.195229
517.757000   0.186189
517.758000   0.179942
517.759000   0.176816
517.760000   0.176996
517.761000   0.180484
517.762000   0.187077
517.763000   0.196380
517.764000   0.207838
517.765000   0.220797
517.766000   0.234553
517.767000   0.248395
517.768000   0.261656
517.769000   0.273759
517.770000   0.284252
517.771000   0.292833
517.772000   0.299327
517.773000   0.303668
517.774000   0.305875
517.775000   0.306054
517.776000   0.304410
517.777000   0.301257
517.778000   0.297018
517.779000   0.292202
517.780000   0.287344
517.781000   0.282934
517.782000   0.279340
517.783000   0.276760
517.784000   0.275230
517.785000   0.274650
517.786000   0.274836
517.787000   0.275559
517.788000   0.276577
517.789000   0.277665
517.790000   0.278629
517.791000   0.279318
517.792000   0.279628
517.793000   0.279487
517.794000   0.278853
517.795000   0.277722
517.796000   0.276148
517.797000   0.274255
517.798000   0.272236
517.799000   0.270338
517.800000   0.268830
517.801000   0.267961
517.802000   0.267918
517.803000   0.268795
517.804000   0.270584
517.805000   0.273195
517.806000   0.276480
517.807000   0.280255
517.808000   0.284306
517.809000   0.288389
517.810000   0.292243
517.811000   0.295605
517.812000   0.298223
517.813000   0.299866
517.814000   0.300316
517.815000   0.299377
517.816000   0.296912
517.817000   0.292878
517.818000   0.287352
517.819000   0.280534
517.820000   0.272731
517.821000   0.264329
517.822000   0.255750
517.823000   0.247398
517.824000   0.239615
517.825000   0.232681
517.826000   0.226832
517.827000   0.222274
517.828000   0.219177
517.829000   0.217658
517.830000   0.217775
517.831000   0.219517
517.832000   0.222794
517.833000   0.227400
517.834000   0.232972
517.835000   0.238994
517.836000   0.244863
517.837000   0.249991
517.838000   0.253908
517.839000   0.256329
517.840000   0.257188
517.841000   0.256622
517.842000   0.254916
517.843000   0.252418
517.844000   0.249451
517.845000   0.246273
517.846000   0.243097
517.847000   0.240124
517.848000   0.237548
517.849000   0.235556
517.850000   0.234311
517.851000   0.233939
517.852000   0.234503
517.853000   0.235964
517.854000   0.238136
517.855000   0.240686
517.856000   0.243185
517.857000   0.245200
517.858000   0.246367
517.859000   0.246433
517.860000   0.245258
517.861000   0.242799
517.862000   0.239089
517.863000   0.234207
517.864000   0.228252
517.865000   0.221340
517.866000   0.213637
517.867000   0.205378
517.868000   0.196860
517.869000   0.188406
517.870000   0.180350
517.871000   0.173022
517.872000   0.166739
517.873000   0.161768
517.874000   0.158273
517.875000   0.156268
517.876000   0.155617
517.877000   0.156061
517.878000   0.157273
517.879000   0.158912
517.880000   0.160682
517.881000   0.162362
517.882000   0.163820
517.883000   0.164991
517.884000   0.165831
517.885000   0.166305
517.886000   0.166401
517.887000   0.166144
517.888000   0.165591
517.889000   0.164825
517.890000   0.163971
517.891000   0.163222
517.892000   0.162843
517.893000   0.163139
517.894000   0.164404
517.895000   0.166865
517.896000   0.170647
517.897000   0.175755
517.898000   0.182079
517.899000   0.189411
517.900000   0.197493
517.901000   0.206047
517.902000   0.214788
517.903000   0.223399
517.904000   0.231505
517.905000   0.238689
517.906000   0.244537
517.907000   0.248691
517.908000   0.250890
517.909000   0.251005
517.910000   0.249055
517.911000   0.245217
517.912000   0.239798
517.913000   0.233195
517.914000   0.225855
517.915000   0.218239
517.916000   0.210797
517.917000   0.203956
517.918000   0.198101
517.919000   0.193581
517.920000   0.190682
517.921000   0.189607
517.922000   0.190424
517.923000   0.193043
517.924000   0.197223
517.925000   0.202624
517.926000   0.208874
517.927000   0.215623
517.928000   0.222590
517.929000   0.229564
517.930000   0.236388
517.931000   0.242921
517.932000   0.249012
517.933000   0.254500
517.934000   0.259250
517.935000   0.263188
517.936000   0.266331
517.937000   0.268793
517.938000   0.270773
517.939000   0.272517
517.940000   0.274257
517.941000   0.276156
517.942000   0.278263
517.943000   0.280506
517.944000   0.282713
517.945000   0.284659
517.946000   0.286109
517.947000   0.286851
517.948000   0.286704
517.949000   0.285523
517.950000   0.283200
517.951000   0.279683
517.952000   0.274992
517.953000   0.269245
517.954000   0.262659
517.955000   0.255521
517.956000   0.248162
517.957000   0.240929
517.958000   0.234171
517.959000   0.228219
517.960000   0.223372
517.961000   0.219874
517.962000   0.217890
517.963000   0.217481
517.964000   0.218584
517.965000   0.221019
517.966000   0.224519
517.967000   0.228756
517.968000   0.233369
517.969000   0.237974
517.970000   0.242181
517.971000   0.245614
517.972000   0.247930
517.973000   0.248824
517.974000   0.248031
517.975000   0.245327
517.976000   0.240558
517.977000   0.233665
517.978000   0.224717
517.979000   0.213932
517.980000   0.201673
517.981000   0.188419
517.982000   0.174708
517.983000   0.161053
517.984000   0.147888
517.985000   0.135543
517.986000   0.124254
517.987000   0.114187
517.988000   0.105443
517.989000   0.098072
517.990000   0.092070
517.991000   0.087378
517.992000   0.083887
517.993000   0.081426
517.994000   0.079780
517.995000   0.078718
517.996000   0.078032
517.997000   0.077582
517.998000   0.077324
517.999000   0.077325
518.000000   0.077753
518.001000   0.078852
518.001000   0.078852
518.002000   0.080886
518.003000   0.084078
518.004000   0.088571
518.005000   0.094429
518.006000   0.101674
518.007000   0.110313
518.008000   0.120363
518.009000   0.131841
518.010000   0.144751
518.011000   0.159037
518.012000   0.174534
518.013000   0.190927
518.014000   0.207758
518.015000   0.224475
518.016000   0.240504
518.017000   0.255323
518.018000   0.268510
518.019000   0.279774
518.020000   0.288949
518.021000   0.295969
518.022000   0.300826
518.023000   0.303536
518.024000   0.304133
518.025000   0.302684
518.026000   0.299316
518.027000   0.294226
518.028000   0.287677
518.029000   0.279989
518.030000   0.271510
518.031000   0.262594
518.032000   0.253571
518.033000   0.244710
518.034000   0.236194
518.035000   0.228101
518.036000   0.220419
518.037000   0.213077
518.038000   0.205977
518.039000   0.199045
518.040000   0.192255
518.041000   0.185634
518.042000   0.179257
518.043000   0.173214
518.044000   0.167601
518.045000   0.162523
518.046000   0.158118
518.047000   0.154586
518.048000   0.152185
518.049000   0.151205
518.050000   0.151910
518.051000   0.154498
518.052000   0.159081
518.053000   0.165680
518.054000   0.174220
518.055000   0.184515
518.056000   0.196257
518.057000   0.209031
518.058000   0.222345
518.059000   0.235678
518.060000   0.248527
518.061000   0.260430
518.062000   0.270969
518.063000   0.279756
518.064000   0.286420
518.065000   0.290635
518.066000   0.292164
518.067000   0.290924
518.068000   0.287018
518.069000   0.280744
518.070000   0.272546
518.071000   0.262947
518.072000   0.252477
518.073000   0.241645
518.074000   0.230926
518.075000   0.220771
518.076000   0.211598
518.077000   0.203772
518.078000   0.197574
518.079000   0.193172
518.080000   0.190606
518.081000   0.189798
518.082000   0.190566
518.083000   0.192647
518.084000   0.195721
518.085000   0.199437
518.086000   0.203443
518.087000   0.207421
518.088000   0.211111
518.089000   0.214316
518.090000   0.216916
518.091000   0.218867
518.092000   0.220189
518.093000   0.220947
518.094000   0.221242
518.095000   0.221234
518.096000   0.221164
518.097000   0.221345
518.098000   0.222101
518.099000   0.223704
518.100000   0.226322
518.101000   0.230016
518.102000   0.234760
518.103000   0.240473
518.104000   0.247037
518.105000   0.254314
518.106000   0.262149
518.107000   0.270371
518.108000   0.278783
518.109000   0.287151
518.110000   0.295219
518.111000   0.302737
518.112000   0.309506
518.113000   0.315403
518.114000   0.320380
518.115000   0.324439
518.116000   0.327625
518.117000   0.330027
518.118000   0.331765
518.119000   0.332979
518.120000   0.333814
518.121000   0.334429
518.122000   0.334986
518.123000   0.335634
518.124000   0.336478
518.125000   0.337557
518.126000   0.338818
518.127000   0.340119
518.128000   0.341236
518.129000   0.341901
518.130000   0.341848
518.131000   0.340844
518.132000   0.338720
518.133000   0.335374
518.134000   0.330759
518.135000   0.324857
518.136000   0.317661
518.137000   0.309173
518.138000   0.299431
518.139000   0.288535
518.140000   0.276674
518.141000   0.264117
518.142000   0.251193
518.143000   0.238261
518.144000   0.225674
518.145000   0.213759
518.146000   0.202788
518.147000   0.192967
518.148000   0.184415
518.149000   0.177149
518.150000   0.171071
518.151000   0.165980
518.152000   0.161589
518.153000   0.157574
518.154000   0.153625
518.155000   0.149501
518.156000   0.145043
518.157000   0.140170
518.158000   0.134851
518.159000   0.129086
518.160000   0.122906
518.161000   0.116399
518.162000   0.109755
518.163000   0.103294
518.164000   0.097473
518.165000   0.092844
518.166000   0.089977
518.167000   0.089363
518.168000   0.091340
518.169000   0.096047
518.170000   0.103409
518.171000   0.113168
518.172000   0.124927
518.173000   0.138216
518.174000   0.152551
518.175000   0.167465
518.176000   0.182505
518.177000   0.197195
518.178000   0.211013
518.179000   0.223409
518.180000   0.233867
518.181000   0.241986
518.182000   0.247551
518.183000   0.250570
518.184000   0.251266
518.185000   0.250024
518.186000   0.247308
518.187000   0.243597
518.188000   0.239361
518.189000   0.235076
518.190000   0.231226
518.191000   0.228269
518.192000   0.226602
518.193000   0.226527
518.194000   0.228241
518.195000   0.231837
518.196000   0.237302
518.197000   0.244507
518.198000   0.253188
518.199000   0.262953
518.200000   0.273332
518.201000   0.283843
518.202000   0.294060
518.203000   0.303654
518.204000   0.312399
518.205000   0.320153
518.206000   0.326822
518.207000   0.332318
518.208000   0.336548
518.209000   0.339456
518.210000   0.341100
518.211000   0.341657
518.212000   0.341362
518.213000   0.340412
518.214000   0.338896
518.215000   0.336782
518.216000   0.333974
518.217000   0.330385
518.218000   0.325953
518.219000   0.320604
518.220000   0.314224
518.221000   0.306672
518.222000   0.297804
518.223000   0.287492
518.224000   0.275655
518.225000   0.262309
518.226000   0.247618
518.227000   0.231905
518.228000   0.215564
518.229000   0.198921
518.230000   0.182202
518.231000   0.165644
518.232000   0.149570
518.233000   0.134379
518.234000   0.120485
518.235000   0.108273
518.236000   0.098067
518.237000   0.090116
518.238000   0.084554
518.239000   0.081354
518.240000   0.080326
518.241000   0.081179
518.242000   0.083573
518.243000   0.087146
518.244000   0.091522
518.245000   0.096327
518.246000   0.101217
518.247000   0.105910
518.248000   0.110186
518.249000   0.113828
518.250000   0.116589
518.251000   0.118256
518.252000   0.118771
518.253000   0.118283
518.254000   0.117140
518.255000   0.115822
518.256000   0.114865
518.257000   0.114762
518.258000   0.115860
518.259000   0.118307
518.260000   0.122069
518.261000   0.127008
518.262000   0.132947
518.263000   0.139700
518.264000   0.147057
518.265000   0.154773
518.266000   0.162556
518.267000   0.170078
518.268000   0.176961
518.269000   0.182778
518.270000   0.187083
518.271000   0.189495
518.272000   0.189783
518.273000   0.187902
518.274000   0.183999
518.275000   0.178401
518.276000   0.171590
518.277000   0.164139
518.278000   0.156599
518.279000   0.149393
518.280000   0.142799
518.281000   0.137027
518.282000   0.132270
518.283000   0.128724
518.284000   0.126555
518.285000   0.125875
518.286000   0.126721
518.287000   0.129053
518.288000   0.132758
518.289000   0.137645
518.290000   0.143460
518.291000   0.149943
518.292000   0.156880
518.293000   0.164148
518.294000   0.171714
518.295000   0.179642
518.296000   0.188088
518.297000   0.197276
518.298000   0.207414
518.299000   0.218582
518.300000   0.230685
518.301000   0.243493
518.302000   0.256717
518.303000   0.270064
518.304000   0.283270
518.305000   0.296122
518.306000   0.308460
518.307000   0.320157
518.308000   0.331055
518.309000   0.340902
518.310000   0.349320
518.311000   0.355861
518.312000   0.360106
518.313000   0.361752
518.314000   0.360659
518.315000   0.356887
518.316000   0.350707
518.317000   0.342580
518.318000   0.333077
518.319000   0.322750
518.320000   0.312023
518.321000   0.301188
518.322000   0.290476
518.323000   0.280110
518.324000   0.270328
518.325000   0.261378
518.326000   0.253506
518.327000   0.246933
518.328000   0.241819
518.329000   0.238203
518.330000   0.235986
518.331000   0.234952
518.332000   0.234844
518.333000   0.235415
518.334000   0.236464
518.335000   0.237847
518.336000   0.239472
518.337000   0.241285
518.338000   0.243227
518.339000   0.245177
518.340000   0.246915
518.341000   0.248159
518.342000   0.248654
518.343000   0.248235
518.344000   0.246828
518.345000   0.244419
518.346000   0.241033
518.347000   0.236719
518.348000   0.231539
518.349000   0.225548
518.350000   0.218778
518.351000   0.211262
518.352000   0.203081
518.353000   0.194377
518.354000   0.185329
518.355000   0.176110
518.356000   0.166876
518.357000   0.157775
518.358000   0.148968
518.359000   0.140624
518.360000   0.132899
518.361000   0.125913
518.362000   0.119761
518.363000   0.114550
518.364000   0.110426
518.365000   0.107573
518.366000   0.106197
518.367000   0.106491
518.368000   0.108612
518.369000   0.112636
518.370000   0.118518
518.371000   0.126074
518.372000   0.135017
518.373000   0.145011
518.374000   0.155727
518.375000   0.166849
518.376000   0.178078
518.377000   0.189123
518.378000   0.199725
518.379000   0.209662
518.380000   0.218740
518.381000   0.226767
518.382000   0.233555
518.383000   0.238961
518.384000   0.242934
518.385000   0.245539
518.386000   0.246946
518.387000   0.247392
518.388000   0.247160
518.389000   0.246551
518.390000   0.245816
518.391000   0.245097
518.392000   0.244454
518.393000   0.243937
518.394000   0.243615
518.395000   0.243562
518.396000   0.243827
518.397000   0.244417
518.398000   0.245298
518.399000   0.246401
518.400000   0.247634
518.401000   0.248888
518.402000   0.250048
518.403000   0.251014
518.404000   0.251708
518.405000   0.252059
518.406000   0.251994
518.407000   0.251441
518.408000   0.250356
518.409000   0.248752
518.410000   0.246720
518.411000   0.244383
518.412000   0.241844
518.413000   0.239144
518.414000   0.236259
518.415000   0.233112
518.416000   0.229595
518.417000   0.225596
518.418000   0.221043
518.419000   0.215913
518.420000   0.210239
518.421000   0.204117
518.422000   0.197704
518.423000   0.191211
518.424000   0.184875
518.425000   0.178925
518.426000   0.173557
518.427000   0.168928
518.428000   0.165154
518.429000   0.162314
518.430000   0.160444
518.431000   0.159532
518.432000   0.159499
518.433000   0.160188
518.434000   0.161356
518.435000   0.162703
518.436000   0.163935
518.437000   0.164799
518.438000   0.165119
518.439000   0.164786
518.440000   0.163734
518.441000   0.161902
518.442000   0.159212
518.443000   0.155584
518.444000   0.150979
518.445000   0.145443
518.446000   0.139138
518.447000   0.132341
518.448000   0.125413
518.449000   0.118766
518.450000   0.112829
518.451000   0.108006
518.452000   0.104632
518.453000   0.102903
518.454000   0.102832
518.455000   0.104238
518.456000   0.106795
518.457000   0.110117
518.458000   0.113836
518.459000   0.117646
518.460000   0.121329
518.461000   0.124751
518.462000   0.127836
518.463000   0.130522
518.464000   0.132755
518.465000   0.134515
518.466000   0.135835
518.467000   0.136803
518.468000   0.137536
518.469000   0.138161
518.470000   0.138812
518.471000   0.139629
518.472000   0.140764
518.473000   0.142353
518.474000   0.144466
518.475000   0.147072
518.476000   0.150034
518.477000   0.153144
518.478000   0.156174
518.479000   0.158927
518.480000   0.161270
518.481000   0.163138
518.482000   0.164481
518.483000   0.165196
518.484000   0.165109
518.485000   0.164019
518.486000   0.161798
518.487000   0.158475
518.488000   0.154266
518.489000   0.149569
518.490000   0.144904
518.491000   0.140812
518.492000   0.137754
518.493000   0.136039
518.494000   0.135810
518.495000   0.137079
518.496000   0.139759
518.497000   0.143709
518.498000   0.148765
518.499000   0.154763
518.500000   0.161555
518.501000   0.168985
518.501000   0.168985
518.502000   0.176852
518.503000   0.184862
518.504000   0.192634
518.505000   0.199760
518.506000   0.205896
518.507000   0.210839
518.508000   0.214569
518.509000   0.217249
518.510000   0.219206
518.511000   0.220860
518.512000   0.222639
518.513000   0.224879
518.514000   0.227791
518.515000   0.231467
518.516000   0.235903
518.517000   0.241012
518.518000   0.246634
518.519000   0.252544
518.520000   0.258469
518.521000   0.264102
518.522000   0.269111
518.523000   0.273129
518.524000   0.275756
518.525000   0.276570
518.526000   0.275176
518.527000   0.271286
518.528000   0.264776
518.529000   0.255729
518.530000   0.244455
518.531000   0.231477
518.532000   0.217465
518.533000   0.203137
518.534000   0.189183
518.535000   0.176246
518.536000   0.164952
518.537000   0.155924
518.538000   0.149742
518.539000   0.146897
518.540000   0.147723
518.541000   0.152359
518.542000   0.160709
518.543000   0.172434
518.544000   0.186976
518.545000   0.203606
518.546000   0.221497
518.547000   0.239788
518.548000   0.257637
518.549000   0.274289
518.550000   0.289132
518.551000   0.301732
518.552000   0.311835
518.553000   0.319328
518.554000   0.324179
518.555000   0.326424
518.556000   0.326180
518.557000   0.323664
518.558000   0.319191
518.559000   0.313161
518.560000   0.306037
518.561000   0.298320
518.562000   0.290490
518.563000   0.282936
518.564000   0.275885
518.565000   0.269375
518.566000   0.263301
518.567000   0.257504
518.568000   0.251844
518.569000   0.246230
518.570000   0.240634
518.571000   0.235083
518.572000   0.229670
518.573000   0.224528
518.574000   0.219791
518.575000   0.215561
518.576000   0.211955
518.577000   0.209175
518.578000   0.207525
518.579000   0.207366
518.580000   0.209036
518.581000   0.212776
518.582000   0.218690
518.583000   0.226740
518.584000   0.236766
518.585000   0.248495
518.586000   0.261577
518.587000   0.275627
518.588000   0.290230
518.589000   0.304910
518.590000   0.319084
518.591000   0.332067
518.592000   0.343160
518.593000   0.351767
518.594000   0.357442
518.595000   0.359870
518.596000   0.358875
518.597000   0.354462
518.598000   0.346817
518.599000   0.336281
518.600000   0.323313
518.601000   0.308481
518.602000   0.292461
518.603000   0.276004
518.604000   0.259842
518.605000   0.244563
518.606000   0.230563
518.607000   0.218103
518.608000   0.207357
518.609000   0.198426
518.610000   0.191298
518.611000   0.185841
518.612000   0.181838
518.613000   0.179035
518.614000   0.177175
518.615000   0.175966
518.616000   0.175085
518.617000   0.174270
518.618000   0.173411
518.619000   0.172569
518.620000   0.171940
518.621000   0.171819
518.622000   0.172584
518.623000   0.174695
518.624000   0.178647
518.625000   0.184872
518.626000   0.193640
518.627000   0.205063
518.628000   0.219151
518.629000   0.235838
518.630000   0.254960
518.631000   0.276225
518.632000   0.299211
518.633000   0.323365
518.634000   0.348008
518.635000   0.372308
518.636000   0.395300
518.637000   0.415987
518.638000   0.433498
518.639000   0.447194
518.640000   0.456708
518.641000   0.461916
518.642000   0.462898
518.643000   0.459906
518.644000   0.453328
518.645000   0.443643
518.646000   0.431379
518.647000   0.417071
518.648000   0.401249
518.649000   0.384437
518.650000   0.367135
518.651000   0.349792
518.652000   0.332780
518.653000   0.316392
518.654000   0.300857
518.655000   0.286347
518.656000   0.272970
518.657000   0.260739
518.658000   0.249564
518.659000   0.239281
518.660000   0.229704
518.661000   0.220656
518.662000   0.212004
518.663000   0.203683
518.664000   0.195719
518.665000   0.188238
518.666000   0.181418
518.667000   0.175424
518.668000   0.170337
518.669000   0.166155
518.670000   0.162840
518.671000   0.160362
518.672000   0.158731
518.673000   0.157987
518.674000   0.158178
518.675000   0.159329
518.676000   0.161401
518.677000   0.164260
518.678000   0.167667
518.679000   0.171290
518.680000   0.174758
518.681000   0.177723
518.682000   0.179914
518.683000   0.181167
518.684000   0.181436
518.685000   0.180791
518.686000   0.179409
518.687000   0.177549
518.688000   0.175489
518.689000   0.173438
518.690000   0.171515
518.691000   0.169811
518.692000   0.168462
518.693000   0.167662
518.694000   0.167612
518.695000   0.168464
518.696000   0.170281
518.697000   0.173039
518.698000   0.176639
518.699000   0.180923
518.700000   0.185650
518.701000   0.190493
518.702000   0.195095
518.703000   0.199135
518.704000   0.202347
518.705000   0.204525
518.706000   0.205525
518.707000   0.205308
518.708000   0.203983
518.709000   0.201795
518.710000   0.199001
518.711000   0.195753
518.712000   0.192175
518.713000   0.188500
518.714000   0.185102
518.715000   0.182436
518.716000   0.180968
518.717000   0.181126
518.718000   0.183288
518.719000   0.187744
518.720000   0.194632
518.721000   0.203840
518.722000   0.215005
518.723000   0.227614
518.724000   0.241113
518.725000   0.254955
518.726000   0.268639
518.727000   0.281735
518.728000   0.293934
518.729000   0.305080
518.730000   0.315137
518.731000   0.324055
518.732000   0.331615
518.733000   0.337485
518.734000   0.341387
518.735000   0.343196
518.736000   0.342958
518.737000   0.340872
518.738000   0.337272
518.739000   0.332587
518.740000   0.327283
518.741000   0.321751
518.742000   0.316191
518.743000   0.310616
518.744000   0.304953
518.745000   0.299106
518.746000   0.292967
518.747000   0.286413
518.748000   0.279330
518.749000   0.271661
518.750000   0.263442
518.751000   0.254769
518.752000   0.245694
518.753000   0.236184
518.754000   0.226233
518.755000   0.215945
518.756000   0.205533
518.757000   0.195275
518.758000   0.185491
518.759000   0.176533
518.760000   0.168771
518.761000   0.162525
518.762000   0.157951
518.763000   0.154997
518.764000   0.153457
518.765000   0.153012
518.766000   0.153255
518.767000   0.153722
518.768000   0.153962
518.769000   0.153607
518.770000   0.152444
518.771000   0.150417
518.772000   0.147540
518.773000   0.143802
518.774000   0.139152
518.775000   0.133557
518.776000   0.127047
518.777000   0.119732
518.778000   0.111820
518.779000   0.103633
518.780000   0.095620
518.781000   0.088314
518.782000   0.082205
518.783000   0.077641
518.784000   0.074836
518.785000   0.073924
518.786000   0.074963
518.787000   0.077901
518.788000   0.082564
518.789000   0.088674
518.790000   0.095890
518.791000   0.103845
518.792000   0.112148
518.793000   0.120372
518.794000   0.128062
518.795000   0.134790
518.796000   0.140227
518.797000   0.144185
518.798000   0.146629
518.799000   0.147669
518.800000   0.147537
518.801000   0.146553
518.802000   0.145057
518.803000   0.143355
518.804000   0.141704
518.805000   0.140376
518.806000   0.139698
518.807000   0.140049
518.808000   0.141798
518.809000   0.145238
518.810000   0.150540
518.811000   0.157739
518.812000   0.166741
518.813000   0.177326
518.814000   0.189153
518.815000   0.201789
518.816000   0.214761
518.817000   0.227609
518.818000   0.239920
518.819000   0.251340
518.820000   0.261601
518.821000   0.270536
518.822000   0.278073
518.823000   0.284212
518.824000   0.288991
518.825000   0.292495
518.826000   0.294898
518.827000   0.296488
518.828000   0.297636
518.829000   0.298736
518.830000   0.300148
518.831000   0.302143
518.832000   0.304892
518.833000   0.308477
518.834000   0.312915
518.835000   0.318160
518.836000   0.324090
518.837000   0.330512
518.838000   0.337190
518.839000   0.343865
518.840000   0.350278
518.841000   0.356168
518.842000   0.361292
518.843000   0.365461
518.844000   0.368582
518.845000   0.370644
518.846000   0.371608
518.847000   0.371334
518.848000   0.369671
518.849000   0.366576
518.850000   0.362120
518.851000   0.356421
518.852000   0.349592
518.853000   0.341735
518.854000   0.332968
518.855000   0.323459
518.856000   0.313441
518.857000   0.303141
518.858000   0.292683
518.859000   0.282099
518.860000   0.271405
518.861000   0.260639
518.862000   0.249862
518.863000   0.239160
518.864000   0.228676
518.865000   0.218647
518.866000   0.209442
518.867000   0.201518
518.868000   0.195232
518.869000   0.190697
518.870000   0.187902
518.871000   0.186867
518.872000   0.187650
518.873000   0.190295
518.874000   0.194791
518.875000   0.201076
518.876000   0.209057
518.877000   0.218650
518.878000   0.229754
518.879000   0.242109
518.880000   0.255198
518.881000   0.268361
518.882000   0.280934
518.883000   0.292319
518.884000   0.302023
518.885000   0.309694
518.886000   0.315171
518.887000   0.318511
518.888000   0.319918
518.889000   0.319522
518.890000   0.317235
518.891000   0.312916
518.892000   0.306602
518.893000   0.298578
518.894000   0.289311
518.895000   0.279356
518.896000   0.269287
518.897000   0.259670
518.898000   0.251047
518.899000   0.243889
518.900000   0.238467
518.901000   0.234796
518.902000   0.232729
518.903000   0.232071
518.904000   0.232611
518.905000   0.234115
518.906000   0.236342
518.907000   0.239095
518.908000   0.242275
518.909000   0.245888
518.910000   0.249895
518.911000   0.254026
518.912000   0.257797
518.913000   0.260735
518.914000   0.262533
518.915000   0.263081
518.916000   0.262429
518.917000   0.260762
518.918000   0.258377
518.919000   0.255652
518.920000   0.252962
518.921000   0.250543
518.922000   0.248389
518.923000   0.246343
518.924000   0.244224
518.925000   0.241890
518.926000   0.239233
518.927000   0.236185
518.928000   0.232730
518.929000   0.228922
518.930000   0.224855
518.931000   0.220554
518.932000   0.215852
518.933000   0.210448
518.934000   0.204094
518.935000   0.196708
518.936000   0.188390
518.937000   0.179382
518.938000   0.170026
518.939000   0.160733
518.940000   0.151933
518.941000   0.143951
518.942000   0.136864
518.943000   0.130535
518.944000   0.124770
518.945000   0.119392
518.946000   0.114235
518.947000   0.109128
518.948000   0.103908
518.949000   0.098465
518.950000   0.092802
518.951000   0.087017
518.952000   0.081207
518.953000   0.075414
518.954000   0.069707
518.955000   0.064227
518.956000   0.059183
518.957000   0.054820
518.958000   0.051422
518.959000   0.049345
518.960000   0.049023
518.961000   0.050801
518.962000   0.054689
518.963000   0.060413
518.964000   0.067680
518.965000   0.076309
518.966000   0.086185
518.967000   0.097191
518.968000   0.109169
518.969000   0.121916
518.970000   0.135188
518.971000   0.148642
518.972000   0.161811
518.973000   0.174224
518.974000   0.185524
518.975000   0.195477
518.976000   0.203915
518.977000   0.210703
518.978000   0.215757
518.979000   0.219107
518.980000   0.220948
518.981000   0.221557
518.982000   0.221119
518.983000   0.219719
518.984000   0.217485
518.985000   0.214647
518.986000   0.211518
518.987000   0.208453
518.988000   0.205846
518.989000   0.204130
518.990000   0.203727
518.991000   0.204900
518.992000   0.207629
518.993000   0.211717
518.994000   0.216965
518.995000   0.223212
518.996000   0.230298
518.997000   0.238044
518.998000   0.246253
518.999000   0.254753
519.000000   0.263422
519.001000   0.272132
519.001000   0.272132
519.002000   0.280638
519.003000   0.288605
519.004000   0.295729
519.005000   0.301788
519.006000   0.306645
519.007000   0.310244
519.008000   0.312644
519.009000   0.314050
519.010000   0.314798
519.011000   0.315185
519.012000   0.315236
519.013000   0.314702
519.014000   0.313283
519.015000   0.310766
519.016000   0.307070
519.017000   0.302240
519.018000   0.296450
519.019000   0.289993
519.020000   0.283265
519.021000   0.276671
519.022000   0.270450
519.023000   0.264591
519.024000   0.258972
519.025000   0.253490
519.026000   0.248079
519.027000   0.242708
519.028000   0.237385
519.029000   0.232189
519.030000   0.227302
519.031000   0.222940
519.032000   0.219159
519.033000   0.215727
519.034000   0.212273
519.035000   0.208474
519.036000   0.204146
519.037000   0.199252
519.038000   0.193887
519.039000   0.188276
519.040000   0.182763
519.041000   0.177764
519.042000   0.173603
519.043000   0.170363
519.044000   0.167937
519.045000   0.166199
519.046000   0.165092
519.047000   0.164641
519.048000   0.164948
519.049000   0.166206
519.050000   0.168715
519.051000   0.172853
519.052000   0.178907
519.053000   0.186821
519.054000   0.196178
519.055000   0.206420
519.056000   0.217043
519.057000   0.227666
519.058000   0.238043
519.059000   0.248063
519.060000   0.257756
519.061000   0.267271
519.062000   0.276772
519.063000   0.286258
519.064000   0.295475
519.065000   0.304021
519.066000   0.311551
519.067000   0.317860
519.068000   0.322892
519.069000   0.326710
519.070000   0.329488
519.071000   0.331485
519.072000   0.332992
519.073000   0.334238
519.074000   0.335314
519.075000   0.336202
519.076000   0.336888
519.077000   0.337438
519.078000   0.338004
519.079000   0.338785
519.080000   0.339985
519.081000   0.341766
519.082000   0.344203
519.083000   0.347250
519.084000   0.350731
519.085000   0.354356
519.086000   0.357786
519.087000   0.360722
519.088000   0.362928
519.089000   0.364225
519.090000   0.364471
519.091000   0.363561
519.092000   0.361461
519.093000   0.358260
519.094000   0.354145
519.095000   0.349268
519.096000   0.343635
519.097000   0.337148
519.098000   0.329720
519.099000   0.321336
519.100000   0.312055
519.101000   0.302016
519.102000   0.291438
519.103000   0.280628
519.104000   0.269964
519.105000   0.259799
519.106000   0.250331
519.107000   0.241610
519.108000   0.233650
519.109000   0.226485
519.110000   0.220137
519.111000   0.214570
519.112000   0.209690
519.113000   0.205433
519.114000   0.201850
519.115000   0.199072
519.116000   0.197122
519.117000   0.195827
519.118000   0.194953
519.119000   0.194310
519.120000   0.193734
519.121000   0.193047
519.122000   0.192086
519.123000   0.190780
519.124000   0.189165
519.125000   0.187270
519.126000   0.184953
519.127000   0.181940
519.128000   0.178022
519.129000   0.173127
519.130000   0.167296
519.131000   0.160619
519.132000   0.153210
519.133000   0.145236
519.134000   0.136952
519.135000   0.128672
519.136000   0.120631
519.137000   0.112872
519.138000   0.105335
519.139000   0.098011
519.140000   0.090956
519.141000   0.084251
519.142000   0.078019
519.143000   0.072462
519.144000   0.067898
519.145000   0.064713
519.146000   0.063175
519.147000   0.063288
519.148000   0.064906
519.149000   0.067902
519.150000   0.072192
519.151000   0.077675
519.152000   0.084187
519.153000   0.091509
519.154000   0.099423
519.155000   0.107790
519.156000   0.116546
519.157000   0.125607
519.158000   0.134819
519.159000   0.144005
519.160000   0.152988
519.161000   0.161614
519.162000   0.169813
519.163000   0.177666
519.164000   0.185446
519.165000   0.193607
519.166000   0.202599
519.167000   0.212565
519.168000   0.223289
519.169000   0.234406
519.170000   0.245584
519.171000   0.256584
519.172000   0.267251
519.173000   0.277477
519.174000   0.287185
519.175000   0.296330
519.176000   0.304873
519.177000   0.312708
519.178000   0.319624
519.179000   0.325364
519.180000   0.329691
519.181000   0.332408
519.182000   0.333377
519.183000   0.332548
519.184000   0.330019
519.185000   0.326087
519.186000   0.321216
519.187000   0.315784
519.188000   0.309836
519.189000   0.303176
519.190000   0.295644
519.191000   0.287252
519.192000   0.278163
519.193000   0.268634
519.194000   0.258969
519.195000   0.249504
519.196000   0.240566
519.197000   0.232372
519.198000   0.224933
519.199000   0.218114
519.200000   0.211810
519.201000   0.206025
519.202000   0.200845
519.203000   0.196404
519.204000   0.192867
519.205000   0.190434
519.206000   0.189302
519.207000   0.189510
519.208000   0.190760
519.209000   0.192470
519.210000   0.194023
519.211000   0.194935
519.212000   0.194889
519.213000   0.193734
519.214000   0.191477
519.215000   0.188279
519.216000   0.184383
519.217000   0.179950
519.218000   0.174935
519.219000   0.169166
519.220000   0.162533
519.221000   0.155065
519.222000   0.146902
519.223000   0.138261
519.224000   0.129436
519.225000   0.120813
519.226000   0.112847
519.227000   0.105971
519.228000   0.100435
519.229000   0.096275
519.230000   0.093420
519.231000   0.091777
519.232000   0.091245
519.233000   0.091732
519.234000   0.093186
519.235000   0.095612
519.236000   0.099023
519.237000   0.103290
519.238000   0.107991
519.239000   0.112485
519.240000   0.116182
519.241000   0.118730
519.242000   0.120059
519.243000   0.120357
519.244000   0.120009
519.245000   0.119506
519.246000   0.119332
519.247000   0.119871
519.248000   0.121322
519.249000   0.123726
519.250000   0.127134
519.251000   0.131683
519.252000   0.137556
519.253000   0.144911
519.254000   0.153840
519.255000   0.164362
519.256000   0.176447
519.257000   0.190003
519.258000   0.204746
519.259000   0.220139
519.260000   0.235555
519.261000   0.250446
519.262000   0.264388
519.263000   0.277064
519.264000   0.288227
519.265000   0.297664
519.266000   0.305232
519.267000   0.310864
519.268000   0.314449
519.269000   0.315733
519.270000   0.314484
519.271000   0.310683
519.272000   0.304531
519.273000   0.296337
519.274000   0.286413
519.275000   0.275038
519.276000   0.262496
519.277000   0.249090
519.278000   0.235064
519.279000   0.220518
519.280000   0.205480
519.281000   0.190046
519.282000   0.174416
519.283000   0.158860
519.284000   0.143670
519.285000   0.129151
519.286000   0.115665
519.287000   0.103667
519.288000   0.093592
519.289000   0.085676
519.290000   0.079989
519.291000   0.076600
519.292000   0.075610
519.293000   0.077066
519.294000   0.080914
519.295000   0.087041
519.296000   0.095368
519.297000   0.105900
519.298000   0.118620
519.299000   0.133311
519.300000   0.149552
519.301000   0.166876
519.302000   0.184822
519.303000   0.202912
519.304000   0.220667
519.305000   0.237657
519.306000   0.253584
519.307000   0.268315
519.308000   0.281817
519.309000   0.293978
519.310000   0.304531
519.311000   0.313171
519.312000   0.319651
519.313000   0.323805
519.314000   0.325576
519.315000   0.325071
519.316000   0.322599
519.317000   0.318674
519.318000   0.313944
519.319000   0.309008
519.320000   0.304180
519.321000   0.299448
519.322000   0.294635
519.323000   0.289542
519.324000   0.284008
519.325000   0.277925
519.326000   0.271227
519.327000   0.263910
519.328000   0.256059
519.329000   0.247841
519.330000   0.239446
519.331000   0.230990
519.332000   0.222510
519.333000   0.214016
519.334000   0.205572
519.335000   0.197339
519.336000   0.189597
519.337000   0.182751
519.338000   0.177339
519.339000   0.173966
519.340000   0.173116
519.341000   0.174950
519.342000   0.179321
519.343000   0.185957
519.344000   0.194569
519.345000   0.204859
519.346000   0.216486
519.347000   0.229078
519.348000   0.242270
519.349000   0.255753
519.350000   0.269276
519.351000   0.282576
519.352000   0.295342
519.353000   0.307249
519.354000   0.318020
519.355000   0.327456
519.356000   0.335451
519.357000   0.342020
519.358000   0.347334
519.359000   0.351729
519.360000   0.355638
519.361000   0.359439
519.362000   0.363303
519.363000   0.367182
519.364000   0.370922
519.365000   0.374367
519.366000   0.377385
519.367000   0.379844
519.368000   0.381598
519.369000   0.382496
519.370000   0.382383
519.371000   0.381113
519.372000   0.378536
519.373000   0.374485
519.374000   0.368749
519.375000   0.361135
519.376000   0.351572
519.377000   0.340168
519.378000   0.327206
519.379000   0.313083
519.380000   0.298218
519.381000   0.282978
519.382000   0.267689
519.383000   0.252639
519.384000   0.237991
519.385000   0.223706
519.386000   0.209644
519.387000   0.195699
519.388000   0.181825
519.389000   0.167976
519.390000   0.154052
519.391000   0.139922
519.392000   0.125478
519.393000   0.110693
519.394000   0.095605
519.395000   0.080263
519.396000   0.064706
519.397000   0.049068
519.398000   0.033618
519.399000   0.018698
519.400000   0.004639
519.401000   -0.008248
519.402000   -0.019625
519.403000   -0.029085
519.404000   -0.036196
519.405000   -0.040624
519.406000   -0.042205
519.407000   -0.040904
519.408000   -0.036781
519.409000   -0.030024
519.410000   -0.020960
519.411000   -0.010007
519.412000   0.002385
519.413000   0.015807
519.414000   0.029924
519.415000   0.044467
519.416000   0.059200
519.417000   0.073945
519.418000   0.088566
519.419000   0.102912
519.420000   0.116797
519.421000   0.130058
519.422000   0.142623
519.423000   0.154554
519.424000   0.166005
519.425000   0.177128
519.426000   0.188000
519.427000   0.198617
519.428000   0.208889
519.429000   0.218689
519.430000   0.227923
519.431000   0.236557
519.432000   0.244588
519.433000   0.252003
519.434000   0.258729
519.435000   0.264591
519.436000   0.269307
519.437000   0.272597
519.438000   0.274298
519.439000   0.274390
519.440000   0.272952
519.441000   0.270115
519.442000   0.266068
519.443000   0.261086
519.444000   0.255543
519.445000   0.249833
519.446000   0.244233
519.447000   0.238864
519.448000   0.233762
519.449000   0.228978
519.450000   0.224619
519.451000   0.220826
519.452000   0.217724
519.453000   0.215392
519.454000   0.213829
519.455000   0.212916
519.456000   0.212427
519.457000   0.212102
519.458000   0.211749
519.459000   0.211276
519.460000   0.210666
519.461000   0.209943
519.462000   0.209186
519.463000   0.208558
519.464000   0.208329
519.465000   0.208767
519.466000   0.209975
519.467000   0.211845
519.468000   0.214177
519.469000   0.216805
519.470000   0.219640
519.471000   0.222687
519.472000   0.226063
519.473000   0.229982
519.474000   0.234666
519.475000   0.240193
519.476000   0.246386
519.477000   0.252873
519.478000   0.259212
519.479000   0.264965
519.480000   0.269725
519.481000   0.273158
519.482000   0.275050
519.483000   0.275352
519.484000   0.274156
519.485000   0.271562
519.486000   0.267551
519.487000   0.262000
519.488000   0.254827
519.489000   0.246112
519.490000   0.236160
519.491000   0.225499
519.492000   0.214861
519.493000   0.205093
519.494000   0.197005
519.495000   0.191184
519.496000   0.187924
519.497000   0.187278
519.498000   0.189161
519.499000   0.193437
519.500000   0.199938
519.501000   0.208466
519.501000   0.208466
519.502000   0.218793
519.503000   0.230646
519.504000   0.243660
519.505000   0.257346
519.506000   0.271120
519.507000   0.284360
519.508000   0.296499
519.509000   0.307105
519.510000   0.315933
519.511000   0.322911
519.512000   0.328097
519.513000   0.331575
519.514000   0.333370
519.515000   0.333500
519.516000   0.332089
519.517000   0.329347
519.518000   0.325467
519.519000   0.320602
519.520000   0.314905
519.521000   0.308520
519.522000   0.301560
519.523000   0.294127
519.524000   0.286385
519.525000   0.278626
519.526000   0.271243
519.527000   0.264595
519.528000   0.258824
519.529000   0.253830
519.530000   0.249436
519.531000   0.245540
519.532000   0.242134
519.533000   0.239218
519.534000   0.236724
519.535000   0.234584
519.536000   0.232851
519.537000   0.231748
519.538000   0.231557
519.539000   0.232460
519.540000   0.234498
519.541000   0.237662
519.542000   0.241889
519.543000   0.247038
519.544000   0.252919
519.545000   0.259363
519.546000   0.266246
519.547000   0.273478
519.548000   0.280966
519.549000   0.288557
519.550000   0.296013
519.551000   0.303039
519.552000   0.309325
519.553000   0.314555
519.554000   0.318463
519.555000   0.320898
519.556000   0.321861
519.557000   0.321523
519.558000   0.320178
519.559000   0.318156
519.560000   0.315683
519.561000   0.312800
519.562000   0.309364
519.563000   0.305175
519.564000   0.300126
519.565000   0.294244
519.566000   0.287647
519.567000   0.280511
519.568000   0.273040
519.569000   0.265459
519.570000   0.257961
519.571000   0.250640
519.572000   0.243470
519.573000   0.236353
519.574000   0.229210
519.575000   0.222018
519.576000   0.214830
519.577000   0.207805
519.578000   0.201254
519.579000   0.195689
519.580000   0.191759
519.581000   0.189985
519.582000   0.190484
519.583000   0.193016
519.584000   0.197260
519.585000   0.202987
519.586000   0.210065
519.587000   0.218425
519.588000   0.228055
519.589000   0.238989
519.590000   0.251253
519.591000   0.264712
519.592000   0.278939
519.593000   0.293255
519.594000   0.306938
519.595000   0.319357
519.596000   0.330004
519.597000   0.338480
519.598000   0.344512
519.599000   0.347989
519.600000   0.348986
519.601000   0.347684
519.602000   0.344156
519.603000   0.338217
519.604000   0.329613
519.605000   0.318293
519.606000   0.304482
519.607000   0.288619
519.608000   0.271277
519.609000   0.253104
519.610000   0.234769
519.611000   0.216879
519.612000   0.199888
519.613000   0.184039
519.614000   0.169416
519.615000   0.156081
519.616000   0.144124
519.617000   0.133668
519.618000   0.124878
519.619000   0.117969
519.620000   0.113187
519.621000   0.110748
519.622000   0.110740
519.623000   0.113004
519.624000   0.117184
519.625000   0.122921
519.626000   0.129951
519.627000   0.138113
519.628000   0.147317
519.629000   0.157500
519.630000   0.168594
519.631000   0.180527
519.632000   0.193160
519.633000   0.206126
519.634000   0.218876
519.635000   0.230900
519.636000   0.241824
519.637000   0.251391
519.638000   0.259441
519.639000   0.265926
519.640000   0.270976
519.641000   0.274924
519.642000   0.278107
519.643000   0.280554
519.644000   0.282024
519.645000   0.282297
519.646000   0.281327
519.647000   0.279239
519.648000   0.276293
519.649000   0.272855
519.650000   0.269373
519.651000   0.266324
519.652000   0.264064
519.653000   0.262575
519.654000   0.261493
519.655000   0.260407
519.656000   0.259049
519.657000   0.257312
519.658000   0.255214
519.659000   0.252853
519.660000   0.250378
519.661000   0.247964
519.662000   0.245685
519.663000   0.243364
519.664000   0.240737
519.665000   0.237711
519.666000   0.234415
519.667000   0.231127
519.668000   0.228176
519.669000   0.225883
519.670000   0.224587
519.671000   0.224642
519.672000   0.226211
519.673000   0.229018
519.674000   0.232529
519.675000   0.236266
519.676000   0.239906
519.677000   0.243249
519.678000   0.246189
519.679000   0.248742
519.680000   0.251086
519.681000   0.253445
519.682000   0.255723
519.683000   0.257401
519.684000   0.257946
519.685000   0.257106
519.686000   0.254886
519.687000   0.251442
519.688000   0.246987
519.689000   0.241773
519.690000   0.236116
519.691000   0.230361
519.692000   0.224708
519.693000   0.219142
519.694000   0.213622
519.695000   0.208210
519.696000   0.203070
519.697000   0.198417
519.698000   0.194513
519.699000   0.191725
519.700000   0.190579
519.701000   0.191574
519.702000   0.194769
519.703000   0.199787
519.704000   0.206208
519.705000   0.213755
519.706000   0.222250
519.707000   0.231549
519.708000   0.241531
519.709000   0.252139
519.710000   0.263403
519.711000   0.275317
519.712000   0.287637
519.713000   0.299923
519.714000   0.311779
519.715000   0.322948
519.716000   0.333242
519.717000   0.342473
519.718000   0.350448
519.719000   0.357034
519.720000   0.362253
519.721000   0.366263
519.722000   0.369146
519.723000   0.370675
519.724000   0.370450
519.725000   0.368161
519.726000   0.363686
519.727000   0.357055
519.728000   0.348411
519.729000   0.337995
519.730000   0.326169
519.731000   0.313437
519.732000   0.300458
519.733000   0.287936
519.734000   0.276380
519.735000   0.265992
519.736000   0.256828
519.737000   0.248969
519.738000   0.242532
519.739000   0.237613
519.740000   0.234254
519.741000   0.232460
519.742000   0.232251
519.743000   0.233697
519.744000   0.236773
519.745000   0.241128
519.746000   0.246203
519.747000   0.251479
519.748000   0.256514
519.749000   0.260919
519.750000   0.264357
519.751000   0.266607
519.752000   0.267646
519.753000   0.267706
519.754000   0.267120
519.755000   0.265993
519.756000   0.264168
519.757000   0.261472
519.758000   0.257857
519.759000   0.253385
519.760000   0.248184
519.761000   0.242444
519.762000   0.236450
519.763000   0.230613
519.764000   0.225375
519.765000   0.220922
519.766000   0.217055
519.767000   0.213458
519.768000   0.209913
519.769000   0.206305
519.770000   0.202560
519.771000   0.198638
519.772000   0.194575
519.773000   0.190571
519.774000   0.186981
519.775000   0.184105
519.776000   0.181924
519.777000   0.180220
519.778000   0.178855
519.779000   0.177864
519.780000   0.177404
519.781000   0.177702
519.782000   0.179028
519.783000   0.181700
519.784000   0.186021
519.785000   0.192124
519.786000   0.199816
519.787000   0.208708
519.788000   0.218447
519.789000   0.228781
519.790000   0.239515
519.791000   0.250456
519.792000   0.261407
519.793000   0.272213
519.794000   0.282814
519.795000   0.293175
519.796000   0.303062
519.797000   0.312052
519.798000   0.319801
519.799000   0.326180
519.800000   0.331235
519.801000   0.335105
519.802000   0.337973
519.803000   0.340054
519.804000   0.341581
519.805000   0.342741
519.806000   0.343518
519.807000   0.343665
519.808000   0.342900
519.809000   0.341066
519.810000   0.338126
519.811000   0.334098
519.812000   0.329023
519.813000   0.322958
519.814000   0.316021
519.815000   0.308464
519.816000   0.300624
519.817000   0.292691
519.818000   0.284631
519.819000   0.276414
519.820000   0.268164
519.821000   0.260132
519.822000   0.252626
519.823000   0.245969
519.824000   0.240495
519.825000   0.236557
519.826000   0.234442
519.827000   0.234135
519.828000   0.235337
519.829000   0.237729
519.830000   0.241094
519.831000   0.245257
519.832000   0.250004
519.833000   0.255027
519.834000   0.259958
519.835000   0.264479
519.836000   0.268420
519.837000   0.271651
519.838000   0.273866
519.839000   0.274697
519.840000   0.273958
519.841000   0.271666
519.842000   0.267956
519.843000   0.263024
519.844000   0.257137
519.845000   0.250692
519.846000   0.244247
519.847000   0.238396
519.848000   0.233453
519.849000   0.229372
519.850000   0.226025
519.851000   0.223338
519.852000   0.221255
519.853000   0.219675
519.854000   0.218434
519.855000   0.217341
519.856000   0.216247
519.857000   0.215127
519.858000   0.214058
519.859000   0.212999
519.860000   0.211655
519.861000   0.209663
519.862000   0.206741
519.863000   0.202711
519.864000   0.197514
519.865000   0.191234
519.866000   0.184137
519.867000   0.176682
519.868000   0.169456
519.869000   0.162987
519.870000   0.157614
519.871000   0.153547
519.872000   0.150953
519.873000   0.149962
519.874000   0.150652
519.875000   0.153033
519.876000   0.157040
519.877000   0.162563
519.878000   0.169490
519.879000   0.177708
519.880000   0.186944
519.881000   0.196675
519.882000   0.206290
519.883000   0.215262
519.884000   0.223192
519.885000   0.229790
519.886000   0.234864
519.887000   0.238340
519.888000   0.240307
519.889000   0.241008
519.890000   0.240707
519.891000   0.239523
519.892000   0.237495
519.893000   0.234738
519.894000   0.231459
519.895000   0.227892
519.896000   0.224253
519.897000   0.220729
519.898000   0.217503
519.899000   0.214796
519.900000   0.212904
519.901000   0.212130
