516.533000   0.819366
516.534000   0.814963
516.535000   0.810750
516.536000   0.806947
516.537000   0.803678
516.538000   0.800964
516.539000   0.798776
516.540000   0.797132
516.541000   0.796145
516.542000   0.796039
516.543000   0.797127
516.544000   0.799759
516.545000   0.804236
516.546000   0.810714
516.547000   0.819157
516.548000   0.829358
516.549000   0.840995
516.550000   0.853678
516.551000   0.866971
516.552000   0.880405
516.553000   0.893528
516.554000   0.905945
516.555000   0.917351
516.556000   0.927498
516.557000   0.936106
516.558000   0.942831
516.559000   0.947336
516.560000   0.949429
516.561000   0.949146
516.562000   0.946791
516.563000   0.942927
516.564000   0.938320
516.565000   0.933812
516.566000   0.930143
516.567000   0.927804
516.568000   0.927038
516.569000   0.927949
516.570000   0.930590
516.571000   0.934997
516.572000   0.941187
516.573000   0.949155
516.574000   0.958856
516.575000   0.970179
516.576000   0.982904
516.577000   0.996677
516.578000   1.011012
516.579000   1.025345
516.580000   1.039116
516.581000   1.051860
516.582000   1.063272
516.583000   1.073231
516.584000   1.081772
516.585000   1.089024
516.586000   1.095136
516.587000   1.100242
516.588000   1.104454
516.589000   1.107884
516.590000   1.110676
516.591000   1.113051
516.592000   1.115302
516.593000   1.117741
516.594000   1.120594
516.595000   1.123899
516.596000   1.127490
516.597000   1.131072
516.598000   1.134348
516.599000   1.137085
516.600000   1.139127
516.601000   1.140398
516.602000   1.140891
516.603000   1.140653
516.604000   1.139735
516.605000   1.138185
516.606000   1.136069
516.607000   1.133505
516.608000   1.130650
516.609000   1.127661
516.610000   1.124657
516.611000   1.121726
516.612000   1.118924
516.613000   1.116272
516.614000   1.113725
516.615000   1.111184
516.616000   1.108509
516.617000   1.105535
516.618000   1.102090
516.619000   1.098003
516.620000   1.093117
516.621000   1.087288
516.622000   1.080365
516.623000   1.072168
516.624000   1.062496
516.625000   1.051190
516.626000   1.038206
516.627000   1.023663
516.628000   1.007838
516.629000   0.991118
516.630000   0.973921
516.631000   0.956624
516.632000   0.939525
516.633000   0.922831
516.634000   0.906692
516.635000   0.891249
516.636000   0.876658
516.637000   0.863090
516.638000   0.850726
516.639000   0.839747
516.640000   0.830314
516.641000   0.822530
516.642000   0.816386
516.643000   0.811747
516.644000   0.808404
516.645000   0.806157
516.646000   0.804876
516.647000   0.804533
516.648000   0.805195
516.649000   0.807004
516.650000   0.810105
516.651000   0.814569
516.652000   0.820341
516.653000   0.827256
516.654000   0.835113
516.655000   0.843730
516.656000   0.852971
516.657000   0.862736
516.658000   0.872948
516.659000   0.883531
516.660000   0.894376
516.661000   0.905309
516.662000   0.916076
516.663000   0.926358
516.664000   0.935811
516.665000   0.944107
516.666000   0.950972
516.667000   0.956221
516.668000   0.959774
516.669000   0.961637
516.670000   0.961863
516.671000   0.960512
516.672000   0.957670
516.673000   0.953501
516.674000   0.948290
516.675000   0.942435
516.676000   0.936399
516.677000   0.930662
516.678000   0.925680
516.679000   0.921839
516.680000   0.919416
516.681000   0.918551
516.682000   0.919258
516.683000   0.921445
516.684000   0.924934
516.685000   0.929474
516.686000   0.934765
516.687000   0.940485
516.688000   0.946321
516.689000   0.951979
516.690000   0.957183
516.691000   0.961683
516.692000   0.965272
516.693000   0.967803
516.694000   0.969215
516.695000   0.969541
516.696000   0.968928
516.697000   0.967640
516.698000   0.966024
516.699000   0.964435
516.700000   0.963158
516.701000   0.962379
516.702000   0.962218
516.703000   0.962774
516.704000   0.964161
516.705000   0.966519
516.706000   0.969992
516.707000   0.974689
516.708000   0.980620
516.709000   0.987657
516.710000   0.995537
516.711000   1.003926
516.712000   1.012483
516.713000   1.020901
516.714000   1.028936
516.715000   1.036411
516.716000   1.043223
516.717000   1.049319
516.718000   1.054669
516.719000   1.059230
516.720000   1.062930
516.721000   1.065673
516.722000   1.067348
516.723000   1.067842
516.724000   1.067065
516.725000   1.064968
516.726000   1.061554
516.727000   1.056862
516.728000   1.050944
516.729000   1.043844
516.730000   1.035617
516.731000   1.026340
516.732000   1.016127
516.733000   1.005134
516.734000   0.993571
516.735000   0.981702
516.736000   0.969826
516.737000   0.958241
516.738000   0.947205
516.739000   0.936950
516.740000   0.927707
516.741000   0.919724
516.742000   0.913252
516.743000   0.908526
516.744000   0.905747
516.745000   0.905050
516.746000   0.906448
516.747000   0.909773
516.748000   0.914663
516.749000   0.920605
516.750000   0.927007
516.751000   0.933261
516.752000   0.938774
516.753000   0.943001
516.754000   0.945472
516.755000   0.945810
516.756000   0.943738
516.757000   0.939074
516.758000   0.931758
516.759000   0.921900
516.760000   0.909806
516.761000   0.895958
516.762000   0.880947
516.763000   0.865414
516.764000   0.849983
516.765000   0.835205
516.766000   0.821525
516.767000   0.809258
516.768000   0.798606
516.769000   0.789673
516.770000   0.782472
516.771000   0.776917
516.772000   0.772828
516.773000   0.769951
516.774000   0.767972
516.775000   0.766522
516.776000   0.765160
516.777000   0.763372
516.778000   0.760644
516.779000   0.756570
516.780000   0.750940
516.781000   0.743759
516.782000   0.735232
516.783000   0.725733
516.784000   0.715766
516.785000   0.705903
516.786000   0.696697
516.787000   0.688642
516.788000   0.682186
516.789000   0.677761
516.790000   0.675781
516.791000   0.676618
516.792000   0.680538
516.793000   0.687646
516.794000   0.697872
516.795000   0.710986
516.796000   0.726615
516.797000   0.744283
516.798000   0.763460
516.799000   0.783631
516.800000   0.804330
516.801000   0.825173
516.802000   0.845867
516.803000   0.866182
516.804000   0.885868
516.805000   0.904586
516.806000   0.921936
516.807000   0.937552
516.808000   0.951186
516.809000   0.962730
516.810000   0.972198
516.811000   0.979723
516.812000   0.985572
516.813000   0.990150
516.814000   0.993941
516.815000   0.997373
516.816000   1.000672
516.817000   1.003857
516.818000   1.006817
516.819000   1.009409
516.820000   1.011503
516.821000   1.013012
516.822000   1.013912
516.823000   1.014257
516.824000   1.014162
516.825000   1.013769
516.826000   1.013225
516.827000   1.012665
516.828000   1.012187
516.829000   1.011844
516.830000   1.011703
516.831000   1.011879
516.832000   1.012518
516.833000   1.013740
516.834000   1.015562
516.835000   1.017864
516.836000   1.020432
516.837000   1.023031
516.838000   1.025445
516.839000   1.027442
516.840000   1.028791
516.841000   1.029337
516.842000   1.029048
516.843000   1.027996
516.844000   1.026265
516.845000   1.023894
516.846000   1.020886
516.847000   1.017275
516.848000   1.013203
516.849000   1.008949
516.850000   1.004896
516.851000   1.001462
516.852000   0.999053
516.853000   0.998010
516.854000   0.998554
516.855000   1.000750
516.856000   1.004548
516.857000   1.009848
516.858000   1.016549
516.859000   1.024556
516.860000   1.033768
516.861000   1.044039
516.862000   1.055114
516.863000   1.066579
516.864000   1.077878
516.865000   1.088382
516.866000   1.097493
516.867000   1.104724
516.868000   1.109749
516.869000   1.112426
516.870000   1.112794
516.871000   1.111044
516.872000   1.107431
516.873000   1.102161
516.874000   1.095335
516.875000   1.087000
516.876000   1.077248
516.877000   1.066275
516.878000   1.054397
516.879000   1.042028
516.880000   1.029659
516.881000   1.017813
516.882000   1.006987
516.883000   0.997578
516.884000   0.989825
516.885000   0.983802
516.886000   0.979456
516.887000   0.976675
516.888000   0.975342
516.889000   0.975363
516.890000   0.976670
516.891000   0.979190
516.892000   0.982806
516.893000   0.987295
516.894000   0.992303
516.895000   0.997336
516.896000   1.001802
516.897000   1.005080
516.898000   1.006610
516.899000   1.005950
516.900000   1.002800
516.901000   0.996982
516.902000   0.988410
516.903000   0.977086
516.904000   0.963151
516.905000   0.946928
516.906000   0.928896
516.907000   0.909618
516.908000   0.889690
516.909000   0.869724
516.910000   0.850339
516.911000   0.832148
516.912000   0.815746
516.913000   0.801725
516.914000   0.790677
516.915000   0.783159
516.916000   0.779613
516.917000   0.780282
516.918000   0.785152
516.919000   0.793958
516.920000   0.806223
516.921000   0.821304
516.922000   0.838411
516.923000   0.856651
516.924000   0.875087
516.925000   0.892806
516.926000   0.908983
516.927000   0.922939
516.928000   0.934173
516.929000   0.942364
516.930000   0.947305
516.931000   0.948855
516.932000   0.946967
516.933000   0.941801
516.934000   0.933817
516.935000   0.923768
516.936000   0.912618
516.937000   0.901423
516.938000   0.891200
516.939000   0.882814
516.940000   0.876904
516.941000   0.873869
516.942000   0.873920
516.943000   0.877156
516.944000   0.883599
516.945000   0.893195
516.946000   0.905793
516.947000   0.921128
516.948000   0.938805
516.949000   0.958293
516.950000   0.978910
516.951000   0.999858
516.952000   1.020312
516.953000   1.039534
516.954000   1.056947
516.955000   1.072151
516.956000   1.084912
516.957000   1.095143
516.958000   1.102906
516.959000   1.108363
516.960000   1.111698
516.961000   1.113084
516.962000   1.112691
516.963000   1.110742
516.964000   1.107539
516.965000   1.103483
516.966000   1.099048
516.967000   1.094722
516.968000   1.090889
516.969000   1.087739
516.970000   1.085264
516.971000   1.083314
516.972000   1.081692
516.973000   1.080210
516.974000   1.078734
516.975000   1.077207
516.976000   1.075682
516.977000   1.074324
516.978000   1.073326
516.979000   1.072753
516.980000   1.072448
516.981000   1.072115
516.982000   1.071478
516.983000   1.070348
516.984000   1.068612
516.985000   1.066222
516.986000   1.063177
516.987000   1.059515
516.988000   1.055302
516.989000   1.050611
516.990000   1.045487
516.991000   1.039881
516.992000   1.033636
516.993000   1.026609
516.994000   1.018807
516.995000   1.010433
516.996000   1.001865
516.997000   0.993574
516.998000   0.986026
516.999000   0.979602
517.000000   0.974568
517.001000   0.971074
517.001000   0.971074
517.002000   0.969141
517.003000   0.968701
517.004000   0.969707
517.005000   0.972220
517.006000   0.976380
517.007000   0.982307
517.008000   0.989983
517.009000   0.999204
517.010000   1.009613
517.011000   1.020778
517.012000   1.032241
517.013000   1.043540
517.014000   1.054202
517.015000   1.063770
517.016000   1.071849
517.017000   1.078114
517.018000   1.082307
517.019000   1.084251
517.020000   1.083905
517.021000   1.081394
517.022000   1.076995
517.023000   1.071096
517.024000   1.064153
517.025000   1.056627
517.026000   1.048936
517.027000   1.041414
517.028000   1.034296
517.029000   1.027746
517.030000   1.021892
517.031000   1.016833
517.032000   1.012636
517.033000   1.009318
517.034000   1.006850
517.035000   1.005159
517.036000   1.004108
517.037000   1.003462
517.038000   1.002878
517.039000   1.001969
517.040000   1.000391
517.041000   0.997923
517.042000   0.994497
517.043000   0.990176
517.044000   0.985090
517.045000   0.979358
517.046000   0.973048
517.047000   0.966225
517.048000   0.959039
517.049000   0.951770
517.050000   0.944805
517.051000   0.938536
517.052000   0.933273
517.053000   0.929198
517.054000   0.926369
517.055000   0.924718
517.056000   0.924059
517.057000   0.924125
517.058000   0.924649
517.059000   0.925424
517.060000   0.926311
517.061000   0.927218
517.062000   0.928068
517.063000   0.928792
517.064000   0.929299
517.065000   0.929424
517.066000   0.928907
517.067000   0.927474
517.068000   0.924956
517.069000   0.921363
517.070000   0.916884
517.071000   0.911848
517.072000   0.906659
517.073000   0.901707
517.074000   0.897288
517.075000   0.893547
517.076000   0.890488
517.077000   0.888048
517.078000   0.886174
517.079000   0.884864
517.080000   0.884176
517.081000   0.884211
517.082000   0.885087
517.083000   0.886887
517.084000   0.889609
517.085000   0.893108
517.086000   0.897094
517.087000   0.901202
517.088000   0.905096
517.089000   0.908556
517.090000   0.911530
517.091000   0.914152
517.092000   0.916720
517.093000   0.919621
517.094000   0.923205
517.095000   0.927638
517.096000   0.932863
517.097000   0.938659
517.098000   0.944751
517.099000   0.950882
517.100000   0.956858
517.101000   0.962565
517.102000   0.967965
517.103000   0.973060
517.104000   0.977803
517.105000   0.981995
517.106000   0.985250
517.107000   0.987089
517.108000   0.987095
517.109000   0.985033
517.110000   0.980902
517.111000   0.974929
517.112000   0.967511
517.113000   0.959114
517.114000   0.950148
517.115000   0.940910
517.116000   0.931613
517.117000   0.922451
517.118000   0.913633
517.119000   0.905385
517.120000   0.897970
517.121000   0.891693
517.122000   0.886867
517.123000   0.883745
517.124000   0.882437
517.125000   0.882875
517.126000   0.884835
517.127000   0.888016
517.128000   0.892102
517.129000   0.896800
517.130000   0.901872
517.131000   0.907147
517.132000   0.912520
517.133000   0.917880
517.134000   0.923014
517.135000   0.927587
517.136000   0.931241
517.137000   0.933714
517.138000   0.934925
517.139000   0.935000
517.140000   0.934270
517.141000   0.933230
517.142000   0.932459
517.143000   0.932480
517.144000   0.933653
517.145000   0.936165
517.146000   0.940098
517.147000   0.945497
517.148000   0.952378
517.149000   0.960728
517.150000   0.970506
517.151000   0.981665
517.152000   0.994144
517.153000   1.007815
517.154000   1.022416
517.155000   1.037522
517.156000   1.052581
517.157000   1.066985
517.158000   1.080144
517.159000   1.091561
517.160000   1.100893
517.161000   1.107983
517.162000   1.112824
517.163000   1.115432
517.164000   1.115758
517.165000   1.113712
517.166000   1.109255
517.167000   1.102460
517.168000   1.093511
517.169000   1.082692
517.170000   1.070377
517.171000   1.057026
517.172000   1.043119
517.173000   1.029049
517.174000   1.015072
517.175000   1.001332
517.176000   0.987920
517.177000   0.974912
517.178000   0.962399
517.179000   0.950512
517.180000   0.939432
517.181000   0.929372
517.182000   0.920521
517.183000   0.912988
517.184000   0.906775
517.185000   0.901805
517.186000   0.897981
517.187000   0.895232
517.188000   0.893530
517.189000   0.892894
517.190000   0.893363
517.191000   0.894943
517.192000   0.897544
517.193000   0.900950
517.194000   0.904847
517.195000   0.908871
517.196000   0.912658
517.197000   0.915888
517.198000   0.918335
517.199000   0.919900
517.200000   0.920600
517.201000   0.920508
517.202000   0.919688
517.203000   0.918149
517.204000   0.915874
517.205000   0.912865
517.206000   0.909189
517.207000   0.904988
517.208000   0.900465
517.209000   0.895862
517.210000   0.891421
517.211000   0.887319
517.212000   0.883617
517.213000   0.880260
517.214000   0.877133
517.215000   0.874121
517.216000   0.871175
517.217000   0.868354
517.218000   0.865847
517.219000   0.863892
517.220000   0.862666
517.221000   0.862204
517.222000   0.862441
517.223000   0.863281
517.224000   0.864671
517.225000   0.866626
517.226000   0.869231
517.227000   0.872611
517.228000   0.876903
517.229000   0.882208
517.230000   0.888547
517.231000   0.895818
517.232000   0.903793
517.233000   0.912176
517.234000   0.920665
517.235000   0.928993
517.236000   0.936951
517.237000   0.944385
517.238000   0.951197
517.239000   0.957318
517.240000   0.962674
517.241000   0.967168
517.242000   0.970715
517.243000   0.973283
517.244000   0.974920
517.245000   0.975775
517.246000   0.976112
517.247000   0.976287
517.248000   0.976672
517.249000   0.977564
517.250000   0.979115
517.251000   0.981328
517.252000   0.984085
517.253000   0.987183
517.254000   0.990381
517.255000   0.993434
517.256000   0.996126
517.257000   0.998275
517.258000   0.999697
517.259000   1.000181
517.260000   0.999468
517.261000   0.997282
517.262000   0.993372
517.263000   0.987556
517.264000   0.979765
517.265000   0.970066
517.266000   0.958674
517.267000   0.945912
517.268000   0.932148
517.269000   0.917735
517.270000   0.902992
517.271000   0.888207
517.272000   0.873651
517.273000   0.859583
517.274000   0.846263
517.275000   0.833964
517.276000   0.822963
517.277000   0.813515
517.278000   0.805809
517.279000   0.799963
517.280000   0.796053
517.281000   0.794153
517.282000   0.794354
517.283000   0.796742
517.284000   0.801374
517.285000   0.808253
517.286000   0.817304
517.287000   0.828338
517.288000   0.841008
517.289000   0.854813
517.290000   0.869140
517.291000   0.883341
517.292000   0.896815
517.293000   0.909078
517.294000   0.919806
517.295000   0.928823
517.296000   0.936033
517.297000   0.941335
517.298000   0.944575
517.299000   0.945572
517.300000   0.944187
517.301000   0.940389
517.302000   0.934294
517.303000   0.926187
517.304000   0.916497
517.305000   0.905731
517.306000   0.894366
517.307000   0.882765
517.308000   0.871167
517.309000   0.859740
517.310000   0.848630
517.311000   0.837995
517.312000   0.828014
517.313000   0.818896
517.314000   0.810879
517.315000   0.804203
517.316000   0.799040
517.317000   0.795413
517.318000   0.793145
517.319000   0.791915
517.320000   0.791372
517.321000   0.791237
517.322000   0.791342
517.323000   0.791634
517.324000   0.792124
517.325000   0.792847
517.326000   0.793817
517.327000   0.795033
517.328000   0.796518
517.329000   0.798331
517.330000   0.800597
517.331000   0.803519
517.332000   0.807371
517.333000   0.812441
517.334000   0.818953
517.335000   0.827001
517.336000   0.836517
517.337000   0.847295
517.338000   0.859046
517.339000   0.871447
517.340000   0.884147
517.341000   0.896766
517.342000   0.908929
517.343000   0.920315
517.344000   0.930675
517.345000   0.939799
517.346000   0.947472
517.347000   0.953464
517.348000   0.957597
517.349000   0.959796
517.350000   0.960115
517.351000   0.958726
517.352000   0.955894
517.353000   0.951966
517.354000   0.947343
517.355000   0.942413
517.356000   0.937467
517.357000   0.932671
517.358000   0.928096
517.359000   0.923773
517.360000   0.919740
517.361000   0.916060
517.362000   0.912823
517.363000   0.910123
517.364000   0.908018
517.365000   0.906487
517.366000   0.905395
517.367000   0.904525
517.368000   0.903645
517.369000   0.902579
517.370000   0.901241
517.371000   0.899663
517.372000   0.897993
517.373000   0.896475
517.374000   0.895361
517.375000   0.894825
517.376000   0.894934
517.377000   0.895701
517.378000   0.897134
517.379000   0.899255
517.380000   0.902096
517.381000   0.905702
517.382000   0.910146
517.383000   0.915531
517.384000   0.921978
517.385000   0.929583
517.386000   0.938386
517.387000   0.948344
517.388000   0.959331
517.389000   0.971178
517.390000   0.983718
517.391000   0.996812
517.392000   1.010352
517.393000   1.024236
517.394000   1.038306
517.395000   1.052319
517.396000   1.065967
517.397000   1.078927
517.398000   1.090890
517.399000   1.101567
517.400000   1.110725
517.401000   1.118201
517.402000   1.123885
517.403000   1.127672
517.404000   1.129424
517.405000   1.128991
517.406000   1.126299
517.407000   1.121400
517.408000   1.114457
517.409000   1.105690
517.410000   1.095323
517.411000   1.083575
517.412000   1.070648
517.413000   1.056682
517.414000   1.041724
517.415000   1.025769
517.416000   1.008864
517.417000   0.991199
517.418000   0.973128
517.419000   0.955147
517.420000   0.937832
517.421000   0.921755
517.422000   0.907404
517.423000   0.895092
517.424000   0.884914
517.425000   0.876813
517.426000   0.870705
517.427000   0.866554
517.428000   0.864374
517.429000   0.864206
517.430000   0.866096
517.431000   0.870074
517.432000   0.876098
517.433000   0.883975
517.434000   0.893338
517.435000   0.903726
517.436000   0.914689
517.437000   0.925839
517.438000   0.936870
517.439000   0.947564
517.440000   0.957812
517.441000   0.967604
517.442000   0.976972
517.443000   0.985894
517.444000   0.994260
517.445000   1.001934
517.446000   1.008817
517.447000   1.014869
517.448000   1.020119
517.449000   1.024678
517.450000   1.028717
517.451000   1.032388
517.452000   1.035724
517.453000   1.038611
517.454000   1.040882
517.455000   1.042431
517.456000   1.043252
517.457000   1.043382
517.458000   1.042849
517.459000   1.041696
517.460000   1.040028
517.461000   1.037969
517.462000   1.035548
517.463000   1.032632
517.464000   1.028976
517.465000   1.024340
517.466000   1.018609
517.467000   1.011863
517.468000   1.004380
517.469000   0.996547
517.470000   0.988756
517.471000   0.981320
517.472000   0.974424
517.473000   0.968143
517.474000   0.962518
517.475000   0.957644
517.476000   0.953712
517.477000   0.951032
517.478000   0.950019
517.479000   0.951141
517.480000   0.954801
517.481000   0.961179
517.482000   0.970164
517.483000   0.981426
517.484000   0.994563
517.485000   1.009216
517.486000   1.025108
517.487000   1.042036
517.488000   1.059842
517.489000   1.078355
517.490000   1.097333
517.491000   1.116416
517.492000   1.135147
517.493000   1.153031
517.494000   1.169586
517.495000   1.184389
517.496000   1.197115
517.497000   1.207605
517.498000   1.215900
517.499000   1.222205
517.500000   1.226769
517.501000   1.229768
517.501000   1.229768
517.502000   1.231274
517.503000   1.231316
517.504000   1.229954
517.505000   1.227324
517.506000   1.223636
517.507000   1.219139
517.508000   1.214079
517.509000   1.208673
517.510000   1.203075
517.511000   1.197367
517.512000   1.191580
517.513000   1.185717
517.514000   1.179767
517.515000   1.173718
517.516000   1.167570
517.517000   1.161364
517.518000   1.155179
517.519000   1.149079
517.520000   1.143039
517.521000   1.136912
517.522000   1.130480
517.523000   1.123531
517.524000   1.115911
517.525000   1.107539
517.526000   1.098404
517.527000   1.088565
517.528000   1.078141
517.529000   1.067307
517.530000   1.056281
517.531000   1.045284
517.532000   1.034491
517.533000   1.023966
517.534000   1.013705
517.535000   1.003722
517.536000   0.994119
517.537000   0.985102
517.538000   0.976930
517.539000   0.969843
517.540000   0.964004
517.541000   0.959507
517.542000   0.956395
517.543000   0.954615
517.544000   0.953925
517.545000   0.953930
517.546000   0.954262
517.547000   0.954681
517.548000   0.955022
517.549000   0.955094
517.550000   0.954617
517.551000   0.953242
517.552000   0.950643
517.553000   0.946631
517.554000   0.941212
517.555000   0.934537
517.556000   0.926782
517.557000   0.918103
517.558000   0.908660
517.559000   0.898604
517.560000   0.888040
517.561000   0.877033
517.562000   0.865646
517.563000   0.853999
517.564000   0.842324
517.565000   0.830974
517.566000   0.820338
517.567000   0.810709
517.568000   0.802221
517.569000   0.794899
517.570000   0.788741
517.571000   0.783745
517.572000   0.779936
517.573000   0.777372
517.574000   0.776165
517.575000   0.776482
517.576000   0.778493
517.577000   0.782262
517.578000   0.787597
517.579000   0.794031
517.580000   0.800934
517.581000   0.807663
517.582000   0.813647
517.583000   0.818430
517.584000   0.821681
517.585000   0.823208
517.586000   0.822956
517.587000   0.821005
517.588000   0.817535
517.589000   0.812771
517.590000   0.806932
517.591000   0.800231
517.592000   0.792917
517.593000   0.785290
517.594000   0.777679
517.595000   0.770431
517.596000   0.763902
517.597000   0.758468
517.598000   0.754535
517.599000   0.752527
517.600000   0.752792
517.601000   0.755463
517.602000   0.760398
517.603000   0.767257
517.604000   0.775600
517.605000   0.784935
517.606000   0.794755
517.607000   0.804576
517.608000   0.813998
517.609000   0.822768
517.610000   0.830782
517.611000   0.838018
517.612000   0.844455
517.613000   0.850062
517.614000   0.854858
517.615000   0.858938
517.616000   0.862460
517.617000   0.865627
517.618000   0.868689
517.619000   0.871946
517.620000   0.875745
517.621000   0.880440
517.622000   0.886304
517.623000   0.893424
517.624000   0.901681
517.625000   0.910831
517.626000   0.920614
517.627000   0.930815
517.628000   0.941284
517.629000   0.951933
517.630000   0.962735
517.631000   0.973719
517.632000   0.984961
517.633000   0.996510
517.634000   1.008270
517.635000   1.019966
517.636000   1.031231
517.637000   1.041714
517.638000   1.051104
517.639000   1.059123
517.640000   1.065516
517.641000   1.070047
517.642000   1.072519
517.643000   1.072781
517.644000   1.070716
517.645000   1.066206
517.646000   1.059094
517.647000   1.049209
517.648000   1.036438
517.649000   1.020804
517.650000   1.002512
517.651000   0.981951
517.652000   0.959664
517.653000   0.936270
517.654000   0.912374
517.655000   0.888495
517.656000   0.865042
517.657000   0.842361
517.658000   0.820804
517.659000   0.800789
517.660000   0.782817
517.661000   0.767438
517.662000   0.755172
517.663000   0.746393
517.664000   0.741244
517.665000   0.739611
517.666000   0.741191
517.667000   0.745594
517.668000   0.752436
517.669000   0.761405
517.670000   0.772273
517.671000   0.784845
517.672000   0.798868
517.673000   0.813957
517.674000   0.829585
517.675000   0.845155
517.676000   0.860083
517.677000   0.873858
517.678000   0.886086
517.679000   0.896503
517.680000   0.905006
517.681000   0.911651
517.682000   0.916626
517.683000   0.920182
517.684000   0.922536
517.685000   0.923831
517.686000   0.924158
517.687000   0.923610
517.688000   0.922323
517.689000   0.920483
517.690000   0.918317
517.691000   0.916074
517.692000   0.913989
517.693000   0.912261
517.694000   0.911030
517.695000   0.910329
517.696000   0.910029
517.697000   0.909884
517.698000   0.909647
517.699000   0.909110
517.700000   0.908072
517.701000   0.906289
517.702000   0.903449
517.703000   0.899193
517.704000   0.893202
517.705000   0.885305
517.706000   0.875504
517.707000   0.863884
517.708000   0.850521
517.709000   0.835510
517.710000   0.819065
517.711000   0.801534
517.712000   0.783341
517.713000   0.764931
517.714000   0.746750
517.715000   0.729247
517.716000   0.712871
517.717000   0.698057
517.718000   0.685212
517.719000   0.674696
517.720000   0.666784
517.721000   0.661607
517.722000   0.659156
517.723000   0.659318
517.724000   0.661928
517.725000   0.666769
517.726000   0.673571
517.727000   0.682028
517.728000   0.691835
517.729000   0.702737
517.730000   0.714515
517.731000   0.726888
517.732000   0.739416
517.733000   0.751511
517.734000   0.762562
517.735000   0.772069
517.736000   0.779722
517.737000   0.785428
517.738000   0.789315
517.739000   0.791685
517.740000   0.792938
517.741000   0.793479
517.742000   0.793634
517.743000   0.793627
517.744000   0.793607
517.745000   0.793698
517.746000   0.794041
517.747000   0.794802
517.748000   0.796167
517.749000   0.798300
517.750000   0.801308
517.751000   0.805188
517.752000   0.809797
517.753000   0.814853
517.754000   0.819992
517.755000   0.824844
517.756000   0.829119
517.757000   0.832654
517.758000   0.835413
517.759000   0.837438
517.760000   0.838778
517.761000   0.839418
517.762000   0.839269
517.763000   0.838216
517.764000   0.836188
517.765000   0.833192
517.766000   0.829315
517.767000   0.824716
517.768000   0.819582
517.769000   0.814082
517.770000   0.808315
517.771000   0.802285
517.772000   0.795939
517.773000   0.789247
517.774000   0.782280
517.775000   0.775232
517.776000   0.768403
517.777000   0.762139
517.778000   0.756786
517.779000   0.752633
517.780000   0.749864
517.781000   0.748535
517.782000   0.748591
517.783000   0.749936
517.784000   0.752477
517.785000   0.756148
517.786000   0.760894
517.787000   0.766645
517.788000   0.773280
517.789000   0.780580
517.790000   0.788206
517.791000   0.795736
517.792000   0.802759
517.793000   0.808953
517.794000   0.814118
517.795000   0.818160
517.796000   0.821074
517.797000   0.822915
517.798000   0.823773
517.799000   0.823723
517.800000   0.822795
517.801000   0.820955
517.802000   0.818137
517.803000   0.814284
517.804000   0.809398
517.805000   0.803591
517.806000   0.797123
517.807000   0.790396
517.808000   0.783881
517.809000   0.778008
517.810000   0.773085
517.811000   0.769288
517.812000   0.766708
517.813000   0.765410
517.814000   0.765457
517.815000   0.766918
517.816000   0.769842
517.817000   0.774231
517.818000   0.779990
517.819000   0.786875
517.820000   0.794496
517.821000   0.802378
517.822000   0.810061
517.823000   0.817192
517.824000   0.823595
517.825000   0.829294
517.826000   0.834457
517.827000   0.839261
517.828000   0.843754
517.829000   0.847824
517.830000   0.851269
517.831000   0.853873
517.832000   0.855450
517.833000   0.855849
517.834000   0.854971
517.835000   0.852787
517.836000   0.849380
517.837000   0.844938
517.838000   0.839668
517.839000   0.833635
517.840000   0.826693
517.841000   0.818587
517.842000   0.809115
517.843000   0.798216
517.844000   0.786003
517.845000   0.772768
517.846000   0.758953
517.847000   0.745108
517.848000   0.731812
517.849000   0.719546
517.850000   0.708514
517.851000   0.698639
517.852000   0.689796
517.853000   0.681976
517.854000   0.675283
517.855000   0.669834
517.856000   0.665686
517.857000   0.662784
517.858000   0.660970
517.859000   0.660041
517.860000   0.659790
517.861000   0.659980
517.862000   0.660377
517.863000   0.660864
517.864000   0.661494
517.865000   0.662435
517.866000   0.663889
517.867000   0.666041
517.868000   0.669066
517.869000   0.673218
517.870000   0.678888
517.871000   0.686515
517.872000   0.696359
517.873000   0.708439
517.874000   0.722644
517.875000   0.738804
517.876000   0.756671
517.877000   0.775884
517.878000   0.795972
517.879000   0.816395
517.880000   0.836596
517.881000   0.856049
517.882000   0.874249
517.883000   0.890646
517.884000   0.904673
517.885000   0.915898
517.886000   0.924096
517.887000   0.929211
517.888000   0.931278
517.889000   0.930374
517.890000   0.926623
517.891000   0.920221
517.892000   0.911487
517.893000   0.900917
517.894000   0.889209
517.895000   0.877178
517.896000   0.865534
517.897000   0.854770
517.898000   0.845271
517.899000   0.837413
517.900000   0.831539
517.901000   0.827896
517.902000   0.826589
517.903000   0.827600
517.904000   0.830824
517.905000   0.836148
517.906000   0.843494
517.907000   0.852740
517.908000   0.863483
517.909000   0.874926
517.910000   0.886134
517.911000   0.896293
517.912000   0.904801
517.913000   0.911279
517.914000   0.915544
517.915000   0.917568
517.916000   0.917419
517.917000   0.915233
517.918000   0.911227
517.919000   0.905714
517.920000   0.899007
517.921000   0.891379
517.922000   0.883185
517.923000   0.874916
517.924000   0.867112
517.925000   0.860235
517.926000   0.854566
517.927000   0.850176
517.928000   0.846956
517.929000   0.844730
517.930000   0.843394
517.931000   0.842938
517.932000   0.843234
517.933000   0.843795
517.934000   0.843928
517.935000   0.843041
517.936000   0.840759
517.937000   0.836902
517.938000   0.831431
517.939000   0.824444
517.940000   0.816180
517.941000   0.807026
517.942000   0.797491
517.943000   0.788136
517.944000   0.779459
517.945000   0.771813
517.946000   0.765420
517.947000   0.760450
517.948000   0.757052
517.949000   0.755339
517.950000   0.755364
517.951000   0.757090
517.952000   0.760365
517.953000   0.764919
517.954000   0.770390
517.955000   0.776384
517.956000   0.782538
517.957000   0.788529
517.958000   0.794040
517.959000   0.798810
517.960000   0.802742
517.961000   0.805951
517.962000   0.808717
517.963000   0.811374
517.964000   0.814208
517.965000   0.817408
517.966000   0.821107
517.967000   0.825436
517.968000   0.830561
517.969000   0.836671
517.970000   0.843899
517.971000   0.852205
517.972000   0.861346
517.973000   0.871004
517.974000   0.880885
517.975000   0.890691
517.976000   0.900069
517.977000   0.908606
517.978000   0.915857
517.979000   0.921392
517.980000   0.924853
517.981000   0.926026
517.982000   0.924896
517.983000   0.921645
517.984000   0.916576
517.985000   0.910023
517.986000   0.902384
517.987000   0.894184
517.988000   0.886045
517.989000   0.878594
517.990000   0.872374
517.991000   0.867785
517.992000   0.865052
517.993000   0.864229
517.994000   0.865238
517.995000   0.867948
517.996000   0.872245
517.997000   0.877958
517.998000   0.884637
517.999000   0.891517
518.000000   0.897793
518.001000   0.902887
518.001000   0.902887
518.002000   0.906496
518.003000   0.908522
518.004000   0.908955
518.005000   0.907803
518.006000   0.905077
518.007000   0.900822
518.008000   0.895181
518.009000   0.888436
518.010000   0.881017
518.011000   0.873481
518.012000   0.866470
518.013000   0.860629
518.014000   0.856486
518.015000   0.854374
518.016000   0.854399
518.017000   0.856463
518.018000   0.860320
518.019000   0.865644
518.020000   0.872110
518.021000   0.879428
518.022000   0.887268
518.023000   0.895141
518.024000   0.902416
518.025000   0.908514
518.026000   0.913060
518.027000   0.915932
518.028000   0.917224
518.029000   0.917184
518.030000   0.916140
518.031000   0.914435
518.032000   0.912425
518.033000   0.910516
518.034000   0.909183
518.035000   0.908852
518.036000   0.909749
518.037000   0.911963
518.038000   0.915588
518.039000   0.920752
518.040000   0.927530
518.041000   0.935831
518.042000   0.945321
518.043000   0.955450
518.044000   0.965594
518.045000   0.975228
518.046000   0.984016
518.047000   0.991670
518.048000   0.997819
518.049000   1.002166
518.050000   1.004576
518.051000   1.004933
518.052000   1.003069
518.053000   0.998876
518.054000   0.992442
518.055000   0.984099
518.056000   0.974426
518.057000   0.964167
518.058000   0.954073
518.059000   0.944644
518.060000   0.936021
518.061000   0.928119
518.062000   0.920812
518.063000   0.914014
518.064000   0.907685
518.065000   0.901817
518.066000   0.896440
518.067000   0.891661
518.068000   0.887670
518.069000   0.884666
518.070000   0.882660
518.071000   0.881352
518.072000   0.880275
518.073000   0.879021
518.074000   0.877353
518.075000   0.875213
518.076000   0.872687
518.077000   0.869976
518.078000   0.867349
518.079000   0.865102
518.080000   0.863496
518.081000   0.862675
518.082000   0.862633
518.083000   0.863280
518.084000   0.864548
518.085000   0.866409
518.086000   0.868839
518.087000   0.871786
518.088000   0.875147
518.089000   0.878782
518.090000   0.882559
518.091000   0.886407
518.092000   0.890270
518.093000   0.893952
518.094000   0.897147
518.095000   0.899674
518.096000   0.901595
518.097000   0.903160
518.098000   0.904671
518.099000   0.906356
518.100000   0.908306
518.101000   0.910524
518.102000   0.913042
518.103000   0.915995
518.104000   0.919537
518.105000   0.923617
518.106000   0.927938
518.107000   0.932186
518.108000   0.936157
518.109000   0.939694
518.110000   0.942582
518.111000   0.944516
518.112000   0.945156
518.113000   0.944208
518.114000   0.941520
518.115000   0.937109
518.116000   0.931080
518.117000   0.923527
518.118000   0.914565
518.119000   0.904359
518.120000   0.893098
518.121000   0.880982
518.122000   0.868250
518.123000   0.855205
518.124000   0.842222
518.125000   0.829767
518.126000   0.818411
518.127000   0.808818
518.128000   0.801602
518.129000   0.797073
518.130000   0.795151
518.131000   0.795582
518.132000   0.798142
518.133000   0.802666
518.134000   0.808998
518.135000   0.816946
518.136000   0.826254
518.137000   0.836594
518.138000   0.847567
518.139000   0.858693
518.140000   0.869377
518.141000   0.878875
518.142000   0.886350
518.143000   0.891064
518.144000   0.892507
518.145000   0.890434
518.146000   0.884862
518.147000   0.876015
518.148000   0.864238
518.149000   0.849929
518.150000   0.833568
518.151000   0.815806
518.152000   0.797482
518.153000   0.779484
518.154000   0.762533
518.155000   0.747138
518.156000   0.733747
518.157000   0.722841
518.158000   0.714863
518.159000   0.710112
518.160000   0.708666
518.161000   0.710353
518.162000   0.714762
518.163000   0.721310
518.164000   0.729351
518.165000   0.738300
518.166000   0.747684
518.167000   0.757095
518.168000   0.766127
518.169000   0.774370
518.170000   0.781434
518.171000   0.786981
518.172000   0.790763
518.173000   0.792656
518.174000   0.792687
518.175000   0.791046
518.176000   0.788072
518.177000   0.784216
518.178000   0.779965
518.179000   0.775743
518.180000   0.771867
518.181000   0.768606
518.182000   0.766230
518.183000   0.765010
518.184000   0.765187
518.185000   0.766953
518.186000   0.770426
518.187000   0.775640
518.188000   0.782566
518.189000   0.791134
518.190000   0.801219
518.191000   0.812562
518.192000   0.824772
518.193000   0.837438
518.194000   0.850227
518.195000   0.862856
518.196000   0.875007
518.197000   0.886284
518.198000   0.896235
518.199000   0.904423
518.200000   0.910494
518.201000   0.914226
518.202000   0.915561
518.203000   0.914592
518.204000   0.911529
518.205000   0.906643
518.206000   0.900212
518.207000   0.892487
518.208000   0.883696
518.209000   0.874075
518.210000   0.863904
518.211000   0.853542
518.212000   0.843450
518.213000   0.834144
518.214000   0.826102
518.215000   0.819672
518.216000   0.815080
518.217000   0.812506
518.218000   0.812130
518.219000   0.814132
518.220000   0.818647
518.221000   0.825707
518.222000   0.835218
518.223000   0.846941
518.224000   0.860515
518.225000   0.875477
518.226000   0.891318
518.227000   0.907552
518.228000   0.923777
518.229000   0.939683
518.230000   0.955033
518.231000   0.969628
518.232000   0.983292
518.233000   0.995867
518.234000   1.007210
518.235000   1.017195
518.236000   1.025727
518.237000   1.032768
518.238000   1.038343
518.239000   1.042522
518.240000   1.045400
518.241000   1.047090
518.242000   1.047739
518.243000   1.047547
518.244000   1.046788
518.245000   1.045791
518.246000   1.044900
518.247000   1.044401
518.248000   1.044463
518.249000   1.045098
518.250000   1.046154
518.251000   1.047344
518.252000   1.048304
518.253000   1.048660
518.254000   1.048079
518.255000   1.046298
518.256000   1.043127
518.257000   1.038433
518.258000   1.032134
518.259000   1.024182
518.260000   1.014584
518.261000   1.003425
518.262000   0.990886
518.263000   0.977226
518.264000   0.962733
518.265000   0.947672
518.266000   0.932269
518.267000   0.916716
518.268000   0.901207
518.269000   0.885967
518.270000   0.871285
518.271000   0.857512
518.272000   0.845033
518.273000   0.834203
518.274000   0.825296
518.275000   0.818481
518.276000   0.813830
518.277000   0.811334
518.278000   0.810931
518.279000   0.812513
518.280000   0.815922
518.281000   0.820926
518.282000   0.827201
518.283000   0.834327
518.284000   0.841801
518.285000   0.849085
518.286000   0.855675
518.287000   0.861173
518.288000   0.865346
518.289000   0.868140
518.290000   0.869628
518.291000   0.869950
518.292000   0.869256
518.293000   0.867709
518.294000   0.865500
518.295000   0.862877
518.296000   0.860163
518.297000   0.857743
518.298000   0.856045
518.299000   0.855515
518.300000   0.856557
518.301000   0.859447
518.302000   0.864285
518.303000   0.871017
518.304000   0.879507
518.305000   0.889604
518.306000   0.901172
518.307000   0.914084
518.308000   0.928182
518.309000   0.943208
518.310000   0.958735
518.311000   0.974170
518.312000   0.988842
518.313000   1.002123
518.314000   1.013514
518.315000   1.022680
518.316000   1.029467
518.317000   1.033903
518.318000   1.036179
518.319000   1.036599
518.320000   1.035505
518.321000   1.033188
518.322000   1.029860
518.323000   1.025683
518.324000   1.020796
518.325000   1.015330
518.326000   1.009410
518.327000   1.003150
518.328000   0.996667
518.329000   0.990070
518.330000   0.983435
518.331000   0.976793
518.332000   0.970159
518.333000   0.963553
518.334000   0.957025
518.335000   0.950661
518.336000   0.944583
518.337000   0.938933
518.338000   0.933841
518.339000   0.929390
518.340000   0.925607
518.341000   0.922524
518.342000   0.920246
518.343000   0.918954
518.344000   0.918806
518.345000   0.919840
518.346000   0.921994
518.347000   0.925166
518.348000   0.929233
518.349000   0.934029
518.350000   0.939316
518.351000   0.944797
518.352000   0.950158
518.353000   0.955079
518.354000   0.959240
518.355000   0.962321
518.356000   0.964056
518.357000   0.964304
518.358000   0.963060
518.359000   0.960396
518.360000   0.956424
518.361000   0.951327
518.362000   0.945422
518.363000   0.939174
518.364000   0.933143
518.365000   0.927883
518.366000   0.923853
518.367000   0.921377
518.368000   0.920648
518.369000   0.921730
518.370000   0.924550
518.371000   0.928916
518.372000   0.934544
518.373000   0.941086
518.374000   0.948170
518.375000   0.955424
518.376000   0.962500
518.377000   0.969049
518.378000   0.974677
518.379000   0.978877
518.380000   0.981041
518.381000   0.980548
518.382000   0.976877
518.383000   0.969711
518.384000   0.958997
518.385000   0.944985
518.386000   0.928194
518.387000   0.909314
518.388000   0.889059
518.389000   0.868063
518.390000   0.846867
518.391000   0.825957
518.392000   0.805793
518.393000   0.786823
518.394000   0.769488
518.395000   0.754214
518.396000   0.741383
518.397000   0.731271
518.398000   0.723965
518.399000   0.719316
518.400000   0.716975
518.401000   0.716501
518.402000   0.717464
518.403000   0.719504
518.404000   0.722344
518.405000   0.725752
518.406000   0.729477
518.407000   0.733177
518.408000   0.736397
518.409000   0.738653
518.410000   0.739562
518.411000   0.738925
518.412000   0.736746
518.413000   0.733219
518.414000   0.728682
518.415000   0.723554
518.416000   0.718251
518.417000   0.713093
518.418000   0.708232
518.419000   0.703656
518.420000   0.699272
518.421000   0.695006
518.422000   0.690858
518.423000   0.686904
518.424000   0.683284
518.425000   0.680188
518.426000   0.677830
518.427000   0.676371
518.428000   0.675810
518.429000   0.675957
518.430000   0.676548
518.431000   0.677364
518.432000   0.678308
518.433000   0.679409
518.434000   0.680808
518.435000   0.682720
518.436000   0.685383
518.437000   0.688994
518.438000   0.693686
518.439000   0.699554
518.440000   0.706698
518.441000   0.715243
518.442000   0.725322
518.443000   0.737030
518.444000   0.750386
518.445000   0.765304
518.446000   0.781584
518.447000   0.798889
518.448000   0.816741
518.449000   0.834552
518.450000   0.851715
518.451000   0.867706
518.452000   0.882170
518.453000   0.894991
518.454000   0.906315
518.455000   0.916512
518.456000   0.926021
518.457000   0.935154
518.458000   0.944010
518.459000   0.952552
518.460000   0.960719
518.461000   0.968498
518.462000   0.975944
518.463000   0.983187
518.464000   0.990408
518.465000   0.997791
518.466000   1.005445
518.467000   1.013360
518.468000   1.021409
518.469000   1.029376
518.470000   1.036972
518.471000   1.043869
518.472000   1.049754
518.473000   1.054363
518.474000   1.057490
518.475000   1.058960
518.476000   1.058586
518.477000   1.056147
518.478000   1.051447
518.479000   1.044386
518.480000   1.035021
518.481000   1.023600
518.482000   1.010580
518.483000   0.996619
518.484000   0.982512
518.485000   0.969070
518.486000   0.956982
518.487000   0.946743
518.488000   0.938653
518.489000   0.932872
518.490000   0.929446
518.491000   0.928327
518.492000   0.929372
518.493000   0.932354
518.494000   0.936977
518.495000   0.942882
518.496000   0.949631
518.497000   0.956743
518.498000   0.963759
518.499000   0.970284
518.500000   0.976008
518.501000   0.980701
518.501000   0.980701
518.502000   0.984220
518.503000   0.986506
518.504000   0.987576
518.505000   0.987492
518.506000   0.986353
518.507000   0.984319
518.508000   0.981633
518.509000   0.978622
518.510000   0.975655
518.511000   0.973095
518.512000   0.971243
518.513000   0.970309
518.514000   0.970397
518.515000   0.971536
518.516000   0.973735
518.517000   0.976993
518.518000   0.981241
518.519000   0.986297
518.520000   0.991909
518.521000   0.997838
518.522000   1.003873
518.523000   1.009800
518.524000   1.015359
518.525000   1.020229
518.526000   1.024081
518.527000   1.026668
518.528000   1.027901
518.529000   1.027886
518.530000   1.026857
518.531000   1.025044
518.532000   1.022586
518.533000   1.019521
518.534000   1.015797
518.535000   1.011289
518.536000   1.005861
518.537000   0.999422
518.538000   0.991967
518.539000   0.983593
518.540000   0.974524
518.541000   0.965084
518.542000   0.955598
518.543000   0.946222
518.544000   0.936893
518.545000   0.927465
518.546000   0.917861
518.547000   0.908141
518.548000   0.898496
518.549000   0.889226
518.550000   0.880708
518.551000   0.873365
518.552000   0.867621
518.553000   0.863810
518.554000   0.862059
518.555000   0.862201
518.556000   0.863851
518.557000   0.866571
518.558000   0.869972
518.559000   0.873741
518.560000   0.877621
518.561000   0.881373
518.562000   0.884719
518.563000   0.887320
518.564000   0.888799
518.565000   0.888814
518.566000   0.887100
518.567000   0.883489
518.568000   0.877968
518.569000   0.870708
518.570000   0.862021
518.571000   0.852235
518.572000   0.841595
518.573000   0.830229
518.574000   0.818216
518.575000   0.805708
518.576000   0.792999
518.577000   0.780492
518.578000   0.768564
518.579000   0.757487
518.580000   0.747474
518.581000   0.738731
518.582000   0.731435
518.583000   0.725694
518.584000   0.721550
518.585000   0.719017
518.586000   0.718132
518.587000   0.718948
518.588000   0.721469
518.589000   0.725542
518.590000   0.730836
518.591000   0.736917
518.592000   0.743332
518.593000   0.749675
518.594000   0.755661
518.595000   0.761152
518.596000   0.766157
518.597000   0.770801
518.598000   0.775295
518.599000   0.779863
518.600000   0.784628
518.601000   0.789563
518.602000   0.794560
518.603000   0.799529
518.604000   0.804439
518.605000   0.809287
518.606000   0.814066
518.607000   0.818740
518.608000   0.823242
518.609000   0.827472
518.610000   0.831259
518.611000   0.834298
518.612000   0.836188
518.613000   0.836569
518.614000   0.835246
518.615000   0.832210
518.616000   0.827617
518.617000   0.821763
518.618000   0.815097
518.619000   0.808212
518.620000   0.801760
518.621000   0.796281
518.622000   0.792094
518.623000   0.789381
518.624000   0.788309
518.625000   0.789053
518.626000   0.791753
518.627000   0.796471
518.628000   0.803170
518.629000   0.811709
518.630000   0.821855
518.631000   0.833286
518.632000   0.845607
518.633000   0.858373
518.634000   0.871171
518.635000   0.883723
518.636000   0.895959
518.637000   0.908000
518.638000   0.920101
518.639000   0.932539
518.640000   0.945490
518.641000   0.958993
518.642000   0.973021
518.643000   0.987571
518.644000   1.002677
518.645000   1.018387
518.646000   1.034752
518.647000   1.051829
518.648000   1.069627
518.649000   1.088022
518.650000   1.106697
518.651000   1.125186
518.652000   1.142988
518.653000   1.159666
518.654000   1.174896
518.655000   1.188475
518.656000   1.200291
518.657000   1.210287
518.658000   1.218427
518.659000   1.224674
518.660000   1.228989
518.661000   1.231355
518.662000   1.231833
518.663000   1.230584
518.664000   1.227878
518.665000   1.224074
518.666000   1.219600
518.667000   1.214915
518.668000   1.210435
518.669000   1.206448
518.670000   1.203068
518.671000   1.200278
518.672000   1.198008
518.673000   1.196203
518.674000   1.194842
518.675000   1.193926
518.676000   1.193463
518.677000   1.193443
518.678000   1.193790
518.679000   1.194316
518.680000   1.194737
518.681000   1.194747
518.682000   1.194062
518.683000   1.192445
518.684000   1.189742
518.685000   1.185897
518.686000   1.180942
518.687000   1.174923
518.688000   1.167821
518.689000   1.159546
518.690000   1.150041
518.691000   1.139384
518.692000   1.127812
518.693000   1.115653
518.694000   1.103248
518.695000   1.090898
518.696000   1.078876
518.697000   1.067425
518.698000   1.056752
518.699000   1.047016
518.700000   1.038338
518.701000   1.030813
518.702000   1.024492
518.703000   1.019368
518.704000   1.015364
518.705000   1.012354
518.706000   1.010168
518.707000   1.008573
518.708000   1.007229
518.709000   1.005711
518.710000   1.003587
518.711000   1.000492
518.712000   0.996163
518.713000   0.990464
518.714000   0.983408
518.715000   0.975171
518.716000   0.966036
518.717000   0.956273
518.718000   0.946056
518.719000   0.935493
518.720000   0.924715
518.721000   0.913896
518.722000   0.903211
518.723000   0.892801
518.724000   0.882774
518.725000   0.873225
518.726000   0.864252
518.727000   0.855928
518.728000   0.848290
518.729000   0.841334
518.730000   0.835031
518.731000   0.829328
518.732000   0.824163
518.733000   0.819504
518.734000   0.815395
518.735000   0.811984
518.736000   0.809485
518.737000   0.808048
518.738000   0.807643
518.739000   0.808077
518.740000   0.809093
518.741000   0.810460
518.742000   0.812012
518.743000   0.813678
518.744000   0.815472
518.745000   0.817424
518.746000   0.819469
518.747000   0.821383
518.748000   0.822865
518.749000   0.823650
518.750000   0.823600
518.751000   0.822715
518.752000   0.821133
518.753000   0.819104
518.754000   0.816939
518.755000   0.814922
518.756000   0.813210
518.757000   0.811799
518.758000   0.810583
518.759000   0.809443
518.760000   0.808311
518.761000   0.807218
518.762000   0.806330
518.763000   0.805944
518.764000   0.806422
518.765000   0.808064
518.766000   0.810971
518.767000   0.815025
518.768000   0.819980
518.769000   0.825564
518.770000   0.831560
518.771000   0.837842
518.772000   0.844406
518.773000   0.851349
518.774000   0.858802
518.775000   0.866791
518.776000   0.875148
518.777000   0.883563
518.778000   0.891720
518.779000   0.899400
518.780000   0.906514
518.781000   0.913100
518.782000   0.919301
518.783000   0.925303
518.784000   0.931236
518.785000   0.937100
518.786000   0.942779
518.787000   0.948149
518.788000   0.953158
518.789000   0.957841
518.790000   0.962291
518.791000   0.966630
518.792000   0.971003
518.793000   0.975551
518.794000   0.980342
518.795000   0.985302
518.796000   0.990219
518.797000   0.994814
518.798000   0.998810
518.799000   1.001992
518.800000   1.004263
518.801000   1.005674
518.802000   1.006394
518.803000   1.006630
518.804000   1.006525
518.805000   1.006107
518.806000   1.005352
518.807000   1.004255
518.808000   1.002851
518.809000   1.001188
518.810000   0.999328
518.811000   0.997374
518.812000   0.995470
518.813000   0.993716
518.814000   0.992043
518.815000   0.990189
518.816000   0.987792
518.817000   0.984528
518.818000   0.980193
518.819000   0.974741
518.820000   0.968296
518.821000   0.961114
518.822000   0.953514
518.823000   0.945764
518.824000   0.938010
518.825000   0.930290
518.826000   0.922609
518.827000   0.914995
518.828000   0.907513
518.829000   0.900279
518.830000   0.893483
518.831000   0.887395
518.832000   0.882330
518.833000   0.878554
518.834000   0.876184
518.835000   0.875183
518.836000   0.875421
518.837000   0.876776
518.838000   0.879187
518.839000   0.882671
518.840000   0.887286
518.841000   0.893073
518.842000   0.899962
518.843000   0.907689
518.844000   0.915833
518.845000   0.923959
518.846000   0.931724
518.847000   0.938849
518.848000   0.945074
518.849000   0.950255
518.850000   0.954473
518.851000   0.958002
518.852000   0.961138
518.853000   0.964047
518.854000   0.966740
518.855000   0.969161
518.856000   0.971293
518.857000   0.973217
518.858000   0.975090
518.859000   0.976983
518.860000   0.978753
518.861000   0.980116
518.862000   0.980789
518.863000   0.980513
518.864000   0.979056
518.865000   0.976255
518.866000   0.972089
518.867000   0.966730
518.868000   0.960567
518.869000   0.954123
518.870000   0.947863
518.871000   0.942000
518.872000   0.936500
518.873000   0.931160
518.874000   0.925727
518.875000   0.919992
518.876000   0.913841
518.877000   0.907260
518.878000   0.900360
518.879000   0.893401
518.880000   0.886777
518.881000   0.880844
518.882000   0.875704
518.883000   0.871242
518.884000   0.867330
518.885000   0.863910
518.886000   0.860981
518.887000   0.858546
518.888000   0.856612
518.889000   0.855227
518.890000   0.854535
518.891000   0.854707
518.892000   0.855702
518.893000   0.857082
518.894000   0.858213
518.895000   0.858577
518.896000   0.857885
518.897000   0.856059
518.898000   0.853192
518.899000   0.849544
518.900000   0.845528
518.901000   0.841649
518.902000   0.838346
518.903000   0.835803
518.904000   0.833955
518.905000   0.832713
518.906000   0.832102
518.907000   0.832254
518.908000   0.833369
518.909000   0.835692
518.910000   0.839514
518.911000   0.845143
518.912000   0.852803
518.913000   0.862426
518.914000   0.873574
518.915000   0.885666
518.916000   0.898212
518.917000   0.910869
518.918000   0.923436
518.919000   0.935842
518.920000   0.948157
518.921000   0.960564
518.922000   0.973290
518.923000   0.986441
518.924000   0.999751
518.925000   1.012654
518.926000   1.024610
518.927000   1.035276
518.928000   1.044502
518.929000   1.052247
518.930000   1.058523
518.931000   1.063391
518.932000   1.067009
518.933000   1.069647
518.934000   1.071481
518.935000   1.072403
518.936000   1.072210
518.937000   1.070877
518.938000   1.068581
518.939000   1.065584
518.940000   1.062109
518.941000   1.058295
518.942000   1.054215
518.943000   1.049988
518.944000   1.045856
518.945000   1.042094
518.946000   1.038797
518.947000   1.035908
518.948000   1.033419
518.949000   1.031399
518.950000   1.029878
518.951000   1.028738
518.952000   1.027745
518.953000   1.026679
518.954000   1.025495
518.955000   1.024423
518.956000   1.023888
518.957000   1.024185
518.958000   1.025273
518.959000   1.026924
518.960000   1.028915
518.961000   1.031057
518.962000   1.033177
518.963000   1.035121
518.964000   1.036791
518.965000   1.038204
518.966000   1.039547
518.967000   1.041121
518.968000   1.043051
518.969000   1.045031
518.970000   1.046524
518.971000   1.047081
518.972000   1.046457
518.973000   1.044598
518.974000   1.041586
518.975000   1.037614
518.976000   1.032986
518.977000   1.028147
518.978000   1.023630
518.979000   1.019832
518.980000   1.016779
518.981000   1.014233
518.982000   1.011992
518.983000   1.010018
518.984000   1.008427
518.985000   1.007429
518.986000   1.007285
518.987000   1.008283
518.988000   1.010718
518.989000   1.014820
518.990000   1.020595
518.991000   1.027671
518.992000   1.035403
518.993000   1.043152
518.994000   1.050428
518.995000   1.056926
518.996000   1.062518
518.997000   1.067252
518.998000   1.071328
518.999000   1.075057
519.000000   1.078801
519.001000   1.082814
519.001000   1.082814
519.002000   1.087030
519.003000   1.091096
519.004000   1.094632
519.005000   1.097420
519.006000   1.099407
519.007000   1.100623
519.008000   1.101099
519.009000   1.100821
519.010000   1.099775
519.011000   1.098011
519.012000   1.095706
519.013000   1.093150
519.014000   1.090637
519.015000   1.088383
519.016000   1.086567
519.017000   1.085363
519.018000   1.084855
519.019000   1.084931
519.020000   1.085261
519.021000   1.085355
519.022000   1.084672
519.023000   1.082758
519.024000   1.079367
519.025000   1.074472
519.026000   1.068097
519.027000   1.060131
519.028000   1.050359
519.029000   1.038654
519.030000   1.025109
519.031000   1.010056
519.032000   0.994019
519.033000   0.977640
519.034000   0.961623
519.035000   0.946687
519.036000   0.933511
519.037000   0.922649
519.038000   0.914356
519.039000   0.908458
519.040000   0.904494
519.041000   0.901978
519.042000   0.900553
519.043000   0.899997
519.044000   0.900182
519.045000   0.901023
519.046000   0.902437
519.047000   0.904325
519.048000   0.906602
519.049000   0.909200
519.050000   0.912026
519.051000   0.914993
519.052000   0.918173
519.053000   0.921856
519.054000   0.926493
519.055000   0.932558
519.056000   0.940424
519.057000   0.950296
519.058000   0.962250
519.059000   0.976309
519.060000   0.992428
519.061000   1.010361
519.062000   1.029576
519.063000   1.049380
519.064000   1.069090
519.065000   1.088086
519.066000   1.105794
519.067000   1.121670
519.068000   1.135212
519.069000   1.146014
519.070000   1.153838
519.071000   1.158680
519.072000   1.160749
519.073000   1.160341
519.074000   1.157705
519.075000   1.153010
519.076000   1.146359
519.077000   1.137800
519.078000   1.127364
519.079000   1.115122
519.080000   1.101233
519.081000   1.085968
519.082000   1.069723
519.083000   1.053007
519.084000   1.036361
519.085000   1.020223
519.086000   1.004825
519.087000   0.990252
519.088000   0.976587
519.089000   0.963995
519.090000   0.952706
519.091000   0.942978
519.092000   0.935062
519.093000   0.929171
519.094000   0.925463
519.095000   0.924012
519.096000   0.924798
519.097000   0.927656
519.098000   0.932237
519.099000   0.938078
519.100000   0.944732
519.101000   0.951845
519.102000   0.959143
519.103000   0.966349
519.104000   0.973087
519.105000   0.978844
519.106000   0.983044
519.107000   0.985206
519.108000   0.985069
519.109000   0.982566
519.110000   0.977745
519.111000   0.970776
519.112000   0.962014
519.113000   0.951938
519.114000   0.941032
519.115000   0.929730
519.116000   0.918437
519.117000   0.907581
519.118000   0.897644
519.119000   0.889170
519.120000   0.882712
519.121000   0.878651
519.122000   0.877021
519.123000   0.877534
519.124000   0.879740
519.125000   0.883113
519.126000   0.887108
519.127000   0.891224
519.128000   0.895050
519.129000   0.898316
519.130000   0.900920
519.131000   0.902935
519.132000   0.904540
519.133000   0.905880
519.134000   0.906936
519.135000   0.907568
519.136000   0.907696
519.137000   0.907446
519.138000   0.907153
519.139000   0.907296
519.140000   0.908403
519.141000   0.910979
519.142000   0.915426
519.143000   0.922020
519.144000   0.930938
519.145000   0.942326
519.146000   0.956279
519.147000   0.972722
519.148000   0.991323
519.149000   1.011569
519.150000   1.032886
519.151000   1.054657
519.152000   1.076153
519.153000   1.096474
519.154000   1.114592
519.155000   1.129493
519.156000   1.140357
519.157000   1.146704
519.158000   1.148464
519.159000   1.145954
519.160000   1.139750
519.161000   1.130545
519.162000   1.119090
519.163000   1.106172
519.164000   1.092609
519.165000   1.079203
519.166000   1.066666
519.167000   1.055527
519.168000   1.046075
519.169000   1.038361
519.170000   1.032267
519.171000   1.027594
519.172000   1.024104
519.173000   1.021483
519.174000   1.019284
519.175000   1.016980
519.176000   1.014098
519.177000   1.010304
519.178000   1.005441
519.179000   0.999526
519.180000   0.992721
519.181000   0.985257
519.182000   0.977365
519.183000   0.969278
519.184000   0.961305
519.185000   0.953830
519.186000   0.947178
519.187000   0.941569
519.188000   0.937219
519.189000   0.934384
519.190000   0.933287
519.191000   0.934019
519.192000   0.936506
519.193000   0.940563
519.194000   0.945994
519.195000   0.952682
519.196000   0.960602
519.197000   0.969721
519.198000   0.979860
519.199000   0.990722
519.200000   1.002000
519.201000   1.013414
519.202000   1.024675
519.203000   1.035466
519.204000   1.045470
519.205000   1.054437
519.206000   1.062261
519.207000   1.069001
519.208000   1.074785
519.209000   1.079630
519.210000   1.083388
519.211000   1.085856
519.212000   1.086855
519.213000   1.086265
519.214000   1.084012
519.215000   1.080078
519.216000   1.074521
519.217000   1.067520
519.218000   1.059377
519.219000   1.050432
519.220000   1.040883
519.221000   1.030694
519.222000   1.019675
519.223000   1.007614
519.224000   0.994346
519.225000   0.979780
519.226000   0.963914
519.227000   0.946864
519.228000   0.928875
519.229000   0.910284
519.230000   0.891416
519.231000   0.872525
519.232000   0.853834
519.233000   0.835609
519.234000   0.818158
519.235000   0.801777
519.236000   0.786709
519.237000   0.773142
519.238000   0.761230
519.239000   0.751115
519.240000   0.742914
519.241000   0.736680
519.242000   0.732363
519.243000   0.729824
519.244000   0.728916
519.245000   0.729536
519.246000   0.731620
519.247000   0.735107
519.248000   0.739902
519.249000   0.745848
519.250000   0.752729
519.251000   0.760301
519.252000   0.768297
519.253000   0.776420
519.254000   0.784369
519.255000   0.791907
519.256000   0.798908
519.257000   0.805349
519.258000   0.811251
519.259000   0.816606
519.260000   0.821343
519.261000   0.825376
519.262000   0.828664
519.263000   0.831227
519.264000   0.833092
519.265000   0.834252
519.266000   0.834695
519.267000   0.834450
519.268000   0.833595
519.269000   0.832231
519.270000   0.830471
519.271000   0.828456
519.272000   0.826360
519.273000   0.824384
519.274000   0.822751
519.275000   0.821692
519.276000   0.821429
519.277000   0.822158
519.278000   0.824016
519.279000   0.827058
519.280000   0.831246
519.281000   0.836480
519.282000   0.842626
519.283000   0.849556
519.284000   0.857178
519.285000   0.865466
519.286000   0.874452
519.287000   0.884165
519.288000   0.894531
519.289000   0.905310
519.290000   0.916126
519.291000   0.926565
519.292000   0.936290
519.293000   0.945120
519.294000   0.953051
519.295000   0.960233
519.296000   0.966884
519.297000   0.973192
519.298000   0.979225
519.299000   0.984924
519.300000   0.990150
519.301000   0.994731
519.302000   0.998498
519.303000   1.001329
519.304000   1.003198
519.305000   1.004202
519.306000   1.004510
519.307000   1.004278
519.308000   1.003581
519.309000   1.002405
519.310000   1.000713
519.311000   0.998507
519.312000   0.995880
519.313000   0.993014
519.314000   0.990161
519.315000   0.987605
519.316000   0.985608
519.317000   0.984348
519.318000   0.983881
519.319000   0.984154
519.320000   0.985046
519.321000   0.986409
519.322000   0.988113
519.323000   0.990080
519.324000   0.992295
519.325000   0.994771
519.326000   0.997489
519.327000   1.000365
519.328000   1.003278
519.329000   1.006135
519.330000   1.008906
519.331000   1.011631
519.332000   1.014410
519.333000   1.017407
519.334000   1.020860
519.335000   1.025057
519.336000   1.030272
519.337000   1.036658
519.338000   1.044212
519.339000   1.052832
519.340000   1.062417
519.341000   1.072899
519.342000   1.084212
519.343000   1.096251
519.344000   1.108825
519.345000   1.121637
519.346000   1.134283
519.347000   1.146292
519.348000   1.157193
519.349000   1.166538
519.350000   1.173907
519.351000   1.178943
519.352000   1.181410
519.353000   1.181220
519.354000   1.178408
519.355000   1.173068
519.356000   1.165290
519.357000   1.155157
519.358000   1.142800
519.359000   1.128452
519.360000   1.112445
519.361000   1.095172
519.362000   1.077030
519.363000   1.058404
519.364000   1.039675
519.365000   1.021174
519.366000   1.003124
519.367000   0.985632
519.368000   0.968758
519.369000   0.952595
519.370000   0.937331
519.371000   0.923265
519.372000   0.910763
519.373000   0.900167
519.374000   0.891677
519.375000   0.885344
519.376000   0.881159
519.377000   0.879152
519.378000   0.879415
519.379000   0.882070
519.380000   0.887219
519.381000   0.894919
519.382000   0.905148
519.383000   0.917775
519.384000   0.932542
519.385000   0.949082
519.386000   0.966958
519.387000   0.985690
519.388000   1.004772
519.389000   1.023687
519.390000   1.041952
519.391000   1.059146
519.392000   1.074906
519.393000   1.088894
519.394000   1.100780
519.395000   1.110263
519.396000   1.117116
519.397000   1.121230
519.398000   1.122658
519.399000   1.121656
519.400000   1.118662
519.401000   1.114235
519.402000   1.108945
519.403000   1.103287
519.404000   1.097638
519.405000   1.092275
519.406000   1.087399
519.407000   1.083157
519.408000   1.079635
519.409000   1.076859
519.410000   1.074787
519.411000   1.073287
519.412000   1.072109
519.413000   1.070877
519.414000   1.069132
519.415000   1.066429
519.416000   1.062433
519.417000   1.056996
519.418000   1.050193
519.419000   1.042307
519.420000   1.033774
519.421000   1.025075
519.422000   1.016637
519.423000   1.008782
519.424000   1.001745
519.425000   0.995716
519.426000   0.990878
519.427000   0.987422
519.428000   0.985551
519.429000   0.985465
519.430000   0.987322
519.431000   0.991186
519.432000   0.996978
519.433000   1.004459
519.434000   1.013255
519.435000   1.022906
519.436000   1.032932
519.437000   1.042892
519.438000   1.052444
519.439000   1.061382
519.440000   1.069637
519.441000   1.077222
519.442000   1.084119
519.443000   1.090199
519.444000   1.095231
519.445000   1.098970
519.446000   1.101248
519.447000   1.102030
519.448000   1.101415
519.449000   1.099617
519.450000   1.096923
519.451000   1.093656
519.452000   1.090129
519.453000   1.086617
519.454000   1.083321
519.455000   1.080343
519.456000   1.077664
519.457000   1.075170
519.458000   1.072689
519.459000   1.070041
519.460000   1.067058
519.461000   1.063593
519.462000   1.059528
519.463000   1.054791
519.464000   1.049373
519.465000   1.043318
519.466000   1.036702
519.467000   1.029626
519.468000   1.022226
519.469000   1.014672
519.470000   1.007138
519.471000   0.999777
519.472000   0.992748
519.473000   0.986236
519.474000   0.980470
519.475000   0.975708
519.476000   0.972216
519.477000   0.970235
519.478000   0.969924
519.479000   0.971322
519.480000   0.974341
519.481000   0.978799
519.482000   0.984448
519.483000   0.991011
519.484000   0.998202
519.485000   1.005759
519.486000   1.013462
519.487000   1.021134
519.488000   1.028614
519.489000   1.035716
519.490000   1.042217
519.491000   1.047882
519.492000   1.052507
519.493000   1.055936
519.494000   1.058066
519.495000   1.058848
519.496000   1.058270
519.497000   1.056346
519.498000   1.053087
519.499000   1.048494
519.500000   1.042566
519.501000   1.035312
519.501000   1.035312
519.502000   1.026743
519.503000   1.016876
519.504000   1.005745
519.505000   0.993420
519.506000   0.980019
519.507000   0.965690
519.508000   0.950601
519.509000   0.934944
519.510000   0.918950
519.511000   0.902904
519.512000   0.887143
519.513000   0.872030
519.514000   0.857935
519.515000   0.845206
519.516000   0.834159
519.517000   0.825055
519.518000   0.818079
519.519000   0.813347
519.520000   0.810912
519.521000   0.810778
519.522000   0.812900
519.523000   0.817177
519.524000   0.823446
519.525000   0.831470
519.526000   0.840936
