516.635000   1.042704
516.636000   1.038077
516.637000   1.033717
516.638000   1.029520
516.639000   1.025407
516.640000   1.021323
516.641000   1.017204
516.642000   1.012945
516.643000   1.008359
516.644000   1.003188
516.645000   0.997168
516.646000   0.990106
516.647000   0.981959
516.648000   0.972849
516.649000   0.963035
516.650000   0.952845
516.651000   0.942582
516.652000   0.932457
516.653000   0.922544
516.654000   0.912819
516.655000   0.903234
516.656000   0.893758
516.657000   0.884383
516.658000   0.875150
516.659000   0.866198
516.660000   0.857758
516.661000   0.850088
516.662000   0.843378
516.663000   0.837695
516.664000   0.833000
516.665000   0.829227
516.666000   0.826369
516.667000   0.824482
516.668000   0.823616
516.669000   0.823783
516.670000   0.825007
516.671000   0.827371
516.672000   0.830983
516.673000   0.835918
516.674000   0.842200
516.675000   0.849828
516.676000   0.858825
516.677000   0.869267
516.678000   0.881265
516.679000   0.894880
516.680000   0.910066
516.681000   0.926689
516.682000   0.944544
516.683000   0.963332
516.684000   0.982655
516.685000   1.002037
516.686000   1.020971
516.687000   1.038989
516.688000   1.055736
516.689000   1.071003
516.690000   1.084691
516.691000   1.096706
516.692000   1.106933
516.693000   1.115291
516.694000   1.121792
516.695000   1.126564
516.696000   1.129830
516.697000   1.131892
516.698000   1.133115
516.699000   1.133900
516.700000   1.134642
516.701000   1.135665
516.702000   1.137137
516.703000   1.139041
516.704000   1.141202
516.705000   1.143378
516.706000   1.145330
516.707000   1.146865
516.708000   1.147837
516.709000   1.148137
516.710000   1.147656
516.711000   1.146274
516.712000   1.143876
516.713000   1.140398
516.714000   1.135865
516.715000   1.130404
516.716000   1.124247
516.717000   1.117730
516.718000   1.111273
516.719000   1.105326
516.720000   1.100297
516.721000   1.096498
516.722000   1.094142
516.723000   1.093361
516.724000   1.094242
516.725000   1.096831
516.726000   1.101113
516.727000   1.106985
516.728000   1.114238
516.729000   1.122544
516.730000   1.131450
516.731000   1.140394
516.732000   1.148749
516.733000   1.155892
516.734000   1.161289
516.735000   1.164562
516.736000   1.165521
516.737000   1.164144
516.738000   1.160511
516.739000   1.154750
516.740000   1.147035
516.741000   1.137618
516.742000   1.126844
516.743000   1.115127
516.744000   1.102912
516.745000   1.090630
516.746000   1.078664
516.747000   1.067331
516.748000   1.056849
516.749000   1.047299
516.750000   1.038585
516.751000   1.030442
516.752000   1.022511
516.753000   1.014433
516.754000   1.005913
516.755000   0.996739
516.756000   0.986793
516.757000   0.976055
516.758000   0.964604
516.759000   0.952629
516.760000   0.940435
516.761000   0.928406
516.762000   0.916929
516.763000   0.906342
516.764000   0.896954
516.765000   0.889075
516.766000   0.883004
516.767000   0.878982
516.768000   0.877149
516.769000   0.877516
516.770000   0.879975
516.771000   0.884318
516.772000   0.890238
516.773000   0.897309
516.774000   0.904976
516.775000   0.912631
516.776000   0.919694
516.777000   0.925670
516.778000   0.930148
516.779000   0.932797
516.780000   0.933391
516.781000   0.931846
516.782000   0.928271
516.783000   0.922993
516.784000   0.916529
516.785000   0.909472
516.786000   0.902409
516.787000   0.895893
516.788000   0.890464
516.789000   0.886622
516.790000   0.884788
516.791000   0.885262
516.792000   0.888205
516.793000   0.893659
516.794000   0.901570
516.795000   0.911808
516.796000   0.924119
516.797000   0.938038
516.798000   0.952901
516.799000   0.967970
516.800000   0.982556
516.801000   0.996084
516.802000   1.008120
516.803000   1.018374
516.804000   1.026699
516.805000   1.033080
516.806000   1.037616
516.807000   1.040498
516.808000   1.041966
516.809000   1.042267
516.810000   1.041681
516.811000   1.040572
516.812000   1.039401
516.813000   1.038664
516.814000   1.038824
516.815000   1.040239
516.816000   1.043137
516.817000   1.047637
516.818000   1.053788
516.819000   1.061587
516.820000   1.070952
516.821000   1.081714
516.822000   1.093682
516.823000   1.106705
516.824000   1.120658
516.825000   1.135371
516.826000   1.150574
516.827000   1.165918
516.828000   1.181064
516.829000   1.195780
516.830000   1.209973
516.831000   1.223653
516.832000   1.236865
516.833000   1.249643
516.834000   1.261992
516.835000   1.273865
516.836000   1.285135
516.837000   1.295609
516.838000   1.305085
516.839000   1.313411
516.840000   1.320540
516.841000   1.326537
516.842000   1.331501
516.843000   1.335438
516.844000   1.338174
516.845000   1.339395
516.846000   1.338750
516.847000   1.335958
516.848000   1.330882
516.849000   1.323573
516.850000   1.314283
516.851000   1.303460
516.852000   1.291694
516.853000   1.279617
516.854000   1.267747
516.855000   1.256400
516.856000   1.245752
516.857000   1.235928
516.858000   1.227052
516.859000   1.219232
516.860000   1.212544
516.861000   1.207018
516.862000   1.202643
516.863000   1.199362
516.864000   1.197057
516.865000   1.195501
516.866000   1.194320
516.867000   1.193042
516.868000   1.191220
516.869000   1.188531
516.870000   1.184804
516.871000   1.180000
516.872000   1.174178
516.873000   1.167458
516.874000   1.160010
516.875000   1.152067
516.876000   1.143925
516.877000   1.135924
516.878000   1.128388
516.879000   1.121612
516.880000   1.115854
516.881000   1.111330
516.882000   1.108186
516.883000   1.106455
516.884000   1.106049
516.885000   1.106771
516.886000   1.108350
516.887000   1.110483
516.888000   1.112855
516.889000   1.115144
516.890000   1.117006
516.891000   1.118107
516.892000   1.118175
516.893000   1.117038
516.894000   1.114624
516.895000   1.110943
516.896000   1.106081
516.897000   1.100195
516.898000   1.093504
516.899000   1.086277
516.900000   1.078825
516.901000   1.071461
516.902000   1.064428
516.903000   1.057836
516.904000   1.051669
516.905000   1.045845
516.906000   1.040273
516.907000   1.034863
516.908000   1.029521
516.909000   1.024151
516.910000   1.018670
516.911000   1.013034
516.912000   1.007270
516.913000   1.001490
516.914000   0.995860
516.915000   0.990513
516.916000   0.985482
516.917000   0.980759
516.918000   0.976405
516.919000   0.972574
516.920000   0.969476
516.921000   0.967304
516.922000   0.966175
516.923000   0.966125
516.924000   0.967138
516.925000   0.969206
516.926000   0.972349
516.927000   0.976561
516.928000   0.981722
516.929000   0.987610
516.930000   0.993973
516.931000   1.000566
516.932000   1.007136
516.933000   1.013421
516.934000   1.019166
516.935000   1.024163
516.936000   1.028271
516.937000   1.031432
516.938000   1.033651
516.939000   1.034952
516.940000   1.035347
516.941000   1.034840
516.942000   1.033478
516.943000   1.031390
516.944000   1.028780
516.945000   1.025906
516.946000   1.023043
516.947000   1.020461
516.948000   1.018406
516.949000   1.017078
516.950000   1.016606
516.951000   1.017012
516.952000   1.018173
516.953000   1.019848
516.954000   1.021759
516.955000   1.023690
516.956000   1.025539
516.957000   1.027307
516.958000   1.029055
516.959000   1.030867
516.960000   1.032831
516.961000   1.035047
516.962000   1.037653
516.963000   1.040817
516.964000   1.044703
516.965000   1.049456
516.966000   1.055210
516.967000   1.062069
516.968000   1.070071
516.969000   1.079153
516.970000   1.089142
516.971000   1.099783
516.972000   1.110808
516.973000   1.121988
516.974000   1.133149
516.975000   1.144103
516.976000   1.154581
516.977000   1.164255
516.978000   1.172830
516.979000   1.180076
516.980000   1.185829
516.981000   1.189989
516.982000   1.192536
516.983000   1.193535
516.984000   1.193136
516.985000   1.191567
516.986000   1.189105
516.987000   1.186028
516.988000   1.182551
516.989000   1.178786
516.990000   1.174750
516.991000   1.170388
516.992000   1.165618
516.993000   1.160352
516.994000   1.154529
516.995000   1.148138
516.996000   1.141229
516.997000   1.133890
516.998000   1.126182
516.999000   1.118108
517.000000   1.109652
517.001000   1.100856
517.001000   1.100856
517.002000   1.091865
517.003000   1.082923
517.004000   1.074343
517.005000   1.066463
517.006000   1.059611
517.007000   1.054054
517.008000   1.049961
517.009000   1.047404
517.010000   1.046368
517.011000   1.046774
517.012000   1.048495
517.013000   1.051393
517.014000   1.055339
517.015000   1.060209
517.016000   1.065835
517.017000   1.071966
517.018000   1.078262
517.019000   1.084349
517.020000   1.089895
517.021000   1.094687
517.022000   1.098642
517.023000   1.101763
517.024000   1.104080
517.025000   1.105663
517.026000   1.106633
517.027000   1.107132
517.028000   1.107273
517.029000   1.107118
517.030000   1.106672
517.031000   1.105901
517.032000   1.104778
517.033000   1.103315
517.034000   1.101561
517.035000   1.099530
517.036000   1.097120
517.037000   1.094118
517.038000   1.090282
517.039000   1.085419
517.040000   1.079424
517.041000   1.072298
517.042000   1.064155
517.043000   1.055208
517.044000   1.045744
517.045000   1.036082
517.046000   1.026517
517.047000   1.017256
517.048000   1.008353
517.049000   0.999731
517.050000   0.991291
517.051000   0.982988
517.052000   0.974837
517.053000   0.966881
517.054000   0.959156
517.055000   0.951672
517.056000   0.944428
517.057000   0.937459
517.058000   0.930858
517.059000   0.924742
517.060000   0.919153
517.061000   0.914053
517.062000   0.909411
517.063000   0.905266
517.064000   0.901702
517.065000   0.898789
517.066000   0.896562
517.067000   0.895044
517.068000   0.894295
517.069000   0.894434
517.070000   0.895602
517.071000   0.897888
517.072000   0.901304
517.073000   0.905831
517.074000   0.911428
517.075000   0.918017
517.076000   0.925470
517.077000   0.933621
517.078000   0.942303
517.079000   0.951381
517.080000   0.960773
517.081000   0.970418
517.082000   0.980186
517.083000   0.989805
517.084000   0.998904
517.085000   1.007114
517.086000   1.014150
517.087000   1.019857
517.088000   1.024218
517.089000   1.027333
517.090000   1.029399
517.091000   1.030683
517.092000   1.031474
517.093000   1.032024
517.094000   1.032496
517.095000   1.032983
517.096000   1.033568
517.097000   1.034357
517.098000   1.035479
517.099000   1.037063
517.100000   1.039237
517.101000   1.042128
517.102000   1.045869
517.103000   1.050570
517.104000   1.056253
517.105000   1.062776
517.106000   1.069850
517.107000   1.077151
517.108000   1.084439
517.109000   1.091600
517.110000   1.098619
517.111000   1.105540
517.112000   1.112416
517.113000   1.119279
517.114000   1.126139
517.115000   1.132989
517.116000   1.139806
517.117000   1.146538
517.118000   1.153113
517.119000   1.159485
517.120000   1.165652
517.121000   1.171635
517.122000   1.177425
517.123000   1.182951
517.124000   1.188075
517.125000   1.192632
517.126000   1.196492
517.127000   1.199575
517.128000   1.201823
517.129000   1.203182
517.130000   1.203654
517.131000   1.203341
517.132000   1.202402
517.133000   1.200974
517.134000   1.199129
517.135000   1.196870
517.136000   1.194178
517.137000   1.191065
517.138000   1.187616
517.139000   1.183989
517.140000   1.180363
517.141000   1.176885
517.142000   1.173649
517.143000   1.170693
517.144000   1.168008
517.145000   1.165549
517.146000   1.163258
517.147000   1.161095
517.148000   1.159075
517.149000   1.157311
517.150000   1.156003
517.151000   1.155361
517.152000   1.155503
517.153000   1.156446
517.154000   1.158181
517.155000   1.160731
517.156000   1.164163
517.157000   1.168565
517.158000   1.174023
517.159000   1.180603
517.160000   1.188328
517.161000   1.197142
517.162000   1.206891
517.163000   1.217293
517.164000   1.227944
517.165000   1.238364
517.166000   1.248080
517.167000   1.256672
517.168000   1.263775
517.169000   1.269073
517.170000   1.272282
517.171000   1.273145
517.172000   1.271462
517.173000   1.267131
517.174000   1.260186
517.175000   1.250797
517.176000   1.239242
517.177000   1.225883
517.178000   1.211141
517.179000   1.195461
517.180000   1.179268
517.181000   1.162938
517.182000   1.146783
517.183000   1.131074
517.184000   1.116061
517.185000   1.102004
517.186000   1.089166
517.187000   1.077777
517.188000   1.067976
517.189000   1.059765
517.190000   1.053044
517.191000   1.047658
517.192000   1.043436
517.193000   1.040210
517.194000   1.037826
517.195000   1.036157
517.196000   1.035117
517.197000   1.034654
517.198000   1.034731
517.199000   1.035272
517.200000   1.036130
517.201000   1.037097
517.202000   1.037963
517.203000   1.038571
517.204000   1.038843
517.205000   1.038772
517.206000   1.038424
517.207000   1.037918
517.208000   1.037414
517.209000   1.037071
517.210000   1.036984
517.211000   1.037135
517.212000   1.037405
517.213000   1.037659
517.214000   1.037819
517.215000   1.037895
517.216000   1.037973
517.217000   1.038187
517.218000   1.038665
517.219000   1.039478
517.220000   1.040591
517.221000   1.041842
517.222000   1.042967
517.223000   1.043668
517.224000   1.043702
517.225000   1.042928
517.226000   1.041326
517.227000   1.038983
517.228000   1.036041
517.229000   1.032651
517.230000   1.028929
517.231000   1.024945
517.232000   1.020726
517.233000   1.016281
517.234000   1.011634
517.235000   1.006869
517.236000   1.002139
517.237000   0.997644
517.238000   0.993583
517.239000   0.990105
517.240000   0.987290
517.241000   0.985171
517.242000   0.983767
517.243000   0.983118
517.244000   0.983300
517.245000   0.984419
517.246000   0.986590
517.247000   0.989898
517.248000   0.994378
517.249000   0.999995
517.250000   1.006658
517.251000   1.014243
517.252000   1.022633
517.253000   1.031734
517.254000   1.041474
517.255000   1.051773
517.256000   1.062500
517.257000   1.073436
517.258000   1.084278
517.259000   1.094675
517.260000   1.104278
517.261000   1.112776
517.262000   1.119926
517.263000   1.125556
517.264000   1.129573
517.265000   1.131957
517.266000   1.132749
517.267000   1.132016
517.268000   1.129828
517.269000   1.126223
517.270000   1.121217
517.271000   1.114823
517.272000   1.107096
517.273000   1.098153
517.274000   1.088181
517.275000   1.077429
517.276000   1.066189
517.277000   1.054766
517.278000   1.043443
517.279000   1.032449
517.280000   1.021944
517.281000   1.012052
517.282000   1.002917
517.283000   0.994735
517.284000   0.987741
517.285000   0.982174
517.286000   0.978237
517.287000   0.976061
517.288000   0.975709
517.289000   0.977185
517.290000   0.980432
517.291000   0.985323
517.292000   0.991673
517.293000   0.999294
517.294000   1.008045
517.295000   1.017833
517.296000   1.028584
517.297000   1.040186
517.298000   1.052457
517.299000   1.065138
517.300000   1.077909
517.301000   1.090432
517.302000   1.102377
517.303000   1.113462
517.304000   1.123475
517.305000   1.132283
517.306000   1.139790
517.307000   1.145886
517.308000   1.150415
517.309000   1.153175
517.310000   1.153953
517.311000   1.152591
517.312000   1.149051
517.313000   1.143457
517.314000   1.136099
517.315000   1.127367
517.316000   1.117667
517.317000   1.107365
517.318000   1.096776
517.319000   1.086169
517.320000   1.075772
517.321000   1.065792
517.322000   1.056441
517.323000   1.047953
517.324000   1.040585
517.325000   1.034576
517.326000   1.030091
517.327000   1.027153
517.328000   1.025649
517.329000   1.025360
517.330000   1.026008
517.331000   1.027290
517.332000   1.028903
517.333000   1.030572
517.334000   1.032072
517.335000   1.033253
517.336000   1.034037
517.337000   1.034396
517.338000   1.034305
517.339000   1.033724
517.340000   1.032623
517.341000   1.031021
517.342000   1.028995
517.343000   1.026677
517.344000   1.024245
517.345000   1.021914
517.346000   1.019937
517.347000   1.018587
517.348000   1.018122
517.349000   1.018750
517.350000   1.020602
517.351000   1.023715
517.352000   1.028045
517.353000   1.033471
517.354000   1.039821
517.355000   1.046895
517.356000   1.054500
517.357000   1.062466
517.358000   1.070639
517.359000   1.078869
517.360000   1.086976
517.361000   1.094725
517.362000   1.101820
517.363000   1.107936
517.364000   1.112776
517.365000   1.116131
517.366000   1.117905
517.367000   1.118123
517.368000   1.116908
517.369000   1.114448
517.370000   1.110967
517.371000   1.106703
517.372000   1.101889
517.373000   1.096747
517.374000   1.091481
517.375000   1.086282
517.376000   1.081337
517.377000   1.076841
517.378000   1.073006
517.379000   1.070055
517.380000   1.068221
517.381000   1.067728
517.382000   1.068771
517.383000   1.071474
517.384000   1.075850
517.385000   1.081774
517.386000   1.089008
517.387000   1.097273
517.388000   1.106325
517.389000   1.115996
517.390000   1.126195
517.391000   1.136871
517.392000   1.147970
517.393000   1.159385
517.394000   1.170935
517.395000   1.182350
517.396000   1.193286
517.397000   1.203347
517.398000   1.212129
517.399000   1.219262
517.400000   1.224436
517.401000   1.227398
517.402000   1.227946
517.403000   1.225917
517.404000   1.221188
517.405000   1.213685
517.406000   1.203416
517.407000   1.190487
517.408000   1.175127
517.409000   1.157706
517.410000   1.138725
517.411000   1.118785
517.412000   1.098515
517.413000   1.078490
517.414000   1.059167
517.415000   1.040849
517.416000   1.023706
517.417000   1.007823
517.418000   0.993264
517.419000   0.980120
517.420000   0.968516
517.421000   0.958580
517.422000   0.950402
517.423000   0.944006
517.424000   0.939330
517.425000   0.936241
517.426000   0.934548
517.427000   0.934043
517.428000   0.934541
517.429000   0.935926
517.430000   0.938169
517.431000   0.941317
517.432000   0.945451
517.433000   0.950635
517.434000   0.956883
517.435000   0.964150
517.436000   0.972316
517.437000   0.981190
517.438000   0.990520
517.439000   1.000015
517.440000   1.009365
517.441000   1.018271
517.442000   1.026467
517.443000   1.033728
517.444000   1.039855
517.445000   1.044645
517.446000   1.047886
517.447000   1.049384
517.448000   1.048997
517.449000   1.046661
517.450000   1.042392
517.451000   1.036284
517.452000   1.028494
517.453000   1.019211
517.454000   1.008628
517.455000   0.996918
517.456000   0.984229
517.457000   0.970691
517.458000   0.956439
517.459000   0.941641
517.460000   0.926521
517.461000   0.911358
517.462000   0.896466
517.463000   0.882160
517.464000   0.868733
517.465000   0.856448
517.466000   0.845554
517.467000   0.836299
517.468000   0.828934
517.469000   0.823698
517.470000   0.820785
517.471000   0.820332
517.472000   0.822430
517.473000   0.827128
517.474000   0.834428
517.475000   0.844262
517.476000   0.856479
517.477000   0.870843
517.478000   0.887038
517.479000   0.904695
517.480000   0.923410
517.481000   0.942751
517.482000   0.962260
517.483000   0.981467
517.484000   0.999925
517.485000   1.017242
517.486000   1.033109
517.487000   1.047329
517.488000   1.059839
517.489000   1.070722
517.490000   1.080173
517.491000   1.088418
517.492000   1.095624
517.493000   1.101893
517.494000   1.107317
517.495000   1.112021
517.496000   1.116158
517.497000   1.119860
517.498000   1.123197
517.499000   1.126152
517.500000   1.128631
517.501000   1.130500
517.501000   1.130500
517.502000   1.131615
517.503000   1.131814
517.504000   1.130925
517.505000   1.128786
517.506000   1.125292
517.507000   1.120408
517.508000   1.114168
517.509000   1.106679
517.510000   1.098120
517.511000   1.088739
517.512000   1.078812
517.513000   1.068579
517.514000   1.058211
517.515000   1.047843
517.516000   1.037644
517.517000   1.027827
517.518000   1.018622
517.519000   1.010236
517.520000   1.002832
517.521000   0.996534
517.522000   0.991452
517.523000   0.987688
517.524000   0.985330
517.525000   0.984431
517.526000   0.985032
517.527000   0.987181
517.528000   0.990927
517.529000   0.996320
517.530000   1.003392
517.531000   1.012152
517.532000   1.022577
517.533000   1.034580
517.534000   1.047972
517.535000   1.062451
517.536000   1.077648
517.537000   1.093196
517.538000   1.108740
517.539000   1.123922
517.540000   1.138343
517.541000   1.151536
517.542000   1.162986
517.543000   1.172167
517.544000   1.178596
517.545000   1.181871
517.546000   1.181711
517.547000   1.178005
517.548000   1.170856
517.549000   1.160564
517.550000   1.147569
517.551000   1.132386
517.552000   1.115560
517.553000   1.097657
517.554000   1.079245
517.555000   1.060859
517.556000   1.042939
517.557000   1.025834
517.558000   1.009862
517.559000   0.995350
517.560000   0.982604
517.561000   0.971855
517.562000   0.963229
517.563000   0.956749
517.564000   0.952366
517.565000   0.950006
517.566000   0.949593
517.567000   0.951050
517.568000   0.954287
517.569000   0.959187
517.570000   0.965575
517.571000   0.973209
517.572000   0.981799
517.573000   0.991058
517.574000   1.000769
517.575000   1.010845
517.576000   1.021312
517.577000   1.032211
517.578000   1.043489
517.579000   1.054989
517.580000   1.066521
517.581000   1.077931
517.582000   1.089123
517.583000   1.100087
517.584000   1.110904
517.585000   1.121749
517.586000   1.132862
517.587000   1.144469
517.588000   1.156660
517.589000   1.169306
517.590000   1.182098
517.591000   1.194645
517.592000   1.206563
517.593000   1.217515
517.594000   1.227232
517.595000   1.235523
517.596000   1.242282
517.597000   1.247486
517.598000   1.251170
517.599000   1.253363
517.600000   1.254041
517.601000   1.253172
517.602000   1.250808
517.603000   1.247136
517.604000   1.242460
517.605000   1.237137
517.606000   1.231511
517.607000   1.225868
517.608000   1.220397
517.609000   1.215185
517.610000   1.210222
517.611000   1.205435
517.612000   1.200739
517.613000   1.196077
517.614000   1.191429
517.615000   1.186818
517.616000   1.182290
517.617000   1.177914
517.618000   1.173775
517.619000   1.169984
517.620000   1.166664
517.621000   1.163925
517.622000   1.161813
517.623000   1.160322
517.624000   1.159451
517.625000   1.159259
517.626000   1.159891
517.627000   1.161554
517.628000   1.164478
517.629000   1.168882
517.630000   1.174922
517.631000   1.182653
517.632000   1.191969
517.633000   1.202587
517.634000   1.214097
517.635000   1.226045
517.636000   1.237985
517.637000   1.249485
517.638000   1.260097
517.639000   1.269346
517.640000   1.276743
517.641000   1.281837
517.642000   1.284268
517.643000   1.283793
517.644000   1.280293
517.645000   1.273767
517.646000   1.264325
517.647000   1.252178
517.648000   1.237614
517.649000   1.221003
517.650000   1.202807
517.651000   1.183588
517.652000   1.163995
517.653000   1.144711
517.654000   1.126365
517.655000   1.109447
517.656000   1.094269
517.657000   1.080960
517.658000   1.069485
517.659000   1.059663
517.660000   1.051197
517.661000   1.043719
517.662000   1.036852
517.663000   1.030273
517.664000   1.023718
517.665000   1.016952
517.666000   1.009736
517.667000   1.001847
517.668000   0.993139
517.669000   0.983592
517.670000   0.973334
517.671000   0.962649
517.672000   0.951963
517.673000   0.941804
517.674000   0.932737
517.675000   0.925266
517.676000   0.919749
517.677000   0.916365
517.678000   0.915137
517.679000   0.915983
517.680000   0.918739
517.681000   0.923171
517.682000   0.928976
517.683000   0.935793
517.684000   0.943219
517.685000   0.950807
517.686000   0.958042
517.687000   0.964336
517.688000   0.969072
517.689000   0.971709
517.690000   0.971883
517.691000   0.969462
517.692000   0.964558
517.693000   0.957495
517.694000   0.948758
517.695000   0.938910
517.696000   0.928518
517.697000   0.918095
517.698000   0.908056
517.699000   0.898711
517.700000   0.890278
517.701000   0.882899
517.702000   0.876644
517.703000   0.871513
517.704000   0.867450
517.705000   0.864379
517.706000   0.862237
517.707000   0.860977
517.708000   0.860554
517.709000   0.860898
517.710000   0.861925
517.711000   0.863576
517.712000   0.865868
517.713000   0.868908
517.714000   0.872880
517.715000   0.877999
517.716000   0.884470
517.717000   0.892453
517.718000   0.902042
517.719000   0.913241
517.720000   0.925976
517.721000   0.940121
517.722000   0.955526
517.723000   0.972012
517.724000   0.989346
517.725000   1.007224
517.726000   1.025285
517.727000   1.043152
517.728000   1.060472
517.729000   1.076936
517.730000   1.092285
517.731000   1.106319
517.732000   1.118909
517.733000   1.129994
517.734000   1.139570
517.735000   1.147682
517.736000   1.154436
517.737000   1.160003
517.738000   1.164614
517.739000   1.168537
517.740000   1.172049
517.741000   1.175410
517.742000   1.178845
517.743000   1.182514
517.744000   1.186497
517.745000   1.190779
517.746000   1.195255
517.747000   1.199744
517.748000   1.204023
517.749000   1.207858
517.750000   1.211038
517.751000   1.213374
517.752000   1.214688
517.753000   1.214789
517.754000   1.213464
517.755000   1.210502
517.756000   1.205751
517.757000   1.199180
517.758000   1.190915
517.759000   1.181256
517.760000   1.170635
517.761000   1.159566
517.762000   1.148572
517.763000   1.138142
517.764000   1.128713
517.765000   1.120677
517.766000   1.114394
517.767000   1.110183
517.768000   1.108302
517.769000   1.108927
517.770000   1.112138
517.771000   1.117891
517.772000   1.126013
517.773000   1.136206
517.774000   1.148098
517.775000   1.161298
517.776000   1.175437
517.777000   1.190175
517.778000   1.205173
517.779000   1.220057
517.780000   1.234393
517.781000   1.247687
517.782000   1.259427
517.783000   1.269148
517.784000   1.276507
517.785000   1.281333
517.786000   1.283643
517.787000   1.283617
517.788000   1.281545
517.789000   1.277772
517.790000   1.272628
517.791000   1.266384
517.792000   1.259216
517.793000   1.251222
517.794000   1.242453
517.795000   1.232958
517.796000   1.222815
517.797000   1.212144
517.798000   1.201115
517.799000   1.189935
517.800000   1.178814
517.801000   1.167919
517.802000   1.157323
517.803000   1.147007
517.804000   1.136914
517.805000   1.127023
517.806000   1.117390
517.807000   1.108137
517.808000   1.099408
517.809000   1.091312
517.810000   1.083879
517.811000   1.077069
517.812000   1.070798
517.813000   1.064963
517.814000   1.059434
517.815000   1.054058
517.816000   1.048690
517.817000   1.043246
517.818000   1.037728
517.819000   1.032223
517.820000   1.026874
517.821000   1.021865
517.822000   1.017406
517.823000   1.013716
517.824000   1.010968
517.825000   1.009240
517.826000   1.008533
517.827000   1.008857
517.828000   1.010289
517.829000   1.012950
517.830000   1.016935
517.831000   1.022254
517.832000   1.028814
517.833000   1.036416
517.834000   1.044786
517.835000   1.053618
517.836000   1.062611
517.837000   1.071477
517.838000   1.079944
517.839000   1.087744
517.840000   1.094611
517.841000   1.100291
517.842000   1.104567
517.843000   1.107277
517.844000   1.108357
517.845000   1.107864
517.846000   1.105979
517.847000   1.102946
517.848000   1.098993
517.849000   1.094297
517.850000   1.089034
517.851000   1.083427
517.852000   1.077743
517.853000   1.072252
517.854000   1.067183
517.855000   1.062704
517.856000   1.058937
517.857000   1.055974
517.858000   1.053879
517.859000   1.052647
517.860000   1.052141
517.861000   1.052107
517.862000   1.052286
517.863000   1.052488
517.864000   1.052602
517.865000   1.052539
517.866000   1.052185
517.867000   1.051372
517.868000   1.049893
517.869000   1.047560
517.870000   1.044262
517.871000   1.039955
517.872000   1.034634
517.873000   1.028374
517.874000   1.021372
517.875000   1.013918
517.876000   1.006311
517.877000   0.998786
517.878000   0.991484
517.879000   0.984490
517.880000   0.977928
517.881000   0.972040
517.882000   0.967152
517.883000   0.963507
517.884000   0.961155
517.885000   0.960008
517.886000   0.959931
517.887000   0.960744
517.888000   0.962212
517.889000   0.964062
517.890000   0.966034
517.891000   0.967940
517.892000   0.969696
517.893000   0.971294
517.894000   0.972722
517.895000   0.973896
517.896000   0.974706
517.897000   0.975084
517.898000   0.975021
517.899000   0.974546
517.900000   0.973719
517.901000   0.972632
517.902000   0.971425
517.903000   0.970305
517.904000   0.969544
517.905000   0.969396
517.906000   0.969981
517.907000   0.971283
517.908000   0.973234
517.909000   0.975774
517.910000   0.978855
517.911000   0.982421
517.912000   0.986420
517.913000   0.990829
517.914000   0.995691
517.915000   1.001111
517.916000   1.007199
517.917000   1.013976
517.918000   1.021350
517.919000   1.029180
517.920000   1.037332
517.921000   1.045702
517.922000   1.054211
517.923000   1.062799
517.924000   1.071431
517.925000   1.080091
517.926000   1.088780
517.927000   1.097478
517.928000   1.106073
517.929000   1.114316
517.930000   1.121889
517.931000   1.128550
517.932000   1.134223
517.933000   1.138994
517.934000   1.143055
517.935000   1.146622
517.936000   1.149868
517.937000   1.152891
517.938000   1.155715
517.939000   1.158305
517.940000   1.160578
517.941000   1.162449
517.942000   1.163898
517.943000   1.165006
517.944000   1.165912
517.945000   1.166733
517.946000   1.167496
517.947000   1.168133
517.948000   1.168535
517.949000   1.168634
517.950000   1.168454
517.951000   1.168089
517.952000   1.167619
517.953000   1.167079
517.954000   1.166483
517.955000   1.165836
517.956000   1.165122
517.957000   1.164297
517.958000   1.163305
517.959000   1.162125
517.960000   1.160822
517.961000   1.159576
517.962000   1.158675
517.963000   1.158440
517.964000   1.159124
517.965000   1.160849
517.966000   1.163607
517.967000   1.167289
517.968000   1.171729
517.969000   1.176754
517.970000   1.182226
517.971000   1.188069
517.972000   1.194286
517.973000   1.200928
517.974000   1.208027
517.975000   1.215514
517.976000   1.223220
517.977000   1.230954
517.978000   1.238597
517.979000   1.246115
517.980000   1.253522
517.981000   1.260837
517.982000   1.268061
517.983000   1.275169
517.984000   1.282124
517.985000   1.288895
517.986000   1.295467
517.987000   1.301791
517.988000   1.307729
517.989000   1.313058
517.990000   1.317557
517.991000   1.321059
517.992000   1.323461
517.993000   1.324712
517.994000   1.324784
517.995000   1.323677
517.996000   1.321433
517.997000   1.318171
517.998000   1.314064
517.999000   1.309258
518.000000   1.303810
518.001000   1.297745
518.001000   1.297745
518.002000   1.291154
518.003000   1.284224
518.004000   1.277174
518.005000   1.270188
518.006000   1.263358
518.007000   1.256676
518.008000   1.250060
518.009000   1.243402
518.010000   1.236606
518.011000   1.229574
518.012000   1.222158
518.013000   1.214200
518.014000   1.205606
518.015000   1.196375
518.016000   1.186564
518.017000   1.176241
518.018000   1.165458
518.019000   1.154261
518.020000   1.142719
518.021000   1.130958
518.022000   1.119166
518.023000   1.107553
518.024000   1.096287
518.025000   1.085488
518.026000   1.075247
518.027000   1.065618
518.028000   1.056600
518.029000   1.048115
518.030000   1.040011
518.031000   1.032092
518.032000   1.024180
518.033000   1.016158
518.034000   1.007959
518.035000   0.999476
518.036000   0.990523
518.037000   0.980936
518.038000   0.970661
518.039000   0.959762
518.040000   0.948391
518.041000   0.936729
518.042000   0.924959
518.043000   0.913260
518.044000   0.901831
518.045000   0.890911
518.046000   0.880738
518.047000   0.871504
518.048000   0.863372
518.049000   0.856506
518.050000   0.851034
518.051000   0.846998
518.052000   0.844321
518.053000   0.842828
518.054000   0.842334
518.055000   0.842747
518.056000   0.844092
518.057000   0.846399
518.058000   0.849569
518.059000   0.853414
518.060000   0.857766
518.061000   0.862502
518.062000   0.867523
518.063000   0.872733
518.064000   0.878062
518.065000   0.883500
518.066000   0.889125
518.067000   0.895083
518.068000   0.901515
518.069000   0.908475
518.070000   0.915922
518.071000   0.923753
518.072000   0.931832
518.073000   0.940002
518.074000   0.948099
518.075000   0.955980
518.076000   0.963562
518.077000   0.970860
518.078000   0.977988
518.079000   0.985087
518.080000   0.992187
518.081000   0.999135
518.082000   1.005662
518.083000   1.011502
518.084000   1.016452
518.085000   1.020366
518.086000   1.023136
518.087000   1.024687
518.088000   1.024982
518.089000   1.024038
518.090000   1.021945
518.091000   1.018857
518.092000   1.014943
518.093000   1.010337
518.094000   1.005164
518.095000   0.999574
518.096000   0.993736
518.097000   0.987818
518.098000   0.981974
518.099000   0.976334
518.100000   0.971035
518.101000   0.966266
518.102000   0.962298
518.103000   0.959401
518.104000   0.957671
518.105000   0.956970
518.106000   0.957094
518.107000   0.957911
518.108000   0.959366
518.109000   0.961430
518.110000   0.964063
518.111000   0.967210
518.112000   0.970812
518.113000   0.974840
518.114000   0.979313
518.115000   0.984281
518.116000   0.989741
518.117000   0.995628
518.118000   1.001885
518.119000   1.008483
518.120000   1.015395
518.121000   1.022558
518.122000   1.029856
518.123000   1.037149
518.124000   1.044326
518.125000   1.051364
518.126000   1.058324
518.127000   1.065235
518.128000   1.071968
518.129000   1.078252
518.130000   1.083805
518.131000   1.088436
518.132000   1.092058
518.133000   1.094685
518.134000   1.096412
518.135000   1.097409
518.136000   1.097898
518.137000   1.098137
518.138000   1.098354
518.139000   1.098639
518.140000   1.098901
518.141000   1.098942
518.142000   1.098573
518.143000   1.097676
518.144000   1.096194
518.145000   1.094118
518.146000   1.091463
518.147000   1.088259
518.148000   1.084548
518.149000   1.080351
518.150000   1.075600
518.151000   1.070121
518.152000   1.063745
518.153000   1.056429
518.154000   1.048278
518.155000   1.039491
518.156000   1.030282
518.157000   1.020826
518.158000   1.011254
518.159000   1.001698
518.160000   0.992336
518.161000   0.983387
518.162000   0.975045
518.163000   0.967448
518.164000   0.960709
518.165000   0.954929
518.166000   0.950173
518.167000   0.946456
518.168000   0.943757
518.169000   0.942071
518.170000   0.941457
518.171000   0.942013
518.172000   0.943740
518.173000   0.946445
518.174000   0.949838
518.175000   0.953642
518.176000   0.957609
518.177000   0.961486
518.178000   0.965011
518.179000   0.967945
518.180000   0.970121
518.181000   0.971483
518.182000   0.972081
518.183000   0.972005
518.184000   0.971309
518.185000   0.970030
518.186000   0.968237
518.187000   0.966057
518.188000   0.963672
518.189000   0.961317
518.190000   0.959276
518.191000   0.957888
518.192000   0.957534
518.193000   0.958552
518.194000   0.961070
518.195000   0.964919
518.196000   0.969771
518.197000   0.975286
518.198000   0.981165
518.199000   0.987150
518.200000   0.993015
518.201000   0.998577
518.202000   1.003713
518.203000   1.008365
518.204000   1.012521
518.205000   1.016165
518.206000   1.019237
518.207000   1.021671
518.208000   1.023486
518.209000   1.024825
518.210000   1.025937
518.211000   1.027115
518.212000   1.028643
518.213000   1.030746
518.214000   1.033575
518.215000   1.037193
518.216000   1.041542
518.217000   1.046383
518.218000   1.051380
518.219000   1.056245
518.220000   1.060801
518.221000   1.064949
518.222000   1.068618
518.223000   1.071712
518.224000   1.074082
518.225000   1.075552
518.226000   1.075981
518.227000   1.075325
518.228000   1.073636
518.229000   1.071035
518.230000   1.067737
518.231000   1.064065
518.232000   1.060404
518.233000   1.057098
518.234000   1.054350
518.235000   1.052214
518.236000   1.050647
518.237000   1.049616
518.238000   1.049182
518.239000   1.049513
518.240000   1.050788
518.241000   1.053040
518.242000   1.056126
518.243000   1.059809
518.244000   1.063792
518.245000   1.067709
518.246000   1.071141
518.247000   1.073678
518.248000   1.074991
518.249000   1.074909
518.250000   1.073470
518.251000   1.070918
518.252000   1.067601
518.253000   1.063806
518.254000   1.059717
518.255000   1.055506
518.256000   1.051407
518.257000   1.047732
518.258000   1.044831
518.259000   1.043049
518.260000   1.042700
518.261000   1.044054
518.262000   1.047317
518.263000   1.052588
518.264000   1.059741
518.265000   1.068367
518.266000   1.077905
518.267000   1.087841
518.268000   1.097801
518.269000   1.107547
518.270000   1.116931
518.271000   1.125855
518.272000   1.134222
518.273000   1.141911
518.274000   1.148795
518.275000   1.154767
518.276000   1.159735
518.277000   1.163606
518.278000   1.166338
518.279000   1.168007
518.280000   1.168811
518.281000   1.169008
518.282000   1.168821
518.283000   1.168394
518.284000   1.167811
518.285000   1.167141
518.286000   1.166454
518.287000   1.165727
518.288000   1.164748
518.289000   1.163177
518.290000   1.160707
518.291000   1.157145
518.292000   1.152402
518.293000   1.146464
518.294000   1.139391
518.295000   1.131322
518.296000   1.122476
518.297000   1.113157
518.298000   1.103717
518.299000   1.094492
518.300000   1.085735
518.301000   1.077622
518.302000   1.070275
518.303000   1.063770
518.304000   1.058150
518.305000   1.053419
518.306000   1.049567
518.307000   1.046604
518.308000   1.044604
518.309000   1.043695
518.310000   1.043936
518.311000   1.045193
518.312000   1.047176
518.313000   1.049577
518.314000   1.052154
518.315000   1.054751
518.316000   1.057305
518.317000   1.059858
518.318000   1.062583
518.319000   1.065779
518.320000   1.069773
518.321000   1.074747
518.322000   1.080608
518.323000   1.087069
518.324000   1.093849
518.325000   1.100766
518.326000   1.107755
518.327000   1.114839
518.328000   1.122101
518.329000   1.129661
518.330000   1.137653
518.331000   1.146181
518.332000   1.155204
518.333000   1.164433
518.334000   1.173420
518.335000   1.181781
518.336000   1.189314
518.337000   1.195997
518.338000   1.201919
518.339000   1.207187
518.340000   1.211837
518.341000   1.215794
518.342000   1.218918
518.343000   1.221057
518.344000   1.222044
518.345000   1.221755
518.346000   1.220230
518.347000   1.217715
518.348000   1.214604
518.349000   1.211311
518.350000   1.208166
518.351000   1.205385
518.352000   1.203127
518.353000   1.201594
518.354000   1.201067
518.355000   1.201808
518.356000   1.203889
518.357000   1.207175
518.358000   1.211445
518.359000   1.216436
518.360000   1.221791
518.361000   1.227044
518.362000   1.231681
518.363000   1.235252
518.364000   1.237449
518.365000   1.238132
518.366000   1.237273
518.367000   1.234872
518.368000   1.230933
518.369000   1.225502
518.370000   1.218670
518.371000   1.210572
518.372000   1.201388
518.373000   1.191349
518.374000   1.180754
518.375000   1.169993
518.376000   1.159556
518.377000   1.149990
518.378000   1.141737
518.379000   1.134979
518.380000   1.129664
518.381000   1.125659
518.382000   1.122845
518.383000   1.121130
518.384000   1.120423
518.385000   1.120617
518.386000   1.121594
518.387000   1.123246
518.388000   1.125462
518.389000   1.128058
518.390000   1.130710
518.391000   1.133000
518.392000   1.134564
518.393000   1.135196
518.394000   1.134871
518.395000   1.133713
518.396000   1.131965
518.397000   1.129946
518.398000   1.128015
518.399000   1.126517
518.400000   1.125725
518.401000   1.125756
518.402000   1.126555
518.403000   1.127985
518.404000   1.129929
518.405000   1.132328
518.406000   1.135177
518.407000   1.138489
518.408000   1.142253
518.409000   1.146401
518.410000   1.150803
518.411000   1.155294
518.412000   1.159708
518.413000   1.163914
518.414000   1.167860
518.415000   1.171595
518.416000   1.175227
518.417000   1.178847
518.418000   1.182450
518.419000   1.185918
518.420000   1.189069
518.421000   1.191748
518.422000   1.193887
518.423000   1.195505
518.424000   1.196652
518.425000   1.197380
518.426000   1.197733
518.427000   1.197748
518.428000   1.197398
518.429000   1.196559
518.430000   1.195030
518.431000   1.192602
518.432000   1.189132
518.433000   1.184599
518.434000   1.179120
518.435000   1.172935
518.436000   1.166337
518.437000   1.159594
518.438000   1.152892
518.439000   1.146337
518.440000   1.140003
518.441000   1.133986
518.442000   1.128437
518.443000   1.123566
518.444000   1.119639
518.445000   1.116966
518.446000   1.115860
518.447000   1.116557
518.448000   1.119106
518.449000   1.123329
518.450000   1.128915
518.451000   1.135538
518.452000   1.142923
518.453000   1.150843
518.454000   1.159094
518.455000   1.167476
518.456000   1.175761
518.457000   1.183670
518.458000   1.190887
518.459000   1.197124
518.460000   1.202174
518.461000   1.205910
518.462000   1.208295
518.463000   1.209430
518.464000   1.209569
518.465000   1.209072
518.466000   1.208317
518.467000   1.207619
518.468000   1.207229
518.469000   1.207358
518.470000   1.208200
518.471000   1.209868
518.472000   1.212307
518.473000   1.215303
518.474000   1.218627
518.475000   1.222135
518.476000   1.225753
518.477000   1.229404
518.478000   1.232947
518.479000   1.236161
518.480000   1.238773
518.481000   1.240501
518.482000   1.241112
518.483000   1.240467
518.484000   1.238508
518.485000   1.235191
518.486000   1.230429
518.487000   1.224127
518.488000   1.216250
518.489000   1.206871
518.490000   1.196156
518.491000   1.184336
518.492000   1.171700
518.493000   1.158602
518.494000   1.145484
518.495000   1.132863
518.496000   1.121267
518.497000   1.111139
518.498000   1.102755
518.499000   1.096244
518.500000   1.091610
518.501000   1.088743
518.501000   1.088743
518.502000   1.087417
518.503000   1.087298
518.504000   1.087970
518.505000   1.088962
518.506000   1.089805
518.507000   1.090103
518.508000   1.089561
518.509000   1.087903
518.510000   1.084814
518.511000   1.080026
518.512000   1.073437
518.513000   1.065112
518.514000   1.055204
518.515000   1.043891
518.516000   1.031362
518.517000   1.017873
518.518000   1.003777
518.519000   0.989523
518.520000   0.975584
518.521000   0.962360
518.522000   0.950135
518.523000   0.939086
518.524000   0.929278
518.525000   0.920665
518.526000   0.913117
518.527000   0.906484
518.528000   0.900654
518.529000   0.895596
518.530000   0.891369
518.531000   0.888077
518.532000   0.885746
518.533000   0.884194
518.534000   0.883023
518.535000   0.881766
518.536000   0.880050
518.537000   0.877704
518.538000   0.874785
518.539000   0.871536
518.540000   0.868312
518.541000   0.865483
518.542000   0.863345
518.543000   0.862067
518.544000   0.861679
518.545000   0.862125
518.546000   0.863329
518.547000   0.865259
518.548000   0.867937
518.549000   0.871421
518.550000   0.875772
518.551000   0.881038
518.552000   0.887244
518.553000   0.894415
518.554000   0.902561
518.555000   0.911599
518.556000   0.921258
518.557000   0.931157
518.558000   0.940984
518.559000   0.950595
518.560000   0.959968
518.561000   0.969105
518.562000   0.977943
518.563000   0.986342
518.564000   0.994144
518.565000   1.001240
518.566000   1.007593
518.567000   1.013226
518.568000   1.018230
518.569000   1.022770
518.570000   1.027053
518.571000   1.031256
518.572000   1.035458
518.573000   1.039630
518.574000   1.043681
518.575000   1.047525
518.576000   1.051130
518.577000   1.054500
518.578000   1.057582
518.579000   1.060230
518.580000   1.062300
518.581000   1.063722
518.582000   1.064486
518.583000   1.064605
518.584000   1.064108
518.585000   1.063042
518.586000   1.061502
518.587000   1.059658
518.588000   1.057773
518.589000   1.056154
518.590000   1.055054
518.591000   1.054620
518.592000   1.054932
518.593000   1.056058
518.594000   1.058067
518.595000   1.061016
518.596000   1.064945
518.597000   1.069884
518.598000   1.075881
518.599000   1.083001
518.600000   1.091267
518.601000   1.100555
518.602000   1.110574
518.603000   1.120991
518.604000   1.131537
518.605000   1.142049
518.606000   1.152451
518.607000   1.162720
518.608000   1.172856
518.609000   1.182836
518.610000   1.192575
518.611000   1.201949
518.612000   1.210866
518.613000   1.219303
518.614000   1.227288
518.615000   1.234888
518.616000   1.242248
518.617000   1.249598
518.618000   1.257208
518.619000   1.265298
518.620000   1.273974
518.621000   1.283222
518.622000   1.292952
518.623000   1.303063
518.624000   1.313483
518.625000   1.324168
518.626000   1.335043
518.627000   1.345946
518.628000   1.356632
518.629000   1.366800
518.630000   1.376095
518.631000   1.384155
518.632000   1.390667
518.633000   1.395427
518.634000   1.398369
518.635000   1.399565
518.636000   1.399217
518.637000   1.397632
518.638000   1.395160
518.639000   1.392125
518.640000   1.388779
518.641000   1.385309
518.642000   1.381910
518.643000   1.378829
518.644000   1.376353
518.645000   1.374747
518.646000   1.374176
518.647000   1.374635
518.648000   1.375897
518.649000   1.377530
518.650000   1.378999
518.651000   1.379791
518.652000   1.379507
518.653000   1.377867
518.654000   1.374698
518.655000   1.369952
518.656000   1.363698
518.657000   1.356081
518.658000   1.347244
518.659000   1.337311
518.660000   1.326446
518.661000   1.314942
518.662000   1.303269
518.663000   1.292064
518.664000   1.282031
518.665000   1.273781
518.666000   1.267681
518.667000   1.263842
518.668000   1.262164
518.669000   1.262386
518.670000   1.264123
518.671000   1.266910
518.672000   1.270241
518.673000   1.273606
518.674000   1.276552
518.675000   1.278726
518.676000   1.279856
518.677000   1.279662
518.678000   1.277801
518.679000   1.273954
518.680000   1.267950
518.681000   1.259838
518.682000   1.249888
518.683000   1.238546
518.684000   1.226397
518.685000   1.214115
518.686000   1.202401
518.687000   1.191890
518.688000   1.183045
518.689000   1.176092
518.690000   1.171068
518.691000   1.167924
518.692000   1.166561
518.693000   1.166836
518.694000   1.168555
518.695000   1.171491
518.696000   1.175375
518.697000   1.179916
518.698000   1.184812
518.699000   1.189731
518.700000   1.194253
518.701000   1.197928
518.702000   1.200432
518.703000   1.201648
518.704000   1.201651
518.705000   1.200607
518.706000   1.198683
518.707000   1.196025
518.708000   1.192803
518.709000   1.189248
518.710000   1.185619
518.711000   1.182141
518.712000   1.179006
518.713000   1.176423
518.714000   1.174606
518.715000   1.173683
518.716000   1.173610
518.717000   1.174156
518.718000   1.174969
518.719000   1.175687
518.720000   1.176035
518.721000   1.175848
518.722000   1.174998
518.723000   1.173356
518.724000   1.170824
518.725000   1.167348
518.726000   1.162886
518.727000   1.157420
518.728000   1.151003
518.729000   1.143805
518.730000   1.136144
518.731000   1.128498
518.732000   1.121464
518.733000   1.115655
518.734000   1.111523
518.735000   1.109274
518.736000   1.108907
518.737000   1.110299
518.738000   1.113256
518.739000   1.117541
518.740000   1.122893
518.741000   1.129069
518.742000   1.135886
518.743000   1.143236
518.744000   1.151011
518.745000   1.158970
518.746000   1.166722
518.747000   1.173864
518.748000   1.180153
518.749000   1.185568
518.750000   1.190294
518.751000   1.194670
518.752000   1.199120
518.753000   1.204065
518.754000   1.209856
518.755000   1.216748
518.756000   1.224906
518.757000   1.234349
518.758000   1.244938
518.759000   1.256425
518.760000   1.268521
518.761000   1.280921
518.762000   1.293291
518.763000   1.305217
518.764000   1.316168
518.765000   1.325547
518.766000   1.332808
518.767000   1.337578
518.768000   1.339688
518.769000   1.339159
518.770000   1.336199
518.771000   1.331203
518.772000   1.324681
518.773000   1.317148
518.774000   1.309069
518.775000   1.300902
518.776000   1.293110
518.777000   1.286146
518.778000   1.280414
518.779000   1.276241
518.780000   1.273849
518.781000   1.273339
518.782000   1.274658
518.783000   1.277594
518.784000   1.281776
518.785000   1.286719
518.786000   1.291853
518.787000   1.296568
518.788000   1.300261
518.789000   1.302421
518.790000   1.302707
518.791000   1.300972
518.792000   1.297154
518.793000   1.291153
518.794000   1.282841
518.795000   1.272207
518.796000   1.259470
518.797000   1.245083
518.798000   1.229663
518.799000   1.213908
518.800000   1.198515
518.801000   1.184099
518.802000   1.171142
518.803000   1.160014
518.804000   1.150992
518.805000   1.144201
518.806000   1.139549
518.807000   1.136803
518.808000   1.135707
518.809000   1.136038
518.810000   1.137586
518.811000   1.140091
518.812000   1.143184
518.813000   1.146403
518.814000   1.149314
518.815000   1.151599
518.816000   1.153056
518.817000   1.153526
518.818000   1.152915
518.819000   1.151275
518.820000   1.148805
518.821000   1.145730
518.822000   1.142174
518.823000   1.138162
518.824000   1.133714
518.825000   1.128927
518.826000   1.124005
518.827000   1.119223
518.828000   1.114823
518.829000   1.110920
518.830000   1.107480
518.831000   1.104336
518.832000   1.101218
518.833000   1.097836
518.834000   1.093987
518.835000   1.089628
518.836000   1.084911
518.837000   1.080172
518.838000   1.075849
518.839000   1.072348
518.840000   1.069929
518.841000   1.068647
518.842000   1.068377
518.843000   1.068909
518.844000   1.070055
518.845000   1.071697
518.846000   1.073788
518.847000   1.076342
518.848000   1.079427
518.849000   1.083113
518.850000   1.087348
518.851000   1.091830
518.852000   1.096041
518.853000   1.099412
518.854000   1.101470
518.855000   1.101891
518.856000   1.100503
518.857000   1.097298
518.858000   1.092437
518.859000   1.086225
518.860000   1.079021
518.861000   1.071093
518.862000   1.062543
518.863000   1.053366
518.864000   1.043573
518.865000   1.033286
518.866000   1.022758
518.867000   1.012352
518.868000   1.002500
518.869000   0.993629
518.870000   0.986076
518.871000   0.980033
518.872000   0.975523
518.873000   0.972399
518.874000   0.970353
518.875000   0.969046
518.876000   0.968239
518.877000   0.967852
518.878000   0.967930
518.879000   0.968545
518.880000   0.969676
518.881000   0.971166
518.882000   0.972776
518.883000   0.974287
518.884000   0.975543
518.885000   0.976463
518.886000   0.977077
518.887000   0.977579
518.888000   0.978304
518.889000   0.979626
518.890000   0.981830
518.891000   0.985038
518.892000   0.989234
518.893000   0.994331
518.894000   1.000237
518.895000   1.006904
518.896000   1.014308
518.897000   1.022423
518.898000   1.031200
518.899000   1.040543
518.900000   1.050259
518.901000   1.060035
518.902000   1.069488
518.903000   1.078224
518.904000   1.085904
518.905000   1.092290
518.906000   1.097282
518.907000   1.100911
518.908000   1.103281
518.909000   1.104481
518.910000   1.104525
518.911000   1.103378
518.912000   1.101021
518.913000   1.097502
518.914000   1.092952
518.915000   1.087592
518.916000   1.081732
518.917000   1.075758
518.918000   1.070075
518.919000   1.065031
518.920000   1.060824
518.921000   1.057496
518.922000   1.054999
518.923000   1.053287
518.924000   1.052365
518.925000   1.052292
518.926000   1.053161
518.927000   1.055077
518.928000   1.058120
518.929000   1.062301
518.930000   1.067534
518.931000   1.073632
518.932000   1.080327
518.933000   1.087337
518.934000   1.094440
518.935000   1.101525
518.936000   1.108592
518.937000   1.115690
518.938000   1.122826
518.939000   1.129896
518.940000   1.136687
518.941000   1.142968
518.942000   1.148576
518.943000   1.153419
518.944000   1.157423
518.945000   1.160526
518.946000   1.162739
518.947000   1.164149
518.948000   1.164884
518.949000   1.165064
518.950000   1.164789
518.951000   1.164161
518.952000   1.163296
518.953000   1.162332
518.954000   1.161420
518.955000   1.160694
518.956000   1.160241
518.957000   1.160095
518.958000   1.160239
518.959000   1.160607
518.960000   1.161089
518.961000   1.161543
518.962000   1.161822
518.963000   1.161808
518.964000   1.161441
518.965000   1.160748
518.966000   1.159830
518.967000   1.158805
518.968000   1.157731
518.969000   1.156586
518.970000   1.155328
518.971000   1.153962
518.972000   1.152569
518.973000   1.151301
518.974000   1.150341
518.975000   1.149861
518.976000   1.149979
518.977000   1.150730
518.978000   1.152080
518.979000   1.153967
518.980000   1.156331
518.981000   1.159092
518.982000   1.162134
518.983000   1.165308
518.984000   1.168474
518.985000   1.171520
518.986000   1.174332
518.987000   1.176743
518.988000   1.178513
518.989000   1.179336
518.990000   1.178888
518.991000   1.176886
518.992000   1.173147
518.993000   1.167615
518.994000   1.160334
518.995000   1.151394
518.996000   1.140894
518.997000   1.128945
518.998000   1.115679
518.999000   1.101266
519.000000   1.085921
519.001000   1.069914
519.001000   1.069914
519.002000   1.053586
519.003000   1.037370
519.004000   1.021786
519.005000   1.007373
519.006000   0.994523
519.007000   0.983323
519.008000   0.973608
519.009000   0.965156
519.010000   0.957805
519.011000   0.951480
519.012000   0.946156
519.013000   0.941830
519.014000   0.938485
519.015000   0.936082
519.016000   0.934585
519.017000   0.933980
519.018000   0.934215
519.019000   0.935170
519.020000   0.936746
519.021000   0.938956
519.022000   0.941909
519.023000   0.945745
519.024000   0.950552
519.025000   0.956335
519.026000   0.963061
519.027000   0.970732
519.028000   0.979409
519.029000   0.989115
519.030000   0.999762
519.031000   1.011207
519.032000   1.023357
519.033000   1.036141
519.034000   1.049439
519.035000   1.063017
519.036000   1.076544
519.037000   1.089670
519.038000   1.102108
519.039000   1.113673
519.040000   1.124234
519.041000   1.133621
519.042000   1.141621
519.043000   1.148047
519.044000   1.152752
519.045000   1.155627
519.046000   1.156590
519.047000   1.155612
519.048000   1.152746
519.049000   1.148170
519.050000   1.142208
519.051000   1.135277
519.052000   1.127734
519.053000   1.119757
519.054000   1.111415
519.055000   1.102803
519.056000   1.094078
519.057000   1.085430
519.058000   1.077042
519.059000   1.069091
519.060000   1.061768
519.061000   1.055328
519.062000   1.050085
519.063000   1.046329
519.064000   1.044180
519.065000   1.043579
519.066000   1.044396
519.067000   1.046515
519.068000   1.049843
519.069000   1.054296
519.070000   1.059795
519.071000   1.066274
519.072000   1.073678
519.073000   1.081981
519.074000   1.091168
519.075000   1.101144
519.076000   1.111645
519.077000   1.122291
519.078000   1.132716
519.079000   1.142621
519.080000   1.151762
519.081000   1.159907
519.082000   1.166821
519.083000   1.172301
519.084000   1.176237
519.085000   1.178642
519.086000   1.179585
519.087000   1.179101
519.088000   1.177192
519.089000   1.173922
519.090000   1.169460
519.091000   1.164042
519.092000   1.157917
519.093000   1.151320
519.094000   1.144478
519.095000   1.137628
519.096000   1.131026
519.097000   1.124947
519.098000   1.119609
519.099000   1.115070
519.100000   1.111217
519.101000   1.107894
519.102000   1.104965
519.103000   1.102313
519.104000   1.099812
519.105000   1.097324
519.106000   1.094696
519.107000   1.091780
519.108000   1.088467
519.109000   1.084708
519.110000   1.080473
519.111000   1.075677
519.112000   1.070158
519.113000   1.063788
519.114000   1.056602
519.115000   1.048833
519.116000   1.040889
519.117000   1.033276
519.118000   1.026521
519.119000   1.021084
519.120000   1.017285
519.121000   1.015260
519.122000   1.014948
519.123000   1.016107
519.124000   1.018395
519.125000   1.021481
519.126000   1.025098
519.127000   1.029028
519.128000   1.033057
519.129000   1.036922
519.130000   1.040299
519.131000   1.042829
519.132000   1.044207
519.133000   1.044260
519.134000   1.042928
519.135000   1.040220
519.136000   1.036248
519.137000   1.031295
519.138000   1.025756
519.139000   1.019991
519.140000   1.014209
519.141000   1.008463
519.142000   1.002760
519.143000   0.997189
519.144000   0.991983
519.145000   0.987493
519.146000   0.984076
519.147000   0.982002
519.148000   0.981411
519.149000   0.982286
519.150000   0.984424
519.151000   0.987488
519.152000   0.991107
519.153000   0.994980
519.154000   0.998957
519.155000   1.003089
519.156000   1.007610
519.157000   1.012779
519.158000   1.018657
519.159000   1.025061
519.160000   1.031708
519.161000   1.038357
519.162000   1.044874
519.163000   1.051240
519.164000   1.057529
519.165000   1.063893
519.166000   1.070539
519.167000   1.077707
519.168000   1.085613
519.169000   1.094340
519.170000   1.103748
519.171000   1.113517
519.172000   1.123297
519.173000   1.132834
519.174000   1.142001
519.175000   1.150771
519.176000   1.159150
519.177000   1.167096
519.178000   1.174439
519.179000   1.180869
519.180000   1.186036
519.181000   1.189637
519.182000   1.191417
519.183000   1.191167
519.184000   1.188799
519.185000   1.184410
519.186000   1.178234
519.187000   1.170535
519.188000   1.161503
519.189000   1.151242
519.190000   1.139818
519.191000   1.127341
519.192000   1.114037
519.193000   1.100299
519.194000   1.086603
519.195000   1.073295
519.196000   1.060502
519.197000   1.048270
519.198000   1.036667
519.199000   1.025788
519.200000   1.015733
519.201000   1.006601
519.202000   0.998490
519.203000   0.991526
519.204000   0.985913
519.205000   0.981963
519.206000   0.980026
519.207000   0.980264
519.208000   0.982478
519.209000   0.986270
519.210000   0.991306
519.211000   0.997382
519.212000   1.004391
519.213000   1.012275
519.214000   1.020982
519.215000   1.030405
519.216000   1.040312
519.217000   1.050325
519.218000   1.060013
519.219000   1.068971
519.220000   1.076799
519.221000   1.083155
519.222000   1.087884
519.223000   1.091058
519.224000   1.092892
519.225000   1.093614
519.226000   1.093348
519.227000   1.092088
519.228000   1.089805
519.229000   1.086601
519.230000   1.082820
519.231000   1.078962
519.232000   1.075388
519.233000   1.072197
519.234000   1.069401
519.235000   1.067025
519.236000   1.065047
519.237000   1.063364
519.238000   1.061834
519.239000   1.060351
519.240000   1.058909
519.241000   1.057632
519.242000   1.056708
519.243000   1.056253
519.244000   1.056234
519.245000   1.056511
519.246000   1.056867
519.247000   1.057055
519.248000   1.056849
519.249000   1.056093
519.250000   1.054710
519.251000   1.052739
519.252000   1.050359
519.253000   1.047869
519.254000   1.045540
519.255000   1.043440
519.256000   1.041471
519.257000   1.039565
519.258000   1.037792
519.259000   1.036336
519.260000   1.035430
519.261000   1.035306
519.262000   1.036166
519.263000   1.038154
519.264000   1.041330
519.265000   1.045675
519.266000   1.051070
519.267000   1.057256
519.268000   1.063910
519.269000   1.070768
519.270000   1.077646
519.271000   1.084396
519.272000   1.090856
519.273000   1.096811
519.274000   1.101993
519.275000   1.106141
519.276000   1.109118
519.277000   1.110936
519.278000   1.111645
519.279000   1.111261
519.280000   1.109868
519.281000   1.107707
519.282000   1.105127
519.283000   1.102447
519.284000   1.099860
519.285000   1.097457
519.286000   1.095344
519.287000   1.093766
519.288000   1.093124
519.289000   1.093808
519.290000   1.096005
519.291000   1.099787
519.292000   1.105209
519.293000   1.112220
519.294000   1.120583
519.295000   1.129915
519.296000   1.139810
519.297000   1.149944
519.298000   1.160166
519.299000   1.170555
519.300000   1.181368
519.301000   1.192815
519.302000   1.204847
519.303000   1.217205
519.304000   1.229569
519.305000   1.241665
519.306000   1.253309
519.307000   1.264411
519.308000   1.274960
519.309000   1.285025
519.310000   1.294783
519.311000   1.304534
519.312000   1.314605
519.313000   1.325053
519.314000   1.335503
519.315000   1.345415
519.316000   1.354406
519.317000   1.362335
519.318000   1.369248
519.319000   1.375296
519.320000   1.380670
519.321000   1.385532
519.322000   1.389946
519.323000   1.393835
519.324000   1.396961
519.325000   1.398914
519.326000   1.399244
519.327000   1.397701
519.328000   1.394292
519.329000   1.389214
519.330000   1.382727
519.331000   1.375027
519.332000   1.366146
519.333000   1.355999
519.334000   1.344576
519.335000   1.332116
519.336000   1.319039
519.337000   1.305649
519.338000   1.292109
519.339000   1.278681
519.340000   1.265799
519.341000   1.253957
519.342000   1.243558
519.343000   1.234852
519.344000   1.227947
519.345000   1.222862
519.346000   1.219576
519.347000   1.218054
519.348000   1.218198
519.349000   1.219777
519.350000   1.222469
519.351000   1.225929
519.352000   1.229782
519.353000   1.233594
519.354000   1.236905
519.355000   1.239291
519.356000   1.240425
519.357000   1.240158
519.358000   1.238566
519.359000   1.235902
519.360000   1.232433
519.361000   1.228316
519.362000   1.223642
519.363000   1.218533
519.364000   1.213189
519.365000   1.207870
519.366000   1.202870
519.367000   1.198509
519.368000   1.195132
519.369000   1.193090
519.370000   1.192672
519.371000   1.193996
519.372000   1.196949
519.373000   1.201242
519.374000   1.206485
519.375000   1.212228
519.376000   1.217987
519.377000   1.223280
519.378000   1.227672
519.379000   1.230816
519.380000   1.232454
519.381000   1.232409
519.382000   1.230570
519.383000   1.226850
519.384000   1.221152
519.385000   1.213436
519.386000   1.203814
519.387000   1.192579
519.388000   1.180132
519.389000   1.166876
519.390000   1.153107
519.391000   1.138973
519.392000   1.124537
519.393000   1.109878
519.394000   1.095143
519.395000   1.080526
519.396000   1.066233
519.397000   1.052505
519.398000   1.039623
519.399000   1.027865
519.400000   1.017419
519.401000   1.008363
519.402000   1.000712
519.403000   0.994503
519.404000   0.989833
519.405000   0.986857
519.406000   0.985727
519.407000   0.986511
519.408000   0.989168
519.409000   0.993561
519.410000   0.999461
519.411000   1.006559
519.412000   1.014512
519.413000   1.022983
519.414000   1.031652
519.415000   1.040242
519.416000   1.048543
519.417000   1.056420
519.418000   1.063765
519.419000   1.070406
519.420000   1.076089
519.421000   1.080568
519.422000   1.083703
519.423000   1.085512
519.424000   1.086158
519.425000   1.085922
519.426000   1.085173
519.427000   1.084336
519.428000   1.083836
519.429000   1.084041
519.430000   1.085219
519.431000   1.087539
519.432000   1.091104
519.433000   1.095988
519.434000   1.102231
519.435000   1.109816
519.436000   1.118655
519.437000   1.128574
519.438000   1.139295
519.439000   1.150415
519.440000   1.161457
519.441000   1.171974
519.442000   1.181605
519.443000   1.190033
519.444000   1.196974
519.445000   1.202256
519.446000   1.205860
519.447000   1.207858
519.448000   1.208326
519.449000   1.207312
519.450000   1.204900
519.451000   1.201289
519.452000   1.196820
519.453000   1.191926
519.454000   1.187027
519.455000   1.182492
519.456000   1.178652
519.457000   1.175787
519.458000   1.174050
519.459000   1.173441
519.460000   1.173836
519.461000   1.175048
519.462000   1.176887
519.463000   1.179220
519.464000   1.181992
519.465000   1.185160
519.466000   1.188571
519.467000   1.191911
519.468000   1.194783
519.469000   1.196862
519.470000   1.197989
519.471000   1.198190
519.472000   1.197640
519.473000   1.196624
519.474000   1.195487
519.475000   1.194553
519.476000   1.194022
519.477000   1.193905
519.478000   1.194031
519.479000   1.194121
519.480000   1.193850
519.481000   1.192883
519.482000   1.190895
519.483000   1.187605
519.484000   1.182816
519.485000   1.176434
519.486000   1.168400
519.487000   1.158567
519.488000   1.146692
519.489000   1.132578
519.490000   1.116259
519.491000   1.098082
519.492000   1.078677
519.493000   1.058883
519.494000   1.039648
519.495000   1.021893
519.496000   1.006360
519.497000   0.993506
519.498000   0.983541
519.499000   0.976512
519.500000   0.972380
519.501000   0.971072
519.501000   0.971072
519.502000   0.972492
519.503000   0.976501
519.504000   0.982861
519.505000   0.991151
519.506000   1.000703
519.507000   1.010641
519.508000   1.020043
519.509000   1.028112
519.510000   1.034249
519.511000   1.038034
519.512000   1.039248
519.513000   1.037937
519.514000   1.034422
519.515000   1.029173
519.516000   1.022633
519.517000   1.015151
519.518000   1.007021
519.519000   0.998525
519.520000   0.989949
519.521000   0.981589
519.522000   0.973779
519.523000   0.966918
519.524000   0.961452
519.525000   0.957756
519.526000   0.955998
519.527000   0.956102
519.528000   0.957784
519.529000   0.960625
519.530000   0.964136
519.531000   0.967853
519.532000   0.971444
519.533000   0.974769
519.534000   0.977819
519.535000   0.980538
519.536000   0.982720
519.537000   0.984094
519.538000   0.984484
519.539000   0.983880
519.540000   0.982439
519.541000   0.980447
519.542000   0.978284
519.543000   0.976380
519.544000   0.975145
519.545000   0.974908
519.546000   0.975883
519.547000   0.978183
519.548000   0.981826
519.549000   0.986723
519.550000   0.992710
519.551000   0.999614
519.552000   1.007338
519.553000   1.015893
519.554000   1.025325
519.555000   1.035567
519.556000   1.046371
519.557000   1.057404
519.558000   1.068356
519.559000   1.078998
519.560000   1.089210
519.561000   1.099041
519.562000   1.108732
519.563000   1.118627
519.564000   1.129008
519.565000   1.139964
519.566000   1.151427
519.567000   1.163278
519.568000   1.175427
519.569000   1.187826
519.570000   1.200440
519.571000   1.213201
519.572000   1.225958
519.573000   1.238445
519.574000   1.250245
519.575000   1.260826
519.576000   1.269646
519.577000   1.276267
519.578000   1.280424
519.579000   1.282035
519.580000   1.281191
519.581000   1.278121
519.582000   1.273155
519.583000   1.266638
519.584000   1.258837
519.585000   1.249921
519.586000   1.240038
519.587000   1.229376
519.588000   1.218184
519.589000   1.206757
519.590000   1.195444
519.591000   1.184648
519.592000   1.174754
519.593000   1.165980
519.594000   1.158252
519.595000   1.151264
519.596000   1.144661
519.597000   1.138166
519.598000   1.131638
519.599000   1.125090
519.600000   1.118687
519.601000   1.112705
519.602000   1.107404
519.603000   1.102847
519.604000   1.098841
519.605000   1.095087
519.606000   1.091368
519.607000   1.087639
519.608000   1.084002
519.609000   1.080662
519.610000   1.077867
519.611000   1.075851
519.612000   1.074757
519.613000   1.074597
519.614000   1.075274
519.615000   1.076593
519.616000   1.078244
519.617000   1.079859
519.618000   1.081113
519.619000   1.081798
519.620000   1.081850
519.621000   1.081313
519.622000   1.080244
519.623000   1.078629
519.624000   1.076424
519.625000   1.073619
519.626000   1.070208
519.627000   1.066114
519.628000   1.061223
