516.920000   1.703112
516.921000   1.720580
516.922000   1.736735
516.923000   1.750854
516.924000   1.762157
516.925000   1.769997
516.926000   1.773993
516.927000   1.774065
516.928000   1.770398
516.929000   1.763403
516.930000   1.753675
516.931000   1.741937
516.932000   1.728897
516.933000   1.715073
516.934000   1.700753
516.935000   1.686135
516.936000   1.671450
516.937000   1.656992
516.938000   1.643123
516.939000   1.630255
516.940000   1.618837
516.941000   1.609298
516.942000   1.601950
516.943000   1.596915
516.944000   1.594199
516.945000   1.593799
516.946000   1.595739
516.947000   1.600040
516.948000   1.606680
516.949000   1.615575
516.950000   1.626574
516.951000   1.639428
516.952000   1.653695
516.953000   1.668672
516.954000   1.683465
516.955000   1.697146
516.956000   1.708886
516.957000   1.718033
516.958000   1.724183
516.959000   1.727219
516.960000   1.727301
516.961000   1.724726
516.962000   1.719752
516.963000   1.712610
516.964000   1.703634
516.965000   1.693310
516.966000   1.682202
516.967000   1.670887
516.968000   1.659917
516.969000   1.649807
516.970000   1.640991
516.971000   1.633745
516.972000   1.628136
516.973000   1.624071
516.974000   1.621391
516.975000   1.619927
516.976000   1.619534
516.977000   1.620079
516.978000   1.621447
516.979000   1.623537
516.980000   1.626214
516.981000   1.629218
516.982000   1.632149
516.983000   1.634581
516.984000   1.636174
516.985000   1.636716
516.986000   1.636131
516.987000   1.634479
516.988000   1.631938
516.989000   1.628758
516.990000   1.625161
516.991000   1.621258
516.992000   1.617093
516.993000   1.612725
516.994000   1.608268
516.995000   1.603878
516.996000   1.599736
516.997000   1.596048
516.998000   1.593041
516.999000   1.590933
517.000000   1.589838
517.001000   1.589686
517.001000   1.589686
517.002000   1.590266
517.003000   1.591315
517.004000   1.592585
517.005000   1.593866
517.006000   1.595010
517.007000   1.595956
517.008000   1.596727
517.009000   1.597358
517.010000   1.597784
517.011000   1.597832
517.012000   1.597312
517.013000   1.596105
517.014000   1.594173
517.015000   1.591526
517.016000   1.588206
517.017000   1.584283
517.018000   1.579877
517.019000   1.575143
517.020000   1.570242
517.021000   1.565320
517.022000   1.560536
517.023000   1.556105
517.024000   1.552317
517.025000   1.549516
517.026000   1.548060
517.027000   1.548284
517.028000   1.550474
517.029000   1.554819
517.030000   1.561330
517.031000   1.569832
517.032000   1.580059
517.033000   1.591723
517.034000   1.604523
517.035000   1.618129
517.036000   1.632187
517.037000   1.646332
517.038000   1.660172
517.039000   1.673237
517.040000   1.684966
517.041000   1.694817
517.042000   1.702384
517.043000   1.707463
517.044000   1.710051
517.045000   1.710325
517.046000   1.708623
517.047000   1.705408
517.048000   1.701202
517.049000   1.696492
517.050000   1.691690
517.051000   1.687149
517.052000   1.683199
517.053000   1.680139
517.054000   1.678225
517.055000   1.677666
517.056000   1.678629
517.057000   1.681230
517.058000   1.685486
517.059000   1.691230
517.060000   1.698087
517.061000   1.705536
517.062000   1.713000
517.063000   1.719923
517.064000   1.725814
517.065000   1.730287
517.066000   1.733089
517.067000   1.734085
517.068000   1.733193
517.069000   1.730309
517.070000   1.725309
517.071000   1.718129
517.072000   1.708825
517.073000   1.697604
517.074000   1.684841
517.075000   1.671085
517.076000   1.657060
517.077000   1.643600
517.078000   1.631505
517.079000   1.621391
517.080000   1.613645
517.081000   1.608490
517.082000   1.606058
517.083000   1.606435
517.084000   1.609690
517.085000   1.615892
517.086000   1.625107
517.087000   1.637325
517.088000   1.652344
517.089000   1.669679
517.090000   1.688612
517.091000   1.708318
517.092000   1.727970
517.093000   1.746783
517.094000   1.764046
517.095000   1.779158
517.096000   1.791675
517.097000   1.801326
517.098000   1.807965
517.099000   1.811504
517.100000   1.811923
517.101000   1.809336
517.102000   1.804047
517.103000   1.796536
517.104000   1.787422
517.105000   1.777411
517.106000   1.767232
517.107000   1.757526
517.108000   1.748675
517.109000   1.740714
517.110000   1.733444
517.111000   1.726636
517.112000   1.720144
517.113000   1.713900
517.114000   1.707861
517.115000   1.702040
517.116000   1.696557
517.117000   1.691576
517.118000   1.687177
517.119000   1.683316
517.120000   1.679905
517.121000   1.676885
517.122000   1.674226
517.123000   1.671899
517.124000   1.669850
517.125000   1.668024
517.126000   1.666379
517.127000   1.664852
517.128000   1.663258
517.129000   1.661257
517.130000   1.658468
517.131000   1.654604
517.132000   1.649547
517.133000   1.643370
517.134000   1.636353
517.135000   1.628986
517.136000   1.621913
517.137000   1.615786
517.138000   1.611118
517.139000   1.608269
517.140000   1.607497
517.141000   1.608939
517.142000   1.612610
517.143000   1.618450
517.144000   1.626348
517.145000   1.636132
517.146000   1.647510
517.147000   1.659957
517.148000   1.672680
517.149000   1.684779
517.150000   1.695447
517.151000   1.704040
517.152000   1.710023
517.153000   1.712987
517.154000   1.712757
517.155000   1.709470
517.156000   1.703514
517.157000   1.695356
517.158000   1.685439
517.159000   1.674216
517.160000   1.662196
517.161000   1.649940
517.162000   1.638027
517.163000   1.627029
517.164000   1.617481
517.165000   1.609835
517.166000   1.604390
517.167000   1.601227
517.168000   1.600238
517.169000   1.601240
517.170000   1.604068
517.171000   1.608590
517.172000   1.614690
517.173000   1.622249
517.174000   1.631141
517.175000   1.641220
517.176000   1.652237
517.177000   1.663717
517.178000   1.674987
517.179000   1.685347
517.180000   1.694212
517.181000   1.701152
517.182000   1.705905
517.183000   1.708392
517.184000   1.708726
517.185000   1.707154
517.186000   1.703918
517.187000   1.699150
517.188000   1.692952
517.189000   1.685548
517.190000   1.677318
517.191000   1.668730
517.192000   1.660248
517.193000   1.652275
517.194000   1.645136
517.195000   1.639076
517.196000   1.634213
517.197000   1.630500
517.198000   1.627798
517.199000   1.626007
517.200000   1.625101
517.201000   1.625096
517.202000   1.626008
517.203000   1.627835
517.204000   1.630559
517.205000   1.634105
517.206000   1.638268
517.207000   1.642735
517.208000   1.647188
517.209000   1.651371
517.210000   1.655044
517.211000   1.657944
517.212000   1.659780
517.213000   1.660285
517.214000   1.659287
517.215000   1.656698
517.216000   1.652407
517.217000   1.646211
517.218000   1.637948
517.219000   1.627645
517.220000   1.615568
517.221000   1.602188
517.222000   1.588131
517.223000   1.574131
517.224000   1.560974
517.225000   1.549368
517.226000   1.539771
517.227000   1.532378
517.228000   1.527290
517.229000   1.524591
517.230000   1.524335
517.231000   1.526514
517.232000   1.531061
517.233000   1.537878
517.234000   1.546852
517.235000   1.557817
517.236000   1.570467
517.237000   1.584366
517.238000   1.599054
517.239000   1.614119
517.240000   1.629224
517.241000   1.644112
517.242000   1.658613
517.243000   1.672660
517.244000   1.686289
517.245000   1.699516
517.246000   1.712121
517.247000   1.723579
517.248000   1.733268
517.249000   1.740695
517.250000   1.745608
517.251000   1.748054
517.252000   1.748404
517.253000   1.747354
517.254000   1.745805
517.255000   1.744561
517.256000   1.744042
517.257000   1.744391
517.258000   1.745742
517.259000   1.748299
517.260000   1.752247
517.261000   1.757659
517.262000   1.764449
517.263000   1.772406
517.264000   1.781230
517.265000   1.790459
517.266000   1.799365
517.267000   1.807064
517.268000   1.812771
517.269000   1.815952
517.270000   1.816374
517.271000   1.814123
517.272000   1.809624
517.273000   1.803625
517.274000   1.797059
517.275000   1.790716
517.276000   1.785057
517.277000   1.780386
517.278000   1.777008
517.279000   1.775210
517.280000   1.775206
517.281000   1.777143
517.282000   1.781151
517.283000   1.787373
517.284000   1.795843
517.285000   1.806225
517.286000   1.817763
517.287000   1.829521
517.288000   1.840589
517.289000   1.850184
517.290000   1.857711
517.291000   1.862812
517.292000   1.865415
517.293000   1.865696
517.294000   1.863862
517.295000   1.859894
517.296000   1.853604
517.297000   1.844870
517.298000   1.833702
517.299000   1.820223
517.300000   1.804666
517.301000   1.787422
517.302000   1.769074
517.303000   1.750342
517.304000   1.731829
517.305000   1.713813
517.306000   1.696369
517.307000   1.679574
517.308000   1.663569
517.309000   1.648548
517.310000   1.634746
517.311000   1.622451
517.312000   1.612002
517.313000   1.603696
517.314000   1.597560
517.315000   1.593256
517.316000   1.590285
517.317000   1.588174
517.318000   1.586529
517.319000   1.585035
517.320000   1.583475
517.321000   1.581761
517.322000   1.579935
517.323000   1.578046
517.324000   1.575943
517.325000   1.573290
517.326000   1.569792
517.327000   1.565314
517.328000   1.559855
517.329000   1.553515
517.330000   1.546482
517.331000   1.539071
517.332000   1.531732
517.333000   1.524935
517.334000   1.518920
517.335000   1.513669
517.336000   1.509101
517.337000   1.505186
517.338000   1.501950
517.339000   1.499460
517.340000   1.497832
517.341000   1.497245
517.342000   1.497876
517.343000   1.499691
517.344000   1.502354
517.345000   1.505422
517.346000   1.508526
517.347000   1.511376
517.348000   1.513713
517.349000   1.515296
517.350000   1.515930
517.351000   1.515539
517.352000   1.514197
517.353000   1.512013
517.354000   1.508983
517.355000   1.505045
517.356000   1.500225
517.357000   1.494665
517.358000   1.488609
517.359000   1.482396
517.360000   1.476495
517.361000   1.471520
517.362000   1.468096
517.363000   1.466524
517.364000   1.466685
517.365000   1.468313
517.366000   1.471178
517.367000   1.475105
517.368000   1.479964
517.369000   1.485700
517.370000   1.492378
517.371000   1.500170
517.372000   1.509167
517.373000   1.519136
517.374000   1.529604
517.375000   1.540133
517.376000   1.550427
517.377000   1.560310
517.378000   1.569684
517.379000   1.578512
517.380000   1.586830
517.381000   1.594755
517.382000   1.602376
517.383000   1.609599
517.384000   1.616224
517.385000   1.622116
517.386000   1.627237
517.387000   1.631621
517.388000   1.635376
517.389000   1.638741
517.390000   1.642135
517.391000   1.645998
517.392000   1.650371
517.393000   1.654839
517.394000   1.658981
517.395000   1.662628
517.396000   1.665829
517.397000   1.668751
517.398000   1.671632
517.399000   1.674747
517.400000   1.678346
517.401000   1.682441
517.402000   1.686654
517.403000   1.690445
517.404000   1.693373
517.405000   1.695153
517.406000   1.695620
517.407000   1.694719
517.408000   1.692532
517.409000   1.689314
517.410000   1.685473
517.411000   1.681345
517.412000   1.676986
517.413000   1.672325
517.414000   1.667394
517.415000   1.662368
517.416000   1.657507
517.417000   1.653113
517.418000   1.649525
517.419000   1.647127
517.420000   1.646191
517.421000   1.646539
517.422000   1.647535
517.423000   1.648487
517.424000   1.648898
517.425000   1.648491
517.426000   1.647170
517.427000   1.645010
517.428000   1.642277
517.429000   1.639393
517.430000   1.636748
517.431000   1.634438
517.432000   1.632354
517.433000   1.630419
517.434000   1.628648
517.435000   1.627083
517.436000   1.625762
517.437000   1.624751
517.438000   1.624231
517.439000   1.624498
517.440000   1.625662
517.441000   1.627329
517.442000   1.628831
517.443000   1.629611
517.444000   1.629350
517.445000   1.627958
517.446000   1.625570
517.447000   1.622546
517.448000   1.619439
517.449000   1.616817
517.450000   1.614944
517.451000   1.613707
517.452000   1.612864
517.453000   1.612185
517.454000   1.611431
517.455000   1.610346
517.456000   1.608708
517.457000   1.606431
517.458000   1.603648
517.459000   1.600602
517.460000   1.597255
517.461000   1.593167
517.462000   1.587856
517.463000   1.581073
517.464000   1.572852
517.465000   1.563488
517.466000   1.553501
517.467000   1.543615
517.468000   1.534651
517.469000   1.527223
517.470000   1.521447
517.471000   1.517102
517.472000   1.513922
517.473000   1.511656
517.474000   1.510047
517.475000   1.508867
517.476000   1.507992
517.477000   1.507465
517.478000   1.507488
517.479000   1.508202
517.480000   1.509484
517.481000   1.511086
517.482000   1.512890
517.483000   1.514974
517.484000   1.517563
517.485000   1.520939
517.486000   1.525395
517.487000   1.531229
517.488000   1.538667
517.489000   1.547558
517.490000   1.557214
517.491000   1.566743
517.492000   1.575359
517.493000   1.582468
517.494000   1.587653
517.495000   1.590689
517.496000   1.591567
517.497000   1.590498
517.498000   1.587768
517.499000   1.583519
517.500000   1.577767
517.501000   1.570614
517.501000   1.570614
517.502000   1.562331
517.503000   1.553300
517.504000   1.543958
517.505000   1.534772
517.506000   1.526274
517.507000   1.519091
517.508000   1.513801
517.509000   1.510589
517.510000   1.509167
517.511000   1.509083
517.512000   1.509963
517.513000   1.511587
517.514000   1.513886
517.515000   1.516951
517.516000   1.521025
517.517000   1.526413
517.518000   1.533209
517.519000   1.541136
517.520000   1.549754
517.521000   1.558667
517.522000   1.567508
517.523000   1.575869
517.524000   1.583335
517.525000   1.589585
517.526000   1.594516
517.527000   1.598265
517.528000   1.601037
517.529000   1.602884
517.530000   1.603754
517.531000   1.603654
517.532000   1.602719
517.533000   1.601196
517.534000   1.599432
517.535000   1.597913
517.536000   1.597281
517.537000   1.598205
517.538000   1.600972
517.539000   1.605219
517.540000   1.610180
517.541000   1.615039
517.542000   1.619081
517.543000   1.621775
517.544000   1.622830
517.545000   1.622243
517.546000   1.620275
517.547000   1.617281
517.548000   1.613452
517.549000   1.608795
517.550000   1.603375
517.551000   1.597441
517.552000   1.591391
517.553000   1.585689
517.554000   1.580820
517.555000   1.577264
517.556000   1.575505
517.557000   1.575964
517.558000   1.578792
517.559000   1.583722
517.560000   1.590241
517.561000   1.597813
517.562000   1.605979
517.563000   1.614378
517.564000   1.622800
517.565000   1.631249
517.566000   1.639948
517.567000   1.649111
517.568000   1.658530
517.569000   1.667618
517.570000   1.675829
517.571000   1.682818
517.572000   1.688391
517.573000   1.692419
517.574000   1.694823
517.575000   1.695598
517.576000   1.694828
517.577000   1.692614
517.578000   1.688968
517.579000   1.683888
517.580000   1.677482
517.581000   1.669982
517.582000   1.661685
517.583000   1.652922
517.584000   1.644078
517.585000   1.635655
517.586000   1.628291
517.587000   1.622568
517.588000   1.618690
517.589000   1.616503
517.590000   1.615767
517.591000   1.616257
517.592000   1.617737
517.593000   1.619942
517.594000   1.622650
517.595000   1.625793
517.596000   1.629388
517.597000   1.633236
517.598000   1.636843
517.599000   1.639742
517.600000   1.641724
517.601000   1.642822
517.602000   1.643240
517.603000   1.643283
517.604000   1.643321
517.605000   1.643778
517.606000   1.645087
517.607000   1.647543
517.608000   1.651200
517.609000   1.655936
517.610000   1.661558
517.611000   1.667856
517.612000   1.674648
517.613000   1.681845
517.614000   1.689552
517.615000   1.698092
517.616000   1.707786
517.617000   1.718541
517.618000   1.729833
517.619000   1.741117
517.620000   1.752071
517.621000   1.762601
517.622000   1.772767
517.623000   1.782691
517.624000   1.792472
517.625000   1.802081
517.626000   1.811233
517.627000   1.819358
517.628000   1.825771
517.629000   1.829855
517.630000   1.831128
517.631000   1.829270
517.632000   1.824143
517.633000   1.815844
517.634000   1.804736
517.635000   1.791432
517.636000   1.776596
517.637000   1.760714
517.638000   1.744147
517.639000   1.727351
517.640000   1.710917
517.641000   1.695459
517.642000   1.681485
517.643000   1.669392
517.644000   1.659511
517.645000   1.652041
517.646000   1.646845
517.647000   1.643417
517.648000   1.641139
517.649000   1.639480
517.650000   1.638064
517.651000   1.636656
517.652000   1.635136
517.653000   1.633484
517.654000   1.631782
517.655000   1.630183
517.656000   1.628792
517.657000   1.627608
517.658000   1.626591
517.659000   1.625713
517.660000   1.624953
517.661000   1.624315
517.662000   1.623884
517.663000   1.623901
517.664000   1.624759
517.665000   1.626816
517.666000   1.630113
517.667000   1.634388
517.668000   1.639342
517.669000   1.644774
517.670000   1.650577
517.671000   1.656698
517.672000   1.663119
517.673000   1.669842
517.674000   1.676861
517.675000   1.684059
517.676000   1.691144
517.677000   1.697714
517.678000   1.703343
517.679000   1.707550
517.680000   1.709784
517.681000   1.709535
517.682000   1.706522
517.683000   1.700795
517.684000   1.692691
517.685000   1.682576
517.686000   1.670611
517.687000   1.656883
517.688000   1.641687
517.689000   1.625606
517.690000   1.609396
517.691000   1.593826
517.692000   1.579603
517.693000   1.567368
517.694000   1.557632
517.695000   1.550629
517.696000   1.546327
517.697000   1.544583
517.698000   1.545241
517.699000   1.548150
517.700000   1.553183
517.701000   1.560272
517.702000   1.569446
517.703000   1.580813
517.704000   1.594417
517.705000   1.610028
517.706000   1.627143
517.707000   1.645195
517.708000   1.663711
517.709000   1.682342
517.710000   1.700828
517.711000   1.718964
517.712000   1.736578
517.713000   1.753467
517.714000   1.769200
517.715000   1.782989
517.716000   1.793901
517.717000   1.801186
517.718000   1.804427
517.719000   1.803568
517.720000   1.798878
517.721000   1.790907
517.722000   1.780408
517.723000   1.768172
517.724000   1.754825
517.725000   1.740774
517.726000   1.726371
517.727000   1.712011
517.728000   1.698108
517.729000   1.685009
517.730000   1.672970
517.731000   1.662203
517.732000   1.652942
517.733000   1.645371
517.734000   1.639452
517.735000   1.634916
517.736000   1.631433
517.737000   1.628732
517.738000   1.626629
517.739000   1.625036
517.740000   1.623961
517.741000   1.623517
517.742000   1.623846
517.743000   1.624971
517.744000   1.626710
517.745000   1.628785
517.746000   1.630923
517.747000   1.632894
517.748000   1.634531
517.749000   1.635781
517.750000   1.636750
517.751000   1.637706
517.752000   1.638952
517.753000   1.640612
517.754000   1.642594
517.755000   1.644767
517.756000   1.647089
517.757000   1.649637
517.758000   1.652587
517.759000   1.656207
517.760000   1.660839
517.761000   1.666836
517.762000   1.674376
517.763000   1.683297
517.764000   1.693165
517.765000   1.703445
517.766000   1.713601
517.767000   1.723137
517.768000   1.731634
517.769000   1.738803
517.770000   1.744489
517.771000   1.748557
517.772000   1.750722
517.773000   1.750600
517.774000   1.747925
517.775000   1.742613
517.776000   1.734690
517.777000   1.724208
517.778000   1.711258
517.779000   1.696037
517.780000   1.678888
517.781000   1.660265
517.782000   1.640636
517.783000   1.620458
517.784000   1.600210
517.785000   1.580393
517.786000   1.561520
517.787000   1.544120
517.788000   1.528786
517.789000   1.516187
517.790000   1.506970
517.791000   1.501495
517.792000   1.499696
517.793000   1.501241
517.794000   1.505726
517.795000   1.512737
517.796000   1.521865
517.797000   1.532722
517.798000   1.544978
517.799000   1.558320
517.800000   1.572260
517.801000   1.585974
517.802000   1.598479
517.803000   1.608944
517.804000   1.616822
517.805000   1.621866
517.806000   1.624102
517.807000   1.623807
517.808000   1.621473
517.809000   1.617746
517.810000   1.613310
517.811000   1.608803
517.812000   1.604811
517.813000   1.601869
517.814000   1.600434
517.815000   1.600874
517.816000   1.603484
517.817000   1.608544
517.818000   1.616326
517.819000   1.626948
517.820000   1.640072
517.821000   1.654847
517.822000   1.670227
517.823000   1.685244
517.824000   1.699123
517.825000   1.711322
517.826000   1.721525
517.827000   1.729613
517.828000   1.735543
517.829000   1.739162
517.830000   1.740147
517.831000   1.738154
517.832000   1.732974
517.833000   1.724577
517.834000   1.713109
517.835000   1.698881
517.836000   1.682377
517.837000   1.664251
517.838000   1.645230
517.839000   1.625888
517.840000   1.606540
517.841000   1.587422
517.842000   1.568890
517.843000   1.551455
517.844000   1.535740
517.845000   1.522430
517.846000   1.512224
517.847000   1.505725
517.848000   1.503225
517.849000   1.504573
517.850000   1.509368
517.851000   1.517189
517.852000   1.527675
517.853000   1.540493
517.854000   1.555306
517.855000   1.571764
517.856000   1.589506
517.857000   1.608151
517.858000   1.627261
517.859000   1.646341
517.860000   1.664907
517.861000   1.682548
517.862000   1.698931
517.863000   1.713766
517.864000   1.726794
517.865000   1.737809
517.866000   1.746699
517.867000   1.753405
517.868000   1.757722
517.869000   1.759206
517.870000   1.757404
517.871000   1.752084
517.872000   1.743309
517.873000   1.731425
517.874000   1.717027
517.875000   1.700921
517.876000   1.684033
517.877000   1.667248
517.878000   1.651265
517.879000   1.636617
517.880000   1.623757
517.881000   1.613060
517.882000   1.604777
517.883000   1.599002
517.884000   1.595678
517.885000   1.594640
517.886000   1.595670
517.887000   1.598464
517.888000   1.602500
517.889000   1.607016
517.890000   1.611199
517.891000   1.614371
517.892000   1.616074
517.893000   1.616105
517.894000   1.614524
517.895000   1.611638
517.896000   1.607900
517.897000   1.603745
517.898000   1.599524
517.899000   1.595591
517.900000   1.592352
517.901000   1.590216
517.902000   1.589548
517.903000   1.590660
517.904000   1.593824
517.905000   1.599311
517.906000   1.607379
517.907000   1.618144
517.908000   1.631378
517.909000   1.646507
517.910000   1.662776
517.911000   1.679396
517.912000   1.695650
517.913000   1.710968
517.914000   1.724977
517.915000   1.737474
517.916000   1.748242
517.917000   1.756786
517.918000   1.762398
517.919000   1.764492
517.920000   1.762763
517.921000   1.757167
517.922000   1.747874
517.923000   1.735250
517.924000   1.719853
517.925000   1.702410
517.926000   1.683717
517.927000   1.664463
517.928000   1.645136
517.929000   1.626073
517.930000   1.607547
517.931000   1.589829
517.932000   1.573220
517.933000   1.558094
517.934000   1.544917
517.935000   1.534222
517.936000   1.526389
517.937000   1.521366
517.938000   1.518770
517.939000   1.518203
517.940000   1.519401
517.941000   1.522219
517.942000   1.526599
517.943000   1.532552
517.944000   1.540134
517.945000   1.549379
517.946000   1.560183
517.947000   1.572319
517.948000   1.585565
517.949000   1.599751
517.950000   1.614706
517.951000   1.630213
517.952000   1.646021
517.953000   1.661903
517.954000   1.677735
517.955000   1.693496
517.956000   1.709070
517.957000   1.724067
517.958000   1.737947
517.959000   1.750229
517.960000   1.760527
517.961000   1.768526
517.962000   1.774020
517.963000   1.777022
517.964000   1.777780
517.965000   1.776542
517.966000   1.773272
517.967000   1.767774
517.968000   1.759969
517.969000   1.749960
517.970000   1.737954
517.971000   1.724203
517.972000   1.709001
517.973000   1.692716
517.974000   1.675800
517.975000   1.658686
517.976000   1.641634
517.977000   1.624742
517.978000   1.608088
517.979000   1.591799
517.980000   1.576059
517.981000   1.561096
517.982000   1.547220
517.983000   1.534865
517.984000   1.524541
517.985000   1.516591
517.986000   1.510999
517.987000   1.507549
517.988000   1.506029
517.989000   1.506303
517.990000   1.508323
517.991000   1.512127
517.992000   1.517846
517.993000   1.525680
517.994000   1.535789
517.995000   1.548086
517.996000   1.562155
517.997000   1.577430
517.998000   1.593353
517.999000   1.609390
518.000000   1.625019
518.001000   1.639751
518.001000   1.639751
518.002000   1.653197
518.003000   1.665119
518.004000   1.675327
518.005000   1.683410
518.006000   1.688693
518.007000   1.690566
518.008000   1.688752
518.009000   1.683360
518.010000   1.674828
518.011000   1.663864
518.012000   1.651385
518.013000   1.638409
518.014000   1.625826
518.015000   1.614195
518.016000   1.603823
518.017000   1.594949
518.018000   1.587772
518.019000   1.582413
518.020000   1.578899
518.021000   1.577182
518.022000   1.577164
518.023000   1.578698
518.024000   1.581508
518.025000   1.585097
518.026000   1.588832
518.027000   1.592165
518.028000   1.594736
518.029000   1.596379
518.030000   1.597099
518.031000   1.597073
518.032000   1.596659
518.033000   1.596335
518.034000   1.596495
518.035000   1.597280
518.036000   1.598712
518.037000   1.600873
518.038000   1.603922
518.039000   1.608043
518.040000   1.613409
518.041000   1.620203
518.042000   1.628660
518.043000   1.639019
518.044000   1.651302
518.045000   1.665136
518.046000   1.679904
518.047000   1.694978
518.048000   1.709816
518.049000   1.723991
518.050000   1.737204
518.051000   1.749307
518.052000   1.760296
518.053000   1.770189
518.054000   1.778832
518.055000   1.785897
518.056000   1.791093
518.057000   1.794276
518.058000   1.795420
518.059000   1.794556
518.060000   1.791746
518.061000   1.787088
518.062000   1.780752
518.063000   1.772950
518.064000   1.763814
518.065000   1.753393
518.066000   1.741799
518.067000   1.729276
518.068000   1.716152
518.069000   1.702793
518.070000   1.689606
518.071000   1.677092
518.072000   1.665838
518.073000   1.656362
518.074000   1.648854
518.075000   1.643209
518.076000   1.639265
518.077000   1.636893
518.078000   1.635948
518.079000   1.636218
518.080000   1.637455
518.081000   1.639474
518.082000   1.642187
518.083000   1.645446
518.084000   1.648869
518.085000   1.651949
518.086000   1.654269
518.087000   1.655584
518.088000   1.655810
518.089000   1.655002
518.090000   1.653352
518.091000   1.651177
518.092000   1.648833
518.093000   1.646497
518.094000   1.644093
518.095000   1.641510
518.096000   1.638778
518.097000   1.636085
518.098000   1.633715
518.099000   1.632005
518.100000   1.631312
518.101000   1.631982
518.102000   1.634287
518.103000   1.638331
518.104000   1.644042
518.105000   1.651222
518.106000   1.659585
518.107000   1.668747
518.108000   1.678211
518.109000   1.687398
518.110000   1.695713
518.111000   1.702638
518.112000   1.707701
518.113000   1.710289
518.114000   1.709635
518.115000   1.705091
518.116000   1.696340
518.117000   1.683423
518.118000   1.666697
518.119000   1.646780
518.120000   1.624502
518.121000   1.600800
518.122000   1.576539
518.123000   1.552420
518.124000   1.529065
518.125000   1.507086
518.126000   1.487053
518.127000   1.469448
518.128000   1.454657
518.129000   1.443013
518.130000   1.434838
518.131000   1.430389
518.132000   1.429674
518.133000   1.432391
518.134000   1.438099
518.135000   1.446389
518.136000   1.456933
518.137000   1.469478
518.138000   1.483854
518.139000   1.499964
518.140000   1.517706
518.141000   1.536770
518.142000   1.556568
518.143000   1.576428
518.144000   1.595765
518.145000   1.614090
518.146000   1.630964
518.147000   1.645977
518.148000   1.658760
518.149000   1.669034
518.150000   1.676641
518.151000   1.681444
518.152000   1.683235
518.153000   1.681830
518.154000   1.677219
518.155000   1.669608
518.156000   1.659387
518.157000   1.647080
518.158000   1.633326
518.159000   1.618867
518.160000   1.604363
518.161000   1.590007
518.162000   1.575559
518.163000   1.560810
518.164000   1.545781
518.165000   1.530691
518.166000   1.515875
518.167000   1.501735
518.168000   1.488695
518.169000   1.477130
518.170000   1.467259
518.171000   1.459119
518.172000   1.452680
518.173000   1.447933
518.174000   1.444882
518.175000   1.443495
518.176000   1.443689
518.177000   1.445363
518.178000   1.448490
518.179000   1.453198
518.180000   1.459640
518.181000   1.467651
518.182000   1.476725
518.183000   1.486340
518.184000   1.496184
518.185000   1.506197
518.186000   1.516548
518.187000   1.527628
518.188000   1.539983
518.189000   1.554090
518.190000   1.570068
518.191000   1.587722
518.192000   1.606807
518.193000   1.627063
518.194000   1.648118
518.195000   1.669420
518.196000   1.690262
518.197000   1.709880
518.198000   1.727578
518.199000   1.742800
518.200000   1.755031
518.201000   1.763747
518.202000   1.768544
518.203000   1.769251
518.204000   1.765913
518.205000   1.758755
518.206000   1.748240
518.207000   1.735168
518.208000   1.720594
518.209000   1.705420
518.210000   1.690078
518.211000   1.674752
518.212000   1.659638
518.213000   1.644976
518.214000   1.631013
518.215000   1.617999
518.216000   1.606212
518.217000   1.595971
518.218000   1.587551
518.219000   1.581014
518.220000   1.576194
518.221000   1.572877
518.222000   1.570920
518.223000   1.570279
518.224000   1.571017
518.225000   1.573318
518.226000   1.577465
518.227000   1.583755
518.228000   1.592327
518.229000   1.602967
518.230000   1.615156
518.231000   1.628358
518.232000   1.642167
518.233000   1.656302
518.234000   1.670580
518.235000   1.684912
518.236000   1.699330
518.237000   1.713979
518.238000   1.728951
518.239000   1.744057
518.240000   1.758891
518.241000   1.773108
518.242000   1.786543
518.243000   1.799156
518.244000   1.810933
518.245000   1.821834
518.246000   1.831815
518.247000   1.840879
518.248000   1.849024
518.249000   1.856025
518.250000   1.861388
518.251000   1.864584
518.252000   1.865259
518.253000   1.863316
518.254000   1.858904
518.255000   1.852374
518.256000   1.844235
518.257000   1.835082
518.258000   1.825439
518.259000   1.815649
518.260000   1.806013
518.261000   1.796921
518.262000   1.788818
518.263000   1.782066
518.264000   1.776808
518.265000   1.772963
518.266000   1.770377
518.267000   1.768983
518.268000   1.768680
518.269000   1.769027
518.270000   1.769287
518.271000   1.768778
518.272000   1.767105
518.273000   1.764242
518.274000   1.760509
518.275000   1.756443
518.276000   1.752655
518.277000   1.749768
518.278000   1.748213
518.279000   1.748062
518.280000   1.749258
518.281000   1.751823
518.282000   1.755835
518.283000   1.761356
518.284000   1.768413
518.285000   1.777026
518.286000   1.787226
518.287000   1.799047
518.288000   1.812435
518.289000   1.827183
518.290000   1.842962
518.291000   1.859350
518.292000   1.875860
518.293000   1.891971
518.294000   1.907159
518.295000   1.920954
518.296000   1.933005
518.297000   1.943074
518.298000   1.950820
518.299000   1.955639
518.300000   1.956900
518.301000   1.954198
518.302000   1.947334
518.303000   1.936281
518.304000   1.921328
518.305000   1.903225
518.306000   1.883119
518.307000   1.862240
518.308000   1.841464
518.309000   1.821216
518.310000   1.801767
518.311000   1.783467
518.312000   1.766793
518.313000   1.752244
518.314000   1.740137
518.315000   1.730458
518.316000   1.722983
518.317000   1.717436
518.318000   1.713421
518.319000   1.710352
518.320000   1.707613
518.321000   1.704716
518.322000   1.701357
518.323000   1.697428
518.324000   1.693052
518.325000   1.688610
518.326000   1.684712
518.327000   1.681961
518.328000   1.680659
518.329000   1.680841
518.330000   1.682521
518.331000   1.685765
518.332000   1.690624
518.333000   1.697083
518.334000   1.705074
518.335000   1.714558
518.336000   1.725567
518.337000   1.738034
518.338000   1.751510
518.339000   1.765228
518.340000   1.778376
518.341000   1.790266
518.342000   1.800398
518.343000   1.808506
518.344000   1.814584
518.345000   1.818878
518.346000   1.821769
518.347000   1.823419
518.348000   1.823586
518.349000   1.821931
518.350000   1.818291
518.351000   1.812614
518.352000   1.804845
518.353000   1.794977
518.354000   1.783180
518.355000   1.769879
518.356000   1.755640
518.357000   1.740870
518.358000   1.725703
518.359000   1.710231
518.360000   1.694682
518.361000   1.679411
518.362000   1.664771
518.363000   1.651024
518.364000   1.638402
518.365000   1.627189
518.366000   1.617559
518.367000   1.609291
518.368000   1.601910
518.369000   1.595060
518.370000   1.588644
518.371000   1.582776
518.372000   1.577699
518.373000   1.573713
518.374000   1.571136
518.375000   1.570275
518.376000   1.571283
518.377000   1.574071
518.378000   1.578446
518.379000   1.584240
518.380000   1.591289
518.381000   1.599388
518.382000   1.608291
518.383000   1.617769
518.384000   1.627679
518.385000   1.637923
518.386000   1.648171
518.387000   1.657637
518.388000   1.665329
518.389000   1.670421
518.390000   1.672411
518.391000   1.671168
518.392000   1.666917
518.393000   1.660225
518.394000   1.651897
518.395000   1.642731
518.396000   1.633277
518.397000   1.623912
518.398000   1.615001
518.399000   1.606904
518.400000   1.599916
518.401000   1.594251
518.402000   1.590048
518.403000   1.587404
518.404000   1.586400
518.405000   1.587038
518.406000   1.589053
518.407000   1.591861
518.408000   1.594750
518.409000   1.597055
518.410000   1.598229
518.411000   1.597894
518.412000   1.595926
518.413000   1.592540
518.414000   1.588255
518.415000   1.583586
518.416000   1.578701
518.417000   1.573550
518.418000   1.568149
518.419000   1.562628
518.420000   1.557184
518.421000   1.552059
518.422000   1.547549
518.423000   1.544032
518.424000   1.541941
518.425000   1.541655
518.426000   1.543364
518.427000   1.547100
518.428000   1.552828
518.429000   1.560494
518.430000   1.570028
518.431000   1.581348
518.432000   1.594414
518.433000   1.609287
518.434000   1.626115
518.435000   1.644885
518.436000   1.665165
518.437000   1.686247
518.438000   1.707396
518.439000   1.727923
518.440000   1.747185
518.441000   1.764613
518.442000   1.779770
518.443000   1.792391
518.444000   1.802288
518.445000   1.809151
518.446000   1.812570
518.447000   1.812301
518.448000   1.808407
518.449000   1.801191
518.450000   1.791100
518.451000   1.778660
518.452000   1.764460
518.453000   1.749165
518.454000   1.733459
518.455000   1.717878
518.456000   1.702704
518.457000   1.688126
518.458000   1.674395
518.459000   1.661854
518.460000   1.650905
518.461000   1.641985
518.462000   1.635577
518.463000   1.632181
518.464000   1.632158
518.465000   1.635478
518.466000   1.641747
518.467000   1.650462
518.468000   1.661141
518.469000   1.673322
518.470000   1.686537
518.471000   1.700309
518.472000   1.714179
518.473000   1.727703
518.474000   1.740311
518.475000   1.751110
518.476000   1.758992
518.477000   1.762987
518.478000   1.762501
518.479000   1.757369
518.480000   1.747847
518.481000   1.734582
518.482000   1.718576
518.483000   1.701048
518.484000   1.683116
518.485000   1.665532
518.486000   1.648779
518.487000   1.633264
518.488000   1.619386
518.489000   1.607532
518.490000   1.598093
518.491000   1.591498
518.492000   1.588203
518.493000   1.588558
518.494000   1.592506
518.495000   1.599449
518.496000   1.608508
518.497000   1.618798
518.498000   1.629551
518.499000   1.640160
518.500000   1.650190
518.501000   1.659389
518.501000   1.659389
518.502000   1.667658
518.503000   1.674888
518.504000   1.680695
518.505000   1.684433
518.506000   1.685518
518.507000   1.683670
518.508000   1.678942
518.509000   1.671696
518.510000   1.662554
518.511000   1.652361
518.512000   1.642062
518.513000   1.632418
518.514000   1.623786
518.515000   1.616297
518.516000   1.610098
518.517000   1.605373
518.518000   1.602254
518.519000   1.600787
518.520000   1.600971
518.521000   1.602834
518.522000   1.606396
518.523000   1.611474
518.524000   1.617544
518.525000   1.623915
518.526000   1.629973
518.527000   1.635277
518.528000   1.639573
518.529000   1.642806
518.530000   1.645149
518.531000   1.646995
518.532000   1.648807
518.533000   1.650808
518.534000   1.652896
518.535000   1.654884
518.536000   1.656703
518.537000   1.658427
518.538000   1.660239
518.539000   1.662403
518.540000   1.665235
518.541000   1.669043
518.542000   1.674025
518.543000   1.680172
518.544000   1.687332
518.545000   1.695329
518.546000   1.704017
518.547000   1.713263
518.548000   1.722929
518.549000   1.732877
518.550000   1.743015
518.551000   1.753303
518.552000   1.763596
518.553000   1.773434
518.554000   1.782123
518.555000   1.788990
518.556000   1.793510
518.557000   1.795350
518.558000   1.794397
518.559000   1.790808
518.560000   1.784985
518.561000   1.777406
518.562000   1.768373
518.563000   1.757990
518.564000   1.746397
518.565000   1.733881
518.566000   1.720846
518.567000   1.707747
518.568000   1.695053
518.569000   1.683237
518.570000   1.672782
518.571000   1.664149
518.572000   1.657699
518.573000   1.653613
518.574000   1.651906
518.575000   1.652479
518.576000   1.655142
518.577000   1.659660
518.578000   1.665816
518.579000   1.673494
518.580000   1.682697
518.581000   1.693364
518.582000   1.705093
518.583000   1.717167
518.584000   1.728851
518.585000   1.739545
518.586000   1.748811
518.587000   1.756362
518.588000   1.762064
518.589000   1.765929
518.590000   1.768034
518.591000   1.768346
518.592000   1.766651
518.593000   1.762720
518.594000   1.756487
518.595000   1.748084
518.596000   1.737828
518.597000   1.726199
518.598000   1.713827
518.599000   1.701464
518.600000   1.689866
518.601000   1.679563
518.602000   1.670749
518.603000   1.663423
518.604000   1.657550
518.605000   1.653118
518.606000   1.650138
518.607000   1.648636
518.608000   1.648652
518.609000   1.650228
518.610000   1.653338
518.611000   1.657770
518.612000   1.663106
518.613000   1.668834
518.614000   1.674469
518.615000   1.679584
518.616000   1.683836
518.617000   1.686999
518.618000   1.689005
518.619000   1.689951
518.620000   1.689974
518.621000   1.689045
518.622000   1.686988
518.623000   1.683688
518.624000   1.679214
518.625000   1.673817
518.626000   1.667902
518.627000   1.662012
518.628000   1.656828
518.629000   1.653099
518.630000   1.651485
518.631000   1.652433
518.632000   1.656218
518.633000   1.663012
518.634000   1.672863
518.635000   1.685660
518.636000   1.701134
518.637000   1.718902
518.638000   1.738523
518.639000   1.759507
518.640000   1.781224
518.641000   1.802799
518.642000   1.823181
518.643000   1.841291
518.644000   1.856147
518.645000   1.866944
518.646000   1.873139
518.647000   1.874522
518.648000   1.871248
518.649000   1.863696
518.650000   1.852193
518.651000   1.836966
518.652000   1.818360
518.653000   1.796956
518.654000   1.773527
518.655000   1.748941
518.656000   1.724106
518.657000   1.699927
518.658000   1.677267
518.659000   1.656854
518.660000   1.639180
518.661000   1.624532
518.662000   1.613071
518.663000   1.604872
518.664000   1.599925
518.665000   1.598149
518.666000   1.599426
518.667000   1.603654
518.668000   1.610731
518.669000   1.620405
518.670000   1.632137
518.671000   1.645182
518.672000   1.658768
518.673000   1.672212
518.674000   1.684949
518.675000   1.696565
518.676000   1.706812
518.677000   1.715593
518.678000   1.722844
518.679000   1.728399
518.680000   1.731980
518.681000   1.733336
518.682000   1.732346
518.683000   1.729044
518.684000   1.723610
518.685000   1.716376
518.686000   1.707811
518.687000   1.698498
518.688000   1.689017
518.689000   1.679820
518.690000   1.671215
518.691000   1.663453
518.692000   1.656751
518.693000   1.651238
518.694000   1.646901
518.695000   1.643582
518.696000   1.641039
518.697000   1.638967
518.698000   1.636949
518.699000   1.634452
518.700000   1.630936
518.701000   1.625973
518.702000   1.619287
518.703000   1.610736
518.704000   1.600292
518.705000   1.588040
518.706000   1.574178
518.707000   1.558986
518.708000   1.542740
518.709000   1.525645
518.710000   1.507866
518.711000   1.489602
518.712000   1.471133
518.713000   1.452826
518.714000   1.435145
518.715000   1.418648
518.716000   1.403951
518.717000   1.391613
518.718000   1.381999
518.719000   1.375298
518.720000   1.371651
518.721000   1.371238
518.722000   1.374269
518.723000   1.380940
518.724000   1.391373
518.725000   1.405565
518.726000   1.423343
518.727000   1.444300
518.728000   1.467767
518.729000   1.492826
518.730000   1.518382
518.731000   1.543234
518.732000   1.566135
518.733000   1.585873
518.734000   1.601379
518.735000   1.611852
518.736000   1.616844
518.737000   1.616225
518.738000   1.610090
518.739000   1.598776
518.740000   1.582962
518.741000   1.563672
518.742000   1.542167
518.743000   1.519809
518.744000   1.497929
518.745000   1.477727
518.746000   1.460183
518.747000   1.445974
518.748000   1.435460
518.749000   1.428752
518.750000   1.425798
518.751000   1.426441
518.752000   1.430448
518.753000   1.437542
518.754000   1.447415
518.755000   1.459740
518.756000   1.474135
518.757000   1.490092
518.758000   1.506928
518.759000   1.523858
518.760000   1.540144
518.761000   1.555193
518.762000   1.568610
518.763000   1.580208
518.764000   1.590002
518.765000   1.598164
518.766000   1.604917
518.767000   1.610415
518.768000   1.614733
518.769000   1.617955
518.770000   1.620240
518.771000   1.621819
518.772000   1.622978
518.773000   1.624043
518.774000   1.625374
518.775000   1.627334
518.776000   1.630197
518.777000   1.634057
518.778000   1.638817
518.779000   1.644296
518.780000   1.650320
518.781000   1.656765
518.782000   1.663531
518.783000   1.670514
518.784000   1.677612
518.785000   1.684730
518.786000   1.691701
518.787000   1.698209
518.788000   1.703866
518.789000   1.708349
518.790000   1.711479
518.791000   1.713222
518.792000   1.713661
518.793000   1.712971
518.794000   1.711395
518.795000   1.709182
518.796000   1.706497
518.797000   1.703384
518.798000   1.699832
518.799000   1.695860
518.800000   1.691575
518.801000   1.687190
518.802000   1.683030
518.803000   1.679531
518.804000   1.677189
518.805000   1.676446
518.806000   1.677548
518.807000   1.680503
518.808000   1.685150
518.809000   1.691253
518.810000   1.698590
518.811000   1.706979
518.812000   1.716268
518.813000   1.726295
518.814000   1.736837
518.815000   1.747548
518.816000   1.757963
518.817000   1.767574
518.818000   1.775931
518.819000   1.782676
518.820000   1.787542
518.821000   1.790353
518.822000   1.791050
518.823000   1.789700
518.824000   1.786449
518.825000   1.781440
518.826000   1.774799
518.827000   1.766699
518.828000   1.757417
518.829000   1.747312
518.830000   1.736715
518.831000   1.725862
518.832000   1.714941
518.833000   1.704195
518.834000   1.693930
518.835000   1.684455
518.836000   1.676028
518.837000   1.668857
518.838000   1.663109
518.839000   1.658914
518.840000   1.656378
518.841000   1.655617
518.842000   1.656756
518.843000   1.659873
518.844000   1.664880
518.845000   1.671476
518.846000   1.679177
518.847000   1.687410
518.848000   1.695598
518.849000   1.703212
518.850000   1.709821
518.851000   1.715116
518.852000   1.718944
518.853000   1.721296
518.854000   1.722281
518.855000   1.722088
518.856000   1.720982
518.857000   1.719295
518.858000   1.717400
518.859000   1.715710
518.860000   1.714686
518.861000   1.714820
518.862000   1.716589
518.863000   1.720380
518.864000   1.726408
518.865000   1.734654
518.866000   1.744897
518.867000   1.756788
518.868000   1.769926
518.869000   1.783881
518.870000   1.798149
518.871000   1.812071
518.872000   1.824850
518.873000   1.835659
518.874000   1.843753
518.875000   1.848547
518.876000   1.849652
518.877000   1.846880
518.878000   1.840226
518.879000   1.829850
518.880000   1.816078
518.881000   1.799418
518.882000   1.780543
518.883000   1.760229
518.884000   1.739262
518.885000   1.718362
518.886000   1.698166
518.887000   1.679254
518.888000   1.662179
518.889000   1.647467
518.890000   1.635611
518.891000   1.627028
518.892000   1.621997
518.893000   1.620583
518.894000   1.622613
518.895000   1.627762
518.896000   1.635657
518.897000   1.645915
518.898000   1.658082
518.899000   1.671595
518.900000   1.685833
518.901000   1.700214
518.902000   1.714232
518.903000   1.727445
518.904000   1.739420
518.905000   1.749715
518.906000   1.757910
518.907000   1.763651
518.908000   1.766704
518.909000   1.767009
518.910000   1.764719
518.911000   1.760195
518.912000   1.753916
518.913000   1.746328
518.914000   1.737750
518.915000   1.728420
518.916000   1.718592
518.917000   1.708603
518.918000   1.698868
518.919000   1.689854
518.920000   1.682019
518.921000   1.675740
518.922000   1.671233
518.923000   1.668520
518.924000   1.667461
518.925000   1.667810
518.926000   1.669254
518.927000   1.671450
518.928000   1.674068
518.929000   1.676820
518.930000   1.679456
518.931000   1.681739
518.932000   1.683411
518.933000   1.684192
518.934000   1.683814
518.935000   1.682079
518.936000   1.678884
518.937000   1.674224
518.938000   1.668212
518.939000   1.661107
518.940000   1.653308
518.941000   1.645262
518.942000   1.637359
518.943000   1.629890
518.944000   1.623103
518.945000   1.617261
518.946000   1.612673
518.947000   1.609686
518.948000   1.608632
518.949000   1.609743
518.950000   1.613083
518.951000   1.618559
518.952000   1.625951
518.953000   1.634938
518.954000   1.645128
518.955000   1.656075
518.956000   1.667306
518.957000   1.678353
518.958000   1.688789
518.959000   1.698236
518.960000   1.706352
518.961000   1.712791
518.962000   1.717196
518.963000   1.719235
518.964000   1.718671
518.965000   1.715412
518.966000   1.709530
518.967000   1.701271
518.968000   1.691035
518.969000   1.679335
518.970000   1.666743
518.971000   1.653839
518.972000   1.641220
518.973000   1.629507
518.974000   1.619300
518.975000   1.611044
518.976000   1.604948
518.977000   1.601056
518.978000   1.599359
518.979000   1.599840
518.980000   1.602435
518.981000   1.606976
518.982000   1.613144
518.983000   1.620462
518.984000   1.628336
518.985000   1.636134
518.986000   1.643265
518.987000   1.649236
518.988000   1.653664
518.989000   1.656232
518.990000   1.656683
518.991000   1.654865
518.992000   1.650800
518.993000   1.644700
518.994000   1.636934
518.995000   1.627961
518.996000   1.618283
518.997000   1.608392
518.998000   1.598749
518.999000   1.589780
519.000000   1.581882
519.001000   1.575440
519.001000   1.575440
519.002000   1.570788
519.003000   1.568157
519.004000   1.567650
519.005000   1.569265
519.006000   1.572912
519.007000   1.578413
519.008000   1.585481
519.009000   1.593700
519.010000   1.602548
519.011000   1.611455
519.012000   1.619886
519.013000   1.627414
519.014000   1.633773
519.015000   1.638879
519.016000   1.642746
519.017000   1.645357
519.018000   1.646645
519.019000   1.646567
519.020000   1.645171
519.021000   1.642590
519.022000   1.639021
519.023000   1.634684
519.024000   1.629803
519.025000   1.624593
519.026000   1.619254
519.027000   1.613955
519.028000   1.608805
519.029000   1.603827
519.030000   1.598967
519.031000   1.594171
519.032000   1.589468
519.033000   1.585017
519.034000   1.581100
519.035000   1.578078
519.036000   1.576314
519.037000   1.576101
519.038000   1.577613
519.039000   1.580922
519.040000   1.586022
519.041000   1.592835
519.042000   1.601200
519.043000   1.610868
519.044000   1.621535
519.045000   1.632883
519.046000   1.644588
519.047000   1.656295
519.048000   1.667590
519.049000   1.677991
519.050000   1.686983
519.051000   1.694059
519.052000   1.698792
519.053000   1.700898
519.054000   1.700268
519.055000   1.696939
519.056000   1.691036
519.057000   1.682740
519.058000   1.672281
519.059000   1.659964
519.060000   1.646194
519.061000   1.631481
519.062000   1.616445
519.063000   1.601787
519.064000   1.588230
519.065000   1.576411
519.066000   1.566775
519.067000   1.559535
519.068000   1.554738
519.069000   1.552351
519.070000   1.552305
519.071000   1.554496
519.072000   1.558760
519.073000   1.564841
519.074000   1.572380
519.075000   1.580938
519.076000   1.590033
519.077000   1.599184
519.078000   1.607928
519.079000   1.615815
519.080000   1.622432
519.081000   1.627474
519.082000   1.630818
519.083000   1.632528
519.084000   1.632792
519.085000   1.631849
519.086000   1.629957
519.087000   1.627418
519.088000   1.624611
519.089000   1.621993
519.090000   1.620053
519.091000   1.619257
519.092000   1.620006
519.093000   1.622585
519.094000   1.627111
519.095000   1.633500
519.096000   1.641487
519.097000   1.650679
519.098000   1.660630
519.099000   1.670895
519.100000   1.681048
519.101000   1.690663
519.102000   1.699274
519.103000   1.706390
519.104000   1.711549
519.105000   1.714367
519.106000   1.714567
519.107000   1.712007
519.108000   1.706712
519.109000   1.698883
519.110000   1.688904
519.111000   1.677288
519.112000   1.664613
519.113000   1.651428
519.114000   1.638224
519.115000   1.625427
519.116000   1.613399
519.117000   1.602428
519.118000   1.592721
519.119000   1.584415
519.120000   1.577617
519.121000   1.572444
519.122000   1.569055
519.123000   1.567566
519.124000   1.567880
519.125000   1.569640
519.126000   1.572377
519.127000   1.575663
519.128000   1.579185
519.129000   1.582760
519.130000   1.586345
519.131000   1.590039
519.132000   1.594034
519.133000   1.598505
519.134000   1.603511
519.135000   1.608999
519.136000   1.614900
519.137000   1.621183
519.138000   1.627860
519.139000   1.634954
519.140000   1.642483
519.141000   1.650438
519.142000   1.658768
519.143000   1.667355
519.144000   1.676014
519.145000   1.684507
519.146000   1.692572
519.147000   1.699943
519.148000   1.706384
519.149000   1.711732
519.150000   1.715930
519.151000   1.719039
519.152000   1.721207
519.153000   1.722634
519.154000   1.723537
519.155000   1.724146
519.156000   1.724699
519.157000   1.725428
519.158000   1.726538
519.159000   1.728191
519.160000   1.730501
519.161000   1.733506
519.162000   1.737146
519.163000   1.741246
519.164000   1.745532
519.165000   1.749665
519.166000   1.753282
519.167000   1.756036
519.168000   1.757634
519.169000   1.757867
519.170000   1.756627
519.171000   1.753874
519.172000   1.749617
519.173000   1.743910
519.174000   1.736884
519.175000   1.728742
519.176000   1.719739
519.177000   1.710145
519.178000   1.700244
519.179000   1.690329
519.180000   1.680697
519.181000   1.671595
519.182000   1.663202
519.183000   1.655620
519.184000   1.648918
519.185000   1.643152
519.186000   1.638396
519.187000   1.634748
519.188000   1.632329
519.189000   1.631248
519.190000   1.631516
519.191000   1.632979
519.192000   1.635316
519.193000   1.638111
519.194000   1.640920
519.195000   1.643316
519.196000   1.644910
519.197000   1.645378
519.198000   1.644489
519.199000   1.642115
519.200000   1.638200
519.201000   1.632701
519.202000   1.625569
519.203000   1.616821
519.204000   1.606626
519.205000   1.595314
519.206000   1.583327
519.207000   1.571153
519.208000   1.559270
519.209000   1.548100
519.210000   1.537987
519.211000   1.529227
519.212000   1.522117
519.213000   1.516920
519.214000   1.513760
519.215000   1.512611
519.216000   1.513408
519.217000   1.516116
519.218000   1.520718
519.219000   1.527151
519.220000   1.535274
519.221000   1.544891
519.222000   1.555803
519.223000   1.567844
519.224000   1.580857
519.225000   1.594640
519.226000   1.608911
519.227000   1.623335
519.228000   1.637581
519.229000   1.651335
519.230000   1.664287
519.231000   1.676133
519.232000   1.686600
519.233000   1.695494
519.234000   1.702727
519.235000   1.708343
519.236000   1.712516
519.237000   1.715499
519.238000   1.717554
519.239000   1.718874
519.240000   1.719598
519.241000   1.719862
519.242000   1.719866
519.243000   1.719867
519.244000   1.720144
519.245000   1.720934
519.246000   1.722395
519.247000   1.724571
519.248000   1.727410
519.249000   1.730786
519.250000   1.734529
519.251000   1.738441
519.252000   1.742323
519.253000   1.746006
519.254000   1.749386
519.255000   1.752420
519.256000   1.755094
519.257000   1.757365
519.258000   1.759111
519.259000   1.760149
519.260000   1.760299
519.261000   1.759439
519.262000   1.757489
519.263000   1.754392
519.264000   1.750113
519.265000   1.744690
519.266000   1.738251
519.267000   1.731002
519.268000   1.723199
519.269000   1.715128
519.270000   1.707093
519.271000   1.699392
519.272000   1.692298
519.273000   1.686041
519.274000   1.680807
519.275000   1.676711
519.276000   1.673752
519.277000   1.671772
519.278000   1.670457
519.279000   1.669401
519.280000   1.668192
519.281000   1.666499
519.282000   1.664113
519.283000   1.660981
519.284000   1.657208
519.285000   1.652999
519.286000   1.648571
519.287000   1.644068
519.288000   1.639556
519.289000   1.635085
519.290000   1.630746
519.291000   1.626684
519.292000   1.623057
519.293000   1.619998
519.294000   1.617610
519.295000   1.616003
519.296000   1.615327
519.297000   1.615761
519.298000   1.617412
519.299000   1.620186
519.300000   1.623783
519.301000   1.627849
519.302000   1.632129
519.303000   1.636523
519.304000   1.641075
519.305000   1.645891
519.306000   1.651038
519.307000   1.656492
519.308000   1.662176
519.309000   1.667970
519.310000   1.673698
519.311000   1.679157
519.312000   1.684178
519.313000   1.688638
519.314000   1.692425
519.315000   1.695383
519.316000   1.697329
519.317000   1.698115
519.318000   1.697692
519.319000   1.696100
519.320000   1.693415
519.321000   1.689729
519.322000   1.685196
519.323000   1.680086
519.324000   1.674785
519.325000   1.669736
519.326000   1.665392
519.327000   1.662211
519.328000   1.660637
519.329000   1.661036
519.330000   1.663617
519.331000   1.668424
519.332000   1.675388
519.333000   1.684355
519.334000   1.695053
519.335000   1.707046
519.336000   1.719765
519.337000   1.732602
519.338000   1.744995
519.339000   1.756490
519.340000   1.766766
519.341000   1.775629
519.342000   1.782976
519.343000   1.788724
519.344000   1.792734
519.345000   1.794804
519.346000   1.794748
519.347000   1.792498
519.348000   1.788172
519.349000   1.782090
519.350000   1.774747
519.351000   1.766739
519.352000   1.758639
519.353000   1.750892
519.354000   1.743771
519.355000   1.737430
519.356000   1.731969
519.357000   1.727470
519.358000   1.724004
519.359000   1.721635
519.360000   1.720416
519.361000   1.720388
519.362000   1.721557
519.363000   1.723847
519.364000   1.727057
519.365000   1.730850
519.366000   1.734805
519.367000   1.738494
519.368000   1.741573
519.369000   1.743827
519.370000   1.745191
519.371000   1.745725
519.372000   1.745552
519.373000   1.744773
519.374000   1.743411
519.375000   1.741425
519.376000   1.738762
519.377000   1.735431
519.378000   1.731580
519.379000   1.727511
519.380000   1.723618
519.381000   1.720298
519.382000   1.717841
519.383000   1.716364
519.384000   1.715799
519.385000   1.715981
519.386000   1.716764
519.387000   1.718109
519.388000   1.720068
519.389000   1.722718
519.390000   1.726141
519.391000   1.730446
519.392000   1.735746
519.393000   1.742042
519.394000   1.749158
519.395000   1.756779
519.396000   1.764546
519.397000   1.772131
519.398000   1.779265
519.399000   1.785719
519.400000   1.791262
519.401000   1.795638
519.402000   1.798550
519.403000   1.799675
519.404000   1.798708
519.405000   1.795451
519.406000   1.789875
519.407000   1.782155
519.408000   1.772656
519.409000   1.761914
519.410000   1.750598
519.411000   1.739448
519.412000   1.729154
519.413000   1.720222
519.414000   1.712926
519.415000   1.707344
519.416000   1.703436
519.417000   1.701130
519.418000   1.700386
519.419000   1.701235
519.420000   1.703775
519.421000   1.708127
519.422000   1.714342
519.423000   1.722311
519.424000   1.731732
519.425000   1.742159
519.426000   1.753076
519.427000   1.763983
519.428000   1.774468
519.429000   1.784226
519.430000   1.793051
519.431000   1.800785
519.432000   1.807262
519.433000   1.812265
519.434000   1.815569
519.435000   1.816999
519.436000   1.816476
519.437000   1.814025
519.438000   1.809806
519.439000   1.804137
519.440000   1.797474
519.441000   1.790327
519.442000   1.783165
519.443000   1.776380
519.444000   1.770302
519.445000   1.765220
519.446000   1.761374
519.447000   1.758927
519.448000   1.757945
519.449000   1.758403
519.450000   1.760191
519.451000   1.763105
519.452000   1.766838
519.453000   1.770968
519.454000   1.774994
519.455000   1.778402
519.456000   1.780726
519.457000   1.781596
519.458000   1.780772
519.459000   1.778184
519.460000   1.773916
519.461000   1.768147
519.462000   1.761089
519.463000   1.753012
519.464000   1.744324
519.465000   1.735562
519.466000   1.727314
519.467000   1.720125
519.468000   1.714444
519.469000   1.710624
519.470000   1.708918
519.471000   1.709480
519.472000   1.712327
519.473000   1.717328
519.474000   1.724217
519.475000   1.732615
519.476000   1.742055
519.477000   1.752014
519.478000   1.761955
519.479000   1.771355
519.480000   1.779694
519.481000   1.786407
519.482000   1.790835
519.483000   1.792277
519.484000   1.790144
519.485000   1.784074
519.486000   1.773975
519.487000   1.760009
519.488000   1.742556
519.489000   1.722152
519.490000   1.699414
519.491000   1.674968
519.492000   1.649422
519.493000   1.623390
519.494000   1.597507
519.495000   1.572426
519.496000   1.548798
519.497000   1.527238
519.498000   1.508279
519.499000   1.492341
519.500000   1.479689
519.501000   1.470418
519.501000   1.470418
519.502000   1.464463
519.503000   1.461658
519.504000   1.461758
519.505000   1.464413
519.506000   1.469144
519.507000   1.475451
519.508000   1.482938
519.509000   1.491328
519.510000   1.500349
519.511000   1.509628
519.512000   1.518670
519.513000   1.526957
519.514000   1.534027
519.515000   1.539523
519.516000   1.543215
519.517000   1.545029
519.518000   1.545041
519.519000   1.543445
519.520000   1.540465
519.521000   1.536282
519.522000   1.531023
519.523000   1.524813
519.524000   1.517830
519.525000   1.510344
519.526000   1.502740
519.527000   1.495521
519.528000   1.489279
519.529000   1.484596
519.530000   1.481901
519.531000   1.481386
519.532000   1.483046
519.533000   1.486775
519.534000   1.492441
519.535000   1.499927
519.536000   1.509137
519.537000   1.519960
519.538000   1.532214
519.539000   1.545598
519.540000   1.559653
519.541000   1.573762
519.542000   1.587200
519.543000   1.599241
519.544000   1.609250
519.545000   1.616757
519.546000   1.621485
519.547000   1.623378
519.548000   1.622604
519.549000   1.619509
519.550000   1.614509
519.551000   1.607996
519.552000   1.600350
519.553000   1.592002
519.554000   1.583462
519.555000   1.575297
519.556000   1.568090
519.557000   1.562408
519.558000   1.558764
519.559000   1.557590
519.560000   1.559204
519.561000   1.563811
519.562000   1.571539
519.563000   1.582450
519.564000   1.596524
519.565000   1.613612
519.566000   1.633408
519.567000   1.655423
519.568000   1.679004
519.569000   1.703359
519.570000   1.727587
519.571000   1.750700
519.572000   1.771648
519.573000   1.789327
519.574000   1.802636
519.575000   1.810621
519.576000   1.812661
519.577000   1.808576
519.578000   1.798618
519.579000   1.783357
519.580000   1.763541
519.581000   1.740013
519.582000   1.713706
519.583000   1.685633
519.584000   1.656861
519.585000   1.628469
519.586000   1.601492
519.587000   1.576864
519.588000   1.555360
519.589000   1.537533
519.590000   1.523656
519.591000   1.513720
519.592000   1.507491
519.593000   1.504589
519.594000   1.504561
519.595000   1.506948
519.596000   1.511345
519.597000   1.517428
519.598000   1.524934
519.599000   1.533575
519.600000   1.542985
519.601000   1.552775
519.602000   1.562658
519.603000   1.572525
519.604000   1.582434
519.605000   1.592545
519.606000   1.603036
519.607000   1.614020
519.608000   1.625488
519.609000   1.637309
519.610000   1.649296
519.611000   1.661273
519.612000   1.673065
519.613000   1.684444
519.614000   1.695127
519.615000   1.704867
519.616000   1.713538
519.617000   1.721160
519.618000   1.727866
519.619000   1.733822
519.620000   1.739184
519.621000   1.744100
519.622000   1.748695
519.623000   1.753028
519.624000   1.757050
519.625000   1.760648
519.626000   1.763703
519.627000   1.766097
519.628000   1.767630
519.629000   1.767953
519.630000   1.766630
519.631000   1.763252
519.632000   1.757540
519.633000   1.749382
519.634000   1.738852
519.635000   1.726204
519.636000   1.711829
519.637000   1.696188
519.638000   1.679737
519.639000   1.662913
519.640000   1.646158
519.641000   1.629936
519.642000   1.614729
519.643000   1.601035
519.644000   1.589372
519.645000   1.580273
519.646000   1.574272
519.647000   1.571817
519.648000   1.573179
519.649000   1.578435
519.650000   1.587515
519.651000   1.600251
519.652000   1.616393
519.653000   1.635617
519.654000   1.657551
519.655000   1.681784
519.656000   1.707835
519.657000   1.735075
519.658000   1.762673
519.659000   1.789638
519.660000   1.814914
519.661000   1.837452
519.662000   1.856280
519.663000   1.870567
519.664000   1.879692
519.665000   1.883309
519.666000   1.881382
519.667000   1.874173
519.668000   1.862221
519.669000   1.846324
519.670000   1.827507
519.671000   1.806943
519.672000   1.785844
519.673000   1.765363
519.674000   1.746529
519.675000   1.730206
519.676000   1.717055
519.677000   1.707497
519.678000   1.701701
519.679000   1.699588
519.680000   1.700809
519.681000   1.704789
519.682000   1.710825
519.683000   1.718188
519.684000   1.726171
519.685000   1.734092
519.686000   1.741269
519.687000   1.747011
519.688000   1.750702
519.689000   1.751926
519.690000   1.750538
519.691000   1.746634
519.692000   1.740442
519.693000   1.732241
519.694000   1.722360
519.695000   1.711181
519.696000   1.699071
519.697000   1.686308
519.698000   1.673113
519.699000   1.659743
519.700000   1.646585
519.701000   1.634182
519.702000   1.623241
519.703000   1.614583
519.704000   1.608977
519.705000   1.606906
519.706000   1.608460
519.707000   1.613450
519.708000   1.621585
519.709000   1.632571
519.710000   1.646119
519.711000   1.661901
519.712000   1.679521
519.713000   1.698503
519.714000   1.718306
519.715000   1.738293
519.716000   1.757635
519.717000   1.775275
519.718000   1.790082
519.719000   1.801095
519.720000   1.807666
519.721000   1.809504
519.722000   1.806661
519.723000   1.799478
519.724000   1.788492
519.725000   1.774292
519.726000   1.757417
519.727000   1.738396
519.728000   1.717849
519.729000   1.696459
519.730000   1.674854
519.731000   1.653592
519.732000   1.633266
519.733000   1.614537
519.734000   1.598055
519.735000   1.584305
519.736000   1.573522
519.737000   1.565726
519.738000   1.560838
519.739000   1.558776
519.740000   1.559504
519.741000   1.562986
519.742000   1.569070
519.743000   1.577459
519.744000   1.587784
519.745000   1.599636
519.746000   1.612542
519.747000   1.625984
519.748000   1.639432
519.749000   1.652371
519.750000   1.664349
519.751000   1.675054
519.752000   1.684368
519.753000   1.692312
519.754000   1.698901
519.755000   1.704065
519.756000   1.707740
519.757000   1.709988
519.758000   1.711033
519.759000   1.711221
519.760000   1.710977
519.761000   1.710776
519.762000   1.711127
519.763000   1.712530
519.764000   1.715338
519.765000   1.719556
519.766000   1.724755
519.767000   1.730251
519.768000   1.735347
519.769000   1.739475
519.770000   1.742223
519.771000   1.743329
519.772000   1.742650
519.773000   1.740087
519.774000   1.735491
519.775000   1.728687
519.776000   1.719606
519.777000   1.708342
519.778000   1.695066
519.779000   1.679978
519.780000   1.663319
519.781000   1.645394
519.782000   1.626554
519.783000   1.607157
519.784000   1.587531
519.785000   1.567983
519.786000   1.548894
519.787000   1.530808
519.788000   1.514408
519.789000   1.500320
519.790000   1.488945
519.791000   1.480550
519.792000   1.475412
519.793000   1.473772
519.794000   1.475703
519.795000   1.481087
519.796000   1.489694
519.797000   1.501227
519.798000   1.515331
519.799000   1.531571
519.800000   1.549386
519.801000   1.568049
519.802000   1.586708
519.803000   1.604452
519.804000   1.620356
519.805000   1.633573
519.806000   1.643437
519.807000   1.649530
519.808000   1.651704
519.809000   1.650093
519.810000   1.645130
519.811000   1.637538
519.812000   1.628258
519.813000   1.618241
519.814000   1.608195
519.815000   1.598461
519.816000   1.589147
519.817000   1.580312
519.818000   1.572042
519.819000   1.564441
519.820000   1.557606
519.821000   1.551593
519.822000   1.546359
519.823000   1.541727
519.824000   1.537448
519.825000   1.533312
519.826000   1.529163
519.827000   1.524864
519.828000   1.520311
519.829000   1.515462
519.830000   1.510346
519.831000   1.505030
519.832000   1.499556
519.833000   1.493882
519.834000   1.487910
519.835000   1.481584
519.836000   1.474978
519.837000   1.468309
519.838000   1.461838
519.839000   1.455781
519.840000   1.450368
519.841000   1.445919
519.842000   1.442748
519.843000   1.441060
519.844000   1.440962
519.845000   1.442546
519.846000   1.445928
519.847000   1.451262
519.848000   1.458741
519.849000   1.468560
519.850000   1.480837
519.851000   1.495523
519.852000   1.512374
519.853000   1.530987
519.854000   1.550860
519.855000   1.571451
519.856000   1.592196
519.857000   1.612535
519.858000   1.631962
519.859000   1.650078
519.860000   1.666597
519.861000   1.681242
519.862000   1.693633
519.863000   1.703344
519.864000   1.710064
519.865000   1.713672
519.866000   1.714207
519.867000   1.711817
519.868000   1.706738
519.869000   1.699313
519.870000   1.689986
519.871000   1.679211
519.872000   1.667352
519.873000   1.654685
519.874000   1.641485
519.875000   1.628041
519.876000   1.614650
519.877000   1.601611
519.878000   1.589238
519.879000   1.577858
519.880000   1.567766
519.881000   1.559153
519.882000   1.552098
519.883000   1.546659
519.884000   1.542925
519.885000   1.540966
519.886000   1.540786
519.887000   1.542345
519.888000   1.545623
519.889000   1.550632
519.890000   1.557360
519.891000   1.565699
519.892000   1.575418
519.893000   1.586233
519.894000   1.597887
519.895000   1.610184
519.896000   1.622977
519.897000   1.636122
519.898000   1.649460
519.899000   1.662815
519.900000   1.675957
519.901000   1.688567
519.902000   1.700266
519.903000   1.710714
519.904000   1.719679
519.905000   1.727085
519.906000   1.733012
519.907000   1.737656
519.908000   1.741258
519.909000   1.744026
519.910000   1.746029
519.911000   1.747156
519.912000   1.747175
519.913000   1.745833
