516.966000   1.769343
516.967000   1.762321
516.968000   1.754654
516.969000   1.746802
516.970000   1.739299
516.971000   1.732590
516.972000   1.726974
516.973000   1.722646
516.974000   1.719747
516.975000   1.718388
516.976000   1.718672
516.977000   1.720731
516.978000   1.724731
516.979000   1.730812
516.980000   1.738980
516.981000   1.749009
516.982000   1.760460
516.983000   1.772778
516.984000   1.785378
516.985000   1.797670
516.986000   1.809068
516.987000   1.818992
516.988000   1.826912
516.989000   1.832398
516.990000   1.835115
516.991000   1.834784
516.992000   1.831198
516.993000   1.824297
516.994000   1.814220
516.995000   1.801305
516.996000   1.786055
516.997000   1.769084
516.998000   1.751076
516.999000   1.732719
517.000000   1.714638
517.001000   1.697342
517.002000   1.681257
517.003000   1.666767
517.004000   1.654238
517.005000   1.643995
517.006000   1.636307
517.007000   1.631374
517.008000   1.629329
517.009000   1.630218
517.010000   1.633944
517.011000   1.640229
517.012000   1.648653
517.013000   1.658734
517.014000   1.670007
517.015000   1.682061
517.016000   1.694550
517.017000   1.707174
517.018000   1.719665
517.019000   1.731745
517.020000   1.743068
517.021000   1.753214
517.022000   1.761767
517.023000   1.768416
517.024000   1.773004
517.025000   1.775542
517.026000   1.776197
517.027000   1.775270
517.028000   1.773163
517.029000   1.770321
517.030000   1.767162
517.031000   1.764046
517.032000   1.761300
517.033000   1.759235
517.034000   1.758106
517.035000   1.758063
517.036000   1.759163
517.037000   1.761423
517.038000   1.764854
517.039000   1.769407
517.040000   1.774890
517.041000   1.780954
517.042000   1.787175
517.043000   1.793141
517.044000   1.798493
517.045000   1.802938
517.046000   1.806268
517.047000   1.808375
517.048000   1.809253
517.049000   1.808951
517.050000   1.807519
517.051000   1.804979
517.052000   1.801353
517.053000   1.796709
517.054000   1.791199
517.055000   1.785095
517.056000   1.778794
517.057000   1.772797
517.058000   1.767645
517.059000   1.763814
517.060000   1.761634
517.061000   1.761277
517.062000   1.762819
517.063000   1.766294
517.064000   1.771709
517.065000   1.779030
517.066000   1.788156
517.067000   1.798887
517.068000   1.810896
517.069000   1.823702
517.070000   1.836659
517.071000   1.849001
517.072000   1.859935
517.073000   1.868749
517.074000   1.874885
517.075000   1.878000
517.076000   1.878001
517.077000   1.875043
517.078000   1.869479
517.079000   1.861747
517.080000   1.852255
517.081000   1.841343
517.082000   1.829335
517.083000   1.816592
517.084000   1.803525
517.085000   1.790577
517.086000   1.778198
517.087000   1.766812
517.088000   1.756765
517.089000   1.748272
517.090000   1.741368
517.091000   1.735961
517.092000   1.731923
517.093000   1.729151
517.094000   1.727596
517.095000   1.727262
517.096000   1.728209
517.097000   1.730532
517.098000   1.734314
517.099000   1.739536
517.100000   1.746018
517.101000   1.753457
517.102000   1.761514
517.103000   1.769880
517.104000   1.778311
517.105000   1.786652
517.106000   1.794840
517.107000   1.802894
517.108000   1.810851
517.109000   1.818717
517.110000   1.826458
517.111000   1.834049
517.112000   1.841514
517.113000   1.848914
517.114000   1.856325
517.115000   1.863808
517.116000   1.871404
517.117000   1.879114
517.118000   1.886846
517.119000   1.894359
517.120000   1.901267
517.121000   1.907142
517.122000   1.911604
517.123000   1.914366
517.124000   1.915250
517.125000   1.914188
517.126000   1.911200
517.127000   1.906327
517.128000   1.899585
517.129000   1.890996
517.130000   1.880691
517.131000   1.868960
517.132000   1.856230
517.133000   1.843009
517.134000   1.829826
517.135000   1.817206
517.136000   1.805631
517.137000   1.795503
517.138000   1.787089
517.139000   1.780512
517.140000   1.775789
517.141000   1.772882
517.142000   1.771738
517.143000   1.772314
517.144000   1.774607
517.145000   1.778643
517.146000   1.784423
517.147000   1.791815
517.148000   1.800485
517.149000   1.809942
517.150000   1.819633
517.151000   1.828994
517.152000   1.837471
517.153000   1.844526
517.154000   1.849666
517.155000   1.852459
517.156000   1.852542
517.157000   1.849589
517.158000   1.843331
517.159000   1.833645
517.160000   1.820664
517.161000   1.804813
517.162000   1.786781
517.163000   1.767463
517.164000   1.747866
517.165000   1.729019
517.166000   1.711834
517.167000   1.696993
517.168000   1.684903
517.169000   1.675760
517.170000   1.669615
517.171000   1.666402
517.172000   1.665950
517.173000   1.667994
517.174000   1.672192
517.175000   1.678118
517.176000   1.685218
517.177000   1.692766
517.178000   1.699902
517.179000   1.705763
517.180000   1.709608
517.181000   1.710895
517.182000   1.709320
517.183000   1.704820
517.184000   1.697570
517.185000   1.687944
517.186000   1.676436
517.187000   1.663557
517.188000   1.649798
517.189000   1.635667
517.190000   1.621713
517.191000   1.608527
517.192000   1.596706
517.193000   1.586823
517.194000   1.579394
517.195000   1.574809
517.196000   1.573206
517.197000   1.574384
517.198000   1.577864
517.199000   1.583050
517.200000   1.589354
517.201000   1.596248
517.202000   1.603278
517.203000   1.610074
517.204000   1.616348
517.205000   1.621862
517.206000   1.626346
517.207000   1.629473
517.208000   1.630908
517.209000   1.630396
517.210000   1.627810
517.211000   1.623161
517.212000   1.616609
517.213000   1.608472
517.214000   1.599225
517.215000   1.589453
517.216000   1.579747
517.217000   1.570607
517.218000   1.562418
517.219000   1.555455
517.220000   1.549897
517.221000   1.545851
517.222000   1.543394
517.223000   1.542609
517.224000   1.543597
517.225000   1.546429
517.226000   1.551056
517.227000   1.557270
517.228000   1.564758
517.229000   1.573167
517.230000   1.582141
517.231000   1.591354
517.231000   1.591354
517.232000   1.600535
517.233000   1.609494
517.234000   1.618113
517.235000   1.626284
517.236000   1.633831
517.237000   1.640515
517.238000   1.646119
517.239000   1.650535
517.240000   1.653764
517.241000   1.655892
517.242000   1.657061
517.243000   1.657474
517.244000   1.657379
517.245000   1.657018
517.246000   1.656564
517.247000   1.656122
517.248000   1.655795
517.249000   1.655725
517.250000   1.656083
517.251000   1.657045
517.252000   1.658772
517.253000   1.661407
517.254000   1.665066
517.255000   1.669802
517.256000   1.675557
517.257000   1.682166
517.258000   1.689414
517.259000   1.697094
517.260000   1.705032
517.261000   1.713103
517.262000   1.721236
517.263000   1.729403
517.264000   1.737573
517.265000   1.745619
517.266000   1.753264
517.267000   1.760148
517.268000   1.765962
517.269000   1.770536
517.270000   1.773861
517.271000   1.776063
517.272000   1.777353
517.273000   1.777967
517.274000   1.778083
517.275000   1.777744
517.276000   1.776859
517.277000   1.775288
517.278000   1.772942
517.279000   1.769832
517.280000   1.766089
517.281000   1.761957
517.282000   1.757778
517.283000   1.753952
517.284000   1.750849
517.285000   1.748708
517.286000   1.747617
517.287000   1.747573
517.288000   1.748543
517.289000   1.750487
517.290000   1.753347
517.291000   1.757057
517.292000   1.761530
517.293000   1.766639
517.294000   1.772164
517.295000   1.777756
517.296000   1.782975
517.297000   1.787393
517.298000   1.790663
517.299000   1.792551
517.300000   1.792959
517.301000   1.791934
517.302000   1.789680
517.303000   1.786512
517.304000   1.782759
517.305000   1.778669
517.306000   1.774393
517.307000   1.770052
517.308000   1.765776
517.309000   1.761713
517.310000   1.758023
517.311000   1.754888
517.312000   1.752513
517.313000   1.751084
517.314000   1.750672
517.315000   1.751176
517.316000   1.752395
517.317000   1.754125
517.318000   1.756192
517.319000   1.758442
517.320000   1.760717
517.321000   1.762861
517.322000   1.764735
517.323000   1.766219
517.324000   1.767185
517.325000   1.767471
517.326000   1.766911
517.327000   1.765380
517.328000   1.762827
517.329000   1.759266
517.330000   1.754783
517.331000   1.749532
517.332000   1.743747
517.333000   1.737706
517.334000   1.731631
517.335000   1.725616
517.336000   1.719682
517.337000   1.713893
517.338000   1.708407
517.339000   1.703476
517.340000   1.699420
517.341000   1.696592
517.342000   1.695321
517.343000   1.695831
517.344000   1.698154
517.345000   1.702132
517.346000   1.707514
517.347000   1.714048
517.348000   1.721501
517.349000   1.729652
517.350000   1.738288
517.351000   1.747208
517.352000   1.756240
517.353000   1.765227
517.354000   1.773993
517.355000   1.782345
517.356000   1.790137
517.357000   1.797318
517.358000   1.803928
517.359000   1.810088
517.360000   1.815987
517.361000   1.821876
517.362000   1.828050
517.363000   1.834771
517.364000   1.842167
517.365000   1.850205
517.366000   1.858752
517.367000   1.867632
517.368000   1.876652
517.369000   1.885619
517.370000   1.894359
517.371000   1.902716
517.372000   1.910523
517.373000   1.917511
517.374000   1.923237
517.375000   1.927141
517.376000   1.928693
517.377000   1.927518
517.378000   1.923447
517.379000   1.916522
517.380000   1.906991
517.381000   1.895273
517.382000   1.881871
517.383000   1.867245
517.384000   1.851741
517.385000   1.835669
517.386000   1.819393
517.387000   1.803352
517.388000   1.788017
517.389000   1.773847
517.390000   1.761265
517.391000   1.750644
517.392000   1.742263
517.393000   1.736248
517.394000   1.732560
517.395000   1.731048
517.396000   1.731519
517.397000   1.733779
517.398000   1.737653
517.399000   1.742995
517.400000   1.749685
517.401000   1.757633
517.402000   1.766717
517.403000   1.776697
517.404000   1.787209
517.405000   1.797860
517.406000   1.808331
517.407000   1.818415
517.408000   1.828031
517.409000   1.837227
517.410000   1.846143
517.411000   1.854911
517.412000   1.863526
517.413000   1.871824
517.414000   1.879599
517.415000   1.886703
517.416000   1.893069
517.417000   1.898699
517.418000   1.903667
517.419000   1.908112
517.420000   1.912218
517.421000   1.916136
517.422000   1.919932
517.423000   1.923597
517.424000   1.927079
517.425000   1.930289
517.426000   1.933094
517.427000   1.935326
517.428000   1.936821
517.429000   1.937463
517.430000   1.937197
517.431000   1.935994
517.432000   1.933811
517.433000   1.930597
517.434000   1.926331
517.435000   1.921021
517.436000   1.914679
517.437000   1.907330
517.438000   1.899038
517.439000   1.889951
517.440000   1.880290
517.441000   1.870269
517.442000   1.860036
517.443000   1.849729
517.444000   1.839566
517.445000   1.829836
517.446000   1.820816
517.447000   1.812692
517.448000   1.805577
517.449000   1.799572
517.450000   1.794786
517.451000   1.791275
517.452000   1.788983
517.453000   1.787783
517.454000   1.787537
517.455000   1.788123
517.456000   1.789422
517.457000   1.791312
517.458000   1.793684
517.459000   1.796467
517.460000   1.799589
517.461000   1.802907
517.462000   1.806203
517.463000   1.809271
517.464000   1.812009
517.465000   1.814434
517.466000   1.816659
517.467000   1.818832
517.468000   1.821104
517.469000   1.823602
517.470000   1.826393
517.471000   1.829441
517.472000   1.832640
517.473000   1.835918
517.474000   1.839308
517.475000   1.842946
517.476000   1.847044
517.477000   1.851858
517.478000   1.857659
517.479000   1.864681
517.480000   1.873008
517.481000   1.882496
517.482000   1.892817
517.483000   1.903562
517.484000   1.914304
517.485000   1.924628
517.486000   1.934155
517.487000   1.942589
517.488000   1.949745
517.489000   1.955527
517.490000   1.959835
517.491000   1.962516
517.492000   1.963434
517.493000   1.962579
517.494000   1.960126
517.495000   1.956433
517.496000   1.952005
517.497000   1.947438
517.498000   1.943345
517.499000   1.940264
517.500000   1.938565
517.501000   1.938402
517.502000   1.939742
517.503000   1.942428
517.504000   1.946236
517.505000   1.950899
517.506000   1.956139
517.507000   1.961688
517.508000   1.967302
517.509000   1.972705
517.510000   1.977475
517.511000   1.981021
517.512000   1.982728
517.513000   1.982139
517.514000   1.979036
517.515000   1.973463
517.516000   1.965695
517.517000   1.956194
517.518000   1.945527
517.519000   1.934258
517.520000   1.922858
517.521000   1.911698
517.522000   1.901098
517.523000   1.891334
517.524000   1.882637
517.525000   1.875214
517.526000   1.869287
517.527000   1.865131
517.528000   1.863069
517.529000   1.863374
517.530000   1.866142
517.531000   1.871269
517.532000   1.878517
517.533000   1.887575
517.534000   1.898088
517.535000   1.909696
517.536000   1.922075
517.537000   1.934953
517.538000   1.948039
517.539000   1.960901
517.540000   1.972938
517.541000   1.983502
517.542000   1.992028
517.543000   1.998103
517.544000   2.001485
517.545000   2.002126
517.546000   2.000182
517.547000   1.995994
517.548000   1.990016
517.549000   1.982696
517.550000   1.974415
517.551000   1.965484
517.552000   1.956161
517.553000   1.946642
517.554000   1.937069
517.555000   1.927565
517.556000   1.918290
517.557000   1.909454
517.558000   1.901225
517.559000   1.893591
517.560000   1.886339
517.561000   1.879181
517.562000   1.871871
517.563000   1.864261
517.564000   1.856313
517.565000   1.848103
517.566000   1.839806
517.567000   1.831644
517.568000   1.823816
517.569000   1.816453
517.570000   1.809614
517.571000   1.803302
517.572000   1.797457
517.573000   1.791955
517.574000   1.786637
517.575000   1.781373
517.576000   1.776115
517.577000   1.770915
517.578000   1.765854
517.579000   1.760950
517.580000   1.756154
517.581000   1.751437
517.582000   1.746852
517.583000   1.742554
517.584000   1.738803
517.585000   1.735959
517.586000   1.734416
517.587000   1.734453
517.588000   1.736105
517.589000   1.739182
517.590000   1.743393
517.591000   1.748452
517.592000   1.754113
517.593000   1.760182
517.594000   1.766514
517.595000   1.772982
517.596000   1.779407
517.597000   1.785503
517.598000   1.790888
517.599000   1.795175
517.600000   1.798070
517.601000   1.799409
517.602000   1.799142
517.603000   1.797301
517.604000   1.793989
517.605000   1.789362
517.606000   1.783579
517.607000   1.776762
517.608000   1.769037
517.609000   1.760625
517.610000   1.751884
517.611000   1.743273
517.612000   1.735297
517.613000   1.728440
517.614000   1.723129
517.615000   1.719680
517.616000   1.718252
517.617000   1.718808
517.618000   1.721151
517.619000   1.724973
517.620000   1.729893
517.621000   1.735484
517.622000   1.741316
517.623000   1.747000
517.624000   1.752234
517.625000   1.756777
517.626000   1.760380
517.627000   1.762734
517.628000   1.763522
517.629000   1.762526
517.630000   1.759689
517.631000   1.755124
517.632000   1.749104
517.633000   1.742028
517.634000   1.734372
517.635000   1.726621
517.636000   1.719223
517.637000   1.712596
517.638000   1.707157
517.639000   1.703316
517.640000   1.701434
517.641000   1.701794
517.642000   1.704584
517.643000   1.709911
517.644000   1.717808
517.645000   1.728201
517.646000   1.740827
517.647000   1.755203
517.648000   1.770680
517.649000   1.786547
517.650000   1.802134
517.651000   1.816877
517.652000   1.830366
517.653000   1.842354
517.654000   1.852704
517.655000   1.861291
517.656000   1.867943
517.657000   1.872481
517.658000   1.874790
517.659000   1.874856
517.660000   1.872765
517.661000   1.868694
517.662000   1.862921
517.663000   1.855828
517.664000   1.847874
517.665000   1.839521
517.666000   1.831140
517.667000   1.822989
517.668000   1.815272
517.669000   1.808199
517.670000   1.802022
517.671000   1.797043
517.672000   1.793623
517.673000   1.792143
517.674000   1.792939
517.675000   1.796185
517.676000   1.801835
517.677000   1.809679
517.678000   1.819436
517.679000   1.830810
517.680000   1.843493
517.681000   1.857159
517.682000   1.871442
517.683000   1.885932
517.684000   1.900169
517.685000   1.913633
517.686000   1.925774
517.687000   1.936081
517.688000   1.944153
517.689000   1.949735
517.690000   1.952729
517.691000   1.953193
517.692000   1.951347
517.693000   1.947538
517.694000   1.942152
517.695000   1.935508
517.696000   1.927855
517.697000   1.919471
517.698000   1.910749
517.699000   1.902182
517.700000   1.894295
517.701000   1.887583
517.702000   1.882458
517.703000   1.879198
517.704000   1.877867
517.705000   1.878301
517.706000   1.880177
517.707000   1.883131
517.708000   1.886832
517.709000   1.890992
517.710000   1.895349
517.711000   1.899650
517.712000   1.903624
517.713000   1.906958
517.714000   1.909256
517.715000   1.910027
517.716000   1.908767
517.717000   1.905094
517.718000   1.898851
517.719000   1.890156
517.720000   1.879412
517.721000   1.867253
517.722000   1.854457
517.723000   1.841805
517.724000   1.829943
517.725000   1.819326
517.726000   1.810261
517.727000   1.802962
517.728000   1.797595
517.729000   1.794294
517.730000   1.793183
517.731000   1.794372
517.731000   1.794372
517.732000   1.797931
517.733000   1.803793
517.734000   1.811664
517.735000   1.820997
517.736000   1.831092
517.737000   1.841212
517.738000   1.850673
517.739000   1.858903
517.740000   1.865474
517.741000   1.870120
517.742000   1.872703
517.743000   1.873137
517.744000   1.871311
517.745000   1.867086
517.746000   1.860361
517.747000   1.851131
517.748000   1.839527
517.749000   1.825846
517.750000   1.810564
517.751000   1.794332
517.752000   1.777912
517.753000   1.762065
517.754000   1.747419
517.755000   1.734414
517.756000   1.723320
517.757000   1.714266
517.758000   1.707277
517.759000   1.702312
517.760000   1.699311
517.761000   1.698202
517.762000   1.698872
517.763000   1.701086
517.764000   1.704455
517.765000   1.708482
517.766000   1.712637
517.767000   1.716397
517.768000   1.719271
517.769000   1.720864
517.770000   1.720941
517.771000   1.719467
517.772000   1.716600
517.773000   1.712637
517.774000   1.707972
517.775000   1.703087
517.776000   1.698523
517.777000   1.694796
517.778000   1.692301
517.779000   1.691252
517.780000   1.691708
517.781000   1.693628
517.782000   1.696915
517.783000   1.701382
517.784000   1.706741
517.785000   1.712658
517.786000   1.718817
517.787000   1.724947
517.788000   1.730814
517.789000   1.736250
517.790000   1.741210
517.791000   1.745772
517.792000   1.750087
517.793000   1.754299
517.794000   1.758541
517.795000   1.762975
517.796000   1.767777
517.797000   1.773084
517.798000   1.778924
517.799000   1.785216
517.800000   1.791813
517.801000   1.798559
517.802000   1.805301
517.803000   1.811852
517.804000   1.817995
517.805000   1.823539
517.806000   1.828385
517.807000   1.832545
517.808000   1.836117
517.809000   1.839243
517.810000   1.842078
517.811000   1.844736
517.812000   1.847236
517.813000   1.849519
517.814000   1.851521
517.815000   1.853239
517.816000   1.854720
517.817000   1.856051
517.818000   1.857339
517.819000   1.858708
517.820000   1.860278
517.821000   1.862138
517.822000   1.864315
517.823000   1.866769
517.824000   1.869409
517.825000   1.872128
517.826000   1.874826
517.827000   1.877460
517.828000   1.880081
517.829000   1.882832
517.830000   1.885890
517.831000   1.889347
517.832000   1.893105
517.833000   1.896890
517.834000   1.900358
517.835000   1.903222
517.836000   1.905316
517.837000   1.906619
517.838000   1.907237
517.839000   1.907353
517.840000   1.907148
517.841000   1.906721
517.842000   1.906063
517.843000   1.905101
517.844000   1.903753
517.845000   1.901957
517.846000   1.899679
517.847000   1.896910
517.848000   1.893679
517.849000   1.890052
517.850000   1.886106
517.851000   1.881850
517.852000   1.877166
517.853000   1.871812
517.854000   1.865489
517.855000   1.857943
517.856000   1.849075
517.857000   1.839008
517.858000   1.828099
517.859000   1.816864
517.860000   1.805846
517.861000   1.795495
517.862000   1.786137
517.863000   1.778043
517.864000   1.771476
517.865000   1.766689
517.866000   1.763887
517.867000   1.763188
517.868000   1.764595
517.869000   1.767974
517.870000   1.773043
517.871000   1.779358
517.872000   1.786347
517.873000   1.793376
517.874000   1.799800
517.875000   1.804984
517.876000   1.808304
517.877000   1.809170
517.878000   1.807109
517.879000   1.801825
517.880000   1.793207
517.881000   1.781271
517.882000   1.766151
517.883000   1.748107
517.884000   1.727532
517.885000   1.704921
517.886000   1.680853
517.887000   1.655990
517.888000   1.631076
517.889000   1.606915
517.890000   1.584262
517.891000   1.563724
517.892000   1.545720
517.893000   1.530509
517.894000   1.518232
517.895000   1.508945
517.896000   1.502655
517.897000   1.499365
517.898000   1.499075
517.899000   1.501733
517.900000   1.507140
517.901000   1.514917
517.902000   1.524546
517.903000   1.535456
517.904000   1.547072
517.905000   1.558854
517.906000   1.570317
517.907000   1.581052
517.908000   1.590730
517.909000   1.599067
517.910000   1.605798
517.911000   1.610687
517.912000   1.613583
517.913000   1.614490
517.914000   1.613588
517.915000   1.611231
517.916000   1.607916
517.917000   1.604251
517.918000   1.600896
517.919000   1.598471
517.920000   1.597456
517.921000   1.598158
517.922000   1.600747
517.923000   1.605315
517.924000   1.611910
517.925000   1.620555
517.926000   1.631239
517.927000   1.643904
517.928000   1.658392
517.929000   1.674386
517.930000   1.691402
517.931000   1.708867
517.932000   1.726205
517.933000   1.742891
517.934000   1.758467
517.935000   1.772547
517.936000   1.784803
517.937000   1.794953
517.938000   1.802745
517.939000   1.807957
517.940000   1.810405
517.941000   1.809983
517.942000   1.806708
517.943000   1.800765
517.944000   1.792528
517.945000   1.782582
517.946000   1.771692
517.947000   1.760735
517.948000   1.750578
517.949000   1.741979
517.950000   1.735551
517.951000   1.731797
517.952000   1.731123
517.953000   1.733820
517.954000   1.740025
517.955000   1.749693
517.956000   1.762589
517.957000   1.778280
517.958000   1.796107
517.959000   1.815184
517.960000   1.834453
517.961000   1.852829
517.962000   1.869338
517.963000   1.883223
517.964000   1.893992
517.965000   1.901433
517.966000   1.905605
517.967000   1.906792
517.968000   1.905411
517.969000   1.901917
517.970000   1.896776
517.971000   1.890475
517.972000   1.883513
517.973000   1.876369
517.974000   1.869480
517.975000   1.863236
517.976000   1.857984
517.977000   1.853989
517.978000   1.851383
517.979000   1.850146
517.980000   1.850144
517.981000   1.851217
517.982000   1.853232
517.983000   1.856115
517.984000   1.859872
517.985000   1.864578
517.986000   1.870333
517.987000   1.877168
517.988000   1.884918
517.989000   1.893161
517.990000   1.901277
517.991000   1.908585
517.992000   1.914483
517.993000   1.918550
517.994000   1.920602
517.995000   1.920687
517.996000   1.919040
517.997000   1.915994
517.998000   1.911899
517.999000   1.907095
518.000000   1.901948
518.001000   1.896862
518.002000   1.892256
518.003000   1.888507
518.004000   1.885910
518.005000   1.884630
518.006000   1.884671
518.007000   1.885833
518.008000   1.887705
518.009000   1.889741
518.010000   1.891396
518.011000   1.892235
518.012000   1.891978
518.013000   1.890495
518.014000   1.887798
518.015000   1.884014
518.016000   1.879352
518.017000   1.874057
518.018000   1.868389
518.019000   1.862669
518.020000   1.857308
518.021000   1.852778
518.022000   1.849538
518.023000   1.847955
518.024000   1.848233
518.025000   1.850384
518.026000   1.854236
518.027000   1.859445
518.028000   1.865530
518.029000   1.871936
518.030000   1.878129
518.031000   1.883678
518.032000   1.888306
518.033000   1.891919
518.034000   1.894585
518.035000   1.896468
518.036000   1.897704
518.037000   1.898308
518.038000   1.898180
518.039000   1.897208
518.040000   1.895358
518.041000   1.892677
518.042000   1.889263
518.043000   1.885222
518.044000   1.880668
518.045000   1.875699
518.046000   1.870377
518.047000   1.864710
518.048000   1.858690
518.049000   1.852359
518.050000   1.845854
518.051000   1.839406
518.052000   1.833318
518.053000   1.827950
518.054000   1.823698
518.055000   1.820939
518.056000   1.819925
518.057000   1.820687
518.058000   1.823026
518.059000   1.826620
518.060000   1.831142
518.061000   1.836325
518.062000   1.841994
518.063000   1.848057
518.064000   1.854460
518.065000   1.861115
518.066000   1.867813
518.067000   1.874196
518.068000   1.879832
518.069000   1.884327
518.070000   1.887407
518.071000   1.888919
518.072000   1.888824
518.073000   1.887164
518.074000   1.884036
518.075000   1.879560
518.076000   1.873826
518.077000   1.866846
518.078000   1.858537
518.079000   1.848778
518.080000   1.837497
518.081000   1.824757
518.082000   1.810829
518.083000   1.796201
518.084000   1.781541
518.085000   1.767572
518.086000   1.754914
518.087000   1.743965
518.088000   1.734896
518.089000   1.727713
518.090000   1.722330
518.091000   1.718622
518.092000   1.716446
518.093000   1.715639
518.094000   1.716004
518.095000   1.717268
518.096000   1.719065
518.097000   1.720944
518.098000   1.722423
518.099000   1.723044
518.100000   1.722407
518.101000   1.720197
518.102000   1.716213
518.103000   1.710411
518.104000   1.702905
518.105000   1.693904
518.106000   1.683648
518.107000   1.672395
518.108000   1.660465
518.109000   1.648245
518.110000   1.636154
518.111000   1.624612
518.112000   1.614035
518.113000   1.604842
518.114000   1.597439
518.115000   1.592171
518.116000   1.589251
518.117000   1.588707
518.118000   1.590401
518.119000   1.594084
518.120000   1.599454
518.121000   1.606182
518.122000   1.613923
518.123000   1.622299
518.124000   1.630895
518.125000   1.639231
518.126000   1.646747
518.127000   1.652860
518.128000   1.657099
518.129000   1.659187
518.130000   1.659038
518.131000   1.656722
518.132000   1.652423
518.133000   1.646407
518.134000   1.639018
518.135000   1.630662
518.136000   1.621775
518.137000   1.612797
518.138000   1.604144
518.139000   1.596170
518.140000   1.589142
518.141000   1.583247
518.142000   1.578611
518.143000   1.575345
518.144000   1.573561
518.145000   1.573367
518.146000   1.574820
518.147000   1.577874
518.148000   1.582340
518.149000   1.587911
518.150000   1.594284
518.151000   1.601259
518.152000   1.608771
518.153000   1.616841
518.154000   1.625491
518.155000   1.634646
518.156000   1.644112
518.157000   1.653624
518.158000   1.662931
518.159000   1.671844
518.160000   1.680249
518.161000   1.688096
518.162000   1.695371
518.163000   1.702072
518.164000   1.708170
518.165000   1.713560
518.166000   1.718039
518.167000   1.721352
518.168000   1.723295
518.169000   1.723800
518.170000   1.722916
518.171000   1.720734
518.172000   1.717391
518.173000   1.713119
518.174000   1.708227
518.175000   1.702996
518.176000   1.697641
518.177000   1.692354
518.178000   1.687333
518.179000   1.682761
518.180000   1.678743
518.181000   1.675275
518.182000   1.672260
518.183000   1.669544
518.184000   1.666921
518.185000   1.664097
518.186000   1.660676
518.187000   1.656221
518.188000   1.650365
518.189000   1.642913
518.190000   1.633925
518.191000   1.623728
518.192000   1.612864
518.193000   1.601985
518.194000   1.591721
518.195000   1.582568
518.196000   1.574895
518.197000   1.569059
518.198000   1.565488
518.199000   1.564674
518.200000   1.567109
518.201000   1.573188
518.202000   1.583114
518.203000   1.596839
518.204000   1.614032
518.205000   1.634086
518.206000   1.656154
518.207000   1.679227
518.208000   1.702216
518.209000   1.724044
518.210000   1.743742
518.211000   1.760531
518.212000   1.773881
518.213000   1.783505
518.214000   1.789289
518.215000   1.791195
518.216000   1.789238
518.217000   1.783569
518.218000   1.774546
518.219000   1.762752
518.220000   1.748962
518.221000   1.734095
518.222000   1.719139
518.223000   1.705033
518.224000   1.692533
518.225000   1.682129
518.226000   1.674078
518.227000   1.668495
518.228000   1.665402
518.229000   1.664743
518.230000   1.666383
518.231000   1.670125
518.231000   1.670125
518.232000   1.675728
518.233000   1.682882
518.234000   1.691152
518.235000   1.699950
518.236000   1.708606
518.237000   1.716476
518.238000   1.723020
518.239000   1.727845
518.240000   1.730738
518.241000   1.731701
518.242000   1.730942
518.243000   1.728816
518.244000   1.725739
518.245000   1.722168
518.246000   1.718647
518.247000   1.715808
518.248000   1.714310
518.249000   1.714766
518.250000   1.717691
518.251000   1.723488
518.252000   1.732441
518.253000   1.744691
518.254000   1.760157
518.255000   1.778482
518.256000   1.799051
518.257000   1.821072
518.258000   1.843652
518.259000   1.865891
518.260000   1.886971
518.261000   1.906211
518.262000   1.923032
518.263000   1.936839
518.264000   1.947031
518.265000   1.953187
518.266000   1.955221
518.267000   1.953382
518.268000   1.948173
518.269000   1.940238
518.270000   1.930257
518.271000   1.918876
518.272000   1.906658
518.273000   1.894080
518.274000   1.881565
518.275000   1.869500
518.276000   1.858233
518.277000   1.848064
518.278000   1.839243
518.279000   1.831981
518.280000   1.826464
518.281000   1.822866
518.282000   1.821288
518.283000   1.821678
518.284000   1.823855
518.285000   1.827626
518.286000   1.832846
518.287000   1.839413
518.288000   1.847230
518.289000   1.856189
518.290000   1.866150
518.291000   1.876891
518.292000   1.888046
518.293000   1.899139
518.294000   1.909665
518.295000   1.919178
518.296000   1.927334
518.297000   1.933933
518.298000   1.938935
518.299000   1.942453
518.300000   1.944696
518.301000   1.945839
518.302000   1.945929
518.303000   1.944889
518.304000   1.942615
518.305000   1.939048
518.306000   1.934227
518.307000   1.928338
518.308000   1.921731
518.309000   1.914890
518.310000   1.908340
518.311000   1.902516
518.312000   1.897736
518.313000   1.894239
518.314000   1.892203
518.315000   1.891730
518.316000   1.892827
518.317000   1.895412
518.318000   1.899337
518.319000   1.904421
518.320000   1.910469
518.321000   1.917237
518.322000   1.924356
518.323000   1.931303
518.324000   1.937431
518.325000   1.942060
518.326000   1.944604
518.327000   1.944689
518.328000   1.942240
518.329000   1.937459
518.330000   1.930656
518.331000   1.922046
518.332000   1.911710
518.333000   1.899755
518.334000   1.886428
518.335000   1.872118
518.336000   1.857302
518.337000   1.842488
518.338000   1.828166
518.339000   1.814760
518.340000   1.802584
518.341000   1.791801
518.342000   1.782442
518.343000   1.774454
518.344000   1.767739
518.345000   1.762182
518.346000   1.757672
518.347000   1.754137
518.348000   1.751581
518.349000   1.750100
518.350000   1.749810
518.351000   1.750734
518.352000   1.752799
518.353000   1.755948
518.354000   1.760175
518.355000   1.765470
518.356000   1.771747
518.357000   1.778809
518.358000   1.786387
518.359000   1.794168
518.360000   1.801786
518.361000   1.808769
518.362000   1.814575
518.363000   1.818679
518.364000   1.820661
518.365000   1.820248
518.366000   1.817357
518.367000   1.812139
518.368000   1.805007
518.369000   1.796583
518.370000   1.787525
518.371000   1.778325
518.372000   1.769295
518.373000   1.760672
518.374000   1.752677
518.375000   1.745512
518.376000   1.739366
518.377000   1.734443
518.378000   1.730986
518.379000   1.729247
518.380000   1.729374
518.381000   1.731337
518.382000   1.735003
518.383000   1.740246
518.384000   1.746992
518.385000   1.755204
518.386000   1.764857
518.387000   1.775908
518.388000   1.788269
518.389000   1.801797
518.390000   1.816268
518.391000   1.831341
518.392000   1.846576
518.393000   1.861503
518.394000   1.875690
518.395000   1.888798
518.396000   1.900601
518.397000   1.911005
518.398000   1.920040
518.399000   1.927775
518.400000   1.934154
518.401000   1.938935
518.402000   1.941863
518.403000   1.942867
518.404000   1.942089
518.405000   1.939813
518.406000   1.936369
518.407000   1.932054
518.408000   1.927072
518.409000   1.921479
518.410000   1.915139
518.411000   1.907734
518.412000   1.898878
518.413000   1.888239
518.414000   1.875610
518.415000   1.860962
518.416000   1.844470
518.417000   1.826541
518.418000   1.807786
518.419000   1.788918
518.420000   1.770585
518.421000   1.753276
518.422000   1.737399
518.423000   1.723365
518.424000   1.711593
518.425000   1.702437
518.426000   1.696133
518.427000   1.692789
518.428000   1.692402
518.429000   1.694862
518.430000   1.699936
518.431000   1.707286
518.432000   1.716545
518.433000   1.727366
518.434000   1.739441
518.435000   1.752508
518.436000   1.766369
518.437000   1.780911
518.438000   1.796107
518.439000   1.811956
518.440000   1.828372
518.441000   1.845149
518.442000   1.861983
518.443000   1.878496
518.444000   1.894253
518.445000   1.908803
518.446000   1.921774
518.447000   1.932960
518.448000   1.942320
518.449000   1.949848
518.450000   1.955444
518.451000   1.958959
518.452000   1.960303
518.453000   1.959519
518.454000   1.956777
518.455000   1.952354
518.456000   1.946585
518.457000   1.939808
518.458000   1.932327
518.459000   1.924390
518.460000   1.916193
518.461000   1.907851
518.462000   1.899347
518.463000   1.890519
518.464000   1.881114
518.465000   1.870880
518.466000   1.859664
518.467000   1.847471
518.468000   1.834445
518.469000   1.820770
518.470000   1.806561
518.471000   1.791878
518.472000   1.776844
518.473000   1.761742
518.474000   1.747033
518.475000   1.733323
518.476000   1.721285
518.477000   1.711536
518.478000   1.704478
518.479000   1.700146
518.480000   1.698199
518.481000   1.698048
518.482000   1.699027
518.483000   1.700510
518.484000   1.701998
518.485000   1.703176
518.486000   1.703927
518.487000   1.704298
518.488000   1.704404
518.489000   1.704335
518.490000   1.704176
518.491000   1.704130
518.492000   1.704584
518.493000   1.706089
518.494000   1.709254
518.495000   1.714629
518.496000   1.722589
518.497000   1.733250
518.498000   1.746420
518.499000   1.761620
518.500000   1.778175
518.501000   1.795351
518.502000   1.812447
518.503000   1.828828
518.504000   1.843916
518.505000   1.857190
518.506000   1.868205
518.507000   1.876633
518.508000   1.882258
518.509000   1.884976
518.510000   1.884792
518.511000   1.881845
518.512000   1.876383
518.513000   1.868718
518.514000   1.859187
518.515000   1.848145
518.516000   1.835988
518.517000   1.823131
518.518000   1.809936
518.519000   1.796634
518.520000   1.783361
518.521000   1.770241
518.522000   1.757473
518.523000   1.745352
518.524000   1.734258
518.525000   1.724583
518.526000   1.716636
518.527000   1.710564
518.528000   1.706316
518.529000   1.703701
518.530000   1.702485
518.531000   1.702448
518.532000   1.703404
518.533000   1.705201
518.534000   1.707704
518.535000   1.710789
518.536000   1.714338
518.537000   1.718233
518.538000   1.722345
518.539000   1.726534
518.540000   1.730690
518.541000   1.734772
518.542000   1.738833
518.543000   1.743028
518.544000   1.747614
518.545000   1.752918
518.546000   1.759225
518.547000   1.766598
518.548000   1.774751
518.549000   1.783103
518.550000   1.790952
518.551000   1.797647
518.552000   1.802696
518.553000   1.805826
518.554000   1.806991
518.555000   1.806308
518.556000   1.803909
518.557000   1.799805
518.558000   1.793899
518.559000   1.786114
518.560000   1.776498
518.561000   1.765240
518.562000   1.752643
518.563000   1.739076
518.564000   1.724954
518.565000   1.710714
518.566000   1.696772
518.567000   1.683464
518.568000   1.670985
518.569000   1.659430
518.570000   1.648868
518.571000   1.639425
518.572000   1.631313
518.573000   1.624839
518.574000   1.620378
518.575000   1.618316
518.576000   1.618969
518.577000   1.622509
518.578000   1.628943
518.579000   1.638126
518.580000   1.649784
518.581000   1.663556
518.582000   1.679022
518.583000   1.695715
518.584000   1.713125
518.585000   1.730713
518.586000   1.747903
518.587000   1.764060
518.588000   1.778478
518.589000   1.790421
518.590000   1.799220
518.591000   1.804384
518.592000   1.805696
518.593000   1.803266
518.594000   1.797521
518.595000   1.789118
518.596000   1.778787
518.597000   1.767204
518.598000   1.754965
518.599000   1.742597
518.600000   1.730492
518.601000   1.718844
518.602000   1.707695
518.603000   1.697038
518.604000   1.686872
518.605000   1.677212
518.606000   1.668046
518.607000   1.659318
518.608000   1.650956
518.609000   1.642890
518.610000   1.635049
518.611000   1.627390
518.612000   1.619961
518.613000   1.612952
518.614000   1.606696
518.615000   1.601587
518.616000   1.597944
518.617000   1.595909
518.618000   1.595430
518.619000   1.596339
518.620000   1.598425
518.621000   1.601493
518.622000   1.605426
518.623000   1.610217
518.624000   1.615954
518.625000   1.622743
518.626000   1.630637
518.627000   1.639650
518.628000   1.649826
518.629000   1.661281
518.630000   1.674177
518.631000   1.688624
518.632000   1.704610
518.633000   1.721980
518.634000   1.740439
518.635000   1.759531
518.636000   1.778626
518.637000   1.796953
518.638000   1.813697
518.639000   1.828110
518.640000   1.839595
518.641000   1.847742
518.642000   1.852350
518.643000   1.853422
518.644000   1.851118
518.645000   1.845673
518.646000   1.837356
518.647000   1.826539
518.648000   1.813754
518.649000   1.799670
518.650000   1.785001
518.651000   1.770399
518.652000   1.756351
518.653000   1.743126
518.654000   1.730792
518.655000   1.719285
518.656000   1.708491
518.657000   1.698301
518.658000   1.688672
518.659000   1.679665
518.660000   1.671470
518.661000   1.664405
518.662000   1.658907
518.663000   1.655483
518.664000   1.654610
518.665000   1.656596
518.666000   1.661503
518.667000   1.669179
518.668000   1.679322
518.669000   1.691512
518.670000   1.705230
518.671000   1.719912
518.672000   1.735027
518.673000   1.750113
518.674000   1.764714
518.675000   1.778269
518.676000   1.790116
518.677000   1.799656
518.678000   1.806512
518.679000   1.810607
518.680000   1.812173
518.681000   1.811729
518.682000   1.810034
518.683000   1.807983
518.684000   1.806435
518.685000   1.806029
518.686000   1.807064
518.687000   1.809521
518.688000   1.813165
518.689000   1.817665
518.690000   1.822699
518.691000   1.828023
518.692000   1.833493
518.693000   1.839038
518.694000   1.844582
518.695000   1.849957
518.696000   1.854917
518.697000   1.859215
518.698000   1.862659
518.699000   1.865122
518.700000   1.866518
518.701000   1.866786
518.702000   1.865865
518.703000   1.863650
518.704000   1.859940
518.705000   1.854399
518.706000   1.846618
518.707000   1.836245
518.708000   1.823087
518.709000   1.807128
518.710000   1.788526
518.711000   1.767652
518.712000   1.745110
518.713000   1.721663
518.714000   1.698065
518.715000   1.674947
518.716000   1.652854
518.717000   1.632364
518.718000   1.614109
518.719000   1.598719
518.720000   1.586717
518.721000   1.578445
518.722000   1.574056
518.723000   1.573548
518.724000   1.576777
518.725000   1.583446
518.726000   1.593121
518.727000   1.605293
518.728000   1.619425
518.729000   1.634996
518.730000   1.651548
518.731000   1.668712
518.731000   1.668712
518.732000   1.686183
518.733000   1.703662
518.734000   1.720782
518.735000   1.737112
518.736000   1.752238
518.737000   1.765820
518.738000   1.777599
518.739000   1.787369
518.740000   1.794993
518.741000   1.800450
518.742000   1.803851
518.743000   1.805395
518.744000   1.805228
518.745000   1.803393
518.746000   1.799902
518.747000   1.794844
518.748000   1.788414
518.749000   1.780904
518.750000   1.772699
518.751000   1.764271
518.752000   1.756153
518.753000   1.748835
518.754000   1.742615
518.755000   1.737546
518.756000   1.733537
518.757000   1.730486
518.758000   1.728334
518.759000   1.727074
518.760000   1.726748
518.761000   1.727445
518.762000   1.729284
518.763000   1.732348
518.764000   1.736574
518.765000   1.741721
518.766000   1.747449
518.767000   1.753449
518.768000   1.759496
518.769000   1.765455
518.770000   1.771248
518.771000   1.776832
518.772000   1.782190
518.773000   1.787324
518.774000   1.792215
518.775000   1.796797
518.776000   1.800969
518.777000   1.804645
518.778000   1.807814
518.779000   1.810557
518.780000   1.813023
518.781000   1.815405
518.782000   1.817890
518.783000   1.820588
518.784000   1.823459
518.785000   1.826327
518.786000   1.828970
518.787000   1.831182
518.788000   1.832842
518.789000   1.833928
518.790000   1.834493
518.791000   1.834634
518.792000   1.834439
518.793000   1.833937
518.794000   1.833059
518.795000   1.831681
518.796000   1.829679
518.797000   1.826936
518.798000   1.823344
518.799000   1.818867
518.800000   1.813594
518.801000   1.807755
518.802000   1.801698
518.803000   1.795858
518.804000   1.790741
518.805000   1.786877
518.806000   1.784657
518.807000   1.784160
518.808000   1.785227
518.809000   1.787662
518.810000   1.791366
518.811000   1.796392
518.812000   1.802921
518.813000   1.811176
518.814000   1.821308
518.815000   1.833283
518.816000   1.846826
518.817000   1.861485
518.818000   1.876792
518.819000   1.892356
518.820000   1.907867
518.821000   1.923044
518.822000   1.937566
518.823000   1.951011
518.824000   1.962868
518.825000   1.972589
518.826000   1.979587
518.827000   1.983252
518.828000   1.983060
518.829000   1.978709
518.830000   1.970204
518.831000   1.957867
518.832000   1.942288
518.833000   1.924273
518.834000   1.904832
518.835000   1.885118
518.836000   1.866185
518.837000   1.848739
518.838000   1.833212
518.839000   1.819972
518.840000   1.809386
518.841000   1.801746
518.842000   1.797171
518.843000   1.795543
518.844000   1.796540
518.845000   1.799657
518.846000   1.804170
518.847000   1.809209
518.848000   1.813979
518.849000   1.817914
518.850000   1.820647
518.851000   1.821891
518.852000   1.821371
518.853000   1.818936
518.854000   1.814751
518.855000   1.809372
518.856000   1.803565
518.857000   1.797994
518.858000   1.793097
518.859000   1.789100
518.860000   1.786003
518.861000   1.783585
518.862000   1.781525
518.863000   1.779598
518.864000   1.777775
518.865000   1.776127
518.866000   1.774595
518.867000   1.772957
518.868000   1.771021
518.869000   1.768730
518.870000   1.766124
518.871000   1.763303
518.872000   1.760465
518.873000   1.757954
518.874000   1.756230
518.875000   1.755709
518.876000   1.756540
518.877000   1.758486
518.878000   1.761043
518.879000   1.763609
518.880000   1.765559
518.881000   1.766276
518.882000   1.765243
518.883000   1.762150
518.884000   1.756978
518.885000   1.750008
518.886000   1.741705
518.887000   1.732519
518.888000   1.722793
518.889000   1.712850
518.890000   1.703043
518.891000   1.693752
518.892000   1.685353
518.893000   1.678179
518.894000   1.672484
518.895000   1.668440
518.896000   1.666157
518.897000   1.665704
518.898000   1.667125
518.899000   1.670424
518.900000   1.675529
518.901000   1.682260
518.902000   1.690371
518.903000   1.699586
518.904000   1.709632
518.905000   1.720267
518.906000   1.731313
518.907000   1.742656
518.908000   1.754189
518.909000   1.765701
518.910000   1.776792
518.911000   1.786880
518.912000   1.795285
518.913000   1.801346
518.914000   1.804539
518.915000   1.804571
518.916000   1.801436
518.917000   1.795426
518.918000   1.787062
518.919000   1.776970
518.920000   1.765774
518.921000   1.754081
518.922000   1.742470
518.923000   1.731479
518.924000   1.721595
518.925000   1.713300
518.926000   1.707066
518.927000   1.703301
518.928000   1.702214
518.929000   1.703703
518.930000   1.707394
518.931000   1.712801
518.932000   1.719432
518.933000   1.726774
518.934000   1.734258
518.935000   1.741330
518.936000   1.747551
518.937000   1.752621
518.938000   1.756323
518.939000   1.758489
518.940000   1.759051
518.941000   1.758139
518.942000   1.756098
518.943000   1.753408
518.944000   1.750546
518.945000   1.747866
518.946000   1.745583
518.947000   1.743821
518.948000   1.742630
518.949000   1.741975
518.950000   1.741780
518.951000   1.742018
518.952000   1.742772
518.953000   1.744222
518.954000   1.746605
518.955000   1.750161
518.956000   1.755062
518.957000   1.761325
518.958000   1.768759
518.959000   1.777036
518.960000   1.785834
518.961000   1.794919
518.962000   1.804103
518.963000   1.813170
518.964000   1.821821
518.965000   1.829686
518.966000   1.836384
518.967000   1.841564
518.968000   1.844913
518.969000   1.846178
518.970000   1.845249
518.971000   1.842201
518.972000   1.837296
518.973000   1.830960
518.974000   1.823772
518.975000   1.816403
518.976000   1.809497
518.977000   1.803535
518.978000   1.798807
518.979000   1.795499
518.980000   1.793758
518.981000   1.793691
518.982000   1.795302
518.983000   1.798446
518.984000   1.802864
518.985000   1.808266
518.986000   1.814367
518.987000   1.820869
518.988000   1.827454
518.989000   1.833859
518.990000   1.839963
518.991000   1.845858
518.992000   1.851848
518.993000   1.858373
518.994000   1.865886
518.995000   1.874735
518.996000   1.885062
518.997000   1.896696
518.998000   1.909138
518.999000   1.921681
519.000000   1.933561
519.001000   1.944096
519.002000   1.952776
519.003000   1.959298
519.004000   1.963512
519.005000   1.965321
519.006000   1.964611
519.007000   1.961271
519.008000   1.955312
519.009000   1.946948
519.010000   1.936605
519.011000   1.924883
519.012000   1.912496
519.013000   1.900210
519.014000   1.888739
519.015000   1.878606
519.016000   1.870008
519.017000   1.862835
519.018000   1.856803
519.019000   1.851602
519.020000   1.846983
519.021000   1.842796
519.022000   1.839023
519.023000   1.835795
519.024000   1.833370
519.025000   1.832040
519.026000   1.832010
519.027000   1.833364
519.028000   1.836126
519.029000   1.840307
519.030000   1.845891
519.031000   1.852792
519.032000   1.860844
519.033000   1.869844
519.034000   1.879608
519.035000   1.889968
519.036000   1.900717
519.037000   1.911542
519.038000   1.921999
519.039000   1.931574
519.040000   1.939795
519.041000   1.946337
519.042000   1.951082
519.043000   1.954134
519.044000   1.955781
519.045000   1.956391
519.046000   1.956285
519.047000   1.955635
519.048000   1.954390
519.049000   1.952298
519.050000   1.949007
519.051000   1.944171
519.052000   1.937511
519.053000   1.928864
519.054000   1.918178
519.055000   1.905480
519.056000   1.890872
519.057000   1.874567
519.058000   1.856862
519.059000   1.838104
519.060000   1.818711
519.061000   1.799217
519.062000   1.780285
519.063000   1.762649
519.064000   1.746999
519.065000   1.733843
519.066000   1.723431
519.067000   1.715715
519.068000   1.710328
519.069000   1.706678
519.070000   1.704171
519.071000   1.702395
519.072000   1.701157
519.073000   1.700408
519.074000   1.700114
519.075000   1.700175
519.076000   1.700464
519.077000   1.700921
519.078000   1.701588
519.079000   1.702568
519.080000   1.703979
519.081000   1.705934
519.082000   1.708512
519.083000   1.711699
519.084000   1.715313
519.085000   1.718977
519.086000   1.722207
519.087000   1.724565
519.088000   1.725771
519.089000   1.725724
519.090000   1.724462
519.091000   1.722163
519.092000   1.719151
519.093000   1.715838
519.094000   1.712613
519.095000   1.709796
519.096000   1.707701
519.097000   1.706693
519.098000   1.707154
519.099000   1.709391
519.100000   1.713522
519.101000   1.719402
519.102000   1.726623
519.103000   1.734583
519.104000   1.742585
519.105000   1.749942
519.106000   1.756060
519.107000   1.760505
519.108000   1.763040
519.109000   1.763661
519.110000   1.762590
519.111000   1.760236
519.112000   1.757087
519.113000   1.753608
519.114000   1.750200
519.115000   1.747232
519.116000   1.745066
519.117000   1.744028
519.118000   1.744347
519.119000   1.746142
519.120000   1.749464
519.121000   1.754344
519.122000   1.760786
519.123000   1.768688
519.124000   1.777811
519.125000   1.787830
519.126000   1.798418
519.127000   1.809293
519.128000   1.820239
519.129000   1.831120
519.130000   1.841888
519.131000   1.852569
519.132000   1.863219
519.133000   1.873858
519.134000   1.884421
519.135000   1.894723
519.136000   1.904494
519.137000   1.913464
519.138000   1.921443
519.139000   1.928369
519.140000   1.934308
519.141000   1.939397
519.142000   1.943740
519.143000   1.947364
519.144000   1.950279
519.145000   1.952551
519.146000   1.954309
519.147000   1.955715
519.148000   1.956961
519.149000   1.958283
519.150000   1.959933
519.151000   1.962107
519.152000   1.964865
519.153000   1.968114
519.154000   1.971684
519.155000   1.975430
519.156000   1.979266
519.157000   1.983128
519.158000   1.986916
519.159000   1.990516
519.160000   1.993866
519.161000   1.996926
519.162000   1.999583
519.163000   2.001638
519.164000   2.002914
519.165000   2.003367
519.166000   2.003149
519.167000   2.002581
519.168000   2.002074
519.169000   2.001995
519.170000   2.002527
519.171000   2.003584
519.172000   2.004828
519.173000   2.005783
519.174000   2.005976
519.175000   2.005049
519.176000   2.002819
519.177000   1.999313
519.178000   1.994772
519.179000   1.989611
519.180000   1.984290
519.181000   1.979170
519.182000   1.974457
519.183000   1.970304
519.184000   1.966931
519.185000   1.964646
519.186000   1.963792
519.187000   1.964671
519.188000   1.967497
519.189000   1.972359
519.190000   1.979168
519.191000   1.987593
519.192000   1.997078
519.193000   2.006941
519.194000   2.016475
519.195000   2.025043
519.196000   2.032157
519.197000   2.037521
519.198000   2.041014
519.199000   2.042621
519.200000   2.042338
519.201000   2.040151
519.202000   2.036127
519.203000   2.030461
519.204000   2.023389
519.205000   2.015098
519.206000   2.005763
519.207000   1.995652
519.208000   1.985195
519.209000   1.974922
519.210000   1.965342
519.211000   1.956833
519.212000   1.949653
519.213000   1.943982
519.214000   1.939934
519.215000   1.937549
519.216000   1.936783
519.217000   1.937486
519.218000   1.939436
519.219000   1.942367
519.220000   1.945995
519.221000   1.950023
519.222000   1.954155
519.223000   1.958090
519.224000   1.961526
519.225000   1.964196
519.226000   1.965926
519.227000   1.966659
519.228000   1.966391
519.229000   1.965074
519.230000   1.962582
519.231000   1.958766
519.231000   1.958766
519.232000   1.953542
519.233000   1.946928
519.234000   1.939045
519.235000   1.930101
519.236000   1.920398
519.237000   1.910324
519.238000   1.900283
519.239000   1.890559
519.240000   1.881198
519.241000   1.872021
519.242000   1.862749
519.243000   1.853123
519.244000   1.842984
519.245000   1.832319
519.246000   1.821300
519.247000   1.810275
519.248000   1.799725
519.249000   1.790171
519.250000   1.782080
519.251000   1.775819
519.252000   1.771652
519.253000   1.769806
519.254000   1.770512
519.255000   1.773978
519.256000   1.780314
519.257000   1.789464
519.258000   1.801156
519.259000   1.814865
519.260000   1.829852
519.261000   1.845286
519.262000   1.860368
519.263000   1.874394
519.264000   1.886794
519.265000   1.897178
519.266000   1.905372
519.267000   1.911391
519.268000   1.915354
519.269000   1.917418
519.270000   1.917791
519.271000   1.916810
519.272000   1.914953
519.273000   1.912746
519.274000   1.910588
519.275000   1.908628
519.276000   1.906827
519.277000   1.905126
519.278000   1.903493
519.279000   1.901858
519.280000   1.900074
519.281000   1.897957
519.282000   1.895345
519.283000   1.892138
519.284000   1.888334
519.285000   1.884041
519.286000   1.879468
519.287000   1.874860
519.288000   1.870419
519.289000   1.866246
519.290000   1.862332
519.291000   1.858543
519.292000   1.854598
519.293000   1.850098
519.294000   1.844634
519.295000   1.837924
519.296000   1.829907
519.297000   1.820698
519.298000   1.810443
519.299000   1.799224
519.300000   1.787127
519.301000   1.774349
519.302000   1.761246
519.303000   1.748328
519.304000   1.736235
519.305000   1.725693
519.306000   1.717436
519.307000   1.712053
519.308000   1.709798
519.309000   1.710472
519.310000   1.713518
519.311000   1.718200
519.312000   1.723771
519.313000   1.729565
519.314000   1.735066
519.315000   1.739954
519.316000   1.744103
519.317000   1.747514
519.318000   1.750229
519.319000   1.752353
519.320000   1.754132
519.321000   1.755935
519.322000   1.758186
519.323000   1.761304
519.324000   1.765647
519.325000   1.771457
519.326000   1.778803
519.327000   1.787562
519.328000   1.797438
519.329000   1.808038
519.330000   1.818948
519.331000   1.829739
519.332000   1.839959
519.333000   1.849177
519.334000   1.857084
519.335000   1.863568
519.336000   1.868694
519.337000   1.872612
519.338000   1.875454
519.339000   1.877320
519.340000   1.878328
519.341000   1.878626
519.342000   1.878359
519.343000   1.877613
519.344000   1.876367
519.345000   1.874499
519.346000   1.871818
519.347000   1.868098
519.348000   1.863095
519.349000   1.856618
519.350000   1.848599
519.351000   1.839121
519.352000   1.828410
519.353000   1.816827
519.354000   1.804825
519.355000   1.792883
519.356000   1.781428
519.357000   1.770790
519.358000   1.761183
519.359000   1.752720
519.360000   1.745415
519.361000   1.739200
519.362000   1.733962
519.363000   1.729629
519.364000   1.726249
519.365000   1.724007
519.366000   1.723110
519.367000   1.723577
519.368000   1.725175
519.369000   1.727570
519.370000   1.730516
519.371000   1.733928
519.372000   1.737867
519.373000   1.742480
519.374000   1.747938
519.375000   1.754380
519.376000   1.761847
519.377000   1.770198
519.378000   1.779035
519.379000   1.787726
519.380000   1.795530
519.381000   1.801770
519.382000   1.805947
519.383000   1.807799
519.384000   1.807331
519.385000   1.804804
519.386000   1.800640
519.387000   1.795251
519.388000   1.788942
519.389000   1.781965
519.390000   1.774602
519.391000   1.767189
519.392000   1.760125
519.393000   1.753867
519.394000   1.748900
519.395000   1.745667
519.396000   1.744489
519.397000   1.745528
519.398000   1.748820
519.399000   1.754321
519.400000   1.761906
519.401000   1.771320
519.402000   1.782168
519.403000   1.793988
519.404000   1.806331
519.405000   1.818801
519.406000   1.831040
519.407000   1.842688
519.408000   1.853371
519.409000   1.862757
519.410000   1.870614
519.411000   1.876823
519.412000   1.881339
519.413000   1.884190
519.414000   1.885542
519.415000   1.885733
519.416000   1.885179
519.417000   1.884242
519.418000   1.883187
519.419000   1.882219
519.420000   1.881524
519.421000   1.881294
519.422000   1.881718
519.423000   1.882933
519.424000   1.884974
519.425000   1.887766
519.426000   1.891118
519.427000   1.894717
519.428000   1.898159
519.429000   1.901006
519.430000   1.902846
519.431000   1.903352
519.432000   1.902348
519.433000   1.899860
519.434000   1.896088
519.435000   1.891295
519.436000   1.885670
519.437000   1.879303
519.438000   1.872293
519.439000   1.864856
519.440000   1.857338
519.441000   1.850153
519.442000   1.843736
519.443000   1.838501
519.444000   1.834838
519.445000   1.833071
519.446000   1.833407
519.447000   1.835898
519.448000   1.840462
519.449000   1.846937
519.450000   1.855125
519.451000   1.864802
519.452000   1.875736
519.453000   1.887701
519.454000   1.900499
519.455000   1.913916
519.456000   1.927653
519.457000   1.941287
519.458000   1.954321
519.459000   1.966251
519.460000   1.976641
519.461000   1.985222
519.462000   1.991934
519.463000   1.996890
519.464000   2.000276
519.465000   2.002230
519.466000   2.002779
519.467000   2.001904
519.468000   1.999645
519.469000   1.996147
519.470000   1.991659
519.471000   1.986455
519.472000   1.980739
519.473000   1.974604
519.474000   1.968073
519.475000   1.961136
519.476000   1.953751
519.477000   1.945849
519.478000   1.937366
519.479000   1.928281
519.480000   1.918633
519.481000   1.908533
519.482000   1.898137
519.483000   1.887578
519.484000   1.876886
519.485000   1.865954
519.486000   1.854578
519.487000   1.842563
519.488000   1.829801
519.489000   1.816300
519.490000   1.802182
519.491000   1.787689
519.492000   1.773181
519.493000   1.759086
519.494000   1.745800
519.495000   1.733563
519.496000   1.722421
519.497000   1.712321
519.498000   1.703218
519.499000   1.695121
519.500000   1.688097
519.501000   1.682259
519.502000   1.677770
519.503000   1.674836
519.504000   1.673638
519.505000   1.674211
519.506000   1.676380
519.507000   1.679797
519.508000   1.684102
519.509000   1.689044
519.510000   1.694517
519.511000   1.700523
519.512000   1.707106
519.513000   1.714258
519.514000   1.721875
519.515000   1.729819
519.516000   1.738008
519.517000   1.746379
519.518000   1.754717
519.519000   1.762615
519.520000   1.769611
519.521000   1.775331
519.522000   1.779535
519.523000   1.782080
519.524000   1.782887
519.525000   1.781949
519.526000   1.779380
519.527000   1.775414
519.528000   1.770278
519.529000   1.764078
519.530000   1.756858
519.531000   1.748732
519.532000   1.739888
519.533000   1.730460
519.534000   1.720426
519.535000   1.709645
519.536000   1.697961
519.537000   1.685314
519.538000   1.671791
519.539000   1.657553
519.540000   1.642676
519.541000   1.627096
519.542000   1.610710
519.543000   1.593438
519.544000   1.575278
519.545000   1.556361
519.546000   1.536985
519.547000   1.517623
519.548000   1.498912
519.549000   1.481598
519.550000   1.466412
519.551000   1.453903
519.552000   1.444369
519.553000   1.437907
519.554000   1.434490
519.555000   1.434035
519.556000   1.436453
519.557000   1.441662
519.558000   1.449608
519.559000   1.460284
519.560000   1.473730
519.561000   1.489938
519.562000   1.508637
519.563000   1.529140
519.564000   1.550521
519.565000   1.571906
519.566000   1.592637
519.567000   1.612277
519.568000   1.630561
519.569000   1.647335
519.570000   1.662526
519.571000   1.676094
519.572000   1.687980
519.573000   1.698041
519.574000   1.706038
519.575000   1.711706
519.576000   1.714878
519.577000   1.715583
519.578000   1.714057
519.579000   1.710714
519.580000   1.706082
519.581000   1.700701
519.582000   1.695002
519.583000   1.689277
519.584000   1.683768
519.585000   1.678679
519.586000   1.674076
519.587000   1.669887
519.588000   1.666035
519.589000   1.662517
519.590000   1.659400
519.591000   1.656755
519.592000   1.654609
519.593000   1.652948
519.594000   1.651776
519.595000   1.651153
519.596000   1.651151
519.597000   1.651771
519.598000   1.652907
519.599000   1.654426
519.600000   1.656250
519.601000   1.658336
519.602000   1.660587
519.603000   1.662820
519.604000   1.664833
519.605000   1.666479
519.606000   1.667709
519.607000   1.668582
519.608000   1.669229
519.609000   1.669781
519.610000   1.670322
519.611000   1.670863
519.612000   1.671329
519.613000   1.671619
519.614000   1.671682
519.615000   1.671549
519.616000   1.671303
519.617000   1.671073
519.618000   1.671034
519.619000   1.671428
519.620000   1.672533
519.621000   1.674579
519.622000   1.677660
519.623000   1.681737
519.624000   1.686710
519.625000   1.692458
519.626000   1.698859
519.627000   1.705806
519.628000   1.713221
519.629000   1.721069
519.630000   1.729300
519.631000   1.737733
519.632000   1.745967
519.633000   1.753454
519.634000   1.759695
519.635000   1.764414
519.636000   1.767591
519.637000   1.769407
519.638000   1.770172
519.639000   1.770244
519.640000   1.769938
519.641000   1.769489
519.642000   1.769078
519.643000   1.768900
519.644000   1.769152
519.645000   1.769995
519.646000   1.771566
519.647000   1.774045
519.648000   1.777685
519.649000   1.782746
519.650000   1.789371
519.651000   1.797480
519.652000   1.806821
519.653000   1.817126
519.654000   1.828188
519.655000   1.839763
519.656000   1.851444
519.657000   1.862784
519.658000   1.873425
519.659000   1.883070
519.660000   1.891356
519.661000   1.897798
519.662000   1.901876
519.663000   1.903169
519.664000   1.901471
519.665000   1.896850
519.666000   1.889662
519.667000   1.880500
519.668000   1.870079
519.669000   1.859134
519.670000   1.848309
519.671000   1.838108
519.672000   1.828922
519.673000   1.821077
519.674000   1.814839
519.675000   1.810400
519.676000   1.807894
519.677000   1.807388
519.678000   1.808776
519.679000   1.811611
519.680000   1.815091
519.681000   1.818247
519.682000   1.820170
519.683000   1.820157
519.684000   1.817752
519.685000   1.812770
519.686000   1.805310
519.687000   1.795781
519.688000   1.784862
519.689000   1.773341
519.690000   1.761869
519.691000   1.750886
519.692000   1.740732
519.693000   1.731737
519.694000   1.724211
519.695000   1.718442
519.696000   1.714721
519.697000   1.713387
519.698000   1.714806
519.699000   1.719278
519.700000   1.726890
519.701000   1.737421
519.702000   1.750384
519.703000   1.765217
519.704000   1.781427
519.705000   1.798603
519.706000   1.816372
519.707000   1.834339
519.708000   1.852018
519.709000   1.868795
519.710000   1.883967
519.711000   1.896876
519.712000   1.907008
519.713000   1.913972
519.714000   1.917417
519.715000   1.917151
519.716000   1.913338
519.717000   1.906528
519.718000   1.897475
519.719000   1.886879
519.720000   1.875276
519.721000   1.863115
519.722000   1.850908
519.723000   1.839322
519.724000   1.829153
519.725000   1.821152
519.726000   1.815788
519.727000   1.813175
519.728000   1.813125
519.729000   1.815187
519.730000   1.818721
519.731000   1.822992
519.731000   1.822992
519.732000   1.827268
519.733000   1.830889
519.734000   1.833341
519.735000   1.834319
519.736000   1.833786
519.737000   1.831988
519.738000   1.829374
519.739000   1.826413
519.740000   1.823422
519.741000   1.820631
519.742000   1.818333
519.743000   1.816919
519.744000   1.816780
519.745000   1.818207
519.746000   1.821356
519.747000   1.826249
519.748000   1.832807
519.749000   1.840886
519.750000   1.850189
519.751000   1.860074
519.752000   1.869703
519.753000   1.878414
519.754000   1.885877
519.755000   1.892044
519.756000   1.897054
519.757000   1.901139
519.758000   1.904617
519.759000   1.907925
519.760000   1.911460
519.761000   1.915120
519.762000   1.918255
519.763000   1.920112
519.764000   1.920109
519.765000   1.917877
519.766000   1.913212
519.767000   1.906021
519.768000   1.896328
519.769000   1.884379
519.770000   1.870696
519.771000   1.855897
519.772000   1.840392
519.773000   1.824446
519.774000   1.808457
519.775000   1.793047
519.776000   1.778964
519.777000   1.766946
519.778000   1.757633
519.779000   1.751576
519.780000   1.749292
519.781000   1.751239
519.782000   1.757559
519.783000   1.767693
519.784000   1.780584
519.785000   1.795233
519.786000   1.810871
519.787000   1.826847
519.788000   1.842544
519.789000   1.857413
519.790000   1.871072
519.791000   1.883389
519.792000   1.894482
519.793000   1.904530
519.794000   1.913530
519.795000   1.921333
519.796000   1.927785
519.797000   1.932729
519.798000   1.935982
519.799000   1.937325
519.800000   1.936565
519.801000   1.933650
519.802000   1.928795
519.803000   1.922493
519.804000   1.915267
519.805000   1.907328
519.806000   1.898614
519.807000   1.889096
519.808000   1.878976
519.809000   1.868701
519.810000   1.858895
519.811000   1.850294
519.812000   1.843668
519.813000   1.839713
519.814000   1.838811
519.815000   1.840744
519.816000   1.844709
519.817000   1.849675
519.818000   1.854689
519.819000   1.858973
519.820000   1.861949
519.821000   1.863261
519.822000   1.862802
519.823000   1.860721
519.824000   1.857351
519.825000   1.853010
519.826000   1.847827
519.827000   1.841851
519.828000   1.835281
519.829000   1.828530
519.830000   1.822130
519.831000   1.816606
519.832000   1.812393
519.833000   1.809780
519.834000   1.808913
519.835000   1.809775
519.836000   1.812111
519.837000   1.815459
519.838000   1.819362
519.839000   1.823517
519.840000   1.827785
519.841000   1.832153
519.842000   1.836674
519.843000   1.841425
519.844000   1.846519
519.845000   1.852177
519.846000   1.858736
519.847000   1.866432
519.848000   1.875108
519.849000   1.884270
519.850000   1.893347
519.851000   1.901835
519.852000   1.909293
519.853000   1.915287
519.854000   1.919399
519.855000   1.921298
519.856000   1.920811
519.857000   1.917912
519.858000   1.912671
519.859000   1.905314
519.860000   1.896320
519.861000   1.886414
519.862000   1.876406
519.863000   1.867019
519.864000   1.858778
519.865000   1.851995
519.866000   1.846800
519.867000   1.843198
519.868000   1.841126
519.869000   1.840438
519.870000   1.840841
519.871000   1.841920
519.872000   1.843231
519.873000   1.844354
519.874000   1.844939
519.875000   1.844793
519.876000   1.843952
519.877000   1.842706
519.878000   1.841581
519.879000   1.841245
519.880000   1.842328
519.881000   1.845265
519.882000   1.850263
519.883000   1.857329
519.884000   1.866318
519.885000   1.876950
519.886000   1.888851
519.887000   1.901582
519.888000   1.914702
519.889000   1.927821
519.890000   1.940641
519.891000   1.952901
519.892000   1.964246
519.893000   1.974120
519.894000   1.981864
519.895000   1.986922
519.896000   1.988999
519.897000   1.988080
519.898000   1.984394
519.899000   1.978329
519.900000   1.970351
519.901000   1.960921
519.902000   1.950442
519.903000   1.939239
519.904000   1.927562
519.905000   1.915596
519.906000   1.903500
519.907000   1.891461
519.908000   1.879705
519.909000   1.868476
519.910000   1.857955
519.911000   1.848182
519.912000   1.839017
519.913000   1.830224
519.914000   1.821637
519.915000   1.813248
519.916000   1.805163
519.917000   1.797489
519.918000   1.790302
519.919000   1.783693
519.920000   1.777786
519.921000   1.772707
519.922000   1.768583
519.923000   1.765576
519.924000   1.763909
519.925000   1.763848
519.926000   1.765656
519.927000   1.769552
519.928000   1.775696
519.929000   1.784189
519.930000   1.795056
519.931000   1.808205
519.932000   1.823406
519.933000   1.840290
519.934000   1.858357
519.935000   1.876988
519.936000   1.895487
519.937000   1.913164
519.938000   1.929418
519.939000   1.943761
519.940000   1.955766
519.941000   1.965006
519.942000   1.971120
519.943000   1.973927
519.944000   1.973505
519.945000   1.970195
519.946000   1.964551
519.947000   1.957271
519.948000   1.949109
519.949000   1.940797
519.950000   1.932976
519.951000   1.926171
519.952000   1.920783
519.953000   1.917067
519.954000   1.915123
519.955000   1.914920
519.956000   1.916362
519.957000   1.919348
519.958000   1.923785
519.959000   1.929540
