516.964000   2.213949
516.965000   2.234835
516.966000   2.255362
516.967000   2.273822
516.968000   2.288544
516.969000   2.298120
516.970000   2.301624
516.971000   2.298735
516.972000   2.289652
516.973000   2.274865
516.974000   2.255036
516.975000   2.231070
516.976000   2.204178
516.977000   2.175823
516.978000   2.147581
516.979000   2.121004
516.980000   2.097474
516.981000   2.078070
516.982000   2.063464
516.983000   2.053896
516.984000   2.049243
516.985000   2.049111
516.986000   2.052907
516.987000   2.059885
516.988000   2.069192
516.989000   2.079915
516.990000   2.091114
516.991000   2.101805
516.992000   2.110900
516.993000   2.117215
516.994000   2.119626
516.995000   2.117299
516.996000   2.109865
516.997000   2.097490
516.998000   2.080860
516.999000   2.061060
517.000000   2.039374
517.001000   2.017077
517.002000   1.995298
517.003000   1.974991
517.004000   1.956950
517.005000   1.941833
517.006000   1.930167
517.007000   1.922356
517.008000   1.918643
517.009000   1.919047
517.010000   1.923242
517.011000   1.930463
517.012000   1.939551
517.013000   1.949122
517.014000   1.957793
517.015000   1.964369
517.016000   1.967984
517.017000   1.968167
517.018000   1.964806
517.019000   1.958029
517.020000   1.948085
517.021000   1.935321
517.022000   1.920213
517.023000   1.903367
517.024000   1.885489
517.025000   1.867355
517.026000   1.849778
517.027000   1.833578
517.028000   1.819502
517.029000   1.808098
517.030000   1.799609
517.031000   1.793988
517.032000   1.791026
517.033000   1.790492
517.034000   1.792257
517.035000   1.796358
517.036000   1.802998
517.037000   1.812442
517.038000   1.824781
517.039000   1.839695
517.040000   1.856422
517.041000   1.873924
517.042000   1.891077
517.043000   1.906825
517.044000   1.920289
517.045000   1.930856
517.046000   1.938196
517.047000   1.942208
517.048000   1.942923
517.049000   1.940432
517.050000   1.934900
517.051000   1.926615
517.052000   1.916025
517.053000   1.903763
517.054000   1.890642
517.055000   1.877623
517.056000   1.865719
517.057000   1.855805
517.058000   1.848406
517.059000   1.843627
517.060000   1.841251
517.061000   1.840915
517.062000   1.842256
517.063000   1.844998
517.064000   1.848984
517.065000   1.854134
517.066000   1.860335
517.067000   1.867340
517.068000   1.874757
517.069000   1.882154
517.070000   1.889169
517.071000   1.895576
517.072000   1.901303
517.073000   1.906426
517.074000   1.911153
517.075000   1.915757
517.076000   1.920471
517.077000   1.925369
517.078000   1.930330
517.079000   1.935139
517.080000   1.939623
517.081000   1.943773
517.082000   1.947803
517.083000   1.952152
517.084000   1.957395
517.085000   1.964055
517.086000   1.972432
517.087000   1.982597
517.088000   1.994527
517.089000   2.008211
517.090000   2.023681
517.091000   2.040974
517.092000   2.060084
517.093000   2.080880
517.094000   2.102991
517.095000   2.125686
517.096000   2.147817
517.097000   2.167933
517.098000   2.184521
517.099000   2.196283
517.100000   2.202373
517.101000   2.202549
517.102000   2.197223
517.103000   2.187332
517.104000   2.174022
517.105000   2.158307
517.106000   2.141013
517.107000   2.122969
517.108000   2.105140
517.109000   2.088610
517.110000   2.074481
517.111000   2.063756
517.112000   2.057230
517.113000   2.055378
517.114000   2.058275
517.115000   2.065596
517.116000   2.076713
517.117000   2.090789
517.118000   2.106835
517.119000   2.123762
517.120000   2.140450
517.121000   2.155849
517.122000   2.169068
517.123000   2.179383
517.124000   2.186186
517.125000   2.189009
517.126000   2.187690
517.127000   2.182504
517.128000   2.174202
517.129000   2.163922
517.130000   2.153029
517.131000   2.142915
517.132000   2.134785
517.133000   2.129527
517.134000   2.127717
517.135000   2.129685
517.136000   2.135561
517.137000   2.145256
517.138000   2.158435
517.139000   2.174496
517.140000   2.192573
517.141000   2.211550
517.142000   2.230081
517.143000   2.246673
517.144000   2.259847
517.145000   2.268348
517.146000   2.271323
517.147000   2.268427
517.148000   2.259842
517.149000   2.246210
517.150000   2.228460
517.151000   2.207585
517.152000   2.184517
517.153000   2.160140
517.154000   2.135351
517.155000   2.111065
517.156000   2.088172
517.157000   2.067504
517.158000   2.049795
517.159000   2.035645
517.160000   2.025461
517.161000   2.019405
517.162000   2.017420
517.163000   2.019342
517.164000   2.024987
517.165000   2.034189
517.166000   2.046780
517.167000   2.062558
517.168000   2.081220
517.169000   2.102237
517.170000   2.124668
517.171000   2.147101
517.172000   2.167822
517.173000   2.185104
517.174000   2.197440
517.175000   2.203720
517.176000   2.203373
517.177000   2.196452
517.178000   2.183582
517.179000   2.165807
517.180000   2.144423
517.181000   2.120894
517.182000   2.096782
517.183000   2.073641
517.184000   2.052897
517.185000   2.035769
517.186000   2.023200
517.187000   2.015796
517.188000   2.013696
517.189000   2.016473
517.190000   2.023198
517.191000   2.032655
517.192000   2.043579
517.193000   2.054810
517.194000   2.065393
517.195000   2.074622
517.196000   2.082011
517.197000   2.087171
517.198000   2.089719
517.199000   2.089361
517.200000   2.086059
517.201000   2.080092
517.202000   2.071982
517.203000   2.062372
517.204000   2.051926
517.205000   2.041249
517.206000   2.030821
517.207000   2.020910
517.208000   2.011556
517.209000   2.002677
517.210000   1.994215
517.211000   1.986230
517.212000   1.978938
517.213000   1.972715
517.214000   1.968048
517.215000   1.965404
517.216000   1.965017
517.217000   1.966763
517.218000   1.970280
517.219000   1.975189
517.220000   1.981198
517.221000   1.988105
517.222000   1.995741
517.223000   2.003910
517.224000   2.012346
517.225000   2.020670
517.226000   2.028388
517.227000   2.034956
517.228000   2.039889
517.229000   2.042849
517.230000   2.043696
517.231000   2.042532
517.232000   2.039723
517.233000   2.035905
517.234000   2.031887
517.235000   2.028429
517.236000   2.026063
517.237000   2.025118
517.238000   2.025857
517.239000   2.028573
517.240000   2.033586
517.241000   2.041218
517.242000   2.051725
517.243000   2.065184
517.244000   2.081341
517.245000   2.099540
517.246000   2.118810
517.247000   2.138050
517.248000   2.156180
517.249000   2.172239
517.250000   2.185475
517.251000   2.195416
517.252000   2.201902
517.253000   2.205037
517.254000   2.205060
517.255000   2.202264
517.256000   2.197028
517.257000   2.189883
517.258000   2.181545
517.259000   2.172886
517.260000   2.164902
517.261000   2.158637
517.261000   2.158637
517.262000   2.155044
517.263000   2.154788
517.264000   2.158121
517.265000   2.164921
517.266000   2.174807
517.267000   2.187207
517.268000   2.201417
517.269000   2.216645
517.270000   2.232055
517.271000   2.246782
517.272000   2.259907
517.273000   2.270460
517.274000   2.277497
517.275000   2.280249
517.276000   2.278258
517.277000   2.271465
517.278000   2.260244
517.279000   2.245382
517.280000   2.227974
517.281000   2.209229
517.282000   2.190218
517.283000   2.171738
517.284000   2.154352
517.285000   2.138490
517.286000   2.124522
517.287000   2.112823
517.288000   2.103812
517.289000   2.097967
517.290000   2.095763
517.291000   2.097569
517.292000   2.103576
517.293000   2.113806
517.294000   2.128147
517.295000   2.146372
517.296000   2.168138
517.297000   2.192990
517.298000   2.220364
517.299000   2.249565
517.300000   2.279687
517.301000   2.309516
517.302000   2.337527
517.303000   2.362012
517.304000   2.381271
517.305000   2.393831
517.306000   2.398652
517.307000   2.395305
517.308000   2.384051
517.309000   2.365761
517.310000   2.341735
517.311000   2.313539
517.312000   2.282870
517.313000   2.251407
517.314000   2.220653
517.315000   2.191828
517.316000   2.165851
517.317000   2.143369
517.318000   2.124794
517.319000   2.110297
517.320000   2.099778
517.321000   2.092887
517.322000   2.089104
517.323000   2.087820
517.324000   2.088414
517.325000   2.090317
517.326000   2.093078
517.327000   2.096362
517.328000   2.099855
517.329000   2.103128
517.330000   2.105637
517.331000   2.106853
517.332000   2.106369
517.333000   2.103942
517.334000   2.099500
517.335000   2.093143
517.336000   2.085144
517.337000   2.075898
517.338000   2.065858
517.339000   2.055487
517.340000   2.045277
517.341000   2.035765
517.342000   2.027513
517.343000   2.021089
517.344000   2.017042
517.345000   2.015898
517.346000   2.018090
517.347000   2.023814
517.348000   2.032884
517.349000   2.044737
517.350000   2.058558
517.351000   2.073394
517.352000   2.088227
517.353000   2.102024
517.354000   2.113789
517.355000   2.122578
517.356000   2.127461
517.357000   2.127565
517.358000   2.122271
517.359000   2.111432
517.360000   2.095437
517.361000   2.075135
517.362000   2.051695
517.363000   2.026461
517.364000   2.000807
517.365000   1.975988
517.366000   1.952998
517.367000   1.932540
517.368000   1.915094
517.369000   1.901006
517.370000   1.890516
517.371000   1.883774
517.372000   1.880857
517.373000   1.881772
517.374000   1.886410
517.375000   1.894417
517.376000   1.905130
517.377000   1.917688
517.378000   1.931205
517.379000   1.944883
517.380000   1.958062
517.381000   1.970260
517.382000   1.981189
517.383000   1.990735
517.384000   1.998869
517.385000   2.005551
517.386000   2.010721
517.387000   2.014334
517.388000   2.016395
517.389000   2.016961
517.390000   2.016172
517.391000   2.014281
517.392000   2.011671
517.393000   2.008748
517.394000   2.005754
517.395000   2.002666
517.396000   1.999312
517.397000   1.995541
517.398000   1.991331
517.399000   1.986806
517.400000   1.982212
517.401000   1.977852
517.402000   1.973970
517.403000   1.970635
517.404000   1.967733
517.405000   1.965031
517.406000   1.962244
517.407000   1.959043
517.408000   1.955079
517.409000   1.950056
517.410000   1.943820
517.411000   1.936417
517.412000   1.928044
517.413000   1.918942
517.414000   1.909349
517.415000   1.899553
517.416000   1.889965
517.417000   1.881160
517.418000   1.873882
517.419000   1.869021
517.420000   1.867504
517.421000   1.870096
517.422000   1.877217
517.423000   1.888936
517.424000   1.905090
517.425000   1.925369
517.426000   1.949320
517.427000   1.976323
517.428000   2.005569
517.429000   2.036032
517.430000   2.066424
517.431000   2.095169
517.432000   2.120481
517.433000   2.140593
517.434000   2.154067
517.435000   2.160077
517.436000   2.158616
517.437000   2.150560
517.438000   2.137550
517.439000   2.121657
517.440000   2.104886
517.441000   2.088766
517.442000   2.074240
517.443000   2.061786
517.444000   2.051573
517.445000   2.043614
517.446000   2.037878
517.447000   2.034363
517.448000   2.033055
517.449000   2.033803
517.450000   2.036212
517.451000   2.039709
517.452000   2.043704
517.453000   2.047720
517.454000   2.051459
517.455000   2.054836
517.456000   2.057969
517.457000   2.061112
517.458000   2.064512
517.459000   2.068249
517.460000   2.072171
517.461000   2.075980
517.462000   2.079369
517.463000   2.082137
517.464000   2.084272
517.465000   2.086001
517.466000   2.087761
517.467000   2.090061
517.468000   2.093282
517.469000   2.097561
517.470000   2.102880
517.471000   2.109212
517.472000   2.116604
517.473000   2.125192
517.474000   2.135181
517.475000   2.146777
517.476000   2.160085
517.477000   2.174957
517.478000   2.190892
517.479000   2.207087
517.480000   2.222576
517.481000   2.236379
517.482000   2.247603
517.483000   2.255541
517.484000   2.259755
517.485000   2.260104
517.486000   2.256647
517.487000   2.249481
517.488000   2.238702
517.489000   2.224550
517.490000   2.207561
517.491000   2.188584
517.492000   2.168704
517.493000   2.149123
517.494000   2.131012
517.495000   2.115328
517.496000   2.102654
517.497000   2.093132
517.498000   2.086571
517.499000   2.082616
517.500000   2.080872
517.501000   2.080967
517.502000   2.082585
517.503000   2.085445
517.504000   2.089240
517.505000   2.093493
517.506000   2.097429
517.507000   2.100072
517.508000   2.100528
517.509000   2.098244
517.510000   2.093129
517.511000   2.085561
517.512000   2.076287
517.513000   2.066249
517.514000   2.056352
517.515000   2.047274
517.516000   2.039446
517.517000   2.033141
517.518000   2.028526
517.519000   2.025671
517.520000   2.024542
517.521000   2.025026
517.522000   2.026965
517.523000   2.030126
517.524000   2.034106
517.525000   2.038276
517.526000   2.041889
517.527000   2.044261
517.528000   2.044919
517.529000   2.043663
517.530000   2.040592
517.531000   2.036054
517.532000   2.030515
517.533000   2.024360
517.534000   2.017788
517.535000   2.010876
517.536000   2.003674
517.537000   1.996232
517.538000   1.988597
517.539000   1.980816
517.540000   1.972970
517.541000   1.965178
517.542000   1.957527
517.543000   1.949996
517.544000   1.942498
517.545000   1.935024
517.546000   1.927741
517.547000   1.921018
517.548000   1.915401
517.549000   1.911579
517.550000   1.910306
517.551000   1.912242
517.552000   1.917761
517.553000   1.926893
517.554000   1.939416
517.555000   1.954936
517.556000   1.972889
517.557000   1.992527
517.558000   2.012929
517.559000   2.033035
517.560000   2.051663
517.561000   2.067503
517.562000   2.079238
517.563000   2.085811
517.564000   2.086695
517.565000   2.081992
517.566000   2.072383
517.567000   2.058999
517.568000   2.043239
517.569000   2.026564
517.570000   2.010248
517.571000   1.995208
517.572000   1.982019
517.573000   1.971015
517.574000   1.962371
517.575000   1.956137
517.576000   1.952301
517.577000   1.950856
517.578000   1.951805
517.579000   1.955032
517.580000   1.960161
517.581000   1.966603
517.582000   1.973746
517.583000   1.981097
517.584000   1.988335
517.585000   1.995327
517.586000   2.002126
517.587000   2.008920
517.588000   2.015896
517.589000   2.023076
517.590000   2.030244
517.591000   2.037023
517.592000   2.042979
517.593000   2.047699
517.594000   2.050861
517.595000   2.052310
517.596000   2.052112
517.597000   2.050514
517.598000   2.047785
517.599000   2.044078
517.600000   2.039494
517.601000   2.034221
517.602000   2.028620
517.603000   2.023217
517.604000   2.018677
517.605000   2.015746
517.606000   2.015150
517.607000   2.017458
517.608000   2.022946
517.609000   2.031556
517.610000   2.042908
517.611000   2.056336
517.612000   2.070965
517.613000   2.085822
517.614000   2.099976
517.615000   2.112643
517.616000   2.123193
517.617000   2.131072
517.618000   2.135767
517.619000   2.136904
517.620000   2.134397
517.621000   2.128532
517.622000   2.119993
517.623000   2.109810
517.624000   2.099242
517.625000   2.089567
517.626000   2.081853
517.627000   2.076824
517.628000   2.074859
517.629000   2.076038
517.630000   2.080181
517.631000   2.086898
517.632000   2.095671
517.633000   2.105936
517.634000   2.117106
517.635000   2.128519
517.636000   2.139376
517.637000   2.148803
517.638000   2.156016
517.639000   2.160495
517.640000   2.162114
517.641000   2.161195
517.642000   2.158474
517.643000   2.154945
517.644000   2.151606
517.645000   2.149210
517.646000   2.148162
517.647000   2.148567
517.648000   2.150322
517.649000   2.153211
517.650000   2.157008
517.651000   2.161537
517.652000   2.166688
517.653000   2.172357
517.654000   2.178355
517.655000   2.184375
517.656000   2.190065
517.657000   2.195158
517.658000   2.199566
517.659000   2.203418
517.660000   2.207064
517.661000   2.211021
517.662000   2.215862
517.663000   2.222029
517.664000   2.229674
517.665000   2.238618
517.666000   2.248441
517.667000   2.258587
517.668000   2.268463
517.669000   2.277528
517.670000   2.285373
517.671000   2.291737
517.672000   2.296434
517.673000   2.299254
517.674000   2.299967
517.675000   2.298443
517.676000   2.294786
517.677000   2.289405
517.678000   2.283010
517.679000   2.276542
517.680000   2.271022
517.681000   2.267345
517.682000   2.266054
517.683000   2.267226
517.684000   2.270511
517.685000   2.275250
517.686000   2.280605
517.687000   2.285658
517.688000   2.289496
517.689000   2.291267
517.690000   2.290201
517.691000   2.285584
517.692000   2.276786
517.693000   2.263389
517.694000   2.245367
517.695000   2.223185
517.696000   2.197767
517.697000   2.170376
517.698000   2.142457
517.699000   2.115446
517.700000   2.090571
517.701000   2.068671
517.702000   2.050134
517.703000   2.034997
517.704000   2.023105
517.705000   2.014268
517.706000   2.008356
517.707000   2.005343
517.708000   2.005284
517.709000   2.008197
517.710000   2.013896
517.711000   2.021887
517.712000   2.031479
517.713000   2.041988
517.714000   2.052876
517.715000   2.063790
517.716000   2.074536
517.717000   2.085001
517.718000   2.095042
517.719000   2.104349
517.720000   2.112368
517.721000   2.118328
517.722000   2.121397
517.723000   2.120858
517.724000   2.116247
517.725000   2.107457
517.726000   2.094781
517.727000   2.078881
517.728000   2.060647
517.729000   2.040954
517.730000   2.020471
517.731000   1.999660
517.732000   1.978916
517.733000   1.958666
517.734000   1.939412
517.735000   1.921708
517.736000   1.906113
517.737000   1.893074
517.738000   1.882773
517.739000   1.874995
517.740000   1.869166
517.741000   1.864488
517.742000   1.860088
517.743000   1.855128
517.744000   1.848911
517.745000   1.840967
517.746000   1.831109
517.747000   1.819392
517.748000   1.805995
517.749000   1.791147
517.750000   1.775153
517.751000   1.758453
517.752000   1.741639
517.753000   1.725427
517.754000   1.710616
517.755000   1.698034
517.756000   1.688442
517.757000   1.682376
517.758000   1.680032
517.759000   1.681279
517.760000   1.685763
517.761000   1.692982
517.761000   1.692982
517.762000   1.702338
517.763000   1.713179
517.764000   1.724865
517.765000   1.736791
517.766000   1.748334
517.767000   1.758798
517.768000   1.767478
517.769000   1.773864
517.770000   1.777792
517.771000   1.779481
517.772000   1.779484
517.773000   1.778592
517.774000   1.777705
517.775000   1.777642
517.776000   1.778929
517.777000   1.781711
517.778000   1.785846
517.779000   1.791049
517.780000   1.797001
517.781000   1.803416
517.782000   1.810092
517.783000   1.816916
517.784000   1.823802
517.785000   1.830535
517.786000   1.836680
517.787000   1.841666
517.788000   1.844973
517.789000   1.846274
517.790000   1.845486
517.791000   1.842779
517.792000   1.838552
517.793000   1.833364
517.794000   1.827780
517.795000   1.822218
517.796000   1.816912
517.797000   1.811996
517.798000   1.807586
517.799000   1.803802
517.800000   1.800797
517.801000   1.798778
517.802000   1.798013
517.803000   1.798770
517.804000   1.801163
517.805000   1.805053
517.806000   1.810108
517.807000   1.815950
517.808000   1.822285
517.809000   1.828983
517.810000   1.836130
517.811000   1.844006
517.812000   1.852982
517.813000   1.863335
517.814000   1.875089
517.815000   1.888007
517.816000   1.901705
517.817000   1.915751
517.818000   1.929745
517.819000   1.943375
517.820000   1.956465
517.821000   1.968968
517.822000   1.980864
517.823000   1.992026
517.824000   2.002212
517.825000   2.011197
517.826000   2.018914
517.827000   2.025521
517.828000   2.031389
517.829000   2.037068
517.830000   2.043206
517.831000   2.050424
517.832000   2.059151
517.833000   2.069552
517.834000   2.081589
517.835000   2.095115
517.836000   2.109903
517.837000   2.125648
517.838000   2.141965
517.839000   2.158400
517.840000   2.174413
517.841000   2.189294
517.842000   2.202082
517.843000   2.211638
517.844000   2.216857
517.845000   2.216890
517.846000   2.211301
517.847000   2.200157
517.848000   2.184055
517.849000   2.164046
517.850000   2.141443
517.851000   2.117566
517.852000   2.093590
517.853000   2.070532
517.854000   2.049243
517.855000   2.030391
517.856000   2.014445
517.857000   2.001721
517.858000   1.992445
517.859000   1.986760
517.860000   1.984638
517.861000   1.985793
517.862000   1.989727
517.863000   1.995874
517.864000   2.003709
517.865000   2.012803
517.866000   2.022857
517.867000   2.033725
517.868000   2.045396
517.869000   2.057894
517.870000   2.071140
517.871000   2.084884
517.872000   2.098748
517.873000   2.112288
517.874000   2.125031
517.875000   2.136539
517.876000   2.146500
517.877000   2.154808
517.878000   2.161556
517.879000   2.166923
517.880000   2.171051
517.881000   2.174052
517.882000   2.176080
517.883000   2.177369
517.884000   2.178223
517.885000   2.179016
517.886000   2.180189
517.887000   2.182221
517.888000   2.185513
517.889000   2.190224
517.890000   2.196193
517.891000   2.202983
517.892000   2.209956
517.893000   2.216347
517.894000   2.221372
517.895000   2.224357
517.896000   2.224845
517.897000   2.222610
517.898000   2.217579
517.899000   2.209764
517.900000   2.199265
517.901000   2.186322
517.902000   2.171339
517.903000   2.154882
517.904000   2.137674
517.905000   2.120582
517.906000   2.104557
517.907000   2.090511
517.908000   2.079147
517.909000   2.070858
517.910000   2.065747
517.911000   2.063707
517.912000   2.064503
517.913000   2.067850
517.914000   2.073483
517.915000   2.081183
517.916000   2.090712
517.917000   2.101655
517.918000   2.113327
517.919000   2.124866
517.920000   2.135431
517.921000   2.144345
517.922000   2.151182
517.923000   2.155804
517.924000   2.158358
517.925000   2.159206
517.926000   2.158791
517.927000   2.157501
517.928000   2.155620
517.929000   2.153370
517.930000   2.150967
517.931000   2.148665
517.932000   2.146769
517.933000   2.145638
517.934000   2.145623
517.935000   2.146954
517.936000   2.149573
517.937000   2.153110
517.938000   2.157037
517.939000   2.160893
517.940000   2.164405
517.941000   2.167511
517.942000   2.170321
517.943000   2.173027
517.944000   2.175773
517.945000   2.178528
517.946000   2.181050
517.947000   2.182993
517.948000   2.184036
517.949000   2.183963
517.950000   2.182677
517.951000   2.180192
517.952000   2.176620
517.953000   2.172118
517.954000   2.166796
517.955000   2.160614
517.956000   2.153403
517.957000   2.145010
517.958000   2.135443
517.959000   2.124937
517.960000   2.113953
517.961000   2.103108
517.962000   2.093031
517.963000   2.084164
517.964000   2.076597
517.965000   2.070076
517.966000   2.064147
517.967000   2.058307
517.968000   2.052104
517.969000   2.045183
517.970000   2.037324
517.971000   2.028449
517.972000   2.018587
517.973000   2.007790
517.974000   1.996099
517.975000   1.983601
517.976000   1.970520
517.977000   1.957255
517.978000   1.944374
517.979000   1.932572
517.980000   1.922600
517.981000   1.915147
517.982000   1.910667
517.983000   1.909280
517.984000   1.910830
517.985000   1.915016
517.986000   1.921478
517.987000   1.929818
517.988000   1.939601
517.989000   1.950356
517.990000   1.961572
517.991000   1.972651
517.992000   1.982896
517.993000   1.991595
517.994000   1.998165
517.995000   2.002275
517.996000   2.003876
517.997000   2.003186
517.998000   2.000639
517.999000   1.996817
518.000000   1.992341
518.001000   1.987733
518.002000   1.983377
518.003000   1.979578
518.004000   1.976638
518.005000   1.974849
518.006000   1.974434
518.007000   1.975476
518.008000   1.977857
518.009000   1.981208
518.010000   1.984870
518.011000   1.987956
518.012000   1.989526
518.013000   1.988777
518.014000   1.985163
518.015000   1.978443
518.016000   1.968688
518.017000   1.956266
518.018000   1.941766
518.019000   1.925875
518.020000   1.909265
518.021000   1.892567
518.022000   1.876417
518.023000   1.861462
518.024000   1.848334
518.025000   1.837618
518.026000   1.829827
518.027000   1.825364
518.028000   1.824433
518.029000   1.826929
518.030000   1.832457
518.031000   1.840475
518.032000   1.850426
518.033000   1.861804
518.034000   1.874173
518.035000   1.887171
518.036000   1.900505
518.037000   1.913907
518.038000   1.927071
518.039000   1.939643
518.040000   1.951271
518.041000   1.961687
518.042000   1.970737
518.043000   1.978400
518.044000   1.984781
518.045000   1.990098
518.046000   1.994621
518.047000   1.998556
518.048000   2.001945
518.049000   2.004668
518.050000   2.006560
518.051000   2.007515
518.052000   2.007541
518.053000   2.006772
518.054000   2.005450
518.055000   2.003868
518.056000   2.002262
518.057000   2.000732
518.058000   1.999264
518.059000   1.997822
518.060000   1.996428
518.061000   1.995174
518.062000   1.994203
518.063000   1.993678
518.064000   1.993748
518.065000   1.994495
518.066000   1.995861
518.067000   1.997626
518.068000   1.999477
518.069000   2.001115
518.070000   2.002340
518.071000   2.003099
518.072000   2.003510
518.073000   2.003833
518.074000   2.004383
518.075000   2.005388
518.076000   2.006891
518.077000   2.008779
518.078000   2.010889
518.079000   2.013081
518.080000   2.015265
518.081000   2.017402
518.082000   2.019479
518.083000   2.021464
518.084000   2.023218
518.085000   2.024433
518.086000   2.024671
518.087000   2.023495
518.088000   2.020610
518.089000   2.015950
518.090000   2.009711
518.091000   2.002333
518.092000   1.994415
518.093000   1.986553
518.094000   1.979164
518.095000   1.972439
518.096000   1.966431
518.097000   1.961171
518.098000   1.956725
518.099000   1.953232
518.100000   1.950889
518.101000   1.949921
518.102000   1.950479
518.103000   1.952515
518.104000   1.955745
518.105000   1.959733
518.106000   1.964023
518.107000   1.968246
518.108000   1.972172
518.109000   1.975745
518.110000   1.979074
518.111000   1.982366
518.112000   1.985801
518.113000   1.989432
518.114000   1.993209
518.115000   1.997079
518.116000   2.001062
518.117000   2.005274
518.118000   2.009904
518.119000   2.015182
518.120000   2.021307
518.121000   2.028311
518.122000   2.035960
518.123000   2.043767
518.124000   2.051149
518.125000   2.057582
518.126000   2.062698
518.127000   2.066333
518.128000   2.068529
518.129000   2.069479
518.130000   2.069396
518.131000   2.068379
518.132000   2.066382
518.133000   2.063294
518.134000   2.059048
518.135000   2.053684
518.136000   2.047360
518.137000   2.040351
518.138000   2.032995
518.139000   2.025602
518.140000   2.018328
518.141000   2.011127
518.142000   2.003834
518.143000   1.996303
518.144000   1.988522
518.145000   1.980663
518.146000   1.973083
518.147000   1.966280
518.148000   1.960780
518.149000   1.956985
518.150000   1.955094
518.151000   1.955148
518.152000   1.957127
518.153000   1.961009
518.154000   1.966787
518.155000   1.974459
518.156000   1.984002
518.157000   1.995324
518.158000   2.008162
518.159000   2.022020
518.160000   2.036206
518.161000   2.049961
518.162000   2.062604
518.163000   2.073632
518.164000   2.082780
518.165000   2.090047
518.166000   2.095653
518.167000   2.099924
518.168000   2.103146
518.169000   2.105498
518.170000   2.107097
518.171000   2.108066
518.172000   2.108561
518.173000   2.108780
518.174000   2.108938
518.175000   2.109243
518.176000   2.109817
518.177000   2.110615
518.178000   2.111376
518.179000   2.111691
518.180000   2.111106
518.181000   2.109228
518.182000   2.105786
518.183000   2.100675
518.184000   2.093957
518.185000   2.085831
518.186000   2.076539
518.187000   2.066287
518.188000   2.055248
518.189000   2.043616
518.190000   2.031660
518.191000   2.019712
518.192000   2.008146
518.193000   1.997334
518.194000   1.987605
518.195000   1.979169
518.196000   1.972054
518.197000   1.966108
518.198000   1.961097
518.199000   1.956800
518.200000   1.953060
518.201000   1.949805
518.202000   1.947056
518.203000   1.944905
518.204000   1.943461
518.205000   1.942770
518.206000   1.942788
518.207000   1.943435
518.208000   1.944653
518.209000   1.946424
518.210000   1.948768
518.211000   1.951726
518.212000   1.955351
518.213000   1.959672
518.214000   1.964617
518.215000   1.969967
518.216000   1.975411
518.217000   1.980650
518.218000   1.985491
518.219000   1.989885
518.220000   1.993930
518.221000   1.997839
518.222000   2.001862
518.223000   2.006168
518.224000   2.010759
518.225000   2.015500
518.226000   2.020248
518.227000   2.024944
518.228000   2.029642
518.229000   2.034481
518.230000   2.039656
518.231000   2.045355
518.232000   2.051673
518.233000   2.058507
518.234000   2.065532
518.235000   2.072280
518.236000   2.078253
518.237000   2.083043
518.238000   2.086406
518.239000   2.088323
518.240000   2.089008
518.241000   2.088829
518.242000   2.088152
518.243000   2.087222
518.244000   2.086187
518.245000   2.085176
518.246000   2.084352
518.247000   2.083923
518.248000   2.084127
518.249000   2.085208
518.250000   2.087353
518.251000   2.090598
518.252000   2.094745
518.253000   2.099374
518.254000   2.103945
518.255000   2.107905
518.256000   2.110788
518.257000   2.112307
518.258000   2.112425
518.259000   2.111374
518.260000   2.109565
518.261000   2.107440
518.261000   2.107440
518.262000   2.105357
518.263000   2.103602
518.264000   2.102432
518.265000   2.102123
518.266000   2.102993
518.267000   2.105421
518.268000   2.109825
518.269000   2.116548
518.270000   2.125696
518.271000   2.137043
518.272000   2.150104
518.273000   2.164276
518.274000   2.178948
518.275000   2.193578
518.276000   2.207755
518.277000   2.221219
518.278000   2.233821
518.279000   2.245424
518.280000   2.255839
518.281000   2.264877
518.282000   2.272446
518.283000   2.278597
518.284000   2.283512
518.285000   2.287476
518.286000   2.290836
518.287000   2.293935
518.288000   2.297010
518.289000   2.300109
518.290000   2.303106
518.291000   2.305803
518.292000   2.308009
518.293000   2.309579
518.294000   2.310425
518.295000   2.310534
518.296000   2.309954
518.297000   2.308732
518.298000   2.306839
518.299000   2.304172
518.300000   2.300630
518.301000   2.296193
518.302000   2.290948
518.303000   2.285086
518.304000   2.278892
518.305000   2.272719
518.306000   2.266918
518.307000   2.261722
518.308000   2.257180
518.309000   2.253192
518.310000   2.249601
518.311000   2.246267
518.312000   2.243103
518.313000   2.240082
518.314000   2.237240
518.315000   2.234608
518.316000   2.232105
518.317000   2.229471
518.318000   2.226350
518.319000   2.222432
518.320000   2.217546
518.321000   2.211675
518.322000   2.204938
518.323000   2.197553
518.324000   2.189777
518.325000   2.181817
518.326000   2.173756
518.327000   2.165579
518.328000   2.157263
518.329000   2.148847
518.330000   2.140451
518.331000   2.132279
518.332000   2.124602
518.333000   2.117716
518.334000   2.111826
518.335000   2.106947
518.336000   2.102897
518.337000   2.099423
518.338000   2.096307
518.339000   2.093411
518.340000   2.090677
518.341000   2.088096
518.342000   2.085657
518.343000   2.083262
518.344000   2.080655
518.345000   2.077440
518.346000   2.073218
518.347000   2.067723
518.348000   2.060881
518.349000   2.052822
518.350000   2.043853
518.351000   2.034402
518.352000   2.024920
518.353000   2.015742
518.354000   2.007021
518.355000   1.998804
518.356000   1.991158
518.357000   1.984241
518.358000   1.978306
518.359000   1.973666
518.360000   1.970629
518.361000   1.969394
518.362000   1.969904
518.363000   1.971759
518.364000   1.974278
518.365000   1.976663
518.366000   1.978150
518.367000   1.978112
518.368000   1.976138
518.369000   1.972071
518.370000   1.965989
518.371000   1.958097
518.372000   1.948606
518.373000   1.937738
518.374000   1.925808
518.375000   1.913292
518.376000   1.900810
518.377000   1.889074
518.378000   1.878820
518.379000   1.870709
518.380000   1.865198
518.381000   1.862408
518.382000   1.862109
518.383000   1.863833
518.384000   1.867017
518.385000   1.871110
518.386000   1.875649
518.387000   1.880316
518.388000   1.884951
518.389000   1.889486
518.390000   1.893818
518.391000   1.897738
518.392000   1.901007
518.393000   1.903485
518.394000   1.905219
518.395000   1.906465
518.396000   1.907687
518.397000   1.909506
518.398000   1.912573
518.399000   1.917380
518.400000   1.924114
518.401000   1.932680
518.402000   1.942805
518.403000   1.954126
518.404000   1.966247
518.405000   1.978785
518.406000   1.991409
518.407000   2.003821
518.408000   2.015666
518.409000   2.026447
518.410000   2.035580
518.411000   2.042542
518.412000   2.046996
518.413000   2.048852
518.414000   2.048279
518.415000   2.045693
518.416000   2.041684
518.417000   2.036871
518.418000   2.031716
518.419000   2.026440
518.420000   2.021079
518.421000   2.015586
518.422000   2.009903
518.423000   2.004019
518.424000   1.998020
518.425000   1.992100
518.426000   1.986457
518.427000   1.981132
518.428000   1.975949
518.429000   1.970617
518.430000   1.964882
518.431000   1.958621
518.432000   1.951882
518.433000   1.944899
518.434000   1.938070
518.435000   1.931845
518.436000   1.926556
518.437000   1.922312
518.438000   1.919058
518.439000   1.916670
518.440000   1.915034
518.441000   1.914084
518.442000   1.913830
518.443000   1.914366
518.444000   1.915804
518.445000   1.918129
518.446000   1.921095
518.447000   1.924290
518.448000   1.927308
518.449000   1.929873
518.450000   1.931895
518.451000   1.933484
518.452000   1.934932
518.453000   1.936617
518.454000   1.938849
518.455000   1.941736
518.456000   1.945216
518.457000   1.949172
518.458000   1.953520
518.459000   1.958241
518.460000   1.963386
518.461000   1.969053
518.462000   1.975329
518.463000   1.982160
518.464000   1.989248
518.465000   1.996093
518.466000   2.002183
518.467000   2.007151
518.468000   2.010849
518.469000   2.013341
518.470000   2.014850
518.471000   2.015673
518.472000   2.016049
518.473000   2.016048
518.474000   2.015569
518.475000   2.014465
518.476000   2.012666
518.477000   2.010238
518.478000   2.007362
518.479000   2.004311
518.480000   2.001402
518.481000   1.998927
518.482000   1.997060
518.483000   1.995786
518.484000   1.994961
518.485000   1.994441
518.486000   1.994207
518.487000   1.994417
518.488000   1.995399
518.489000   1.997601
518.490000   2.001480
518.491000   2.007333
518.492000   2.015118
518.493000   2.024430
518.494000   2.034637
518.495000   2.045054
518.496000   2.055049
518.497000   2.064117
518.498000   2.071928
518.499000   2.078346
518.500000   2.083381
518.501000   2.087091
518.502000   2.089539
518.503000   2.090845
518.504000   2.091249
518.505000   2.091126
518.506000   2.090963
518.507000   2.091322
518.508000   2.092794
518.509000   2.095907
518.510000   2.100967
518.511000   2.107982
518.512000   2.116724
518.513000   2.126879
518.514000   2.138155
518.515000   2.150315
518.516000   2.163170
518.517000   2.176558
518.518000   2.190294
518.519000   2.204064
518.520000   2.217383
518.521000   2.229687
518.522000   2.240511
518.523000   2.249592
518.524000   2.256877
518.525000   2.262477
518.526000   2.266620
518.527000   2.269595
518.528000   2.271678
518.529000   2.273059
518.530000   2.273851
518.531000   2.274138
518.532000   2.274012
518.533000   2.273541
518.534000   2.272746
518.535000   2.271614
518.536000   2.270121
518.537000   2.268224
518.538000   2.265806
518.539000   2.262643
518.540000   2.258463
518.541000   2.253057
518.542000   2.246350
518.543000   2.238417
518.544000   2.229477
518.545000   2.219859
518.546000   2.209926
518.547000   2.199964
518.548000   2.190105
518.549000   2.180367
518.550000   2.170753
518.551000   2.161310
518.552000   2.152129
518.553000   2.143326
518.554000   2.135021
518.555000   2.127321
518.556000   2.120263
518.557000   2.113753
518.558000   2.107567
518.559000   2.101444
518.560000   2.095207
518.561000   2.088840
518.562000   2.082516
518.563000   2.076602
518.564000   2.071601
518.565000   2.068017
518.566000   2.066185
518.567000   2.066181
518.568000   2.067877
518.569000   2.071026
518.570000   2.075323
518.571000   2.080440
518.572000   2.086036
518.573000   2.091758
518.574000   2.097189
518.575000   2.101753
518.576000   2.104709
518.577000   2.105267
518.578000   2.102765
518.579000   2.096788
518.580000   2.087236
518.581000   2.074337
518.582000   2.058618
518.583000   2.040812
518.584000   2.021697
518.585000   2.001956
518.586000   1.982161
518.587000   1.962829
518.588000   1.944447
518.589000   1.927445
518.590000   1.912167
518.591000   1.898861
518.592000   1.887659
518.593000   1.878503
518.594000   1.871055
518.595000   1.864676
518.596000   1.858524
518.597000   1.851708
518.598000   1.843430
518.599000   1.833115
518.600000   1.820501
518.601000   1.805676
518.602000   1.789008
518.603000   1.770996
518.604000   1.752152
518.605000   1.733011
518.606000   1.714192
518.607000   1.696409
518.608000   1.680448
518.609000   1.667115
518.610000   1.657168
518.611000   1.651213
518.612000   1.649565
518.613000   1.652146
518.614000   1.658506
518.615000   1.667959
518.616000   1.679701
518.617000   1.692897
518.618000   1.706730
518.619000   1.720444
518.620000   1.733362
518.621000   1.744866
518.622000   1.754388
518.623000   1.761476
518.624000   1.765954
518.625000   1.768019
518.626000   1.768234
518.627000   1.767407
518.628000   1.766472
518.629000   1.766363
518.630000   1.767892
518.631000   1.771599
518.632000   1.777652
518.633000   1.785891
518.634000   1.795975
518.635000   1.807493
518.636000   1.820031
518.637000   1.833205
518.638000   1.846687
518.639000   1.860189
518.640000   1.873390
518.641000   1.885837
518.642000   1.896983
518.643000   1.906355
518.644000   1.913694
518.645000   1.918977
518.646000   1.922380
518.647000   1.924216
518.648000   1.924876
518.649000   1.924766
518.650000   1.924232
518.651000   1.923509
518.652000   1.922776
518.653000   1.922248
518.654000   1.922254
518.655000   1.923239
518.656000   1.925743
518.657000   1.930338
518.658000   1.937527
518.659000   1.947592
518.660000   1.960421
518.661000   1.975492
518.662000   1.992045
518.663000   2.009304
518.664000   2.026615
518.665000   2.043492
518.666000   2.059582
518.667000   2.074604
518.668000   2.088257
518.669000   2.100138
518.670000   2.109755
518.671000   2.116682
518.672000   2.120738
518.673000   2.122078
518.674000   2.121197
518.675000   2.118881
518.676000   2.116132
518.677000   2.114058
518.678000   2.113695
518.679000   2.115835
518.680000   2.120954
518.681000   2.129279
518.682000   2.140878
518.683000   2.155723
518.684000   2.173717
518.685000   2.194680
518.686000   2.218294
518.687000   2.243994
518.688000   2.270830
518.689000   2.297448
518.690000   2.322256
518.691000   2.343718
518.692000   2.360614
518.693000   2.372215
518.694000   2.378361
518.695000   2.379427
518.696000   2.376198
518.697000   2.369658
518.698000   2.360805
518.699000   2.350572
518.700000   2.339821
518.701000   2.329336
518.702000   2.319796
518.703000   2.311752
518.704000   2.305621
518.705000   2.301663
518.706000   2.299900
518.707000   2.300019
518.708000   2.301371
518.709000   2.303092
518.710000   2.304257
518.711000   2.304019
518.712000   2.301722
518.713000   2.296949
518.714000   2.289505
518.715000   2.279328
518.716000   2.266399
518.717000   2.250774
518.718000   2.232680
518.719000   2.212579
518.720000   2.191149
518.721000   2.169221
518.722000   2.147710
518.723000   2.127520
518.724000   2.109446
518.725000   2.094050
518.726000   2.081623
518.727000   2.072248
518.728000   2.065904
518.729000   2.062531
518.730000   2.062047
518.731000   2.064351
518.732000   2.069280
518.733000   2.076509
518.734000   2.085430
518.735000   2.095127
518.736000   2.104525
518.737000   2.112558
518.738000   2.118293
518.739000   2.121005
518.740000   2.120237
518.741000   2.115840
518.742000   2.107943
518.743000   2.096842
518.744000   2.082889
518.745000   2.066482
518.746000   2.048115
518.747000   2.028406
518.748000   2.008082
518.749000   1.987928
518.750000   1.968731
518.751000   1.951197
518.752000   1.935818
518.753000   1.922761
518.754000   1.911901
518.755000   1.902979
518.756000   1.895741
518.757000   1.889982
518.758000   1.885538
518.759000   1.882268
518.760000   1.880018
518.761000   1.878559
518.761000   1.878559
518.762000   1.877501
518.763000   1.876256
518.764000   1.874127
518.765000   1.870444
518.766000   1.864698
518.767000   1.856643
518.768000   1.846360
518.769000   1.834290
518.770000   1.821171
518.771000   1.807878
518.772000   1.795223
518.773000   1.783860
518.774000   1.774314
518.775000   1.767039
518.776000   1.762440
518.777000   1.760860
518.778000   1.762546
518.779000   1.767604
518.780000   1.775928
518.781000   1.787129
518.782000   1.800536
518.783000   1.815301
518.784000   1.830511
518.785000   1.845259
518.786000   1.858695
518.787000   1.870079
518.788000   1.878854
518.789000   1.884719
518.790000   1.887633
518.791000   1.887768
518.792000   1.885472
518.793000   1.881282
518.794000   1.875920
518.795000   1.870233
518.796000   1.865108
518.797000   1.861402
518.798000   1.859871
518.799000   1.861102
518.800000   1.865420
518.801000   1.872856
518.802000   1.883192
518.803000   1.896056
518.804000   1.910987
518.805000   1.927455
518.806000   1.944891
518.807000   1.962706
518.808000   1.980303
518.809000   1.997045
518.810000   2.012230
518.811000   2.025121
518.812000   2.035078
518.813000   2.041675
518.814000   2.044779
518.815000   2.044560
518.816000   2.041472
518.817000   2.036191
518.818000   2.029510
518.819000   2.022178
518.820000   2.014790
518.821000   2.007784
518.822000   2.001480
518.823000   1.996113
518.824000   1.991826
518.825000   1.988682
518.826000   1.986680
518.827000   1.985753
518.828000   1.985726
518.829000   1.986239
518.830000   1.986768
518.831000   1.986734
518.832000   1.985634
518.833000   1.983123
518.834000   1.979074
518.835000   1.973619
518.836000   1.967136
518.837000   1.960141
518.838000   1.953125
518.839000   1.946435
518.840000   1.940292
518.841000   1.934848
518.842000   1.930232
518.843000   1.926562
518.844000   1.923978
518.845000   1.922668
518.846000   1.922830
518.847000   1.924576
518.848000   1.927850
518.849000   1.932462
518.850000   1.938194
518.851000   1.944863
518.852000   1.952349
518.853000   1.960599
518.854000   1.969622
518.855000   1.979436
518.856000   1.989934
518.857000   2.000778
518.858000   2.011402
518.859000   2.021143
518.860000   2.029365
518.861000   2.035541
518.862000   2.039314
518.863000   2.040540
518.864000   2.039272
518.865000   2.035686
518.866000   2.029961
518.867000   2.022257
518.868000   2.012792
518.869000   2.001930
518.870000   1.990189
518.871000   1.978197
518.872000   1.966623
518.873000   1.956094
518.874000   1.947084
518.875000   1.939787
518.876000   1.934089
518.877000   1.929666
518.878000   1.926147
518.879000   1.923212
518.880000   1.920632
518.881000   1.918279
518.882000   1.916111
518.883000   1.914118
518.884000   1.912225
518.885000   1.910222
518.886000   1.907813
518.887000   1.904777
518.888000   1.901087
518.889000   1.896960
518.890000   1.892841
518.891000   1.889347
518.892000   1.887170
518.893000   1.886911
518.894000   1.888904
518.895000   1.893150
518.896000   1.899415
518.897000   1.907367
518.898000   1.916667
518.899000   1.927004
518.900000   1.938093
518.901000   1.949649
518.902000   1.961307
518.903000   1.972519
518.904000   1.982535
518.905000   1.990536
518.906000   1.995842
518.907000   1.998072
518.908000   1.997220
518.909000   1.993669
518.910000   1.988128
518.911000   1.981509
518.912000   1.974742
518.913000   1.968597
518.914000   1.963613
518.915000   1.960148
518.916000   1.958460
518.917000   1.958766
518.918000   1.961253
518.919000   1.966070
518.920000   1.973288
518.921000   1.982797
518.922000   1.994192
518.923000   2.006770
518.924000   2.019690
518.925000   2.032189
518.926000   2.043704
518.927000   2.053914
518.928000   2.062730
518.929000   2.070241
518.930000   2.076635
518.931000   2.082098
518.932000   2.086771
518.933000   2.090787
518.934000   2.094333
518.935000   2.097654
518.936000   2.101013
518.937000   2.104648
518.938000   2.108754
518.939000   2.113475
518.940000   2.118851
518.941000   2.124760
518.942000   2.130930
518.943000   2.137061
518.944000   2.142927
518.945000   2.148406
518.946000   2.153457
518.947000   2.158075
518.948000   2.162226
518.949000   2.165778
518.950000   2.168467
518.951000   2.169971
518.952000   2.170057
518.953000   2.168677
518.954000   2.165971
518.955000   2.162225
518.956000   2.157815
518.957000   2.153154
518.958000   2.148623
518.959000   2.144474
518.960000   2.140780
518.961000   2.137485
518.962000   2.134531
518.963000   2.131968
518.964000   2.130003
518.965000   2.128992
518.966000   2.129390
518.967000   2.131625
518.968000   2.135930
518.969000   2.142222
518.970000   2.150142
518.971000   2.159199
518.972000   2.168887
518.973000   2.178728
518.974000   2.188274
518.975000   2.197089
518.976000   2.204718
518.977000   2.210650
518.978000   2.214293
518.979000   2.215036
518.980000   2.212404
518.981000   2.206216
518.982000   2.196651
518.983000   2.184247
518.984000   2.169838
518.985000   2.154437
518.986000   2.139070
518.987000   2.124581
518.988000   2.111505
518.989000   2.100088
518.990000   2.090364
518.991000   2.082203
518.992000   2.075322
518.993000   2.069311
518.994000   2.063667
518.995000   2.057812
518.996000   2.051070
518.997000   2.042670
518.998000   2.031867
518.999000   2.018131
519.000000   2.001296
519.001000   1.981621
519.002000   1.959768
519.003000   1.936733
519.004000   1.913701
519.005000   1.891863
519.006000   1.872236
519.007000   1.855582
519.008000   1.842440
519.009000   1.833165
519.010000   1.827960
519.011000   1.826895
519.012000   1.829934
519.013000   1.836942
519.014000   1.847650
519.015000   1.861547
519.016000   1.877814
519.017000   1.895366
519.018000   1.912992
519.019000   1.929507
519.020000   1.943885
519.021000   1.955374
519.022000   1.963575
519.023000   1.968447
519.024000   1.970223
519.025000   1.969299
519.026000   1.966187
519.027000   1.961505
519.028000   1.955946
519.029000   1.950198
519.030000   1.944864
519.031000   1.940417
519.032000   1.937155
519.033000   1.935154
519.034000   1.934197
519.035000   1.933785
519.036000   1.933253
519.037000   1.931946
519.038000   1.929346
519.039000   1.925154
519.040000   1.919333
519.041000   1.912101
519.042000   1.903844
519.043000   1.894977
519.044000   1.885891
519.045000   1.877014
519.046000   1.868891
519.047000   1.862169
519.048000   1.857511
519.049000   1.855513
519.050000   1.856632
519.051000   1.861136
519.052000   1.869014
519.053000   1.879921
519.054000   1.893205
519.055000   1.908038
519.056000   1.923553
519.057000   1.938969
519.058000   1.953692
519.059000   1.967390
519.060000   1.980001
519.061000   1.991622
519.062000   2.002327
519.063000   2.012101
519.064000   2.020934
519.065000   2.028949
519.066000   2.036447
519.067000   2.043861
519.068000   2.051669
519.069000   2.060287
519.070000   2.069947
519.071000   2.080571
519.072000   2.091739
519.073000   2.102770
519.074000   2.112891
519.075000   2.121368
519.076000   2.127605
519.077000   2.131209
519.078000   2.132038
519.079000   2.130185
519.080000   2.125892
519.081000   2.119435
519.082000   2.111100
519.083000   2.101265
519.084000   2.090468
519.085000   2.079397
519.086000   2.068823
519.087000   2.059526
519.088000   2.052193
519.089000   2.047315
519.090000   2.045076
519.091000   2.045344
519.092000   2.047764
519.093000   2.051878
519.094000   2.057200
519.095000   2.063258
519.096000   2.069629
519.097000   2.075964
519.098000   2.082002
519.099000   2.087533
519.100000   2.092360
519.101000   2.096326
519.102000   2.099395
519.103000   2.101711
519.104000   2.103591
519.105000   2.105482
519.106000   2.107910
519.107000   2.111406
519.108000   2.116381
519.109000   2.122975
519.110000   2.130959
519.111000   2.139786
519.112000   2.148745
519.113000   2.157116
519.114000   2.164292
519.115000   2.169860
519.116000   2.173624
519.117000   2.175519
519.118000   2.175450
519.119000   2.173207
519.120000   2.168580
519.121000   2.161559
519.122000   2.152453
519.123000   2.141900
519.124000   2.130771
519.125000   2.120028
519.126000   2.110525
519.127000   2.102811
519.128000   2.097017
519.129000   2.092932
519.130000   2.090178
519.131000   2.088363
519.132000   2.087180
519.133000   2.086444
519.134000   2.086112
519.135000   2.086227
519.136000   2.086821
519.137000   2.087823
519.138000   2.089100
519.139000   2.090572
519.140000   2.092312
519.141000   2.094559
519.142000   2.097697
519.143000   2.102186
519.144000   2.108465
519.145000   2.116796
519.146000   2.127090
519.147000   2.138832
519.148000   2.151166
519.149000   2.163088
519.150000   2.173655
519.151000   2.182148
519.152000   2.188170
519.153000   2.191666
519.154000   2.192821
519.155000   2.191867
519.156000   2.188937
519.157000   2.184124
519.158000   2.177666
519.159000   2.170070
519.160000   2.162096
519.161000   2.154649
519.162000   2.148608
519.163000   2.144639
519.164000   2.143016
519.165000   2.143545
519.166000   2.145623
519.167000   2.148420
519.168000   2.151081
519.169000   2.152872
519.170000   2.153276
519.171000   2.152016
519.172000   2.149038
519.173000   2.144416
519.174000   2.138239
519.175000   2.130561
519.176000   2.121473
519.177000   2.111229
519.178000   2.100330
519.179000   2.089522
519.180000   2.079733
519.181000   2.071950
519.182000   2.067056
519.183000   2.065644
519.184000   2.067888
519.185000   2.073529
519.186000   2.081968
519.187000   2.092378
519.188000   2.103799
519.189000   2.115224
519.190000   2.125676
519.191000   2.134269
519.192000   2.140228
519.193000   2.142902
519.194000   2.141846
519.195000   2.136957
519.196000   2.128562
519.197000   2.117372
519.198000   2.104372
519.199000   2.090671
519.200000   2.077351
519.201000   2.065331
519.202000   2.055241
519.203000   2.047371
519.204000   2.041702
519.205000   2.037987
519.206000   2.035827
519.207000   2.034730
519.208000   2.034171
519.209000   2.033642
519.210000   2.032671
519.211000   2.030781
519.212000   2.027464
519.213000   2.022256
519.214000   2.014908
519.215000   2.005507
519.216000   1.994501
519.217000   1.982643
519.218000   1.970885
519.219000   1.960250
519.220000   1.951658
519.221000   1.945775
519.222000   1.942933
519.223000   1.943150
519.224000   1.946176
519.225000   1.951544
519.226000   1.958636
519.227000   1.966764
519.228000   1.975248
519.229000   1.983434
519.230000   1.990643
519.231000   1.996136
519.232000   1.999172
519.233000   1.999149
519.234000   1.995747
519.235000   1.989018
519.236000   1.979428
519.237000   1.967811
519.238000   1.955232
519.239000   1.942752
519.240000   1.931229
519.241000   1.921220
519.242000   1.912992
519.243000   1.906574
519.244000   1.901830
519.245000   1.898566
519.246000   1.896630
519.247000   1.895934
519.248000   1.896388
519.249000   1.897776
519.250000   1.899705
519.251000   1.901669
519.252000   1.903163
519.253000   1.903813
519.254000   1.903478
519.255000   1.902318
519.256000   1.900785
519.257000   1.899490
519.258000   1.898993
519.259000   1.899644
519.260000   1.901555
519.261000   1.904647
519.261000   1.904647
519.262000   1.908679
519.263000   1.913306
519.264000   1.918156
519.265000   1.922911
519.266000   1.927320
519.267000   1.931136
519.268000   1.934053
519.269000   1.935743
519.270000   1.935975
519.271000   1.934698
519.272000   1.932101
519.273000   1.928619
519.274000   1.924917
519.275000   1.921797
519.276000   1.920053
519.277000   1.920328
519.278000   1.923050
519.279000   1.928457
519.280000   1.936602
519.281000   1.947356
519.282000   1.960405
519.283000   1.975284
519.284000   1.991396
519.285000   2.007990
519.286000   2.024129
519.287000   2.038742
519.288000   2.050785
519.289000   2.059425
519.290000   2.064165
519.291000   2.064906
519.292000   2.061939
519.293000   2.055868
519.294000   2.047455
519.295000   2.037455
519.296000   2.026515
519.297000   2.015219
519.298000   2.004180
519.299000   1.994086
519.300000   1.985674
519.301000   1.979659
519.302000   1.976651
519.303000   1.977063
519.304000   1.981016
519.305000   1.988274
519.306000   1.998301
519.307000   2.010416
519.308000   2.023940
519.309000   2.038260
519.310000   2.052844
519.311000   2.067237
519.312000   2.081032
519.313000   2.093832
519.314000   2.105206
519.315000   2.114716
519.316000   2.122039
519.317000   2.127093
519.318000   2.130072
519.319000   2.131375
519.320000   2.131498
519.321000   2.130938
519.322000   2.130095
519.323000   2.129194
519.324000   2.128248
519.325000   2.127106
519.326000   2.125578
519.327000   2.123547
519.328000   2.121019
519.329000   2.118125
519.330000   2.115078
519.331000   2.112112
519.332000   2.109405
519.333000   2.107034
519.334000   2.105018
519.335000   2.103420
519.336000   2.102439
519.337000   2.102401
519.338000   2.103682
519.339000   2.106590
519.340000   2.111249
519.341000   2.117532
519.342000   2.125042
519.343000   2.133166
519.344000   2.141221
519.345000   2.148611
519.346000   2.154949
519.347000   2.160084
519.348000   2.164061
519.349000   2.167058
519.350000   2.169326
519.351000   2.171119
519.352000   2.172644
519.353000   2.174058
519.354000   2.175528
519.355000   2.177284
519.356000   2.179600
519.357000   2.182731
519.358000   2.186834
519.359000   2.191911
519.360000   2.197780
519.361000   2.204051
519.362000   2.210144
519.363000   2.215364
519.364000   2.219028
519.365000   2.220577
519.366000   2.219643
519.367000   2.216100
519.368000   2.210087
519.369000   2.201997
519.370000   2.192392
519.371000   2.181903
519.372000   2.171179
519.373000   2.160888
519.374000   2.151722
519.375000   2.144357
519.376000   2.139391
519.377000   2.137284
519.378000   2.138303
519.379000   2.142459
519.380000   2.149439
519.381000   2.158589
519.382000   2.168973
519.383000   2.179513
519.384000   2.189138
519.385000   2.196920
519.386000   2.202177
519.387000   2.204535
519.388000   2.203932
519.389000   2.200553
519.390000   2.194746
519.391000   2.186970
519.392000   2.177802
519.393000   2.167951
519.394000   2.158231
519.395000   2.149505
519.396000   2.142611
519.397000   2.138274
519.398000   2.137013
519.399000   2.139028
519.400000   2.144139
519.401000   2.151813
519.402000   2.161296
519.403000   2.171741
519.404000   2.182329
519.405000   2.192333
519.406000   2.201149
519.407000   2.208270
519.408000   2.213207
519.409000   2.215445
519.410000   2.214511
519.411000   2.210128
519.412000   2.202338
519.413000   2.191539
519.414000   2.178443
519.415000   2.163974
519.416000   2.149137
519.417000   2.134850
519.418000   2.121782
519.419000   2.110276
519.420000   2.100397
519.421000   2.092069
519.422000   2.085193
519.423000   2.079722
519.424000   2.075686
519.425000   2.073171
519.426000   2.072227
519.427000   2.072734
519.428000   2.074327
519.429000   2.076490
519.430000   2.078738
519.431000   2.080758
519.432000   2.082437
519.433000   2.083823
519.434000   2.085035
519.435000   2.086159
519.436000   2.087145
519.437000   2.087749
519.438000   2.087591
519.439000   2.086289
519.440000   2.083594
519.441000   2.079453
519.442000   2.074012
519.443000   2.067584
519.444000   2.060601
519.445000   2.053539
519.446000   2.046792
519.447000   2.040586
519.448000   2.035034
519.449000   2.030263
519.450000   2.026512
519.451000   2.024114
519.452000   2.023418
519.453000   2.024682
519.454000   2.027952
519.455000   2.032963
519.456000   2.039096
519.457000   2.045466
519.458000   2.051110
519.459000   2.055173
519.460000   2.057035
519.461000   2.056373
519.462000   2.053176
519.463000   2.047699
519.464000   2.040369
519.465000   2.031658
519.466000   2.022000
519.467000   2.011834
519.468000   2.001680
519.469000   1.992181
519.470000   1.984075
519.471000   1.978112
519.472000   1.974943
519.473000   1.974982
519.474000   1.978298
519.475000   1.984570
519.476000   1.993166
519.477000   2.003275
519.478000   2.014026
519.479000   2.024549
519.480000   2.034006
519.481000   2.041617
519.482000   2.046692
519.483000   2.048675
519.484000   2.047181
519.485000   2.042061
519.486000   2.033456
519.487000   2.021830
519.488000   2.007940
519.489000   1.992770
519.490000   1.977431
519.491000   1.963062
519.492000   1.950705
519.493000   1.941193
519.494000   1.935074
519.495000   1.932612
519.496000   1.933836
519.497000   1.938600
519.498000   1.946627
519.499000   1.957517
519.500000   1.970737
519.501000   1.985579
519.502000   2.001126
519.503000   2.016250
519.504000   2.029701
519.505000   2.040282
519.506000   2.047050
519.507000   2.049492
519.508000   2.047630
519.509000   2.042005
519.510000   2.033567
519.511000   2.023484
519.512000   2.012914
519.513000   2.002840
519.514000   1.994009
519.515000   1.986975
519.516000   1.982155
519.517000   1.979889
519.518000   1.980456
519.519000   1.984052
519.520000   1.990735
519.521000   2.000321
519.522000   2.012312
519.523000   2.025900
519.524000   2.040091
519.525000   2.053850
519.526000   2.066249
519.527000   2.076567
519.528000   2.084359
519.529000   2.089450
519.530000   2.091884
519.531000   2.091826
519.532000   2.089481
519.533000   2.085073
519.534000   2.078855
519.535000   2.071151
519.536000   2.062385
519.537000   2.053099
519.538000   2.043930
519.539000   2.035535
519.540000   2.028452
519.541000   2.022954
519.542000   2.018998
519.543000   2.016301
519.544000   2.014481
519.545000   2.013184
519.546000   2.012178
519.547000   2.011400
519.548000   2.010915
519.549000   2.010814
519.550000   2.011100
519.551000   2.011647
519.552000   2.012243
519.553000   2.012654
519.554000   2.012676
519.555000   2.012183
519.556000   2.011160
519.557000   2.009710
519.558000   2.007995
519.559000   2.006137
519.560000   2.004143
519.561000   2.001914
519.562000   1.999326
519.563000   1.996299
519.564000   1.992853
519.565000   1.989135
519.566000   1.985415
519.567000   1.982012
519.568000   1.979170
519.569000   1.976976
519.570000   1.975386
519.571000   1.974321
519.572000   1.973719
519.573000   1.973545
519.574000   1.973782
519.575000   1.974400
519.576000   1.975328
519.577000   1.976382
519.578000   1.977207
519.579000   1.977301
519.580000   1.976140
519.581000   1.973318
519.582000   1.968650
519.583000   1.962214
519.584000   1.954340
519.585000   1.945545
519.586000   1.936397
519.587000   1.927357
519.588000   1.918714
519.589000   1.910653
519.590000   1.903350
519.591000   1.897014
519.592000   1.891887
519.593000   1.888221
519.594000   1.886262
519.595000   1.886204
519.596000   1.888127
519.597000   1.891949
519.598000   1.897471
519.599000   1.904434
519.600000   1.912573
519.601000   1.921637
519.602000   1.931408
519.603000   1.941715
519.604000   1.952436
519.605000   1.963440
519.606000   1.974520
519.607000   1.985369
519.608000   1.995655
519.609000   2.005112
519.610000   2.013600
519.611000   2.021116
519.612000   2.027790
519.613000   2.033827
519.614000   2.039421
519.615000   2.044635
519.616000   2.049366
519.617000   2.053419
519.618000   2.056614
519.619000   2.058850
519.620000   2.060121
519.621000   2.060518
519.622000   2.060208
519.623000   2.059393
519.624000   2.058243
519.625000   2.056880
519.626000   2.055432
519.627000   2.054091
519.628000   2.053110
519.629000   2.052734
519.630000   2.053134
519.631000   2.054358
519.632000   2.056304
519.633000   2.058705
519.634000   2.061137
519.635000   2.063081
519.636000   2.064047
519.637000   2.063675
519.638000   2.061787
519.639000   2.058412
519.640000   2.053767
519.641000   2.048214
519.642000   2.042158
519.643000   2.035947
519.644000   2.029855
519.645000   2.024166
519.646000   2.019252
519.647000   2.015581
519.648000   2.013642
519.649000   2.013852
519.650000   2.016447
519.651000   2.021402
519.652000   2.028366
519.653000   2.036676
519.654000   2.045463
519.655000   2.053808
519.656000   2.060859
519.657000   2.065910
519.658000   2.068462
519.659000   2.068277
519.660000   2.065399
519.661000   2.060109
519.662000   2.052828
519.663000   2.044078
519.664000   2.034494
519.665000   2.024843
519.666000   2.015980
519.667000   2.008778
519.668000   2.004040
519.669000   2.002406
519.670000   2.004231
519.671000   2.009478
519.672000   2.017699
519.673000   2.028132
519.674000   2.039844
519.675000   2.051851
519.676000   2.063199
519.677000   2.073039
519.678000   2.080671
519.679000   2.085560
519.680000   2.087317
519.681000   2.085726
519.682000   2.080838
519.683000   2.073054
519.684000   2.063124
519.685000   2.052031
519.686000   2.040849
519.687000   2.030597
519.688000   2.022094
519.689000   2.015848
519.690000   2.012001
519.691000   2.010412
519.692000   2.010771
519.693000   2.012701
519.694000   2.015794
519.695000   2.019631
519.696000   2.023789
519.697000   2.027839
519.698000   2.031320
519.699000   2.033762
519.700000   2.034784
519.701000   2.034235
519.702000   2.032268
519.703000   2.029333
519.704000   2.026113
519.705000   2.023399
519.706000   2.021960
519.707000   2.022380
519.708000   2.024948
519.709000   2.029630
519.710000   2.036156
519.711000   2.044141
519.712000   2.053191
519.713000   2.062966
519.714000   2.073210
519.715000   2.083723
519.716000   2.094276
519.717000   2.104525
519.718000   2.114007
519.719000   2.122257
519.720000   2.128973
519.721000   2.134114
519.722000   2.137934
519.723000   2.140924
519.724000   2.143709
519.725000   2.146897
519.726000   2.150934
519.727000   2.156020
519.728000   2.162113
519.729000   2.169002
519.730000   2.176390
519.731000   2.183974
519.732000   2.191481
519.733000   2.198666
519.734000   2.205256
519.735000   2.210853
519.736000   2.214870
519.737000   2.216594
519.738000   2.215361
519.739000   2.210759
519.740000   2.202754
519.741000   2.191724
519.742000   2.178402
519.743000   2.163718
519.744000   2.148608
519.745000   2.133846
519.746000   2.119961
519.747000   2.107252
519.748000   2.095844
519.749000   2.085774
519.750000   2.077060
519.751000   2.069763
519.752000   2.063985
519.753000   2.059794
519.754000   2.057129
519.755000   2.055732
519.756000   2.055197
519.757000   2.055067
519.758000   2.054942
519.759000   2.054562
519.760000   2.053856
519.761000   2.052931
519.761000   2.052931
519.762000   2.051987
519.763000   2.051198
519.764000   2.050645
519.765000   2.050320
519.766000   2.050160
519.767000   2.050074
519.768000   2.049963
519.769000   2.049754
519.770000   2.049428
519.771000   2.048999
519.772000   2.048443
519.773000   2.047635
519.774000   2.046346
519.775000   2.044290
519.776000   2.041192
519.777000   2.036846
519.778000   2.031158
519.779000   2.024182
519.780000   2.016100
519.781000   2.007131
519.782000   1.997442
519.783000   1.987111
519.784000   1.976150
519.785000   1.964530
519.786000   1.952204
519.787000   1.939149
519.788000   1.925417
519.789000   1.911146
519.790000   1.896514
519.791000   1.881657
519.792000   1.866646
519.793000   1.851537
519.794000   1.836441
519.795000   1.821574
519.796000   1.807261
519.797000   1.793925
519.798000   1.782031
519.799000   1.771990
519.800000   1.764067
519.801000   1.758340
519.802000   1.754730
519.803000   1.753069
519.804000   1.753139
519.805000   1.754682
519.806000   1.757404
519.807000   1.760967
519.808000   1.764980
519.809000   1.768954
519.810000   1.772289
519.811000   1.774335
519.812000   1.774541
519.813000   1.772591
519.814000   1.768495
519.815000   1.762608
519.816000   1.755596
519.817000   1.748306
519.818000   1.741593
519.819000   1.736160
519.820000   1.732507
519.821000   1.730950
519.822000   1.731636
519.823000   1.734558
519.824000   1.739573
519.825000   1.746432
519.826000   1.754812
519.827000   1.764314
519.828000   1.774433
519.829000   1.784588
519.830000   1.794210
519.831000   1.802858
519.832000   1.810306
519.833000   1.816578
519.834000   1.821948
519.835000   1.826873
519.836000   1.831872
519.837000   1.837393
519.838000   1.843754
519.839000   1.851175
519.840000   1.859828
519.841000   1.869834
519.842000   1.881253
519.843000   1.894058
519.844000   1.908122
519.845000   1.923185
519.846000   1.938809
519.847000   1.954376
519.848000   1.969158
519.849000   1.982435
519.850000   1.993614
519.851000   2.002329
519.852000   2.008527
519.853000   2.012495
519.854000   2.014790
519.855000   2.016080
519.856000   2.016982
519.857000   2.017999
519.858000   2.019541
519.859000   2.021941
519.860000   2.025446
519.861000   2.030198
519.862000   2.036202
519.863000   2.043303
519.864000   2.051140
519.865000   2.059135
519.866000   2.066561
519.867000   2.072684
519.868000   2.076914
519.869000   2.078908
519.870000   2.078610
519.871000   2.076264
519.872000   2.072363
519.873000   2.067550
519.874000   2.062481
519.875000   2.057753
519.876000   2.053903
519.877000   2.051456
519.878000   2.050924
519.879000   2.052795
519.880000   2.057497
519.881000   2.065352
519.882000   2.076496
519.883000   2.090786
519.884000   2.107745
519.885000   2.126614
519.886000   2.146449
519.887000   2.166236
519.888000   2.184980
519.889000   2.201787
519.890000   2.215916
519.891000   2.226796
519.892000   2.234012
519.893000   2.237327
519.894000   2.236744
519.895000   2.232600
519.896000   2.225570
519.897000   2.216581
519.898000   2.206663
519.899000   2.196803
519.900000   2.187816
519.901000   2.180256
519.902000   2.174368
519.903000   2.170106
519.904000   2.167246
519.905000   2.165489
519.906000   2.164527
519.907000   2.164057
519.908000   2.163781
519.909000   2.163401
519.910000   2.162592
519.911000   2.160966
519.912000   2.158119
519.913000   2.153770
519.914000   2.147884
519.915000   2.140705
519.916000   2.132693
519.917000   2.124422
519.918000   2.116479
519.919000   2.109357
519.920000   2.103376
519.921000   2.098659
519.922000   2.095190
519.923000   2.092890
519.924000   2.091667
519.925000   2.091423
519.926000   2.092055
519.927000   2.093429
519.928000   2.095334
519.929000   2.097413
519.930000   2.099144
519.931000   2.099954
519.932000   2.099428
519.933000   2.097437
519.934000   2.094163
519.935000   2.090014
519.936000   2.085499
519.937000   2.081072
519.938000   2.076990
519.939000   2.073236
519.940000   2.069578
519.941000   2.065716
519.942000   2.061412
519.943000   2.056563
519.944000   2.051228
519.945000   2.045630
519.946000   2.040097
519.947000   2.034956
519.948000   2.030412
519.949000   2.026531
519.950000   2.023309
519.951000   2.020762
519.952000   2.018961
519.953000   2.018023
519.954000   2.018078
519.955000   2.019199
519.956000   2.021293
519.957000   2.024013
