516.960000   -0.191248
516.961000   -0.201489
516.962000   -0.212695
516.963000   -0.224728
516.964000   -0.237390
516.965000   -0.250422
516.966000   -0.263505
516.967000   -0.276263
516.968000   -0.288321
516.969000   -0.299408
516.970000   -0.309461
516.971000   -0.318617
516.972000   -0.327085
516.973000   -0.335040
516.974000   -0.342569
516.975000   -0.349672
516.976000   -0.356288
516.977000   -0.362346
516.978000   -0.367825
516.979000   -0.372839
516.980000   -0.377639
516.981000   -0.382508
516.982000   -0.387630
516.983000   -0.393046
516.984000   -0.398690
516.985000   -0.404470
516.986000   -0.410312
516.987000   -0.416169
516.988000   -0.422011
516.989000   -0.427847
516.990000   -0.433697
516.991000   -0.439530
516.992000   -0.445219
516.993000   -0.450562
516.994000   -0.455324
516.995000   -0.459261
516.996000   -0.462122
516.997000   -0.463655
516.998000   -0.463694
516.999000   -0.462226
517.000000   -0.459372
517.001000   -0.455301
517.001000   -0.455301
517.002000   -0.450197
517.003000   -0.444252
517.004000   -0.437680
517.005000   -0.430696
517.006000   -0.423501
517.007000   -0.416306
517.008000   -0.409420
517.009000   -0.403276
517.010000   -0.398338
517.011000   -0.394976
517.012000   -0.393422
517.013000   -0.393761
517.014000   -0.395919
517.015000   -0.399645
517.016000   -0.404542
517.017000   -0.410205
517.018000   -0.416391
517.019000   -0.423054
517.020000   -0.430218
517.021000   -0.437864
517.022000   -0.445884
517.023000   -0.454075
517.024000   -0.462140
517.025000   -0.469721
517.026000   -0.476489
517.027000   -0.482285
517.028000   -0.487208
517.029000   -0.491525
517.030000   -0.495514
517.031000   -0.499360
517.032000   -0.503117
517.033000   -0.506705
517.034000   -0.509921
517.035000   -0.512465
517.036000   -0.514045
517.037000   -0.514521
517.038000   -0.513953
517.039000   -0.512519
517.040000   -0.510408
517.041000   -0.507777
517.042000   -0.504736
517.043000   -0.501329
517.044000   -0.497520
517.045000   -0.493230
517.046000   -0.488444
517.047000   -0.483340
517.048000   -0.478271
517.049000   -0.473653
517.050000   -0.469847
517.051000   -0.467099
517.052000   -0.465503
517.053000   -0.464973
517.054000   -0.465256
517.055000   -0.465992
517.056000   -0.466841
517.057000   -0.467570
517.058000   -0.468052
517.059000   -0.468223
517.060000   -0.468048
517.061000   -0.467497
517.062000   -0.466516
517.063000   -0.464997
517.064000   -0.462788
517.065000   -0.459747
517.066000   -0.455830
517.067000   -0.451160
517.068000   -0.446011
517.069000   -0.440747
517.070000   -0.435736
517.071000   -0.431291
517.072000   -0.427613
517.073000   -0.424773
517.074000   -0.422735
517.075000   -0.421432
517.076000   -0.420866
517.077000   -0.421120
517.078000   -0.422280
517.079000   -0.424336
517.080000   -0.427145
517.081000   -0.430456
517.082000   -0.433959
517.083000   -0.437334
517.084000   -0.440321
517.085000   -0.442781
517.086000   -0.444706
517.087000   -0.446145
517.088000   -0.447122
517.089000   -0.447614
517.090000   -0.447559
517.091000   -0.446889
517.092000   -0.445542
517.093000   -0.443476
517.094000   -0.440686
517.095000   -0.437211
517.096000   -0.433123
517.097000   -0.428523
517.098000   -0.423528
517.099000   -0.418242
517.100000   -0.412739
517.101000   -0.407061
517.102000   -0.401242
517.103000   -0.395325
517.104000   -0.389377
517.105000   -0.383499
517.106000   -0.377829
517.107000   -0.372520
517.108000   -0.367699
517.109000   -0.363423
517.110000   -0.359665
517.111000   -0.356333
517.112000   -0.353294
517.113000   -0.350403
517.114000   -0.347522
517.115000   -0.344541
517.116000   -0.341401
517.117000   -0.338103
517.118000   -0.334669
517.119000   -0.331089
517.120000   -0.327291
517.121000   -0.323150
517.122000   -0.318503
517.123000   -0.313182
517.124000   -0.307061
517.125000   -0.300113
517.126000   -0.292452
517.127000   -0.284293
517.128000   -0.275879
517.129000   -0.267419
517.130000   -0.259064
517.131000   -0.250902
517.132000   -0.242966
517.133000   -0.235258
517.134000   -0.227788
517.135000   -0.220594
517.136000   -0.213743
517.137000   -0.207325
517.138000   -0.201450
517.139000   -0.196248
517.140000   -0.191842
517.141000   -0.188338
517.142000   -0.185803
517.143000   -0.184245
517.144000   -0.183602
517.145000   -0.183744
517.146000   -0.184525
517.147000   -0.185832
517.148000   -0.187601
517.149000   -0.189787
517.150000   -0.192336
517.151000   -0.195161
517.152000   -0.198123
517.153000   -0.201036
517.154000   -0.203711
517.155000   -0.206046
517.156000   -0.208081
517.157000   -0.209990
517.158000   -0.212028
517.159000   -0.214466
517.160000   -0.217556
517.161000   -0.221502
517.162000   -0.226443
517.163000   -0.232465
517.164000   -0.239634
517.165000   -0.248017
517.166000   -0.257668
517.167000   -0.268598
517.168000   -0.280768
517.169000   -0.294088
517.170000   -0.308421
517.171000   -0.323580
517.172000   -0.339332
517.173000   -0.355432
517.174000   -0.371674
517.175000   -0.387908
517.176000   -0.404042
517.177000   -0.420008
517.178000   -0.435729
517.179000   -0.451087
517.180000   -0.465917
517.181000   -0.480016
517.182000   -0.493173
517.183000   -0.505226
517.184000   -0.516086
517.185000   -0.525718
517.186000   -0.534098
517.187000   -0.541155
517.188000   -0.546739
517.189000   -0.550629
517.190000   -0.552575
517.191000   -0.552353
517.192000   -0.549818
517.193000   -0.544951
517.194000   -0.537872
517.195000   -0.528830
517.196000   -0.518153
517.197000   -0.506185
517.198000   -0.493235
517.199000   -0.479572
517.200000   -0.465436
517.201000   -0.451051
517.202000   -0.436613
517.203000   -0.422299
517.204000   -0.408302
517.205000   -0.394873
517.206000   -0.382269
517.207000   -0.370656
517.208000   -0.360056
517.209000   -0.350338
517.210000   -0.341250
517.211000   -0.332444
517.212000   -0.323529
517.213000   -0.314176
517.214000   -0.304267
517.215000   -0.293955
517.216000   -0.283534
517.217000   -0.273301
517.218000   -0.263490
517.219000   -0.254279
517.220000   -0.245807
517.221000   -0.238196
517.222000   -0.231576
517.223000   -0.226134
517.224000   -0.222138
517.225000   -0.219891
517.226000   -0.219635
517.227000   -0.221493
517.228000   -0.225458
517.229000   -0.231404
517.230000   -0.239074
517.231000   -0.248081
517.232000   -0.257923
517.233000   -0.268074
517.234000   -0.278109
517.235000   -0.287755
517.236000   -0.296861
517.237000   -0.305344
517.238000   -0.313148
517.239000   -0.320208
517.240000   -0.326415
517.241000   -0.331627
517.242000   -0.335740
517.243000   -0.338813
517.244000   -0.341115
517.245000   -0.343025
517.246000   -0.344888
517.247000   -0.346958
517.248000   -0.349387
517.249000   -0.352238
517.250000   -0.355482
517.251000   -0.359004
517.252000   -0.362645
517.253000   -0.366250
517.254000   -0.369670
517.255000   -0.372742
517.256000   -0.375320
517.257000   -0.377313
517.258000   -0.378698
517.259000   -0.379476
517.260000   -0.379620
517.261000   -0.379061
517.262000   -0.377741
517.263000   -0.375715
517.264000   -0.373176
517.265000   -0.370418
517.266000   -0.367773
517.267000   -0.365558
517.268000   -0.364015
517.269000   -0.363251
517.270000   -0.363237
517.271000   -0.363901
517.272000   -0.365308
517.273000   -0.367705
517.274000   -0.371386
517.275000   -0.376550
517.276000   -0.383253
517.277000   -0.391411
517.278000   -0.400808
517.279000   -0.411099
517.280000   -0.421878
517.281000   -0.432821
517.282000   -0.443816
517.283000   -0.454889
517.284000   -0.466049
517.285000   -0.477210
517.286000   -0.488188
517.287000   -0.498717
517.288000   -0.508457
517.289000   -0.517012
517.290000   -0.523999
517.291000   -0.529176
517.292000   -0.532509
517.293000   -0.534100
517.294000   -0.534065
517.295000   -0.532480
517.296000   -0.529387
517.297000   -0.524803
517.298000   -0.518728
517.299000   -0.511154
517.300000   -0.502127
517.301000   -0.491847
517.302000   -0.480679
517.303000   -0.469018
517.304000   -0.457177
517.305000   -0.445370
517.306000   -0.433728
517.307000   -0.422312
517.308000   -0.411121
517.309000   -0.400117
517.310000   -0.389310
517.311000   -0.378821
517.312000   -0.368850
517.313000   -0.359599
517.314000   -0.351221
517.315000   -0.343790
517.316000   -0.337269
517.317000   -0.331507
517.318000   -0.326264
517.319000   -0.321256
517.320000   -0.316236
517.321000   -0.311070
517.322000   -0.305730
517.323000   -0.300228
517.324000   -0.294545
517.325000   -0.288625
517.326000   -0.282397
517.327000   -0.275816
517.328000   -0.268881
517.329000   -0.261672
517.330000   -0.254401
517.331000   -0.247408
517.332000   -0.241089
517.333000   -0.235814
517.334000   -0.231905
517.335000   -0.229632
517.336000   -0.229190
517.337000   -0.230681
517.338000   -0.234100
517.339000   -0.239361
517.340000   -0.246351
517.341000   -0.254976
517.342000   -0.265142
517.343000   -0.276698
517.344000   -0.289402
517.345000   -0.302897
517.346000   -0.316728
517.347000   -0.330362
517.348000   -0.343248
517.349000   -0.354913
517.350000   -0.365048
517.351000   -0.373498
517.352000   -0.380181
517.353000   -0.385021
517.354000   -0.387955
517.355000   -0.388945
517.356000   -0.387989
517.357000   -0.385118
517.358000   -0.380395
517.359000   -0.373927
517.360000   -0.365885
517.361000   -0.356525
517.362000   -0.346184
517.363000   -0.335241
517.364000   -0.324073
517.365000   -0.313011
517.366000   -0.302297
517.367000   -0.292057
517.368000   -0.282293
517.369000   -0.272981
517.370000   -0.264221
517.371000   -0.256330
517.372000   -0.249749
517.373000   -0.244879
517.374000   -0.241958
517.375000   -0.241023
517.376000   -0.241912
517.377000   -0.244296
517.378000   -0.247747
517.379000   -0.251837
517.380000   -0.256239
517.381000   -0.260723
517.382000   -0.265062
517.383000   -0.268970
517.384000   -0.272089
517.385000   -0.274033
517.386000   -0.274420
517.387000   -0.272908
517.388000   -0.269236
517.389000   -0.263301
517.390000   -0.255250
517.391000   -0.245487
517.392000   -0.234573
517.393000   -0.223120
517.394000   -0.211718
517.395000   -0.200878
517.396000   -0.190979
517.397000   -0.182238
517.398000   -0.174746
517.399000   -0.168597
517.400000   -0.163978
517.401000   -0.161123
517.402000   -0.160171
517.403000   -0.161071
517.404000   -0.163563
517.405000   -0.167206
517.406000   -0.171429
517.407000   -0.175596
517.408000   -0.179124
517.409000   -0.181599
517.410000   -0.182847
517.411000   -0.182898
517.412000   -0.181895
517.413000   -0.180014
517.414000   -0.177448
517.415000   -0.174391
517.416000   -0.171027
517.417000   -0.167493
517.418000   -0.163862
517.419000   -0.160195
517.420000   -0.156614
517.421000   -0.153319
517.422000   -0.150533
517.423000   -0.148449
517.424000   -0.147213
517.425000   -0.146897
517.426000   -0.147478
517.427000   -0.148842
517.428000   -0.150846
517.429000   -0.153428
517.430000   -0.156706
517.431000   -0.160948
517.432000   -0.166469
517.433000   -0.173537
517.434000   -0.182343
517.435000   -0.192992
517.436000   -0.205494
517.437000   -0.219772
517.438000   -0.235685
517.439000   -0.253070
517.440000   -0.271751
517.441000   -0.291487
517.442000   -0.311931
517.443000   -0.332635
517.444000   -0.353078
517.445000   -0.372694
517.446000   -0.390899
517.447000   -0.407113
517.448000   -0.420806
517.449000   -0.431557
517.450000   -0.439106
517.451000   -0.443367
517.452000   -0.444422
517.453000   -0.442509
517.454000   -0.437984
517.455000   -0.431269
517.456000   -0.422811
517.457000   -0.413064
517.458000   -0.402546
517.459000   -0.391899
517.460000   -0.381843
517.461000   -0.373049
517.462000   -0.366029
517.463000   -0.361085
517.464000   -0.358298
517.465000   -0.357551
517.466000   -0.358572
517.467000   -0.361020
517.468000   -0.364590
517.469000   -0.369050
517.470000   -0.374186
517.471000   -0.379728
517.472000   -0.385347
517.473000   -0.390690
517.474000   -0.395421
517.475000   -0.399241
517.476000   -0.401909
517.477000   -0.403295
517.478000   -0.403444
517.479000   -0.402577
517.480000   -0.401004
517.481000   -0.399035
517.482000   -0.396938
517.483000   -0.394914
517.484000   -0.393100
517.485000   -0.391566
517.486000   -0.390361
517.487000   -0.389589
517.488000   -0.389479
517.489000   -0.390317
517.490000   -0.392312
517.491000   -0.395522
517.492000   -0.399858
517.493000   -0.405134
517.494000   -0.411108
517.495000   -0.417499
517.496000   -0.424025
517.497000   -0.430480
517.498000   -0.436778
517.499000   -0.442894
517.500000   -0.448785
517.501000   -0.454351
517.501000   -0.454351
517.502000   -0.459446
517.503000   -0.463880
517.504000   -0.467406
517.505000   -0.469730
517.506000   -0.470576
517.507000   -0.469810
517.508000   -0.467480
517.509000   -0.463752
517.510000   -0.458809
517.511000   -0.452799
517.512000   -0.445814
517.513000   -0.437877
517.514000   -0.428937
517.515000   -0.418894
517.516000   -0.407656
517.517000   -0.395205
517.518000   -0.381620
517.519000   -0.367068
517.520000   -0.351784
517.521000   -0.336061
517.522000   -0.320230
517.523000   -0.304632
517.524000   -0.289576
517.525000   -0.275324
517.526000   -0.262126
517.527000   -0.250265
517.528000   -0.240075
517.529000   -0.231903
517.530000   -0.226048
517.531000   -0.222700
517.532000   -0.221870
517.533000   -0.223361
517.534000   -0.226788
517.535000   -0.231658
517.536000   -0.237478
517.537000   -0.243798
517.538000   -0.250196
517.539000   -0.256243
517.540000   -0.261514
517.541000   -0.265619
517.542000   -0.268236
517.543000   -0.269157
517.544000   -0.268327
517.545000   -0.265851
517.546000   -0.261985
517.547000   -0.257075
517.548000   -0.251525
517.549000   -0.245779
517.550000   -0.240307
517.551000   -0.235554
517.552000   -0.231892
517.553000   -0.229572
517.554000   -0.228739
517.555000   -0.229464
517.556000   -0.231778
517.557000   -0.235644
517.558000   -0.240930
517.559000   -0.247383
517.560000   -0.254615
517.561000   -0.262115
517.562000   -0.269284
517.563000   -0.275531
517.564000   -0.280411
517.565000   -0.283737
517.566000   -0.285584
517.567000   -0.286201
517.568000   -0.285905
517.569000   -0.285013
517.570000   -0.283812
517.571000   -0.282558
517.572000   -0.281492
517.573000   -0.280867
517.574000   -0.280953
517.575000   -0.282019
517.576000   -0.284284
517.577000   -0.287875
517.578000   -0.292825
517.579000   -0.299088
517.580000   -0.306544
517.581000   -0.315000
517.582000   -0.324204
517.583000   -0.333883
517.584000   -0.343797
517.585000   -0.353777
517.586000   -0.363721
517.587000   -0.373580
517.588000   -0.383329
517.589000   -0.392923
517.590000   -0.402273
517.591000   -0.411255
517.592000   -0.419756
517.593000   -0.427735
517.594000   -0.435247
517.595000   -0.442412
517.596000   -0.449354
517.597000   -0.456150
517.598000   -0.462800
517.599000   -0.469227
517.600000   -0.475283
517.601000   -0.480796
517.602000   -0.485616
517.603000   -0.489673
517.604000   -0.492994
517.605000   -0.495684
517.606000   -0.497882
517.607000   -0.499718
517.608000   -0.501286
517.609000   -0.502625
517.610000   -0.503715
517.611000   -0.504487
517.612000   -0.504851
517.613000   -0.504715
517.614000   -0.504000
517.615000   -0.502637
517.616000   -0.500564
517.617000   -0.497721
517.618000   -0.494048
517.619000   -0.489481
517.620000   -0.483968
517.621000   -0.477487
517.622000   -0.470068
517.623000   -0.461815
517.624000   -0.452908
517.625000   -0.443603
517.626000   -0.434211
517.627000   -0.425053
517.628000   -0.416439
517.629000   -0.408643
517.630000   -0.401906
517.631000   -0.396416
517.632000   -0.392307
517.633000   -0.389644
517.634000   -0.388421
517.635000   -0.388565
517.636000   -0.389941
517.637000   -0.392366
517.638000   -0.395644
517.639000   -0.399589
517.640000   -0.404039
517.641000   -0.408863
517.642000   -0.413942
517.643000   -0.419150
517.644000   -0.424340
517.645000   -0.429342
517.646000   -0.433963
517.647000   -0.438010
517.648000   -0.441319
517.649000   -0.443782
517.650000   -0.445341
517.651000   -0.445972
517.652000   -0.445662
517.653000   -0.444420
517.654000   -0.442260
517.655000   -0.439183
517.656000   -0.435162
517.657000   -0.430170
517.658000   -0.424221
517.659000   -0.417401
517.660000   -0.409872
517.661000   -0.401878
517.662000   -0.393733
517.663000   -0.385794
517.664000   -0.378391
517.665000   -0.371748
517.666000   -0.365960
517.667000   -0.361009
517.668000   -0.356804
517.669000   -0.353227
517.670000   -0.350162
517.671000   -0.347512
517.672000   -0.345179
517.673000   -0.343042
517.674000   -0.340939
517.675000   -0.338675
517.676000   -0.336038
517.677000   -0.332830
517.678000   -0.328900
517.679000   -0.324164
517.680000   -0.318612
517.681000   -0.312317
517.682000   -0.305429
517.683000   -0.298154
517.684000   -0.290715
517.685000   -0.283325
517.686000   -0.276178
517.687000   -0.269437
517.688000   -0.263231
517.689000   -0.257659
517.690000   -0.252808
517.691000   -0.248766
517.692000   -0.245614
517.693000   -0.243403
517.694000   -0.242165
517.695000   -0.241912
517.696000   -0.242653
517.697000   -0.244386
517.698000   -0.247097
517.699000   -0.250775
517.700000   -0.255424
517.701000   -0.261054
517.702000   -0.267668
517.703000   -0.275244
517.704000   -0.283736
517.705000   -0.293062
517.706000   -0.303094
517.707000   -0.313635
517.708000   -0.324422
517.709000   -0.335148
517.710000   -0.345477
517.711000   -0.355047
517.712000   -0.363498
517.713000   -0.370500
517.714000   -0.375800
517.715000   -0.379230
517.716000   -0.380712
517.717000   -0.380260
517.718000   -0.377988
517.719000   -0.374105
517.720000   -0.368869
517.721000   -0.362547
517.722000   -0.355399
517.723000   -0.347697
517.724000   -0.339724
517.725000   -0.331761
517.726000   -0.324072
517.727000   -0.316910
517.728000   -0.310525
517.729000   -0.305121
517.730000   -0.300813
517.731000   -0.297612
517.732000   -0.295437
517.733000   -0.294140
517.734000   -0.293533
517.735000   -0.293414
517.736000   -0.293619
517.737000   -0.294070
517.738000   -0.294772
517.739000   -0.295771
517.740000   -0.297101
517.741000   -0.298763
517.742000   -0.300713
517.743000   -0.302871
517.744000   -0.305130
517.745000   -0.307390
517.746000   -0.309597
517.747000   -0.311763
517.748000   -0.313954
517.749000   -0.316261
517.750000   -0.318781
517.751000   -0.321595
517.752000   -0.324745
517.753000   -0.328224
517.754000   -0.331986
517.755000   -0.336000
517.756000   -0.340324
517.757000   -0.345118
517.758000   -0.350596
517.759000   -0.356956
517.760000   -0.364317
517.761000   -0.372691
517.762000   -0.381950
517.763000   -0.391840
517.764000   -0.402033
517.765000   -0.412201
517.766000   -0.422064
517.767000   -0.431366
517.768000   -0.439833
517.769000   -0.447159
517.770000   -0.453012
517.771000   -0.457045
517.772000   -0.458904
517.773000   -0.458260
517.774000   -0.454860
517.775000   -0.448582
517.776000   -0.439454
517.777000   -0.427631
517.778000   -0.413376
517.779000   -0.397053
517.780000   -0.379105
517.781000   -0.360008
517.782000   -0.340228
517.783000   -0.320197
517.784000   -0.300348
517.785000   -0.281132
517.786000   -0.262984
517.787000   -0.246270
517.788000   -0.231251
517.789000   -0.218092
517.790000   -0.206861
517.791000   -0.197525
517.792000   -0.189963
517.793000   -0.184009
517.794000   -0.179488
517.795000   -0.176216
517.796000   -0.173957
517.797000   -0.172427
517.798000   -0.171327
517.799000   -0.170385
517.800000   -0.169393
517.801000   -0.168205
517.802000   -0.166740
517.803000   -0.164966
517.804000   -0.162893
517.805000   -0.160570
517.806000   -0.158086
517.807000   -0.155583
517.808000   -0.153245
517.809000   -0.151287
517.810000   -0.149926
517.811000   -0.149369
517.812000   -0.149840
517.813000   -0.151607
517.814000   -0.154953
517.815000   -0.160092
517.816000   -0.167097
517.817000   -0.175881
517.818000   -0.186208
517.819000   -0.197724
517.820000   -0.210010
517.821000   -0.222654
517.822000   -0.235310
517.823000   -0.247666
517.824000   -0.259356
517.825000   -0.269943
517.826000   -0.278960
517.827000   -0.285984
517.828000   -0.290691
517.829000   -0.292888
517.830000   -0.292520
517.831000   -0.289652
517.832000   -0.284432
517.833000   -0.277069
517.834000   -0.267840
517.835000   -0.257115
517.836000   -0.245368
517.837000   -0.233142
517.838000   -0.220985
517.839000   -0.209379
517.840000   -0.198697
517.841000   -0.189206
517.842000   -0.181097
517.843000   -0.174511
517.844000   -0.169550
517.845000   -0.166300
517.846000   -0.164851
517.847000   -0.165272
517.848000   -0.167581
517.849000   -0.171726
517.850000   -0.177594
517.851000   -0.185029
517.852000   -0.193821
517.853000   -0.203708
517.854000   -0.214408
517.855000   -0.225666
517.856000   -0.237288
517.857000   -0.249140
517.858000   -0.261114
517.859000   -0.273080
517.860000   -0.284850
517.861000   -0.296188
517.862000   -0.306841
517.863000   -0.316593
517.864000   -0.325306
517.865000   -0.332928
517.866000   -0.339486
517.867000   -0.345037
517.868000   -0.349648
517.869000   -0.353407
517.870000   -0.356458
517.871000   -0.358996
517.872000   -0.361233
517.873000   -0.363368
517.874000   -0.365574
517.875000   -0.367993
517.876000   -0.370705
517.877000   -0.373713
517.878000   -0.376957
517.879000   -0.380336
517.880000   -0.383693
517.881000   -0.386794
517.882000   -0.389332
517.883000   -0.390973
517.884000   -0.391408
517.885000   -0.390374
517.886000   -0.387658
517.887000   -0.383101
517.888000   -0.376599
517.889000   -0.368103
517.890000   -0.357650
517.891000   -0.345383
517.892000   -0.331572
517.893000   -0.316614
517.894000   -0.301001
517.895000   -0.285262
517.896000   -0.269915
517.897000   -0.255428
517.898000   -0.242215
517.899000   -0.230636
517.900000   -0.220994
517.901000   -0.213533
517.902000   -0.208451
517.903000   -0.205881
517.904000   -0.205857
517.905000   -0.208284
517.906000   -0.212942
517.907000   -0.219531
517.908000   -0.227702
517.909000   -0.237083
517.910000   -0.247284
517.911000   -0.257918
517.912000   -0.268625
517.913000   -0.279079
517.914000   -0.288980
517.915000   -0.298063
517.916000   -0.306119
517.917000   -0.313017
517.918000   -0.318696
517.919000   -0.323144
517.920000   -0.326401
517.921000   -0.328555
517.922000   -0.329739
517.923000   -0.330099
517.924000   -0.329758
517.925000   -0.328809
517.926000   -0.327338
517.927000   -0.325429
517.928000   -0.323148
517.929000   -0.320526
517.930000   -0.317566
517.931000   -0.314258
517.932000   -0.310571
517.933000   -0.306446
517.934000   -0.301795
517.935000   -0.296532
517.936000   -0.290582
517.937000   -0.283863
517.938000   -0.276270
517.939000   -0.267705
517.940000   -0.258121
517.941000   -0.247567
517.942000   -0.236185
517.943000   -0.224187
517.944000   -0.211823
517.945000   -0.199372
517.946000   -0.187118
517.947000   -0.175343
517.948000   -0.164312
517.949000   -0.154282
517.950000   -0.145500
517.951000   -0.138194
517.952000   -0.132552
517.953000   -0.128715
517.954000   -0.126795
517.955000   -0.126884
517.956000   -0.129027
517.957000   -0.133178
517.958000   -0.139189
517.959000   -0.146823
517.960000   -0.155785
517.961000   -0.165763
517.962000   -0.176465
517.963000   -0.187661
517.964000   -0.199195
517.965000   -0.210945
517.966000   -0.222783
517.967000   -0.234552
517.968000   -0.246070
517.969000   -0.257157
517.970000   -0.267658
517.971000   -0.277454
517.972000   -0.286473
517.973000   -0.294686
517.974000   -0.302082
517.975000   -0.308622
517.976000   -0.314215
517.977000   -0.318726
517.978000   -0.322002
517.979000   -0.323903
517.980000   -0.324308
517.981000   -0.323131
517.982000   -0.320321
517.983000   -0.315865
517.984000   -0.309776
517.985000   -0.302107
517.986000   -0.292957
517.987000   -0.282494
517.988000   -0.270947
517.989000   -0.258581
517.990000   -0.245675
517.991000   -0.232485
517.992000   -0.219235
517.993000   -0.206117
517.994000   -0.193295
517.995000   -0.180923
517.996000   -0.169146
517.997000   -0.158098
517.998000   -0.147884
517.999000   -0.138557
518.000000   -0.130108
518.001000   -0.122475
518.001000   -0.122475
518.002000   -0.115553
518.003000   -0.109210
518.004000   -0.103302
518.005000   -0.097708
518.006000   -0.092356
518.007000   -0.087220
518.008000   -0.082306
518.009000   -0.077639
518.010000   -0.073281
518.011000   -0.069367
518.012000   -0.066101
518.013000   -0.063725
518.014000   -0.062478
518.015000   -0.062580
518.016000   -0.064203
518.017000   -0.067445
518.018000   -0.072316
518.019000   -0.078757
518.020000   -0.086700
518.021000   -0.096080
518.022000   -0.106793
518.023000   -0.118659
518.024000   -0.131409
518.025000   -0.144712
518.026000   -0.158188
518.027000   -0.171429
518.028000   -0.184024
518.029000   -0.195589
518.030000   -0.205785
518.031000   -0.214323
518.032000   -0.220978
518.033000   -0.225599
518.034000   -0.228129
518.035000   -0.228614
518.036000   -0.227197
518.037000   -0.224095
518.038000   -0.219548
518.039000   -0.213792
518.040000   -0.207086
518.041000   -0.199754
518.042000   -0.192196
518.043000   -0.184834
518.044000   -0.178057
518.045000   -0.172180
518.046000   -0.167420
518.047000   -0.163888
518.048000   -0.161602
518.049000   -0.160536
518.050000   -0.160679
518.051000   -0.162054
518.052000   -0.164672
518.053000   -0.168476
518.054000   -0.173304
518.055000   -0.178900
518.056000   -0.184942
518.057000   -0.191098
518.058000   -0.197062
518.059000   -0.202598
518.060000   -0.207574
518.061000   -0.212001
518.062000   -0.215998
518.063000   -0.219720
518.064000   -0.223313
518.065000   -0.226895
518.066000   -0.230547
518.067000   -0.234315
518.068000   -0.238207
518.069000   -0.242227
518.070000   -0.246464
518.071000   -0.251144
518.072000   -0.256570
518.073000   -0.262998
518.074000   -0.270570
518.075000   -0.279301
518.076000   -0.289117
518.077000   -0.299890
518.078000   -0.311454
518.079000   -0.323623
518.080000   -0.336219
518.081000   -0.349094
518.082000   -0.362097
518.083000   -0.375030
518.084000   -0.387645
518.085000   -0.399665
518.086000   -0.410801
518.087000   -0.420751
518.088000   -0.429193
518.089000   -0.435827
518.090000   -0.440489
518.091000   -0.443210
518.092000   -0.444153
518.093000   -0.443531
518.094000   -0.441540
518.095000   -0.438331
518.096000   -0.433985
518.097000   -0.428523
518.098000   -0.421974
518.099000   -0.414511
518.100000   -0.406540
518.101000   -0.398616
518.102000   -0.391286
518.103000   -0.385003
518.104000   -0.380122
518.105000   -0.376921
518.106000   -0.375601
518.107000   -0.376256
518.108000   -0.378870
518.109000   -0.383365
518.110000   -0.389641
518.111000   -0.397545
518.112000   -0.406836
518.113000   -0.417213
518.114000   -0.428366
518.115000   -0.439987
518.116000   -0.451702
518.117000   -0.463026
518.118000   -0.473426
518.119000   -0.482464
518.120000   -0.489868
518.121000   -0.495473
518.122000   -0.499166
518.123000   -0.500896
518.124000   -0.500702
518.125000   -0.498703
518.126000   -0.495062
518.127000   -0.489989
518.128000   -0.483802
518.129000   -0.476982
518.130000   -0.470113
518.131000   -0.463748
518.132000   -0.458316
518.133000   -0.454108
518.134000   -0.451296
518.135000   -0.449926
518.136000   -0.449911
518.137000   -0.451066
518.138000   -0.453194
518.139000   -0.456151
518.140000   -0.459829
518.141000   -0.464092
518.142000   -0.468746
518.143000   -0.473543
518.144000   -0.478150
518.145000   -0.482140
518.146000   -0.485014
518.147000   -0.486324
518.148000   -0.485855
518.149000   -0.483716
518.150000   -0.480238
518.151000   -0.475803
518.152000   -0.470709
518.153000   -0.465107
518.154000   -0.459000
518.155000   -0.452316
518.156000   -0.445003
518.157000   -0.437165
518.158000   -0.429147
518.159000   -0.421486
518.160000   -0.414742
518.161000   -0.409360
518.162000   -0.405601
518.163000   -0.403580
518.164000   -0.403337
518.165000   -0.404870
518.166000   -0.408175
518.167000   -0.413307
518.168000   -0.420410
518.169000   -0.429626
518.170000   -0.440947
518.171000   -0.454112
518.172000   -0.468624
518.173000   -0.483811
518.174000   -0.498889
518.175000   -0.513032
518.176000   -0.525472
518.177000   -0.535600
518.178000   -0.543005
518.179000   -0.547426
518.180000   -0.548712
518.181000   -0.546809
518.182000   -0.541758
518.183000   -0.533699
518.184000   -0.522885
518.185000   -0.509698
518.186000   -0.494669
518.187000   -0.478453
518.188000   -0.461742
518.189000   -0.445155
518.190000   -0.429165
518.191000   -0.414078
518.192000   -0.400056
518.193000   -0.387151
518.194000   -0.375345
518.195000   -0.364581
518.196000   -0.354773
518.197000   -0.345799
518.198000   -0.337481
518.199000   -0.329593
518.200000   -0.321879
518.201000   -0.314074
518.202000   -0.305929
518.203000   -0.297249
518.204000   -0.287940
518.205000   -0.278030
518.206000   -0.267668
518.207000   -0.257084
518.208000   -0.246544
518.209000   -0.236308
518.210000   -0.226579
518.211000   -0.217458
518.212000   -0.208938
518.213000   -0.200965
518.214000   -0.193483
518.215000   -0.186473
518.216000   -0.179960
518.217000   -0.174003
518.218000   -0.168700
518.219000   -0.164148
518.220000   -0.160412
518.221000   -0.157507
518.222000   -0.155423
518.223000   -0.154152
518.224000   -0.153724
518.225000   -0.154210
518.226000   -0.155710
518.227000   -0.158318
518.228000   -0.162101
518.229000   -0.167083
518.230000   -0.173226
518.231000   -0.180423
518.232000   -0.188506
518.233000   -0.197265
518.234000   -0.206445
518.235000   -0.215743
518.236000   -0.224847
518.237000   -0.233495
518.238000   -0.241484
518.239000   -0.248611
518.240000   -0.254628
518.241000   -0.259257
518.242000   -0.262239
518.243000   -0.263379
518.244000   -0.262580
518.245000   -0.259893
518.246000   -0.255563
518.247000   -0.250004
518.248000   -0.243692
518.249000   -0.237064
518.250000   -0.230495
518.251000   -0.224304
518.252000   -0.218782
518.253000   -0.214205
518.254000   -0.210845
518.255000   -0.208952
518.256000   -0.208738
518.257000   -0.210359
518.258000   -0.213899
518.259000   -0.219358
518.260000   -0.226638
518.261000   -0.235552
518.262000   -0.245843
518.263000   -0.257207
518.264000   -0.269328
518.265000   -0.281931
518.266000   -0.294813
518.267000   -0.307825
518.268000   -0.320825
518.269000   -0.333668
518.270000   -0.346206
518.271000   -0.358299
518.272000   -0.369816
518.273000   -0.380665
518.274000   -0.390871
518.275000   -0.400611
518.276000   -0.410147
518.277000   -0.419712
518.278000   -0.429455
518.279000   -0.439442
518.280000   -0.449666
518.281000   -0.460055
518.282000   -0.470478
518.283000   -0.480794
518.284000   -0.490904
518.285000   -0.500755
518.286000   -0.510282
518.287000   -0.519367
518.288000   -0.527838
518.289000   -0.535486
518.290000   -0.542085
518.291000   -0.547408
518.292000   -0.551248
518.293000   -0.553480
518.294000   -0.554111
518.295000   -0.553244
518.296000   -0.550998
518.297000   -0.547480
518.298000   -0.542783
518.299000   -0.537003
518.300000   -0.530250
518.301000   -0.522660
518.302000   -0.514438
518.303000   -0.505887
518.304000   -0.497349
518.305000   -0.489088
518.306000   -0.481238
518.307000   -0.473830
518.308000   -0.466855
518.309000   -0.460306
518.310000   -0.454221
518.311000   -0.448685
518.312000   -0.443761
518.313000   -0.439400
518.314000   -0.435425
518.315000   -0.431612
518.316000   -0.427786
518.317000   -0.423867
518.318000   -0.419884
518.319000   -0.415965
518.320000   -0.412292
518.321000   -0.409005
518.322000   -0.406134
518.323000   -0.403630
518.324000   -0.401436
518.325000   -0.399548
518.326000   -0.398008
518.327000   -0.396894
518.328000   -0.396292
518.329000   -0.396261
518.330000   -0.396811
518.331000   -0.397881
518.332000   -0.399366
518.333000   -0.401140
518.334000   -0.403068
518.335000   -0.405006
518.336000   -0.406801
518.337000   -0.408306
518.338000   -0.409395
518.339000   -0.409976
518.340000   -0.410011
518.341000   -0.409534
518.342000   -0.408661
518.343000   -0.407553
518.344000   -0.406386
518.345000   -0.405333
518.346000   -0.404553
518.347000   -0.404171
518.348000   -0.404248
518.349000   -0.404750
518.350000   -0.405537
518.351000   -0.406366
518.352000   -0.406913
518.353000   -0.406836
518.354000   -0.405836
518.355000   -0.403700
518.356000   -0.400314
518.357000   -0.395653
518.358000   -0.389765
518.359000   -0.382741
518.360000   -0.374693
518.361000   -0.365769
518.362000   -0.356211
518.363000   -0.346413
518.364000   -0.336899
518.365000   -0.328256
518.366000   -0.321042
518.367000   -0.315720
518.368000   -0.312586
518.369000   -0.311731
518.370000   -0.313068
518.371000   -0.316434
518.372000   -0.321706
518.373000   -0.328834
518.374000   -0.337798
518.375000   -0.348558
518.376000   -0.361005
518.377000   -0.374922
518.378000   -0.389931
518.379000   -0.405486
518.380000   -0.420956
518.381000   -0.435806
518.382000   -0.449725
518.383000   -0.462625
518.384000   -0.474564
518.385000   -0.485666
518.386000   -0.496044
518.387000   -0.505715
518.388000   -0.514549
518.389000   -0.522341
518.390000   -0.529001
518.391000   -0.534704
518.392000   -0.539867
518.393000   -0.544971
518.394000   -0.550393
518.395000   -0.556327
518.396000   -0.562780
518.397000   -0.569618
518.398000   -0.576648
518.399000   -0.583686
518.400000   -0.590659
518.401000   -0.597653
518.402000   -0.604829
518.403000   -0.612259
518.404000   -0.619826
518.405000   -0.627221
518.406000   -0.634008
518.407000   -0.639698
518.408000   -0.643781
518.409000   -0.645786
518.410000   -0.645422
518.411000   -0.642671
518.412000   -0.637684
518.413000   -0.630635
518.414000   -0.621662
518.415000   -0.610881
518.416000   -0.598413
518.417000   -0.584391
518.418000   -0.568960
518.419000   -0.552376
518.420000   -0.535149
518.421000   -0.518035
518.422000   -0.501853
518.423000   -0.487301
518.424000   -0.474889
518.425000   -0.464923
518.426000   -0.457499
518.427000   -0.452507
518.428000   -0.449699
518.429000   -0.448857
518.430000   -0.449924
518.431000   -0.452933
518.432000   -0.457847
518.433000   -0.464472
518.434000   -0.472449
518.435000   -0.481275
518.436000   -0.490309
518.437000   -0.498811
518.438000   -0.506046
518.439000   -0.511481
518.440000   -0.514920
518.441000   -0.516424
518.442000   -0.516157
518.443000   -0.514282
518.444000   -0.510915
518.445000   -0.506101
518.446000   -0.499818
518.447000   -0.492033
518.448000   -0.482853
518.449000   -0.472690
518.450000   -0.462205
518.451000   -0.452098
518.452000   -0.442947
518.453000   -0.435188
518.454000   -0.429141
518.455000   -0.425003
518.456000   -0.422829
518.457000   -0.422548
518.458000   -0.424066
518.459000   -0.427351
518.460000   -0.432383
518.461000   -0.439058
518.462000   -0.447167
518.463000   -0.456410
518.464000   -0.466403
518.465000   -0.476655
518.466000   -0.486597
518.467000   -0.495689
518.468000   -0.503584
518.469000   -0.510176
518.470000   -0.515484
518.471000   -0.519517
518.472000   -0.522215
518.473000   -0.523458
518.474000   -0.523105
518.475000   -0.521029
518.476000   -0.517198
518.477000   -0.511802
518.478000   -0.505335
518.479000   -0.498485
518.480000   -0.491921
518.481000   -0.486169
518.482000   -0.481589
518.483000   -0.478390
518.484000   -0.476637
518.485000   -0.476284
518.486000   -0.477276
518.487000   -0.479690
518.488000   -0.483744
518.489000   -0.489636
518.490000   -0.497392
518.491000   -0.506810
518.492000   -0.517480
518.493000   -0.528823
518.494000   -0.540150
518.495000   -0.550765
518.496000   -0.560113
518.497000   -0.567862
518.498000   -0.573839
518.499000   -0.577889
518.500000   -0.579816
518.501000   -0.579407
518.501000   -0.579407
518.502000   -0.576479
518.503000   -0.570905
518.504000   -0.562643
518.505000   -0.551766
518.506000   -0.538497
518.507000   -0.523166
518.508000   -0.506138
518.509000   -0.487813
518.510000   -0.468643
518.511000   -0.449107
518.512000   -0.429635
518.513000   -0.410562
518.514000   -0.392145
518.515000   -0.374623
518.516000   -0.358276
518.517000   -0.343415
518.518000   -0.330344
518.519000   -0.319310
518.520000   -0.310433
518.521000   -0.303641
518.522000   -0.298683
518.523000   -0.295192
518.524000   -0.292811
518.525000   -0.291317
518.526000   -0.290621
518.527000   -0.290656
518.528000   -0.291228
518.529000   -0.291970
518.530000   -0.292422
518.531000   -0.292153
518.532000   -0.290850
518.533000   -0.288383
518.534000   -0.284834
518.535000   -0.280479
518.536000   -0.275703
518.537000   -0.270903
518.538000   -0.266459
518.539000   -0.262745
518.540000   -0.260127
518.541000   -0.258951
518.542000   -0.259527
518.543000   -0.262138
518.544000   -0.267049
518.545000   -0.274477
518.546000   -0.284534
518.547000   -0.297171
518.548000   -0.312139
518.549000   -0.328983
518.550000   -0.347076
518.551000   -0.365680
518.552000   -0.384042
518.553000   -0.401486
518.554000   -0.417478
518.555000   -0.431613
518.556000   -0.443570
518.557000   -0.453090
518.558000   -0.459983
518.559000   -0.464154
518.560000   -0.465621
518.561000   -0.464525
518.562000   -0.461132
518.563000   -0.455810
518.564000   -0.448992
518.565000   -0.441138
518.566000   -0.432757
518.567000   -0.424395
518.568000   -0.416565
518.569000   -0.409673
518.570000   -0.403984
518.571000   -0.399606
518.572000   -0.396508
518.573000   -0.394554
518.574000   -0.393592
518.575000   -0.393560
518.576000   -0.394508
518.577000   -0.396515
518.578000   -0.399606
518.579000   -0.403740
518.580000   -0.408836
518.581000   -0.414808
518.582000   -0.421594
518.583000   -0.429169
518.584000   -0.437556
518.585000   -0.446790
518.586000   -0.456883
518.587000   -0.467810
518.588000   -0.479528
518.589000   -0.491987
518.590000   -0.505132
518.591000   -0.518883
518.592000   -0.533110
518.593000   -0.547605
518.594000   -0.562080
518.595000   -0.576214
518.596000   -0.589710
518.597000   -0.602331
518.598000   -0.613921
518.599000   -0.624396
518.600000   -0.633707
518.601000   -0.641800
518.602000   -0.648567
518.603000   -0.653869
518.604000   -0.657608
518.605000   -0.659768
518.606000   -0.660401
518.607000   -0.659615
518.608000   -0.657545
518.609000   -0.654310
518.610000   -0.649953
518.611000   -0.644415
518.612000   -0.637590
518.613000   -0.629458
518.614000   -0.620133
518.615000   -0.609773
518.616000   -0.598527
518.617000   -0.586516
518.618000   -0.573832
518.619000   -0.560525
518.620000   -0.546586
518.621000   -0.531971
518.622000   -0.516679
518.623000   -0.500781
518.624000   -0.484383
518.625000   -0.467586
518.626000   -0.450497
518.627000   -0.433238
518.628000   -0.415945
518.629000   -0.398740
518.630000   -0.381718
518.631000   -0.364954
518.632000   -0.348534
518.633000   -0.332571
518.634000   -0.317200
518.635000   -0.302588
518.636000   -0.288929
518.637000   -0.276420
518.638000   -0.265238
518.639000   -0.255504
518.640000   -0.247288
518.641000   -0.240648
518.642000   -0.235657
518.643000   -0.232393
518.644000   -0.230917
518.645000   -0.231259
518.646000   -0.233392
518.647000   -0.237199
518.648000   -0.242467
518.649000   -0.248894
518.650000   -0.256134
518.651000   -0.263822
518.652000   -0.271597
518.653000   -0.279147
518.654000   -0.286255
518.655000   -0.292819
518.656000   -0.298828
518.657000   -0.304333
518.658000   -0.309400
518.659000   -0.314046
518.660000   -0.318200
518.661000   -0.321733
518.662000   -0.324550
518.663000   -0.326673
518.664000   -0.328248
518.665000   -0.329477
518.666000   -0.330543
518.667000   -0.331547
518.668000   -0.332489
518.669000   -0.333323
518.670000   -0.334035
518.671000   -0.334680
518.672000   -0.335385
518.673000   -0.336314
518.674000   -0.337626
518.675000   -0.339427
518.676000   -0.341752
518.677000   -0.344584
518.678000   -0.347899
518.679000   -0.351695
518.680000   -0.355963
518.681000   -0.360669
518.682000   -0.365782
518.683000   -0.371298
518.684000   -0.377233
518.685000   -0.383603
518.686000   -0.390419
518.687000   -0.397660
518.688000   -0.405249
518.689000   -0.413049
518.690000   -0.420944
518.691000   -0.428938
518.692000   -0.437166
518.693000   -0.445827
518.694000   -0.455102
518.695000   -0.465116
518.696000   -0.475903
518.697000   -0.487394
518.698000   -0.499419
518.699000   -0.511781
518.700000   -0.524342
518.701000   -0.537061
518.702000   -0.549939
518.703000   -0.562933
518.704000   -0.575904
518.705000   -0.588593
518.706000   -0.600616
518.707000   -0.611467
518.708000   -0.620586
518.709000   -0.627506
518.710000   -0.632001
518.711000   -0.634089
518.712000   -0.633927
518.713000   -0.631722
518.714000   -0.627665
518.715000   -0.621877
518.716000   -0.614382
518.717000   -0.605132
518.718000   -0.594138
518.719000   -0.581608
518.720000   -0.567945
518.721000   -0.553623
518.722000   -0.539056
518.723000   -0.524533
518.724000   -0.510202
518.725000   -0.496075
518.726000   -0.482073
518.727000   -0.468080
518.728000   -0.454003
518.729000   -0.439796
518.730000   -0.425435
518.731000   -0.410885
518.732000   -0.396119
518.733000   -0.381140
518.734000   -0.366002
518.735000   -0.350800
518.736000   -0.335649
518.737000   -0.320664
518.738000   -0.306010
518.739000   -0.291929
518.740000   -0.278718
518.741000   -0.266687
518.742000   -0.256129
518.743000   -0.247290
518.744000   -0.240321
518.745000   -0.235234
518.746000   -0.231904
518.747000   -0.230172
518.748000   -0.229936
518.749000   -0.231121
518.750000   -0.233610
518.751000   -0.237210
518.752000   -0.241668
518.753000   -0.246676
518.754000   -0.251881
518.755000   -0.256919
518.756000   -0.261494
518.757000   -0.265467
518.758000   -0.268859
518.759000   -0.271774
518.760000   -0.274326
518.761000   -0.276615
518.762000   -0.278717
518.763000   -0.280687
518.764000   -0.282547
518.765000   -0.284306
518.766000   -0.286021
518.767000   -0.287830
518.768000   -0.289883
518.769000   -0.292244
518.770000   -0.294877
518.771000   -0.297671
518.772000   -0.300477
518.773000   -0.303119
518.774000   -0.305403
518.775000   -0.307175
518.776000   -0.308394
518.777000   -0.309131
518.778000   -0.309478
518.779000   -0.309508
518.780000   -0.309270
518.781000   -0.308806
518.782000   -0.308139
518.783000   -0.307248
518.784000   -0.306070
518.785000   -0.304576
518.786000   -0.302853
518.787000   -0.301087
518.788000   -0.299491
518.789000   -0.298259
518.790000   -0.297558
518.791000   -0.297503
518.792000   -0.298116
518.793000   -0.299316
518.794000   -0.300999
518.795000   -0.303200
518.796000   -0.306142
518.797000   -0.310123
518.798000   -0.315395
518.799000   -0.322123
518.800000   -0.330381
518.801000   -0.340123
518.802000   -0.351173
518.803000   -0.363253
518.804000   -0.376090
518.805000   -0.389531
518.806000   -0.403522
518.807000   -0.418030
518.808000   -0.433006
518.809000   -0.448368
518.810000   -0.463969
518.811000   -0.479551
518.812000   -0.494739
518.813000   -0.509114
518.814000   -0.522370
518.815000   -0.534420
518.816000   -0.545343
518.817000   -0.555256
518.818000   -0.564233
518.819000   -0.572262
518.820000   -0.579208
518.821000   -0.584793
518.822000   -0.588640
518.823000   -0.590440
518.824000   -0.590159
518.825000   -0.588037
518.826000   -0.584407
518.827000   -0.579564
518.828000   -0.573736
518.829000   -0.567078
518.830000   -0.559650
518.831000   -0.551411
518.832000   -0.542261
518.833000   -0.532109
518.834000   -0.520917
518.835000   -0.508689
518.836000   -0.495465
518.837000   -0.481346
518.838000   -0.466487
518.839000   -0.451050
518.840000   -0.435174
518.841000   -0.418965
518.842000   -0.402511
518.843000   -0.385922
518.844000   -0.369384
518.845000   -0.353173
518.846000   -0.337617
518.847000   -0.323028
518.848000   -0.309646
518.849000   -0.297611
518.850000   -0.286955
518.851000   -0.277640
518.852000   -0.269624
518.853000   -0.262923
518.854000   -0.257589
518.855000   -0.253666
518.856000   -0.251150
518.857000   -0.249984
518.858000   -0.250039
518.859000   -0.251092
518.860000   -0.252846
518.861000   -0.254972
518.862000   -0.257202
518.863000   -0.259400
518.864000   -0.261559
518.865000   -0.263756
518.866000   -0.266076
518.867000   -0.268553
518.868000   -0.271143
518.869000   -0.273739
518.870000   -0.276214
518.871000   -0.278510
518.872000   -0.280719
518.873000   -0.283073
518.874000   -0.285809
518.875000   -0.289017
518.876000   -0.292602
518.877000   -0.296336
518.878000   -0.299942
518.879000   -0.303143
518.880000   -0.305714
518.881000   -0.307530
518.882000   -0.308582
518.883000   -0.308916
518.884000   -0.308581
518.885000   -0.307643
518.886000   -0.306195
518.887000   -0.304339
518.888000   -0.302157
518.889000   -0.299715
518.890000   -0.297083
518.891000   -0.294374
518.892000   -0.291735
518.893000   -0.289342
518.894000   -0.287394
518.895000   -0.286060
518.896000   -0.285399
518.897000   -0.285318
518.898000   -0.285588
518.899000   -0.285902
518.900000   -0.285951
518.901000   -0.285485
518.902000   -0.284322
518.903000   -0.282359
518.904000   -0.279560
518.905000   -0.275928
518.906000   -0.271476
518.907000   -0.266239
518.908000   -0.260301
518.909000   -0.253811
518.910000   -0.246988
518.911000   -0.240126
518.912000   -0.233606
518.913000   -0.227909
518.914000   -0.223561
518.915000   -0.221021
518.916000   -0.220598
518.917000   -0.222411
518.918000   -0.226395
518.919000   -0.232334
518.920000   -0.239908
518.921000   -0.248747
518.922000   -0.258487
518.923000   -0.268779
518.924000   -0.279237
518.925000   -0.289406
518.926000   -0.298761
518.927000   -0.306758
518.928000   -0.312892
518.929000   -0.316767
518.930000   -0.318136
518.931000   -0.316921
518.932000   -0.313216
518.933000   -0.307279
518.934000   -0.299503
518.935000   -0.290366
518.936000   -0.280377
518.937000   -0.270032
518.938000   -0.259770
518.939000   -0.249945
518.940000   -0.240822
518.941000   -0.232635
518.942000   -0.225646
518.943000   -0.220134
518.944000   -0.216334
518.945000   -0.214405
518.946000   -0.214419
518.947000   -0.216359
518.948000   -0.220123
518.949000   -0.225546
518.950000   -0.232452
518.951000   -0.240706
518.952000   -0.250187
518.953000   -0.260732
518.954000   -0.272115
518.955000   -0.284091
518.956000   -0.296432
518.957000   -0.308943
518.958000   -0.321455
518.959000   -0.333809
518.960000   -0.345844
518.961000   -0.357401
518.962000   -0.368319
518.963000   -0.378451
518.964000   -0.387683
518.965000   -0.395953
518.966000   -0.403256
518.967000   -0.409623
518.968000   -0.415108
518.969000   -0.419761
518.970000   -0.423634
518.971000   -0.426767
518.972000   -0.429197
518.973000   -0.430980
518.974000   -0.432219
518.975000   -0.433080
518.976000   -0.433771
518.977000   -0.434520
518.978000   -0.435528
518.979000   -0.436922
518.980000   -0.438710
518.981000   -0.440793
518.982000   -0.443012
518.983000   -0.445201
518.984000   -0.447210
518.985000   -0.448909
518.986000   -0.450177
518.987000   -0.450880
518.988000   -0.450860
518.989000   -0.449954
518.990000   -0.448035
518.991000   -0.445045
518.992000   -0.441002
518.993000   -0.435991
518.994000   -0.430129
518.995000   -0.423517
518.996000   -0.416219
518.997000   -0.408262
518.998000   -0.399689
518.999000   -0.390623
519.000000   -0.381275
519.001000   -0.371899
519.001000   -0.371899
519.002000   -0.362751
519.003000   -0.354061
519.004000   -0.346014
519.005000   -0.338751
519.006000   -0.332380
519.007000   -0.327001
519.008000   -0.322714
519.009000   -0.319613
519.010000   -0.317791
519.011000   -0.317364
519.012000   -0.318491
519.013000   -0.321358
519.014000   -0.326138
519.015000   -0.332939
519.016000   -0.341754
519.017000   -0.352427
519.018000   -0.364651
519.019000   -0.378012
519.020000   -0.392076
519.021000   -0.406460
519.022000   -0.420851
519.023000   -0.434974
519.024000   -0.448569
519.025000   -0.461374
519.026000   -0.473092
519.027000   -0.483355
519.028000   -0.491759
519.029000   -0.497977
519.030000   -0.501875
519.031000   -0.503530
519.032000   -0.503178
519.033000   -0.501135
519.034000   -0.497703
519.035000   -0.493059
519.036000   -0.487174
519.037000   -0.479857
519.038000   -0.470908
519.039000   -0.460237
519.040000   -0.447902
519.041000   -0.434058
519.042000   -0.418895
519.043000   -0.402586
519.044000   -0.385289
519.045000   -0.367191
519.046000   -0.348556
519.047000   -0.329738
519.048000   -0.311170
519.049000   -0.293339
519.050000   -0.276739
519.051000   -0.261785
519.052000   -0.248749
519.053000   -0.237763
519.054000   -0.228858
519.055000   -0.222016
519.056000   -0.217166
519.057000   -0.214183
519.058000   -0.212929
519.059000   -0.213284
519.060000   -0.215121
519.061000   -0.218253
519.062000   -0.222433
519.063000   -0.227399
519.064000   -0.232933
519.065000   -0.238885
519.066000   -0.245166
519.067000   -0.251748
519.068000   -0.258675
519.069000   -0.266071
519.070000   -0.274115
519.071000   -0.283016
519.072000   -0.292980
519.073000   -0.304199
519.074000   -0.316813
519.075000   -0.330854
519.076000   -0.346208
519.077000   -0.362669
519.078000   -0.380045
519.079000   -0.398215
519.080000   -0.417090
519.081000   -0.436545
519.082000   -0.456355
519.083000   -0.476160
519.084000   -0.495447
519.085000   -0.513613
519.086000   -0.530096
519.087000   -0.544526
519.088000   -0.556805
519.089000   -0.567060
519.090000   -0.575530
519.091000   -0.582421
519.092000   -0.587787
519.093000   -0.591492
519.094000   -0.593272
519.095000   -0.592854
519.096000   -0.590102
519.097000   -0.585123
519.098000   -0.578268
519.099000   -0.570003
519.100000   -0.560763
519.101000   -0.550854
519.102000   -0.540441
519.103000   -0.529577
519.104000   -0.518236
519.105000   -0.506362
519.106000   -0.493940
519.107000   -0.481018
519.108000   -0.467683
519.109000   -0.453999
519.110000   -0.439987
519.111000   -0.425630
519.112000   -0.410878
519.113000   -0.395672
519.114000   -0.379971
519.115000   -0.363824
519.116000   -0.347419
519.117000   -0.331081
519.118000   -0.315212
519.119000   -0.300218
519.120000   -0.286486
519.121000   -0.274378
519.122000   -0.264228
519.123000   -0.256332
519.124000   -0.250958
519.125000   -0.248332
519.126000   -0.248611
519.127000   -0.251833
519.128000   -0.257915
519.129000   -0.266700
519.130000   -0.278007
519.131000   -0.291613
519.132000   -0.307205
519.133000   -0.324365
519.134000   -0.342584
519.135000   -0.361294
519.136000   -0.379885
519.137000   -0.397747
519.138000   -0.414337
519.139000   -0.429233
519.140000   -0.442119
519.141000   -0.452750
519.142000   -0.460977
519.143000   -0.466817
519.144000   -0.470490
519.145000   -0.472387
519.146000   -0.472999
519.147000   -0.472819
519.148000   -0.472250
519.149000   -0.471540
519.150000   -0.470798
519.151000   -0.470056
519.152000   -0.469349
519.153000   -0.468763
519.154000   -0.468429
519.155000   -0.468461
519.156000   -0.468895
519.157000   -0.469644
519.158000   -0.470490
519.159000   -0.471125
519.160000   -0.471230
519.161000   -0.470567
519.162000   -0.469053
519.163000   -0.466766
519.164000   -0.463889
519.165000   -0.460629
519.166000   -0.457148
519.167000   -0.453518
519.168000   -0.449703
519.169000   -0.445608
519.170000   -0.441152
519.171000   -0.436346
519.172000   -0.431330
519.173000   -0.426335
519.174000   -0.421599
519.175000   -0.417282
519.176000   -0.413425
519.177000   -0.409957
519.178000   -0.406748
519.179000   -0.403667
519.180000   -0.400658
519.181000   -0.397802
519.182000   -0.395313
519.183000   -0.393471
519.184000   -0.392547
519.185000   -0.392757
519.186000   -0.394252
519.187000   -0.397096
519.188000   -0.401262
519.189000   -0.406660
519.190000   -0.413204
519.191000   -0.420849
519.192000   -0.429544
519.193000   -0.439157
519.194000   -0.449428
519.195000   -0.459998
519.196000   -0.470454
519.197000   -0.480353
519.198000   -0.489271
519.199000   -0.496877
519.200000   -0.503007
519.201000   -0.507621
519.202000   -0.510719
519.203000   -0.512304
519.204000   -0.512420
519.205000   -0.511200
519.206000   -0.508842
519.207000   -0.505544
519.208000   -0.501463
519.209000   -0.496720
519.210000   -0.491408
519.211000   -0.485563
519.212000   -0.479158
519.213000   -0.472155
519.214000   -0.464585
519.215000   -0.456542
519.216000   -0.448121
519.217000   -0.439369
519.218000   -0.430353
519.219000   -0.421257
519.220000   -0.412408
519.221000   -0.404210
519.222000   -0.397065
519.223000   -0.391314
519.224000   -0.387165
519.225000   -0.384615
519.226000   -0.383438
519.227000   -0.383274
519.228000   -0.383769
519.229000   -0.384663
519.230000   -0.385777
519.231000   -0.386952
519.232000   -0.387983
519.233000   -0.388588
519.234000   -0.388414
519.235000   -0.387120
519.236000   -0.384482
519.237000   -0.380505
519.238000   -0.375488
519.239000   -0.369970
519.240000   -0.364573
519.241000   -0.359825
519.242000   -0.356029
519.243000   -0.353264
519.244000   -0.351470
519.245000   -0.350539
519.246000   -0.350414
519.247000   -0.351159
519.248000   -0.352967
519.249000   -0.356058
519.250000   -0.360520
519.251000   -0.366201
519.252000   -0.372722
519.253000   -0.379558
519.254000   -0.386140
519.255000   -0.391955
519.256000   -0.396668
519.257000   -0.400193
519.258000   -0.402646
519.259000   -0.404219
519.260000   -0.405104
519.261000   -0.405505
519.262000   -0.405637
519.263000   -0.405679
519.264000   -0.405727
519.265000   -0.405782
519.266000   -0.405768
519.267000   -0.405520
519.268000   -0.404786
519.269000   -0.403281
519.270000   -0.400824
519.271000   -0.397422
519.272000   -0.393213
519.273000   -0.388360
519.274000   -0.382971
519.275000   -0.377084
519.276000   -0.370664
519.277000   -0.363622
519.278000   -0.355876
519.279000   -0.347483
519.280000   -0.338729
519.281000   -0.330075
519.282000   -0.321997
519.283000   -0.314887
519.284000   -0.309016
519.285000   -0.304533
519.286000   -0.301463
519.287000   -0.299719
519.288000   -0.299166
519.289000   -0.299711
519.290000   -0.301329
519.291000   -0.303988
519.292000   -0.307592
519.293000   -0.311999
519.294000   -0.317079
519.295000   -0.322773
519.296000   -0.329090
519.297000   -0.336090
519.298000   -0.343848
519.299000   -0.352390
519.300000   -0.361619
519.301000   -0.371311
519.302000   -0.381168
519.303000   -0.390901
519.304000   -0.400283
519.305000   -0.409162
519.306000   -0.417421
519.307000   -0.424901
519.308000   -0.431329
519.309000   -0.436334
519.310000   -0.439534
519.311000   -0.440649
519.312000   -0.439595
519.313000   -0.436519
519.314000   -0.431761
519.315000   -0.425765
519.316000   -0.418960
519.317000   -0.411700
519.318000   -0.404265
519.319000   -0.396932
519.320000   -0.390023
519.321000   -0.383914
519.322000   -0.378990
519.323000   -0.375534
519.324000   -0.373623
519.325000   -0.373085
519.326000   -0.373571
519.327000   -0.374692
519.328000   -0.376119
519.329000   -0.377596
519.330000   -0.378917
519.331000   -0.379913
519.332000   -0.380425
519.333000   -0.380286
519.334000   -0.379326
519.335000   -0.377447
519.336000   -0.374723
519.337000   -0.371440
519.338000   -0.368005
519.339000   -0.364839
519.340000   -0.362319
519.341000   -0.360741
519.342000   -0.360272
519.343000   -0.360915
519.344000   -0.362522
519.345000   -0.364884
519.346000   -0.367802
519.347000   -0.371076
519.348000   -0.374481
519.349000   -0.377787
519.350000   -0.380814
519.351000   -0.383449
519.352000   -0.385632
519.353000   -0.387355
519.354000   -0.388694
519.355000   -0.389836
519.356000   -0.391048
519.357000   -0.392632
519.358000   -0.394947
519.359000   -0.398446
519.360000   -0.403639
519.361000   -0.410990
519.362000   -0.420784
519.363000   -0.433027
519.364000   -0.447387
519.365000   -0.463181
519.366000   -0.479457
519.367000   -0.495147
519.368000   -0.509258
519.369000   -0.520998
519.370000   -0.529825
519.371000   -0.535411
519.372000   -0.537582
519.373000   -0.536248
519.374000   -0.531344
519.375000   -0.522861
519.376000   -0.510956
519.377000   -0.496080
519.378000   -0.479031
519.379000   -0.460869
519.380000   -0.442733
519.381000   -0.425639
519.382000   -0.410342
519.383000   -0.397286
519.384000   -0.386646
519.385000   -0.378426
519.386000   -0.372583
519.387000   -0.369130
519.388000   -0.368140
519.389000   -0.369675
519.390000   -0.373696
519.391000   -0.380042
519.392000   -0.388458
519.393000   -0.398647
519.394000   -0.410280
519.395000   -0.422996
519.396000   -0.436436
519.397000   -0.450260
519.398000   -0.464129
519.399000   -0.477662
519.400000   -0.490428
519.401000   -0.501977
519.402000   -0.511891
519.403000   -0.519811
519.404000   -0.525464
519.405000   -0.528699
519.406000   -0.529529
519.407000   -0.528136
519.408000   -0.524805
519.409000   -0.519853
519.410000   -0.513604
519.411000   -0.506402
519.412000   -0.498606
519.413000   -0.490556
519.414000   -0.482580
519.415000   -0.475053
519.416000   -0.468438
519.417000   -0.463217
519.418000   -0.459782
519.419000   -0.458367
519.420000   -0.459039
519.421000   -0.461705
519.422000   -0.466096
519.423000   -0.471799
519.424000   -0.478334
519.425000   -0.485267
519.426000   -0.492253
519.427000   -0.499006
519.428000   -0.505246
519.429000   -0.510665
519.430000   -0.514902
519.431000   -0.517544
519.432000   -0.518169
519.433000   -0.516450
519.434000   -0.512284
519.435000   -0.505872
519.436000   -0.497659
519.437000   -0.488193
519.438000   -0.477985
519.439000   -0.467403
519.440000   -0.456645
519.441000   -0.445773
519.442000   -0.434787
519.443000   -0.423749
519.444000   -0.412889
519.445000   -0.402613
519.446000   -0.393401
519.447000   -0.385699
519.448000   -0.379842
519.449000   -0.376041
519.450000   -0.374372
519.451000   -0.374793
519.452000   -0.377230
519.453000   -0.381689
519.454000   -0.388317
519.455000   -0.397335
519.456000   -0.408908
519.457000   -0.423035
519.458000   -0.439479
519.459000   -0.457747
519.460000   -0.477122
519.461000   -0.496768
519.462000   -0.515872
519.463000   -0.533757
519.464000   -0.549917
519.465000   -0.563961
519.466000   -0.575562
519.467000   -0.584412
519.468000   -0.590231
519.469000   -0.592805
519.470000   -0.592046
519.471000   -0.588061
519.472000   -0.581217
519.473000   -0.572140
519.474000   -0.561598
519.475000   -0.550357
519.476000   -0.539069
519.477000   -0.528224
519.478000   -0.518107
519.479000   -0.508780
519.480000   -0.500117
519.481000   -0.491911
519.482000   -0.483962
519.483000   -0.476097
519.484000   -0.468128
519.485000   -0.459828
519.486000   -0.450954
519.487000   -0.441259
519.488000   -0.430503
519.489000   -0.418488
519.490000   -0.405135
519.491000   -0.390541
519.492000   -0.374979
519.493000   -0.358819
519.494000   -0.342434
519.495000   -0.326141
519.496000   -0.310191
519.497000   -0.294780
519.498000   -0.280062
519.499000   -0.266161
519.500000   -0.253188
519.501000   -0.241237
519.501000   -0.241237
519.502000   -0.230374
519.503000   -0.220636
519.504000   -0.212076
519.505000   -0.204826
519.506000   -0.199075
519.507000   -0.194989
519.508000   -0.192643
519.509000   -0.192016
519.510000   -0.193026
519.511000   -0.195559
519.512000   -0.199486
519.513000   -0.204704
519.514000   -0.211159
519.515000   -0.218814
519.516000   -0.227573
519.517000   -0.237239
519.518000   -0.247538
519.519000   -0.258180
519.520000   -0.268893
519.521000   -0.279440
519.522000   -0.289603
519.523000   -0.299180
519.524000   -0.307984
519.525000   -0.315865
519.526000   -0.322748
519.527000   -0.328678
519.528000   -0.333847
519.529000   -0.338592
519.530000   -0.343333
519.531000   -0.348486
519.532000   -0.354378
519.533000   -0.361185
519.534000   -0.368901
519.535000   -0.377329
519.536000   -0.386105
519.537000   -0.394765
519.538000   -0.402815
519.539000   -0.409767
519.540000   -0.415147
519.541000   -0.418530
519.542000   -0.419583
519.543000   -0.418109
519.544000   -0.414050
519.545000   -0.407491
519.546000   -0.398664
519.547000   -0.387966
519.548000   -0.375934
519.549000   -0.363191
519.550000   -0.350387
519.551000   -0.338123
519.552000   -0.326891
519.553000   -0.317007
519.554000   -0.308599
519.555000   -0.301648
519.556000   -0.296074
519.557000   -0.291815
519.558000   -0.288845
519.559000   -0.287148
519.560000   -0.286684
519.561000   -0.287388
519.562000   -0.289181
519.563000   -0.291956
519.564000   -0.295584
519.565000   -0.299925
519.566000   -0.304877
519.567000   -0.310399
519.568000   -0.316516
519.569000   -0.323311
519.570000   -0.330904
519.571000   -0.339398
519.572000   -0.348809
519.573000   -0.359003
519.574000   -0.369713
519.575000   -0.380606
519.576000   -0.391378
519.577000   -0.401804
519.578000   -0.411737
519.579000   -0.421046
519.580000   -0.429555
519.581000   -0.437015
519.582000   -0.443146
519.583000   -0.447714
519.584000   -0.450632
519.585000   -0.452039
519.586000   -0.452329
519.587000   -0.452092
519.588000   -0.451993
519.589000   -0.452617
519.590000   -0.454339
519.591000   -0.457266
519.592000   -0.461245
519.593000   -0.465955
519.594000   -0.471043
519.595000   -0.476244
519.596000   -0.481413
519.597000   -0.486461
519.598000   -0.491261
519.599000   -0.495566
519.600000   -0.499012
519.601000   -0.501180
519.602000   -0.501693
519.603000   -0.500328
519.604000   -0.497110
519.605000   -0.492339
519.606000   -0.486515
519.607000   -0.480204
519.608000   -0.473872
519.609000   -0.467789
519.610000   -0.462026
519.611000   -0.456527
519.612000   -0.451208
519.613000   -0.446078
519.614000   -0.441309
519.615000   -0.437217
519.616000   -0.434155
519.617000   -0.432390
519.618000   -0.432040
519.619000   -0.433102
519.620000   -0.435509
519.621000   -0.439199
519.622000   -0.444159
519.623000   -0.450468
519.624000   -0.458273
519.625000   -0.467726
519.626000   -0.478909
519.627000   -0.491782
519.628000   -0.506153
519.629000   -0.521682
519.630000   -0.537887
519.631000   -0.554187
519.632000   -0.569961
519.633000   -0.584605
519.634000   -0.597549
519.635000   -0.608265
519.636000   -0.616294
519.637000   -0.621284
519.638000   -0.623025
519.639000   -0.621466
519.640000   -0.616731
519.641000   -0.609137
519.642000   -0.599184
519.643000   -0.587513
519.644000   -0.574824
519.645000   -0.561799
519.646000   -0.549025
519.647000   -0.536924
519.648000   -0.525713
519.649000   -0.515432
519.650000   -0.506021
519.651000   -0.497396
519.652000   -0.489469
519.653000   -0.482122
519.654000   -0.475172
519.655000   -0.468399
519.656000   -0.461586
519.657000   -0.454546
519.658000   -0.447146
519.659000   -0.439349
519.660000   -0.431241
519.661000   -0.423008
519.662000   -0.414874
519.663000   -0.407046
519.664000   -0.399676
519.665000   -0.392836
519.666000   -0.386494
519.667000   -0.380533
519.668000   -0.374816
519.669000   -0.369265
519.670000   -0.363903
519.671000   -0.358853
519.672000   -0.354306
519.673000   -0.350456
519.674000   -0.347408
519.675000   -0.345146
519.676000   -0.343576
519.677000   -0.342641
519.678000   -0.342394
519.679000   -0.343009
519.680000   -0.344732
519.681000   -0.347784
519.682000   -0.352268
519.683000   -0.358083
519.684000   -0.364908
519.685000   -0.372258
519.686000   -0.379576
519.687000   -0.386312
519.688000   -0.391975
519.689000   -0.396138
519.690000   -0.398418
519.691000   -0.398467
519.692000   -0.395993
519.693000   -0.390823
519.694000   -0.382971
519.695000   -0.372657
519.696000   -0.360299
519.697000   -0.346474
519.698000   -0.331831
519.699000   -0.316979
519.700000   -0.302400
519.701000   -0.288424
519.702000   -0.275253
519.703000   -0.262998
519.704000   -0.251694
519.705000   -0.241321
519.706000   -0.231834
519.707000   -0.223174
519.708000   -0.215267
519.709000   -0.208012
519.710000   -0.201287
519.711000   -0.194984
519.712000   -0.189051
519.713000   -0.183504
519.714000   -0.178394
519.715000   -0.173801
519.716000   -0.169847
519.717000   -0.166680
519.718000   -0.164459
519.719000   -0.163329
519.720000   -0.163444
519.721000   -0.164985
519.722000   -0.168113
519.723000   -0.172885
519.724000   -0.179238
519.725000   -0.187040
519.726000   -0.196142
519.727000   -0.206399
519.728000   -0.217657
519.729000   -0.229769
519.730000   -0.242615
519.731000   -0.256093
519.732000   -0.270072
519.733000   -0.284403
519.734000   -0.298985
519.735000   -0.313847
519.736000   -0.329135
519.737000   -0.345055
519.738000   -0.361803
519.739000   -0.379479
519.740000   -0.397999
519.741000   -0.417065
519.742000   -0.436219
519.743000   -0.454950
519.744000   -0.472814
519.745000   -0.489484
519.746000   -0.504741
519.747000   -0.518397
519.748000   -0.530242
519.749000   -0.540014
519.750000   -0.547431
519.751000   -0.552252
519.752000   -0.554376
519.753000   -0.553963
519.754000   -0.551493
519.755000   -0.547688
519.756000   -0.543340
519.757000   -0.539156
519.758000   -0.535660
519.759000   -0.533136
519.760000   -0.531591
519.761000   -0.530783
519.762000   -0.530344
519.763000   -0.529927
519.764000   -0.529261
519.765000   -0.528129
519.766000   -0.526332
519.767000   -0.523691
519.768000   -0.520054
519.769000   -0.515286
519.770000   -0.509261
519.771000   -0.501908
519.772000   -0.493292
519.773000   -0.483635
519.774000   -0.473264
519.775000   -0.462526
519.776000   -0.451726
519.777000   -0.441088
519.778000   -0.430740
519.779000   -0.420710
519.780000   -0.410946
519.781000   -0.401379
519.782000   -0.391976
519.783000   -0.382748
519.784000   -0.373717
519.785000   -0.364901
519.786000   -0.356343
519.787000   -0.348138
519.788000   -0.340410
519.789000   -0.333285
519.790000   -0.326912
519.791000   -0.321513
519.792000   -0.317375
519.793000   -0.314780
519.794000   -0.313938
519.795000   -0.314965
519.796000   -0.317859
519.797000   -0.322450
519.798000   -0.328374
519.799000   -0.335135
519.800000   -0.342221
519.801000   -0.349170
519.802000   -0.355570
519.803000   -0.361018
519.804000   -0.365108
519.805000   -0.367415
519.806000   -0.367524
519.807000   -0.365110
519.808000   -0.360037
519.809000   -0.352448
519.810000   -0.342770
519.811000   -0.331649
519.812000   -0.319822
519.813000   -0.307973
519.814000   -0.296649
519.815000   -0.286243
519.816000   -0.277022
519.817000   -0.269148
519.818000   -0.262716
519.819000   -0.257805
519.820000   -0.254506
519.821000   -0.252902
519.822000   -0.253035
519.823000   -0.254902
519.824000   -0.258454
519.825000   -0.263571
519.826000   -0.270039
519.827000   -0.277577
519.828000   -0.285906
519.829000   -0.294820
519.830000   -0.304193
519.831000   -0.313959
519.832000   -0.324082
519.833000   -0.334509
519.834000   -0.345124
519.835000   -0.355742
519.836000   -0.366158
519.837000   -0.376219
519.838000   -0.385861
519.839000   -0.395101
519.840000   -0.403998
519.841000   -0.412626
519.842000   -0.421073
519.843000   -0.429460
519.844000   -0.437933
519.845000   -0.446641
519.846000   -0.455724
519.847000   -0.465311
519.848000   -0.475528
519.849000   -0.486471
519.850000   -0.498201
519.851000   -0.510759
519.852000   -0.524185
519.853000   -0.538463
519.854000   -0.553423
519.855000   -0.568712
519.856000   -0.583831
519.857000   -0.598222
519.858000   -0.611288
519.859000   -0.622411
519.860000   -0.630985
519.861000   -0.636479
519.862000   -0.638456
519.863000   -0.636599
519.864000   -0.630741
519.865000   -0.620932
519.866000   -0.607477
519.867000   -0.590905
519.868000   -0.571876
519.869000   -0.551096
519.870000   -0.529256
519.871000   -0.506982
519.872000   -0.484803
519.873000   -0.463131
519.874000   -0.442281
519.875000   -0.422532
519.876000   -0.404168
519.877000   -0.387463
519.878000   -0.372638
519.879000   -0.359858
519.880000   -0.349239
519.881000   -0.340828
519.882000   -0.334567
519.883000   -0.330304
519.884000   -0.327840
519.885000   -0.327002
519.886000   -0.327676
519.887000   -0.329785
519.888000   -0.333250
519.889000   -0.337933
519.890000   -0.343572
519.891000   -0.349759
519.892000   -0.355996
519.893000   -0.361822
519.894000   -0.366955
519.895000   -0.371387
519.896000   -0.375342
519.897000   -0.379128
519.898000   -0.382957
519.899000   -0.386851
519.900000   -0.390717
519.901000   -0.394487
519.902000   -0.398245
519.903000   -0.402301
519.904000   -0.407167
519.905000   -0.413440
519.906000   -0.421652
519.907000   -0.432151
519.908000   -0.445046
519.909000   -0.460192
519.910000   -0.477210
519.911000   -0.495534
519.912000   -0.514503
519.913000   -0.533448
519.914000   -0.551710
519.915000   -0.568624
519.916000   -0.583496
519.917000   -0.595615
519.918000   -0.604282
519.919000   -0.608875
519.920000   -0.608956
519.921000   -0.604384
519.922000   -0.595387
519.923000   -0.582513
519.924000   -0.566499
519.925000   -0.548113
519.926000   -0.528044
519.927000   -0.506838
519.928000   -0.484905
519.929000   -0.462546
519.930000   -0.440017
519.931000   -0.417590
519.932000   -0.395566
519.933000   -0.374234
519.934000   -0.353824
519.935000   -0.334524
519.936000   -0.316552
519.937000   -0.300172
519.938000   -0.285633
519.939000   -0.273105
519.940000   -0.262664
519.941000   -0.254292
519.942000   -0.247885
519.943000   -0.243287
519.944000   -0.240356
519.945000   -0.239034
519.946000   -0.239338
519.947000   -0.241287
519.948000   -0.244831
519.949000   -0.249847
519.950000   -0.256161
519.951000   -0.263583
519.952000   -0.271906
519.953000   -0.280923
