516.965000   -0.614147
516.966000   -0.621153
516.967000   -0.629672
516.968000   -0.639616
516.969000   -0.650761
516.970000   -0.662718
516.971000   -0.674971
516.972000   -0.686944
516.973000   -0.698075
516.974000   -0.707909
516.975000   -0.716182
516.976000   -0.722843
516.977000   -0.727997
516.978000   -0.731814
516.979000   -0.734471
516.980000   -0.736125
516.981000   -0.736906
516.982000   -0.736905
516.983000   -0.736188
516.984000   -0.734837
516.985000   -0.733009
516.986000   -0.730964
516.987000   -0.729036
516.988000   -0.727576
516.989000   -0.726910
516.990000   -0.727302
516.991000   -0.728920
516.992000   -0.731836
516.993000   -0.736070
516.994000   -0.741690
516.995000   -0.748860
516.996000   -0.757784
516.997000   -0.768583
516.998000   -0.781212
516.999000   -0.795420
517.000000   -0.810763
517.001000   -0.826639
517.002000   -0.842377
517.003000   -0.857378
517.004000   -0.871248
517.005000   -0.883809
517.006000   -0.894998
517.007000   -0.904780
517.008000   -0.913121
517.009000   -0.919995
517.010000   -0.925396
517.011000   -0.929352
517.012000   -0.931947
517.013000   -0.933375
517.014000   -0.933939
517.015000   -0.933984
517.016000   -0.933804
517.017000   -0.933596
517.018000   -0.933453
517.019000   -0.933367
517.020000   -0.933235
517.021000   -0.932887
517.022000   -0.932174
517.023000   -0.931062
517.024000   -0.929647
517.025000   -0.928065
517.026000   -0.926399
517.027000   -0.924641
517.028000   -0.922676
517.029000   -0.920289
517.030000   -0.917202
517.031000   -0.913189
517.032000   -0.908236
517.033000   -0.902611
517.034000   -0.896744
517.035000   -0.891044
517.036000   -0.885784
517.037000   -0.881065
517.038000   -0.876818
517.039000   -0.872843
517.040000   -0.868917
517.041000   -0.864957
517.042000   -0.861150
517.043000   -0.857910
517.044000   -0.855687
517.045000   -0.854812
517.046000   -0.855428
517.047000   -0.857471
517.048000   -0.860683
517.049000   -0.864664
517.050000   -0.869001
517.051000   -0.873418
517.052000   -0.877840
517.053000   -0.882303
517.054000   -0.886840
517.055000   -0.891414
517.056000   -0.895903
517.057000   -0.900095
517.058000   -0.903710
517.059000   -0.906465
517.060000   -0.908203
517.061000   -0.909018
517.062000   -0.909242
517.063000   -0.909302
517.064000   -0.909578
517.065000   -0.910314
517.066000   -0.911569
517.067000   -0.913208
517.068000   -0.914933
517.069000   -0.916397
517.070000   -0.917356
517.071000   -0.917768
517.072000   -0.917760
517.073000   -0.917526
517.074000   -0.917242
517.075000   -0.917024
517.076000   -0.916903
517.077000   -0.916832
517.078000   -0.916730
517.079000   -0.916571
517.080000   -0.916478
517.081000   -0.916743
517.082000   -0.917741
517.083000   -0.919819
517.084000   -0.923202
517.085000   -0.927937
517.086000   -0.933879
517.087000   -0.940708
517.088000   -0.948007
517.089000   -0.955373
517.090000   -0.962516
517.091000   -0.969265
517.092000   -0.975505
517.093000   -0.981106
517.094000   -0.985870
517.095000   -0.989532
517.096000   -0.991784
517.097000   -0.992329
517.098000   -0.991000
517.099000   -0.987884
517.100000   -0.983360
517.101000   -0.978012
517.102000   -0.972481
517.103000   -0.967326
517.104000   -0.962946
517.105000   -0.959537
517.106000   -0.957107
517.107000   -0.955555
517.108000   -0.954802
517.109000   -0.954896
517.110000   -0.955998
517.111000   -0.958285
517.112000   -0.961822
517.113000   -0.966497
517.114000   -0.972000
517.115000   -0.977858
517.116000   -0.983501
517.117000   -0.988374
517.118000   -0.992073
517.119000   -0.994431
517.120000   -0.995489
517.121000   -0.995380
517.122000   -0.994212
517.123000   -0.992029
517.124000   -0.988797
517.125000   -0.984419
517.126000   -0.978785
517.127000   -0.971851
517.128000   -0.963730
517.129000   -0.954713
517.130000   -0.945195
517.131000   -0.935552
517.132000   -0.926069
517.133000   -0.916904
517.134000   -0.908094
517.135000   -0.899579
517.136000   -0.891277
517.137000   -0.883193
517.138000   -0.875490
517.139000   -0.868466
517.140000   -0.862449
517.141000   -0.857677
517.142000   -0.854232
517.143000   -0.852017
517.144000   -0.850778
517.145000   -0.850156
517.146000   -0.849791
517.147000   -0.849459
517.148000   -0.849148
517.149000   -0.849012
517.150000   -0.849226
517.151000   -0.849882
517.152000   -0.850944
517.153000   -0.852267
517.154000   -0.853631
517.155000   -0.854817
517.156000   -0.855710
517.157000   -0.856386
517.158000   -0.857087
517.159000   -0.858107
517.160000   -0.859677
517.161000   -0.861903
517.162000   -0.864762
517.163000   -0.868126
517.164000   -0.871823
517.165000   -0.875721
517.166000   -0.879826
517.167000   -0.884307
517.168000   -0.889419
517.169000   -0.895373
517.170000   -0.902254
517.171000   -0.909983
517.172000   -0.918326
517.173000   -0.926928
517.174000   -0.935389
517.175000   -0.943375
517.176000   -0.950702
517.177000   -0.957293
517.178000   -0.963034
517.179000   -0.967680
517.180000   -0.970856
517.181000   -0.972116
517.182000   -0.971040
517.183000   -0.967323
517.184000   -0.960864
517.185000   -0.951835
517.186000   -0.940678
517.187000   -0.927972
517.188000   -0.914293
517.189000   -0.900137
517.190000   -0.885907
517.191000   -0.871929
517.192000   -0.858469
517.193000   -0.845742
517.194000   -0.833952
517.195000   -0.823360
517.196000   -0.814266
517.197000   -0.806923
517.198000   -0.801447
517.199000   -0.797793
517.200000   -0.795756
517.201000   -0.794984
517.202000   -0.795000
517.203000   -0.795289
517.204000   -0.795464
517.205000   -0.795380
517.206000   -0.795057
517.207000   -0.794528
517.208000   -0.793757
517.209000   -0.792625
517.210000   -0.790941
517.211000   -0.788471
517.212000   -0.785003
517.213000   -0.780503
517.214000   -0.775233
517.215000   -0.769686
517.216000   -0.764387
517.217000   -0.759736
517.218000   -0.755964
517.219000   -0.753132
517.220000   -0.751148
517.221000   -0.749819
517.222000   -0.748973
517.223000   -0.748604
517.224000   -0.748889
517.225000   -0.750071
517.226000   -0.752334
517.227000   -0.755753
517.228000   -0.760283
517.229000   -0.765747
517.230000   -0.771846
517.231000   -0.778224
517.232000   -0.784595
517.233000   -0.790815
517.234000   -0.796811
517.235000   -0.802484
517.236000   -0.807673
517.237000   -0.812163
517.238000   -0.815689
517.239000   -0.817950
517.240000   -0.818649
517.241000   -0.817625
517.242000   -0.814973
517.243000   -0.811025
517.244000   -0.806221
517.245000   -0.801002
517.246000   -0.795755
517.247000   -0.790767
517.248000   -0.786182
517.249000   -0.781996
517.250000   -0.778148
517.251000   -0.774707
517.252000   -0.771960
517.253000   -0.770301
517.254000   -0.770082
517.255000   -0.771519
517.256000   -0.774659
517.257000   -0.779347
517.258000   -0.785215
517.259000   -0.791743
517.260000   -0.798448
517.261000   -0.805047
517.262000   -0.811444
517.263000   -0.817596
517.264000   -0.823427
517.265000   -0.828805
517.266000   -0.833529
517.267000   -0.837311
517.268000   -0.839789
517.269000   -0.840635
517.270000   -0.839748
517.271000   -0.837317
517.272000   -0.833699
517.273000   -0.829266
517.274000   -0.824336
517.275000   -0.819132
517.276000   -0.813751
517.277000   -0.808151
517.278000   -0.802238
517.279000   -0.796070
517.280000   -0.789981
517.281000   -0.784466
517.282000   -0.779974
517.283000   -0.776787
517.284000   -0.774979
517.285000   -0.774403
517.286000   -0.774719
517.287000   -0.775509
517.288000   -0.776457
517.289000   -0.777439
517.290000   -0.778441
517.291000   -0.779446
517.292000   -0.780393
517.293000   -0.781166
517.294000   -0.781584
517.295000   -0.781404
517.296000   -0.780378
517.297000   -0.778354
517.298000   -0.775350
517.299000   -0.771527
517.300000   -0.767137
517.301000   -0.762489
517.302000   -0.757907
517.303000   -0.753672
517.304000   -0.749974
517.305000   -0.746901
517.306000   -0.744500
517.307000   -0.742848
517.308000   -0.742061
517.309000   -0.742261
517.310000   -0.743537
517.311000   -0.745915
517.312000   -0.749301
517.313000   -0.753450
517.314000   -0.758002
517.315000   -0.762590
517.316000   -0.766968
517.317000   -0.771044
517.318000   -0.774796
517.319000   -0.778204
517.320000   -0.781198
517.321000   -0.783604
517.322000   -0.785133
517.323000   -0.785439
517.324000   -0.784282
517.325000   -0.781646
517.326000   -0.777680
517.327000   -0.772560
517.328000   -0.766416
517.329000   -0.759317
517.330000   -0.751259
517.331000   -0.742175
517.332000   -0.732020
517.333000   -0.720882
517.334000   -0.709021
517.335000   -0.696771
517.336000   -0.684453
517.337000   -0.672359
517.338000   -0.660767
517.339000   -0.649936
517.340000   -0.640093
517.341000   -0.631443
517.342000   -0.624204
517.343000   -0.618610
517.344000   -0.614862
517.345000   -0.613079
517.346000   -0.613311
517.347000   -0.615560
517.348000   -0.619771
517.349000   -0.625797
517.350000   -0.633402
517.351000   -0.642310
517.352000   -0.652270
517.353000   -0.663072
517.354000   -0.674529
517.355000   -0.686460
517.356000   -0.698694
517.357000   -0.711036
517.358000   -0.723239
517.359000   -0.735006
517.360000   -0.746060
517.361000   -0.756247
517.361000   -0.756247
517.362000   -0.765562
517.363000   -0.774091
517.364000   -0.781942
517.365000   -0.789227
517.366000   -0.796057
517.367000   -0.802528
517.368000   -0.808719
517.369000   -0.814716
517.370000   -0.820646
517.371000   -0.826679
517.372000   -0.832978
517.373000   -0.839670
517.374000   -0.846864
517.375000   -0.854663
517.376000   -0.863130
517.377000   -0.872245
517.378000   -0.881886
517.379000   -0.891880
517.380000   -0.902058
517.381000   -0.912257
517.382000   -0.922288
517.383000   -0.931933
517.384000   -0.940969
517.385000   -0.949167
517.386000   -0.956268
517.387000   -0.961993
517.388000   -0.966129
517.389000   -0.968635
517.390000   -0.969658
517.391000   -0.969443
517.392000   -0.968260
517.393000   -0.966417
517.394000   -0.964260
517.395000   -0.962128
517.396000   -0.960295
517.397000   -0.958952
517.398000   -0.958212
517.399000   -0.958115
517.400000   -0.958619
517.401000   -0.959632
517.402000   -0.961097
517.403000   -0.963024
517.404000   -0.965430
517.405000   -0.968268
517.406000   -0.971398
517.407000   -0.974611
517.408000   -0.977675
517.409000   -0.980393
517.410000   -0.982630
517.411000   -0.984347
517.412000   -0.985590
517.413000   -0.986443
517.414000   -0.986967
517.415000   -0.987181
517.416000   -0.987095
517.417000   -0.986754
517.418000   -0.986245
517.419000   -0.985671
517.420000   -0.985145
517.421000   -0.984820
517.422000   -0.984877
517.423000   -0.985472
517.424000   -0.986704
517.425000   -0.988621
517.426000   -0.991236
517.427000   -0.994532
517.428000   -0.998445
517.429000   -1.002894
517.430000   -1.007848
517.431000   -1.013331
517.432000   -1.019349
517.433000   -1.025838
517.434000   -1.032670
517.435000   -1.039689
517.436000   -1.046738
517.437000   -1.053663
517.438000   -1.060307
517.439000   -1.066550
517.440000   -1.072311
517.441000   -1.077499
517.442000   -1.081968
517.443000   -1.085534
517.444000   -1.088027
517.445000   -1.089336
517.446000   -1.089405
517.447000   -1.088219
517.448000   -1.085855
517.449000   -1.082547
517.450000   -1.078627
517.451000   -1.074411
517.452000   -1.070124
517.453000   -1.065895
517.454000   -1.061772
517.455000   -1.057730
517.456000   -1.053682
517.457000   -1.049570
517.458000   -1.045493
517.459000   -1.041704
517.460000   -1.038456
517.461000   -1.035861
517.462000   -1.033869
517.463000   -1.032300
517.464000   -1.030883
517.465000   -1.029300
517.466000   -1.027248
517.467000   -1.024542
517.468000   -1.021117
517.469000   -1.016927
517.470000   -1.011847
517.471000   -1.005675
517.472000   -0.998195
517.473000   -0.989238
517.474000   -0.978712
517.475000   -0.966614
517.476000   -0.953047
517.477000   -0.938203
517.478000   -0.922315
517.479000   -0.905606
517.480000   -0.888284
517.481000   -0.870571
517.482000   -0.852713
517.483000   -0.834973
517.484000   -0.817598
517.485000   -0.800807
517.486000   -0.784810
517.487000   -0.769792
517.488000   -0.755886
517.489000   -0.743160
517.490000   -0.731658
517.491000   -0.721427
517.492000   -0.712525
517.493000   -0.705001
517.494000   -0.698874
517.495000   -0.694145
517.496000   -0.690790
517.497000   -0.688726
517.498000   -0.687811
517.499000   -0.687882
517.500000   -0.688813
517.501000   -0.690537
517.502000   -0.693008
517.503000   -0.696165
517.504000   -0.699923
517.505000   -0.704207
517.506000   -0.708964
517.507000   -0.714143
517.508000   -0.719703
517.509000   -0.725628
517.510000   -0.731933
517.511000   -0.738628
517.512000   -0.745682
517.513000   -0.753040
517.514000   -0.760700
517.515000   -0.768749
517.516000   -0.777303
517.517000   -0.786426
517.518000   -0.796115
517.519000   -0.806289
517.520000   -0.816781
517.521000   -0.827322
517.522000   -0.837566
517.523000   -0.847200
517.524000   -0.856038
517.525000   -0.864003
517.526000   -0.871032
517.527000   -0.877042
517.528000   -0.881927
517.529000   -0.885569
517.530000   -0.887826
517.531000   -0.888560
517.532000   -0.887715
517.533000   -0.885432
517.534000   -0.882046
517.535000   -0.877985
517.536000   -0.873674
517.537000   -0.869512
517.538000   -0.865834
517.539000   -0.862880
517.540000   -0.860765
517.541000   -0.859503
517.542000   -0.859089
517.543000   -0.859533
517.544000   -0.860825
517.545000   -0.862908
517.546000   -0.865685
517.547000   -0.869025
517.548000   -0.872748
517.549000   -0.876589
517.550000   -0.880209
517.551000   -0.883264
517.552000   -0.885478
517.553000   -0.886680
517.554000   -0.886817
517.555000   -0.885969
517.556000   -0.884343
517.557000   -0.882196
517.558000   -0.879745
517.559000   -0.877113
517.560000   -0.874362
517.561000   -0.871592
517.562000   -0.868983
517.563000   -0.866762
517.564000   -0.865159
517.565000   -0.864394
517.566000   -0.864636
517.567000   -0.865934
517.568000   -0.868171
517.569000   -0.871106
517.570000   -0.874499
517.571000   -0.878216
517.572000   -0.882200
517.573000   -0.886416
517.574000   -0.890844
517.575000   -0.895482
517.576000   -0.900305
517.577000   -0.905211
517.578000   -0.910023
517.579000   -0.914572
517.580000   -0.918797
517.581000   -0.922733
517.582000   -0.926422
517.583000   -0.929855
517.584000   -0.932950
517.585000   -0.935548
517.586000   -0.937392
517.587000   -0.938153
517.588000   -0.937527
517.589000   -0.935374
517.590000   -0.931774
517.591000   -0.926954
517.592000   -0.921184
517.593000   -0.914726
517.594000   -0.907815
517.595000   -0.900631
517.596000   -0.893297
517.597000   -0.885915
517.598000   -0.878665
517.599000   -0.871848
517.600000   -0.865829
517.601000   -0.860936
517.602000   -0.857428
517.603000   -0.855482
517.604000   -0.855155
517.605000   -0.856354
517.606000   -0.858852
517.607000   -0.862373
517.608000   -0.866663
517.609000   -0.871483
517.610000   -0.876570
517.611000   -0.881641
517.612000   -0.886438
517.613000   -0.890706
517.614000   -0.894167
517.615000   -0.896514
517.616000   -0.897469
517.617000   -0.896857
517.618000   -0.894615
517.619000   -0.890755
517.620000   -0.885369
517.621000   -0.878651
517.622000   -0.870877
517.623000   -0.862329
517.624000   -0.853239
517.625000   -0.843800
517.626000   -0.834220
517.627000   -0.824750
517.628000   -0.815649
517.629000   -0.807155
517.630000   -0.799490
517.631000   -0.792846
517.632000   -0.787302
517.633000   -0.782767
517.634000   -0.778989
517.635000   -0.775630
517.636000   -0.772347
517.637000   -0.768801
517.638000   -0.764637
517.639000   -0.759525
517.640000   -0.753206
517.641000   -0.745477
517.642000   -0.736146
517.643000   -0.725030
517.644000   -0.712009
517.645000   -0.697098
517.646000   -0.680472
517.647000   -0.662444
517.648000   -0.643453
517.649000   -0.624065
517.650000   -0.604902
517.651000   -0.586522
517.652000   -0.569340
517.653000   -0.553619
517.654000   -0.539521
517.655000   -0.527166
517.656000   -0.516666
517.657000   -0.508150
517.658000   -0.501769
517.659000   -0.497666
517.660000   -0.495886
517.661000   -0.496330
517.662000   -0.498766
517.663000   -0.502901
517.664000   -0.508457
517.665000   -0.515204
517.666000   -0.522959
517.667000   -0.531603
517.668000   -0.541088
517.669000   -0.551375
517.670000   -0.562355
517.671000   -0.573828
517.672000   -0.585546
517.673000   -0.597262
517.674000   -0.608734
517.675000   -0.619713
517.676000   -0.630009
517.677000   -0.639566
517.678000   -0.648430
517.679000   -0.656638
517.680000   -0.664157
517.681000   -0.670914
517.682000   -0.676871
517.683000   -0.682041
517.684000   -0.686491
517.685000   -0.690345
517.686000   -0.693825
517.687000   -0.697221
517.688000   -0.700791
517.689000   -0.704702
517.690000   -0.709045
517.691000   -0.713869
517.692000   -0.719195
517.693000   -0.724980
517.694000   -0.731087
517.695000   -0.737302
517.696000   -0.743376
517.697000   -0.749038
517.698000   -0.753994
517.699000   -0.757955
517.700000   -0.760691
517.701000   -0.762048
517.702000   -0.761928
517.703000   -0.760258
517.704000   -0.757039
517.705000   -0.752413
517.706000   -0.746650
517.707000   -0.740061
517.708000   -0.732928
517.709000   -0.725518
517.710000   -0.718107
517.711000   -0.710959
517.712000   -0.704310
517.713000   -0.698393
517.714000   -0.693513
517.715000   -0.690023
517.716000   -0.688223
517.717000   -0.688289
517.718000   -0.690318
517.719000   -0.694389
517.720000   -0.700569
517.721000   -0.708878
517.722000   -0.719242
517.723000   -0.731490
517.724000   -0.745337
517.725000   -0.760384
517.726000   -0.776142
517.727000   -0.792105
517.728000   -0.807794
517.729000   -0.822756
517.730000   -0.836537
517.731000   -0.848663
517.732000   -0.858682
517.733000   -0.866241
517.734000   -0.871138
517.735000   -0.873320
517.736000   -0.872852
517.737000   -0.869895
517.738000   -0.864665
517.739000   -0.857395
517.740000   -0.848331
517.741000   -0.837799
517.742000   -0.826257
517.743000   -0.814236
517.744000   -0.802224
517.745000   -0.790621
517.746000   -0.779747
517.747000   -0.769820
517.748000   -0.760929
517.749000   -0.753053
517.750000   -0.746149
517.751000   -0.740220
517.752000   -0.735276
517.753000   -0.731278
517.754000   -0.728143
517.755000   -0.725783
517.756000   -0.724097
517.757000   -0.722934
517.758000   -0.722101
517.759000   -0.721435
517.760000   -0.720855
517.761000   -0.720309
517.762000   -0.719699
517.763000   -0.718883
517.764000   -0.717711
517.765000   -0.716054
517.766000   -0.713813
517.767000   -0.710936
517.768000   -0.707440
517.769000   -0.703426
517.770000   -0.699035
517.771000   -0.694421
517.772000   -0.689752
517.773000   -0.685253
517.774000   -0.681213
517.775000   -0.677947
517.776000   -0.675722
517.777000   -0.674721
517.778000   -0.675064
517.779000   -0.676841
517.780000   -0.680126
517.781000   -0.684982
517.782000   -0.691490
517.783000   -0.699728
517.784000   -0.709714
517.785000   -0.721330
517.786000   -0.734308
517.787000   -0.748312
517.788000   -0.763039
517.789000   -0.778238
517.790000   -0.793677
517.791000   -0.809107
517.792000   -0.824263
517.793000   -0.838835
517.794000   -0.852454
517.795000   -0.864710
517.796000   -0.875239
517.797000   -0.883801
517.798000   -0.890304
517.799000   -0.894747
517.800000   -0.897180
517.801000   -0.897693
517.802000   -0.896413
517.803000   -0.893507
517.804000   -0.889185
517.805000   -0.883714
517.806000   -0.877436
517.807000   -0.870754
517.808000   -0.864067
517.809000   -0.857699
517.810000   -0.851872
517.811000   -0.846717
517.812000   -0.842291
517.813000   -0.838571
517.814000   -0.835497
517.815000   -0.833049
517.816000   -0.831277
517.817000   -0.830233
517.818000   -0.829896
517.819000   -0.830178
517.820000   -0.830960
517.821000   -0.832093
517.822000   -0.833384
517.823000   -0.834629
517.824000   -0.835688
517.825000   -0.836538
517.826000   -0.837224
517.827000   -0.837795
517.828000   -0.838297
517.829000   -0.838815
517.830000   -0.839462
517.831000   -0.840323
517.832000   -0.841427
517.833000   -0.842781
517.834000   -0.844430
517.835000   -0.846454
517.836000   -0.848931
517.837000   -0.851890
517.838000   -0.855322
517.839000   -0.859167
517.840000   -0.863287
517.841000   -0.867461
517.842000   -0.871427
517.843000   -0.874980
517.844000   -0.878022
517.845000   -0.880534
517.846000   -0.882511
517.847000   -0.883955
517.848000   -0.884870
517.849000   -0.885235
517.850000   -0.884962
517.851000   -0.883915
517.852000   -0.881995
517.853000   -0.879207
517.854000   -0.875654
517.855000   -0.871480
517.856000   -0.866861
517.857000   -0.861997
517.858000   -0.857060
517.859000   -0.852133
517.860000   -0.847194
517.861000   -0.842177
517.861000   -0.842177
517.862000   -0.837050
517.863000   -0.831854
517.864000   -0.826668
517.865000   -0.821582
517.866000   -0.816687
517.867000   -0.812054
517.868000   -0.807717
517.869000   -0.803656
517.870000   -0.799825
517.871000   -0.796188
517.872000   -0.792732
517.873000   -0.789425
517.874000   -0.786199
517.875000   -0.782998
517.876000   -0.779836
517.877000   -0.776786
517.878000   -0.773930
517.879000   -0.771326
517.880000   -0.769004
517.881000   -0.766995
517.882000   -0.765335
517.883000   -0.764070
517.884000   -0.763307
517.885000   -0.763249
517.886000   -0.764145
517.887000   -0.766175
517.888000   -0.769386
517.889000   -0.773700
517.890000   -0.778994
517.891000   -0.785177
517.892000   -0.792199
517.893000   -0.800043
517.894000   -0.808724
517.895000   -0.818255
517.896000   -0.828594
517.897000   -0.839603
517.898000   -0.851061
517.899000   -0.862709
517.900000   -0.874285
517.901000   -0.885539
517.902000   -0.896216
517.903000   -0.906068
517.904000   -0.914868
517.905000   -0.922395
517.906000   -0.928403
517.907000   -0.932626
517.908000   -0.934802
517.909000   -0.934724
517.910000   -0.932264
517.911000   -0.927394
517.912000   -0.920224
517.913000   -0.911029
517.914000   -0.900187
517.915000   -0.888086
517.916000   -0.875059
517.917000   -0.861380
517.918000   -0.847277
517.919000   -0.832949
517.920000   -0.818567
517.921000   -0.804323
517.922000   -0.790513
517.923000   -0.777534
517.924000   -0.765778
517.925000   -0.755532
517.926000   -0.746942
517.927000   -0.740018
517.928000   -0.734627
517.929000   -0.730499
517.930000   -0.727296
517.931000   -0.724786
517.932000   -0.722948
517.933000   -0.721887
517.934000   -0.721679
517.935000   -0.722296
517.936000   -0.723612
517.937000   -0.725421
517.938000   -0.727464
517.939000   -0.729498
517.940000   -0.731408
517.941000   -0.733291
517.942000   -0.735398
517.943000   -0.737985
517.944000   -0.741226
517.945000   -0.745204
517.946000   -0.749934
517.947000   -0.755393
517.948000   -0.761551
517.949000   -0.768395
517.950000   -0.775978
517.951000   -0.784429
517.952000   -0.793882
517.953000   -0.804404
517.954000   -0.815961
517.955000   -0.828422
517.956000   -0.841566
517.957000   -0.855097
517.958000   -0.868670
517.959000   -0.881997
517.960000   -0.894943
517.961000   -0.907511
517.962000   -0.919728
517.963000   -0.931553
517.964000   -0.942850
517.965000   -0.953384
517.966000   -0.962834
517.967000   -0.970835
517.968000   -0.977084
517.969000   -0.981479
517.970000   -0.984129
517.971000   -0.985242
517.972000   -0.985018
517.973000   -0.983615
517.974000   -0.981130
517.975000   -0.977595
517.976000   -0.972967
517.977000   -0.967190
517.978000   -0.960362
517.979000   -0.952867
517.980000   -0.945290
517.981000   -0.938208
517.982000   -0.932054
517.983000   -0.927055
517.984000   -0.923210
517.985000   -0.920272
517.986000   -0.917810
517.987000   -0.915423
517.988000   -0.913037
517.989000   -0.910925
517.990000   -0.909440
517.991000   -0.908814
517.992000   -0.909103
517.993000   -0.910200
517.994000   -0.911828
517.995000   -0.913561
517.996000   -0.914926
517.997000   -0.915665
517.998000   -0.915922
517.999000   -0.916103
518.000000   -0.916598
518.001000   -0.917657
518.002000   -0.919374
518.003000   -0.921704
518.004000   -0.924456
518.005000   -0.927328
518.006000   -0.930038
518.007000   -0.932529
518.008000   -0.935002
518.009000   -0.937712
518.010000   -0.940801
518.011000   -0.944267
518.012000   -0.947996
518.013000   -0.951778
518.014000   -0.955336
518.015000   -0.958371
518.016000   -0.960686
518.017000   -0.962249
518.018000   -0.963114
518.019000   -0.963316
518.020000   -0.962845
518.021000   -0.961670
518.022000   -0.959738
518.023000   -0.956947
518.024000   -0.953136
518.025000   -0.948143
518.026000   -0.941924
518.027000   -0.934586
518.028000   -0.926340
518.029000   -0.917454
518.030000   -0.908220
518.031000   -0.898906
518.032000   -0.889701
518.033000   -0.880679
518.034000   -0.871841
518.035000   -0.863237
518.036000   -0.855058
518.037000   -0.847584
518.038000   -0.841071
518.039000   -0.835690
518.040000   -0.831492
518.041000   -0.828385
518.042000   -0.826137
518.043000   -0.824419
518.044000   -0.822926
518.045000   -0.821476
518.046000   -0.820002
518.047000   -0.818464
518.048000   -0.816808
518.049000   -0.814961
518.050000   -0.812831
518.051000   -0.810287
518.052000   -0.807163
518.053000   -0.803323
518.054000   -0.798769
518.055000   -0.793674
518.056000   -0.788315
518.057000   -0.783039
518.058000   -0.778227
518.059000   -0.774211
518.060000   -0.771176
518.061000   -0.769106
518.062000   -0.767846
518.063000   -0.767271
518.064000   -0.767399
518.065000   -0.768334
518.066000   -0.770185
518.067000   -0.773021
518.068000   -0.776825
518.069000   -0.781433
518.070000   -0.786530
518.071000   -0.791706
518.072000   -0.796596
518.073000   -0.800977
518.074000   -0.804749
518.075000   -0.807854
518.076000   -0.810260
518.077000   -0.811944
518.078000   -0.812863
518.079000   -0.812918
518.080000   -0.811964
518.081000   -0.809803
518.082000   -0.806175
518.083000   -0.800762
518.084000   -0.793283
518.085000   -0.783646
518.086000   -0.772016
518.087000   -0.758760
518.088000   -0.744351
518.089000   -0.729269
518.090000   -0.713936
518.091000   -0.698706
518.092000   -0.683904
518.093000   -0.669895
518.094000   -0.657162
518.095000   -0.646306
518.096000   -0.637916
518.097000   -0.632403
518.098000   -0.629901
518.099000   -0.630274
518.100000   -0.633214
518.101000   -0.638370
518.102000   -0.645419
518.103000   -0.654108
518.104000   -0.664285
518.105000   -0.675843
518.106000   -0.688582
518.107000   -0.702129
518.108000   -0.715953
518.109000   -0.729454
518.110000   -0.742058
518.111000   -0.753281
518.112000   -0.762756
518.113000   -0.770294
518.114000   -0.775895
518.115000   -0.779648
518.116000   -0.781631
518.117000   -0.781888
518.118000   -0.780445
518.119000   -0.777367
518.120000   -0.772779
518.121000   -0.766881
518.122000   -0.759979
518.123000   -0.752531
518.124000   -0.745101
518.125000   -0.738233
518.126000   -0.732347
518.127000   -0.727703
518.128000   -0.724410
518.129000   -0.722440
518.130000   -0.721631
518.131000   -0.721769
518.132000   -0.722755
518.133000   -0.724680
518.134000   -0.727651
518.135000   -0.731598
518.136000   -0.736212
518.137000   -0.740981
518.138000   -0.745246
518.139000   -0.748280
518.140000   -0.749450
518.141000   -0.748487
518.142000   -0.745580
518.143000   -0.741139
518.144000   -0.735536
518.145000   -0.729012
518.146000   -0.721695
518.147000   -0.713634
518.148000   -0.704844
518.149000   -0.695423
518.150000   -0.685713
518.151000   -0.676294
518.152000   -0.667760
518.153000   -0.660527
518.154000   -0.654802
518.155000   -0.650627
518.156000   -0.647939
518.157000   -0.646607
518.158000   -0.646492
518.159000   -0.647542
518.160000   -0.649836
518.161000   -0.653480
518.162000   -0.658476
518.163000   -0.664691
518.164000   -0.671889
518.165000   -0.679773
518.166000   -0.688010
518.167000   -0.696252
518.168000   -0.704205
518.169000   -0.711744
518.170000   -0.718913
518.171000   -0.725786
518.172000   -0.732362
518.173000   -0.738547
518.174000   -0.744188
518.175000   -0.749090
518.176000   -0.753020
518.177000   -0.755759
518.178000   -0.757256
518.179000   -0.757760
518.180000   -0.757730
518.181000   -0.757643
518.182000   -0.757881
518.183000   -0.758709
518.184000   -0.760268
518.185000   -0.762560
518.186000   -0.765458
518.187000   -0.768801
518.188000   -0.772555
518.189000   -0.776855
518.190000   -0.781877
518.191000   -0.787718
518.192000   -0.794351
518.193000   -0.801610
518.194000   -0.809167
518.195000   -0.816532
518.196000   -0.823126
518.197000   -0.828482
518.198000   -0.832421
518.199000   -0.835039
518.200000   -0.836564
518.201000   -0.837267
518.202000   -0.837414
518.203000   -0.837214
518.204000   -0.836769
518.205000   -0.836065
518.206000   -0.835101
518.207000   -0.834083
518.208000   -0.833471
518.209000   -0.833799
518.210000   -0.835495
518.211000   -0.838801
518.212000   -0.843764
518.213000   -0.850232
518.214000   -0.857872
518.215000   -0.866255
518.216000   -0.875036
518.217000   -0.884086
518.218000   -0.893448
518.219000   -0.903200
518.220000   -0.913374
518.221000   -0.923936
518.222000   -0.934776
518.223000   -0.945686
518.224000   -0.956365
518.225000   -0.966450
518.226000   -0.975561
518.227000   -0.983329
518.228000   -0.989399
518.229000   -0.993464
518.230000   -0.995292
518.231000   -0.994726
518.232000   -0.991649
518.233000   -0.985951
518.234000   -0.977550
518.235000   -0.966489
518.236000   -0.953038
518.237000   -0.937692
518.238000   -0.921102
518.239000   -0.904006
518.240000   -0.887150
518.241000   -0.871169
518.242000   -0.856485
518.243000   -0.843297
518.244000   -0.831692
518.245000   -0.821802
518.246000   -0.813829
518.247000   -0.807947
518.248000   -0.804240
518.249000   -0.802704
518.250000   -0.803237
518.251000   -0.805614
518.252000   -0.809477
518.253000   -0.814395
518.254000   -0.819972
518.255000   -0.825933
518.256000   -0.832084
518.257000   -0.838243
518.258000   -0.844175
518.259000   -0.849572
518.260000   -0.854051
518.261000   -0.857179
518.262000   -0.858543
518.263000   -0.857897
518.264000   -0.855319
518.265000   -0.851174
518.266000   -0.845949
518.267000   -0.840126
518.268000   -0.834140
518.269000   -0.828342
518.270000   -0.822960
518.271000   -0.818099
518.272000   -0.813848
518.273000   -0.810479
518.274000   -0.808487
518.275000   -0.808411
518.276000   -0.810644
518.277000   -0.815357
518.278000   -0.822468
518.279000   -0.831629
518.280000   -0.842268
518.281000   -0.853693
518.282000   -0.865275
518.283000   -0.876564
518.284000   -0.887241
518.285000   -0.897007
518.286000   -0.905543
518.287000   -0.912494
518.288000   -0.917460
518.289000   -0.920007
518.290000   -0.919726
518.291000   -0.916320
518.292000   -0.909684
518.293000   -0.899896
518.294000   -0.887159
518.295000   -0.871785
518.296000   -0.854158
518.297000   -0.834675
518.298000   -0.813680
518.299000   -0.791440
518.300000   -0.768217
518.301000   -0.744353
518.302000   -0.720310
518.303000   -0.696633
518.304000   -0.673938
518.305000   -0.652894
518.306000   -0.634105
518.307000   -0.617974
518.308000   -0.604630
518.309000   -0.593985
518.310000   -0.585893
518.311000   -0.580295
518.312000   -0.577232
518.313000   -0.576757
518.314000   -0.578843
518.315000   -0.583296
518.316000   -0.589683
518.317000   -0.597343
518.318000   -0.605495
518.319000   -0.613432
518.320000   -0.620726
518.321000   -0.627257
518.322000   -0.633052
518.323000   -0.638105
518.324000   -0.642293
518.325000   -0.645429
518.326000   -0.647338
518.327000   -0.647911
518.328000   -0.647185
518.329000   -0.645441
518.330000   -0.643212
518.331000   -0.641152
518.332000   -0.639871
518.333000   -0.639897
518.334000   -0.641674
518.335000   -0.645506
518.336000   -0.651497
518.337000   -0.659544
518.338000   -0.669440
518.339000   -0.680969
518.340000   -0.693922
518.341000   -0.708046
518.342000   -0.723094
518.343000   -0.738886
518.344000   -0.755264
518.345000   -0.771982
518.346000   -0.788660
518.347000   -0.804842
518.348000   -0.820097
518.349000   -0.834065
518.350000   -0.846433
518.351000   -0.856958
518.352000   -0.865546
518.353000   -0.872258
518.354000   -0.877204
518.355000   -0.880463
518.356000   -0.882060
518.357000   -0.882003
518.358000   -0.880304
518.359000   -0.876982
518.360000   -0.872116
518.361000   -0.865961
518.361000   -0.865961
518.362000   -0.858991
518.363000   -0.851782
518.364000   -0.844843
518.365000   -0.838547
518.366000   -0.833154
518.367000   -0.828862
518.368000   -0.825794
518.369000   -0.823989
518.370000   -0.823450
518.371000   -0.824224
518.372000   -0.826355
518.373000   -0.829769
518.374000   -0.834256
518.375000   -0.839573
518.376000   -0.845566
518.377000   -0.852161
518.378000   -0.859268
518.379000   -0.866722
518.380000   -0.874339
518.381000   -0.881942
518.382000   -0.889312
518.383000   -0.896163
518.384000   -0.902225
518.385000   -0.907352
518.386000   -0.911543
518.387000   -0.914843
518.388000   -0.917249
518.389000   -0.918717
518.390000   -0.919225
518.391000   -0.918782
518.392000   -0.917406
518.393000   -0.915137
518.394000   -0.912079
518.395000   -0.908398
518.396000   -0.904270
518.397000   -0.899828
518.398000   -0.895188
518.399000   -0.890524
518.400000   -0.886075
518.401000   -0.882057
518.402000   -0.878595
518.403000   -0.875725
518.404000   -0.873421
518.405000   -0.871575
518.406000   -0.869961
518.407000   -0.868265
518.408000   -0.866217
518.409000   -0.863678
518.410000   -0.860587
518.411000   -0.856871
518.412000   -0.852439
518.413000   -0.847234
518.414000   -0.841227
518.415000   -0.834384
518.416000   -0.826666
518.417000   -0.818130
518.418000   -0.809026
518.419000   -0.799749
518.420000   -0.790700
518.421000   -0.782210
518.422000   -0.774540
518.423000   -0.767877
518.424000   -0.762307
518.425000   -0.757792
518.426000   -0.754211
518.427000   -0.751414
518.428000   -0.749233
518.429000   -0.747431
518.430000   -0.745708
518.431000   -0.743768
518.432000   -0.741398
518.433000   -0.738478
518.434000   -0.734944
518.435000   -0.730751
518.436000   -0.725868
518.437000   -0.720278
518.438000   -0.713989
518.439000   -0.707051
518.440000   -0.699629
518.441000   -0.692059
518.442000   -0.684788
518.443000   -0.678240
518.444000   -0.672700
518.445000   -0.668299
518.446000   -0.665076
518.447000   -0.663024
518.448000   -0.662110
518.449000   -0.662292
518.450000   -0.663588
518.451000   -0.666080
518.452000   -0.669821
518.453000   -0.674758
518.454000   -0.680726
518.455000   -0.687517
518.456000   -0.694948
518.457000   -0.702868
518.458000   -0.711143
518.459000   -0.719651
518.460000   -0.728264
518.461000   -0.736803
518.462000   -0.745028
518.463000   -0.752662
518.464000   -0.759464
518.465000   -0.765306
518.466000   -0.770200
518.467000   -0.774249
518.468000   -0.777569
518.469000   -0.780256
518.470000   -0.782393
518.471000   -0.784063
518.472000   -0.785353
518.473000   -0.786376
518.474000   -0.787313
518.475000   -0.788407
518.476000   -0.789886
518.477000   -0.791891
518.478000   -0.794494
518.479000   -0.797753
518.480000   -0.801715
518.481000   -0.806369
518.482000   -0.811624
518.483000   -0.817339
518.484000   -0.823337
518.485000   -0.829383
518.486000   -0.835191
518.487000   -0.840488
518.488000   -0.845116
518.489000   -0.849042
518.490000   -0.852295
518.491000   -0.854910
518.492000   -0.856902
518.493000   -0.858251
518.494000   -0.858877
518.495000   -0.858660
518.496000   -0.857483
518.497000   -0.855301
518.498000   -0.852183
518.499000   -0.848291
518.500000   -0.843819
518.501000   -0.838923
518.502000   -0.833682
518.503000   -0.828096
518.504000   -0.822103
518.505000   -0.815624
518.506000   -0.808642
518.507000   -0.801314
518.508000   -0.793961
518.509000   -0.786955
518.510000   -0.780634
518.511000   -0.775310
518.512000   -0.771309
518.513000   -0.768937
518.514000   -0.768389
518.515000   -0.769721
518.516000   -0.772863
518.517000   -0.777618
518.518000   -0.783645
518.519000   -0.790487
518.520000   -0.797704
518.521000   -0.805036
518.522000   -0.812428
518.523000   -0.819924
518.524000   -0.827558
518.525000   -0.835289
518.526000   -0.842980
518.527000   -0.850426
518.528000   -0.857436
518.529000   -0.863911
518.530000   -0.869871
518.531000   -0.875415
518.532000   -0.880638
518.533000   -0.885590
518.534000   -0.890287
518.535000   -0.894758
518.536000   -0.899070
518.537000   -0.903317
518.538000   -0.907577
518.539000   -0.911891
518.540000   -0.916254
518.541000   -0.920612
518.542000   -0.924864
518.543000   -0.928915
518.544000   -0.932718
518.545000   -0.936255
518.546000   -0.939461
518.547000   -0.942183
518.548000   -0.944218
518.549000   -0.945375
518.550000   -0.945475
518.551000   -0.944341
518.552000   -0.941827
518.553000   -0.937872
518.554000   -0.932485
518.555000   -0.925679
518.556000   -0.917456
518.557000   -0.907822
518.558000   -0.896832
518.559000   -0.884596
518.560000   -0.871274
518.561000   -0.857080
518.562000   -0.842286
518.563000   -0.827175
518.564000   -0.811990
518.565000   -0.796911
518.566000   -0.782079
518.567000   -0.767644
518.568000   -0.753814
518.569000   -0.740843
518.570000   -0.728967
518.571000   -0.718324
518.572000   -0.708921
518.573000   -0.700646
518.574000   -0.693318
518.575000   -0.686750
518.576000   -0.680842
518.577000   -0.675681
518.578000   -0.671527
518.579000   -0.668699
518.580000   -0.667465
518.581000   -0.668017
518.582000   -0.670478
518.583000   -0.674875
518.584000   -0.681121
518.585000   -0.689049
518.586000   -0.698479
518.587000   -0.709252
518.588000   -0.721190
518.589000   -0.734079
518.590000   -0.747734
518.591000   -0.762043
518.592000   -0.776938
518.593000   -0.792322
518.594000   -0.808030
518.595000   -0.823850
518.596000   -0.839534
518.597000   -0.854806
518.598000   -0.869367
518.599000   -0.882934
518.600000   -0.895289
518.601000   -0.906284
518.602000   -0.915812
518.603000   -0.923792
518.604000   -0.930176
518.605000   -0.934951
518.606000   -0.938102
518.607000   -0.939569
518.608000   -0.939242
518.609000   -0.937026
518.610000   -0.932885
518.611000   -0.926821
518.612000   -0.918830
518.613000   -0.908888
518.614000   -0.896962
518.615000   -0.883020
518.616000   -0.867042
518.617000   -0.849064
518.618000   -0.829278
518.619000   -0.808086
518.620000   -0.786033
518.621000   -0.763680
518.622000   -0.741530
518.623000   -0.720030
518.624000   -0.699589
518.625000   -0.680571
518.626000   -0.663273
518.627000   -0.647929
518.628000   -0.634717
518.629000   -0.623731
518.630000   -0.614933
518.631000   -0.608189
518.632000   -0.603333
518.633000   -0.600236
518.634000   -0.598801
518.635000   -0.598921
518.636000   -0.600457
518.637000   -0.603255
518.638000   -0.607179
518.639000   -0.612139
518.640000   -0.618099
518.641000   -0.625064
518.642000   -0.633047
518.643000   -0.642008
518.644000   -0.651794
518.645000   -0.662131
518.646000   -0.672700
518.647000   -0.683263
518.648000   -0.693709
518.649000   -0.704002
518.650000   -0.714124
518.651000   -0.724045
518.652000   -0.733712
518.653000   -0.743039
518.654000   -0.751911
518.655000   -0.760272
518.656000   -0.768275
518.657000   -0.776345
518.658000   -0.785046
518.659000   -0.794890
518.660000   -0.806223
518.661000   -0.819169
518.662000   -0.833572
518.663000   -0.848980
518.664000   -0.864753
518.665000   -0.880305
518.666000   -0.895293
518.667000   -0.909539
518.668000   -0.922846
518.669000   -0.934883
518.670000   -0.945183
518.671000   -0.953171
518.672000   -0.958222
518.673000   -0.959789
518.674000   -0.957581
518.675000   -0.951629
518.676000   -0.942167
518.677000   -0.929482
518.678000   -0.913856
518.679000   -0.895589
518.680000   -0.875015
518.681000   -0.852494
518.682000   -0.828409
518.683000   -0.803192
518.684000   -0.777344
518.685000   -0.751395
518.686000   -0.725861
518.687000   -0.701258
518.688000   -0.678154
518.689000   -0.657151
518.690000   -0.638779
518.691000   -0.623409
518.692000   -0.611261
518.693000   -0.602478
518.694000   -0.597123
518.695000   -0.595122
518.696000   -0.596255
518.697000   -0.600219
518.698000   -0.606670
518.699000   -0.615155
518.700000   -0.625045
518.701000   -0.635583
518.702000   -0.646026
518.703000   -0.655747
518.704000   -0.664239
518.705000   -0.671101
518.706000   -0.676079
518.707000   -0.679095
518.708000   -0.680195
518.709000   -0.679483
518.710000   -0.677114
518.711000   -0.673363
518.712000   -0.668675
518.713000   -0.663613
518.714000   -0.658741
518.715000   -0.654544
518.716000   -0.651402
518.717000   -0.649560
518.718000   -0.649090
518.719000   -0.649905
518.720000   -0.651861
518.721000   -0.654882
518.722000   -0.658955
518.723000   -0.664021
518.724000   -0.669901
518.725000   -0.676328
518.726000   -0.682994
518.727000   -0.689554
518.728000   -0.695641
518.729000   -0.700952
518.730000   -0.705377
518.731000   -0.709013
518.732000   -0.712011
518.733000   -0.714452
518.734000   -0.716314
518.735000   -0.717539
518.736000   -0.718075
518.737000   -0.717883
518.738000   -0.716960
518.739000   -0.715416
518.740000   -0.713491
518.741000   -0.711477
518.742000   -0.709632
518.743000   -0.708188
518.744000   -0.707437
518.745000   -0.707785
518.746000   -0.709686
518.747000   -0.713559
518.748000   -0.719764
518.749000   -0.728628
518.750000   -0.740388
518.751000   -0.755090
518.752000   -0.772552
518.753000   -0.792427
518.754000   -0.814292
518.755000   -0.837638
518.756000   -0.861799
518.757000   -0.885969
518.758000   -0.909313
518.759000   -0.931040
518.760000   -0.950398
518.761000   -0.966670
518.762000   -0.979262
518.763000   -0.987843
518.764000   -0.992395
518.765000   -0.993133
518.766000   -0.990415
518.767000   -0.984738
518.768000   -0.976725
518.769000   -0.967032
518.770000   -0.956231
518.771000   -0.944783
518.772000   -0.933134
518.773000   -0.921824
518.774000   -0.911456
518.775000   -0.902563
518.776000   -0.895534
518.777000   -0.890615
518.778000   -0.887875
518.779000   -0.887142
518.780000   -0.888012
518.781000   -0.889993
518.782000   -0.892734
518.783000   -0.896126
518.784000   -0.900178
518.785000   -0.904876
518.786000   -0.910153
518.787000   -0.915877
518.788000   -0.921806
518.789000   -0.927549
518.790000   -0.932636
518.791000   -0.936708
518.792000   -0.939659
518.793000   -0.941569
518.794000   -0.942549
518.795000   -0.942688
518.796000   -0.942075
518.797000   -0.940777
518.798000   -0.938786
518.799000   -0.936038
518.800000   -0.932558
518.801000   -0.928623
518.802000   -0.924764
518.803000   -0.921588
518.804000   -0.919658
518.805000   -0.919485
518.806000   -0.921507
518.807000   -0.925988
518.808000   -0.932941
518.809000   -0.942191
518.810000   -0.953538
518.811000   -0.966856
518.812000   -0.982009
518.813000   -0.998709
518.814000   -1.016514
518.815000   -1.034879
518.816000   -1.053151
518.817000   -1.070521
518.818000   -1.086055
518.819000   -1.098861
518.820000   -1.108280
518.821000   -1.113945
518.822000   -1.115679
518.823000   -1.113448
518.824000   -1.107391
518.825000   -1.097801
518.826000   -1.085000
518.827000   -1.069226
518.828000   -1.050659
518.829000   -1.029553
518.830000   -1.006352
518.831000   -0.981662
518.832000   -0.956167
518.833000   -0.930613
518.834000   -0.905769
518.835000   -0.882289
518.836000   -0.860573
518.837000   -0.840758
518.838000   -0.822843
518.839000   -0.806861
518.840000   -0.792934
518.841000   -0.781190
518.842000   -0.771717
518.843000   -0.764557
518.844000   -0.759658
518.845000   -0.756764
518.846000   -0.755377
518.847000   -0.754847
518.848000   -0.754542
518.849000   -0.754023
518.850000   -0.753074
518.851000   -0.751640
518.852000   -0.749762
518.853000   -0.747520
518.854000   -0.744952
518.855000   -0.742008
518.856000   -0.738586
518.857000   -0.734638
518.858000   -0.730323
518.859000   -0.726052
518.860000   -0.722397
518.861000   -0.719959
518.861000   -0.719959
518.862000   -0.719272
518.863000   -0.720711
518.864000   -0.724393
518.865000   -0.730149
518.866000   -0.737577
518.867000   -0.746195
518.868000   -0.755586
518.869000   -0.765448
518.870000   -0.775544
518.871000   -0.785642
518.872000   -0.795483
518.873000   -0.804756
518.874000   -0.813098
518.875000   -0.820142
518.876000   -0.825593
518.877000   -0.829301
518.878000   -0.831264
518.879000   -0.831577
518.880000   -0.830442
518.881000   -0.828204
518.882000   -0.825283
518.883000   -0.822036
518.884000   -0.818674
518.885000   -0.815257
518.886000   -0.811729
518.887000   -0.807952
518.888000   -0.803753
518.889000   -0.799039
518.890000   -0.793954
518.891000   -0.788858
518.892000   -0.784127
518.893000   -0.780014
518.894000   -0.776628
518.895000   -0.773976
518.896000   -0.772011
518.897000   -0.770667
518.898000   -0.769924
518.899000   -0.769923
518.900000   -0.770995
518.901000   -0.773486
518.902000   -0.777577
518.903000   -0.783235
518.904000   -0.790246
518.905000   -0.798280
518.906000   -0.806959
518.907000   -0.815911
518.908000   -0.824857
518.909000   -0.833663
518.910000   -0.842267
518.911000   -0.850566
518.912000   -0.858386
518.913000   -0.865534
518.914000   -0.871846
518.915000   -0.877224
518.916000   -0.881625
518.917000   -0.885086
518.918000   -0.887800
518.919000   -0.890121
518.920000   -0.892418
518.921000   -0.894946
518.922000   -0.897804
518.923000   -0.900952
518.924000   -0.904207
518.925000   -0.907239
518.926000   -0.909638
518.927000   -0.911142
518.928000   -0.911803
518.929000   -0.911837
518.930000   -0.911390
518.931000   -0.910454
518.932000   -0.908894
518.933000   -0.906474
518.934000   -0.902859
518.935000   -0.897683
518.936000   -0.890774
518.937000   -0.882380
518.938000   -0.873038
518.939000   -0.863245
518.940000   -0.853284
518.941000   -0.843210
518.942000   -0.832884
518.943000   -0.822019
518.944000   -0.810269
518.945000   -0.797423
518.946000   -0.783598
518.947000   -0.769183
518.948000   -0.754613
518.949000   -0.740235
518.950000   -0.726291
518.951000   -0.712923
518.952000   -0.700158
518.953000   -0.687924
518.954000   -0.676115
518.955000   -0.664758
518.956000   -0.654086
518.957000   -0.644414
518.958000   -0.636004
518.959000   -0.628991
518.960000   -0.623370
518.961000   -0.618979
518.962000   -0.615494
518.963000   -0.612489
518.964000   -0.609613
518.965000   -0.606799
518.966000   -0.604232
518.967000   -0.602164
518.968000   -0.600788
518.969000   -0.600219
518.970000   -0.600476
518.971000   -0.601466
518.972000   -0.602972
518.973000   -0.604740
518.974000   -0.606681
518.975000   -0.608978
518.976000   -0.611929
518.977000   -0.615737
518.978000   -0.620441
518.979000   -0.625919
518.980000   -0.631904
518.981000   -0.637993
518.982000   -0.643682
518.983000   -0.648515
518.984000   -0.652294
518.985000   -0.655094
518.986000   -0.657074
518.987000   -0.658360
518.988000   -0.659021
518.989000   -0.659060
518.990000   -0.658385
518.991000   -0.656787
518.992000   -0.654030
518.993000   -0.650105
518.994000   -0.645390
518.995000   -0.640454
518.996000   -0.635810
518.997000   -0.631817
518.998000   -0.628662
518.999000   -0.626345
519.000000   -0.624663
519.001000   -0.623245
519.002000   -0.621730
519.003000   -0.620016
519.004000   -0.618298
519.005000   -0.616882
519.006000   -0.616069
519.007000   -0.616130
519.008000   -0.617268
519.009000   -0.619556
519.010000   -0.622906
519.011000   -0.627088
519.012000   -0.631890
519.013000   -0.637270
519.014000   -0.643318
519.015000   -0.650133
519.016000   -0.657759
519.017000   -0.666154
519.018000   -0.675148
519.019000   -0.684417
519.020000   -0.693502
519.021000   -0.701925
519.022000   -0.709397
519.023000   -0.715908
519.024000   -0.721616
519.025000   -0.726739
519.026000   -0.731497
519.027000   -0.736060
519.028000   -0.740488
519.029000   -0.744704
519.030000   -0.748552
519.031000   -0.751983
519.032000   -0.755239
519.033000   -0.758790
519.034000   -0.763173
519.035000   -0.768857
519.036000   -0.776130
519.037000   -0.785011
519.038000   -0.795225
519.039000   -0.806283
519.040000   -0.817708
519.041000   -0.829268
519.042000   -0.840933
519.043000   -0.852732
519.044000   -0.864669
519.045000   -0.876682
519.046000   -0.888586
519.047000   -0.900044
519.048000   -0.910617
519.049000   -0.919905
519.050000   -0.927678
519.051000   -0.933850
519.052000   -0.938372
519.053000   -0.941225
519.054000   -0.942426
519.055000   -0.941981
519.056000   -0.939832
519.057000   -0.935851
519.058000   -0.929921
519.059000   -0.922060
519.060000   -0.912462
519.061000   -0.901429
519.062000   -0.889370
519.063000   -0.876845
519.064000   -0.864490
519.065000   -0.852866
519.066000   -0.842344
519.067000   -0.833102
519.068000   -0.825223
519.069000   -0.818793
519.070000   -0.813891
519.071000   -0.810575
519.072000   -0.808934
519.073000   -0.809075
519.074000   -0.811003
519.075000   -0.814506
519.076000   -0.819144
519.077000   -0.824342
519.078000   -0.829547
519.079000   -0.834327
519.080000   -0.838362
519.081000   -0.841438
519.082000   -0.843449
519.083000   -0.844315
519.084000   -0.843896
519.085000   -0.841978
519.086000   -0.838349
519.087000   -0.832956
519.088000   -0.825999
519.089000   -0.817877
519.090000   -0.809061
519.091000   -0.800012
519.092000   -0.791131
519.093000   -0.782691
519.094000   -0.774822
519.095000   -0.767560
519.096000   -0.760982
519.097000   -0.755340
519.098000   -0.751033
519.099000   -0.748461
519.100000   -0.747922
519.101000   -0.749599
519.102000   -0.753511
519.103000   -0.759478
519.104000   -0.767148
519.105000   -0.776105
519.106000   -0.786005
519.107000   -0.796586
519.108000   -0.807589
519.109000   -0.818722
519.110000   -0.829698
519.111000   -0.840203
519.112000   -0.849845
519.113000   -0.858131
519.114000   -0.864536
519.115000   -0.868624
519.116000   -0.870107
519.117000   -0.868823
519.118000   -0.864716
519.119000   -0.857900
519.120000   -0.848674
519.121000   -0.837429
519.122000   -0.824544
519.123000   -0.810368
519.124000   -0.795276
519.125000   -0.779722
519.126000   -0.764188
519.127000   -0.749137
519.128000   -0.735053
519.129000   -0.722482
519.130000   -0.711923
519.131000   -0.703672
519.132000   -0.697783
519.133000   -0.694128
519.134000   -0.692532
519.135000   -0.692845
519.136000   -0.694907
519.137000   -0.698523
519.138000   -0.703485
519.139000   -0.709525
519.140000   -0.716227
519.141000   -0.723007
519.142000   -0.729217
519.143000   -0.734338
519.144000   -0.738120
519.145000   -0.740542
519.146000   -0.741666
519.147000   -0.741516
519.148000   -0.740031
519.149000   -0.737057
519.150000   -0.732407
519.151000   -0.725958
519.152000   -0.717781
519.153000   -0.708254
519.154000   -0.698038
519.155000   -0.687892
519.156000   -0.678505
519.157000   -0.670409
519.158000   -0.663982
519.159000   -0.659450
519.160000   -0.656909
519.161000   -0.656401
519.162000   -0.658023
519.163000   -0.661941
519.164000   -0.668285
519.165000   -0.677071
519.166000   -0.688216
519.167000   -0.701546
519.168000   -0.716728
519.169000   -0.733229
519.170000   -0.750378
519.171000   -0.767511
519.172000   -0.784084
519.173000   -0.799638
519.174000   -0.813741
519.175000   -0.826045
519.176000   -0.836344
519.177000   -0.844545
519.178000   -0.850573
519.179000   -0.854369
519.180000   -0.855965
519.181000   -0.855529
519.182000   -0.853281
519.183000   -0.849393
519.184000   -0.844036
519.185000   -0.837493
519.186000   -0.830128
519.187000   -0.822238
519.188000   -0.813969
519.189000   -0.805339
519.190000   -0.796341
519.191000   -0.786957
519.192000   -0.777125
519.193000   -0.766776
519.194000   -0.755982
519.195000   -0.744981
519.196000   -0.734015
519.197000   -0.723195
519.198000   -0.712524
519.199000   -0.702059
519.200000   -0.691970
519.201000   -0.682425
519.202000   -0.673495
519.203000   -0.665201
519.204000   -0.657543
519.205000   -0.650414
519.206000   -0.643520
519.207000   -0.636480
519.208000   -0.629029
519.209000   -0.621106
519.210000   -0.612744
519.211000   -0.603945
519.212000   -0.594696
519.213000   -0.585059
519.214000   -0.575182
519.215000   -0.565249
519.216000   -0.555467
519.217000   -0.546100
519.218000   -0.537466
519.219000   -0.529848
519.220000   -0.523423
519.221000   -0.518297
519.222000   -0.514610
519.223000   -0.512568
519.224000   -0.512360
519.225000   -0.514083
519.226000   -0.517736
519.227000   -0.523271
519.228000   -0.530589
519.229000   -0.539490
519.230000   -0.549703
519.231000   -0.561025
519.232000   -0.573381
519.233000   -0.586697
519.234000   -0.600756
519.235000   -0.615200
519.236000   -0.629679
519.237000   -0.643962
519.238000   -0.657890
519.239000   -0.671302
519.240000   -0.684127
519.241000   -0.696470
519.242000   -0.708490
519.243000   -0.720205
519.244000   -0.731457
519.245000   -0.742059
519.246000   -0.751952
519.247000   -0.761178
519.248000   -0.769745
519.249000   -0.777610
519.250000   -0.784782
519.251000   -0.791333
519.252000   -0.797273
519.253000   -0.802479
519.254000   -0.806772
519.255000   -0.810046
519.256000   -0.812290
519.257000   -0.813477
519.258000   -0.813510
519.259000   -0.812316
519.260000   -0.809942
519.261000   -0.806470
519.262000   -0.801880
519.263000   -0.796053
519.264000   -0.788903
519.265000   -0.780449
519.266000   -0.770731
519.267000   -0.759722
519.268000   -0.747419
519.269000   -0.734056
519.270000   -0.720083
519.271000   -0.705939
519.272000   -0.691914
519.273000   -0.678220
519.274000   -0.665084
519.275000   -0.652690
519.276000   -0.641069
519.277000   -0.630142
519.278000   -0.619904
519.279000   -0.610530
519.280000   -0.602260
519.281000   -0.595268
519.282000   -0.589675
519.283000   -0.585613
519.284000   -0.583173
519.285000   -0.582317
519.286000   -0.582891
519.287000   -0.584743
519.288000   -0.587842
519.289000   -0.592244
519.290000   -0.597977
519.291000   -0.605013
519.292000   -0.613301
519.293000   -0.622778
519.294000   -0.633313
519.295000   -0.644682
519.296000   -0.656628
519.297000   -0.668976
519.298000   -0.681626
519.299000   -0.694434
519.300000   -0.707191
519.301000   -0.719775
519.302000   -0.732210
519.303000   -0.744526
519.304000   -0.756625
519.305000   -0.768277
519.306000   -0.779267
519.307000   -0.789501
519.308000   -0.798949
519.309000   -0.807604
519.310000   -0.815589
519.311000   -0.823180
519.312000   -0.830651
519.313000   -0.838092
519.314000   -0.845375
519.315000   -0.852266
519.316000   -0.858598
519.317000   -0.864295
519.318000   -0.869282
519.319000   -0.873464
519.320000   -0.876740
519.321000   -0.878966
519.322000   -0.879907
519.323000   -0.879248
519.324000   -0.876695
519.325000   -0.872174
519.326000   -0.865963
519.327000   -0.858558
519.328000   -0.850410
519.329000   -0.841786
519.330000   -0.832756
519.331000   -0.823237
519.332000   -0.813020
519.333000   -0.801862
519.334000   -0.789728
519.335000   -0.777024
519.336000   -0.764456
519.337000   -0.752721
519.338000   -0.742375
519.339000   -0.733838
519.340000   -0.727364
519.341000   -0.722956
519.342000   -0.720348
519.343000   -0.719127
519.344000   -0.718979
519.345000   -0.719822
519.346000   -0.721679
519.347000   -0.724555
519.348000   -0.728449
519.349000   -0.733354
519.350000   -0.739192
519.351000   -0.745778
519.352000   -0.752855
519.353000   -0.760218
519.354000   -0.767812
519.355000   -0.775652
519.356000   -0.783719
519.357000   -0.791979
519.358000   -0.800423
519.359000   -0.809034
519.360000   -0.817734
519.361000   -0.826353
519.361000   -0.826353
519.362000   -0.834672
519.363000   -0.842528
519.364000   -0.849892
519.365000   -0.856856
519.366000   -0.863640
519.367000   -0.870589
519.368000   -0.878051
519.369000   -0.886194
519.370000   -0.894904
519.371000   -0.903800
519.372000   -0.912417
519.373000   -0.920416
519.374000   -0.927615
519.375000   -0.933952
519.376000   -0.939447
519.377000   -0.944091
519.378000   -0.947721
519.379000   -0.949973
519.380000   -0.950337
519.381000   -0.948332
519.382000   -0.943783
519.383000   -0.936970
519.384000   -0.928470
519.385000   -0.918912
519.386000   -0.908780
519.387000   -0.898327
519.388000   -0.887564
519.389000   -0.876316
519.390000   -0.864328
519.391000   -0.851485
519.392000   -0.837985
519.393000   -0.824276
519.394000   -0.810814
519.395000   -0.797906
519.396000   -0.785716
519.397000   -0.774306
519.398000   -0.763648
519.399000   -0.753655
519.400000   -0.744275
519.401000   -0.735632
519.402000   -0.728029
519.403000   -0.721803
519.404000   -0.717225
519.405000   -0.714473
519.406000   -0.713583
519.407000   -0.714390
519.408000   -0.716529
519.409000   -0.719533
519.410000   -0.722959
519.411000   -0.726434
519.412000   -0.729641
519.413000   -0.732391
519.414000   -0.734713
519.415000   -0.736757
519.416000   -0.738625
519.417000   -0.740311
519.418000   -0.741722
519.419000   -0.742726
519.420000   -0.743166
519.421000   -0.742889
519.422000   -0.741877
519.423000   -0.740394
519.424000   -0.738877
519.425000   -0.737708
519.426000   -0.737087
519.427000   -0.737021
519.428000   -0.737339
519.429000   -0.737717
519.430000   -0.737740
519.431000   -0.737055
519.432000   -0.735581
519.433000   -0.733496
519.434000   -0.731010
519.435000   -0.728204
519.436000   -0.724997
519.437000   -0.721192
519.438000   -0.716514
519.439000   -0.710669
519.440000   -0.703440
519.441000   -0.694838
519.442000   -0.685186
519.443000   -0.674961
519.444000   -0.664595
519.445000   -0.654409
519.446000   -0.644639
519.447000   -0.635484
519.448000   -0.627163
519.449000   -0.619939
519.450000   -0.614113
519.451000   -0.609990
519.452000   -0.607787
519.453000   -0.607563
519.454000   -0.609236
519.455000   -0.612637
519.456000   -0.617576
519.457000   -0.623870
519.458000   -0.631346
519.459000   -0.639792
519.460000   -0.648978
519.461000   -0.658770
519.462000   -0.669164
519.463000   -0.680223
519.464000   -0.692015
519.465000   -0.704580
519.466000   -0.717881
519.467000   -0.731731
519.468000   -0.745763
519.469000   -0.759579
519.470000   -0.773049
519.471000   -0.786394
519.472000   -0.799956
519.473000   -0.813992
519.474000   -0.828615
519.475000   -0.843778
519.476000   -0.859233
519.477000   -0.874516
519.478000   -0.889125
519.479000   -0.902921
519.480000   -0.916288
519.481000   -0.929790
519.482000   -0.943811
519.483000   -0.958437
519.484000   -0.973460
519.485000   -0.988370
519.486000   -1.002373
519.487000   -1.014570
519.488000   -1.024348
519.489000   -1.031593
519.490000   -1.036417
519.491000   -1.038861
519.492000   -1.038853
519.493000   -1.036255
519.494000   -1.030884
519.495000   -1.022497
519.496000   -1.010838
519.497000   -0.995834
519.498000   -0.977780
519.499000   -0.957225
519.500000   -0.934730
519.501000   -0.910777
519.502000   -0.885786
519.503000   -0.860133
519.504000   -0.834146
519.505000   -0.808097
519.506000   -0.782271
519.507000   -0.757123
519.508000   -0.733312
519.509000   -0.711535
519.510000   -0.692379
519.511000   -0.676278
519.512000   -0.663508
519.513000   -0.654165
519.514000   -0.648131
519.515000   -0.645095
519.516000   -0.644726
519.517000   -0.646908
519.518000   -0.651698
519.519000   -0.659088
519.520000   -0.668874
519.521000   -0.680650
519.522000   -0.693838
519.523000   -0.707700
519.524000   -0.721386
519.525000   -0.734068
519.526000   -0.745206
519.527000   -0.754657
519.528000   -0.762517
519.529000   -0.768952
519.530000   -0.774135
519.531000   -0.778240
519.532000   -0.781403
519.533000   -0.783667
519.534000   -0.785001
519.535000   -0.785525
519.536000   -0.785774
519.537000   -0.786588
519.538000   -0.788775
519.539000   -0.792908
519.540000   -0.799267
519.541000   -0.807816
519.542000   -0.818161
519.543000   -0.829593
519.544000   -0.841362
519.545000   -0.853100
519.546000   -0.864862
519.547000   -0.876766
519.548000   -0.888731
519.549000   -0.900447
519.550000   -0.911408
519.551000   -0.920938
519.552000   -0.928245
519.553000   -0.932661
519.554000   -0.933973
519.555000   -0.932410
519.556000   -0.928280
519.557000   -0.921748
519.558000   -0.912844
519.559000   -0.901520
519.560000   -0.887691
519.561000   -0.871271
519.562000   -0.852269
519.563000   -0.830961
519.564000   -0.807890
519.565000   -0.783708
519.566000   -0.759078
519.567000   -0.734684
519.568000   -0.711200
519.569000   -0.689210
519.570000   -0.669109
519.571000   -0.651141
519.572000   -0.635617
519.573000   -0.623064
519.574000   -0.614043
519.575000   -0.608938
519.576000   -0.607891
519.577000   -0.610767
519.578000   -0.617106
519.579000   -0.626107
519.580000   -0.636776
519.581000   -0.648272
519.582000   -0.660168
519.583000   -0.672317
519.584000   -0.684592
519.585000   -0.696776
519.586000   -0.708532
519.587000   -0.719399
519.588000   -0.728807
519.589000   -0.736163
519.590000   -0.741084
519.591000   -0.743680
519.592000   -0.744540
519.593000   -0.744417
519.594000   -0.743931
519.595000   -0.743477
519.596000   -0.743221
519.597000   -0.743127
519.598000   -0.742983
519.599000   -0.742564
519.600000   -0.741942
519.601000   -0.741653
519.602000   -0.742450
519.603000   -0.744997
519.604000   -0.749774
519.605000   -0.757063
519.606000   -0.766881
519.607000   -0.778921
519.608000   -0.792585
519.609000   -0.807180
519.610000   -0.822196
519.611000   -0.837338
519.612000   -0.852361
519.613000   -0.866982
519.614000   -0.880877
519.615000   -0.893656
519.616000   -0.904813
519.617000   -0.913741
519.618000   -0.919818
519.619000   -0.922598
519.620000   -0.921943
519.621000   -0.917967
519.622000   -0.910956
519.623000   -0.901356
519.624000   -0.889739
519.625000   -0.876700
519.626000   -0.862769
519.627000   -0.848372
519.628000   -0.833880
519.629000   -0.819726
519.630000   -0.806454
519.631000   -0.794703
519.632000   -0.785223
519.633000   -0.778791
519.634000   -0.776011
519.635000   -0.777134
519.636000   -0.781991
519.637000   -0.790051
519.638000   -0.800582
519.639000   -0.812848
519.640000   -0.826222
519.641000   -0.840276
519.642000   -0.854797
519.643000   -0.869599
519.644000   -0.884318
519.645000   -0.898366
519.646000   -0.911009
519.647000   -0.921545
519.648000   -0.929516
519.649000   -0.934808
519.650000   -0.937600
519.651000   -0.938303
519.652000   -0.937431
519.653000   -0.935436
519.654000   -0.932607
519.655000   -0.929097
519.656000   -0.925013
519.657000   -0.920542
519.658000   -0.915984
519.659000   -0.911662
519.660000   -0.907912
519.661000   -0.905133
519.662000   -0.903711
519.663000   -0.903852
519.664000   -0.905521
519.665000   -0.908489
519.666000   -0.912422
519.667000   -0.916930
519.668000   -0.921552
519.669000   -0.925847
519.670000   -0.929674
519.671000   -0.933255
519.672000   -0.936886
519.673000   -0.940698
519.674000   -0.944607
519.675000   -0.948358
519.676000   -0.951564
519.677000   -0.953693
519.678000   -0.954134
519.679000   -0.952552
519.680000   -0.949207
519.681000   -0.944729
519.682000   -0.939674
519.683000   -0.934342
519.684000   -0.928813
519.685000   -0.923019
519.686000   -0.916775
519.687000   -0.909778
519.688000   -0.901782
519.689000   -0.892939
519.690000   -0.883818
519.691000   -0.875038
519.692000   -0.866997
519.693000   -0.859870
519.694000   -0.853686
519.695000   -0.848383
519.696000   -0.843789
519.697000   -0.839653
519.698000   -0.835803
519.699000   -0.832327
519.700000   -0.829459
519.701000   -0.827342
519.702000   -0.825949
519.703000   -0.825143
519.704000   -0.824752
519.705000   -0.824587
519.706000   -0.824383
519.707000   -0.823838
519.708000   -0.822809
519.709000   -0.821433
519.710000   -0.819958
519.711000   -0.818574
519.712000   -0.817394
519.713000   -0.816500
519.714000   -0.815921
519.715000   -0.815543
519.716000   -0.815096
519.717000   -0.814393
519.718000   -0.813619
519.719000   -0.813238
519.720000   -0.813669
519.721000   -0.815137
519.722000   -0.817680
519.723000   -0.821158
519.724000   -0.825221
519.725000   -0.829306
519.726000   -0.832830
519.727000   -0.835572
519.728000   -0.837809
519.729000   -0.839998
519.730000   -0.842477
519.731000   -0.845369
519.732000   -0.848588
519.733000   -0.851847
519.734000   -0.854683
519.735000   -0.856583
519.736000   -0.857284
519.737000   -0.857014
519.738000   -0.856313
519.739000   -0.855703
519.740000   -0.855546
519.741000   -0.856049
519.742000   -0.857271
519.743000   -0.859096
519.744000   -0.861237
519.745000   -0.863399
519.746000   -0.865571
519.747000   -0.868035
519.748000   -0.871078
519.749000   -0.874807
519.750000   -0.879175
519.751000   -0.884003
519.752000   -0.888943
519.753000   -0.893454
519.754000   -0.896877
519.755000   -0.898661
519.756000   -0.898530
519.757000   -0.896410
519.758000   -0.892318
519.759000   -0.886358
519.760000   -0.878715
519.761000   -0.869577
519.762000   -0.859065
519.763000   -0.847212
519.764000   -0.834044
519.765000   -0.819694
519.766000   -0.804449
519.767000   -0.788664
519.768000   -0.772665
519.769000   -0.756699
519.770000   -0.740892
519.771000   -0.725249
519.772000   -0.709667
519.773000   -0.694032
519.774000   -0.678443
519.775000   -0.663371
519.776000   -0.649508
519.777000   -0.637496
519.778000   -0.627799
519.779000   -0.620673
519.780000   -0.616166
519.781000   -0.614083
519.782000   -0.614045
519.783000   -0.615729
519.784000   -0.619161
519.785000   -0.624663
519.786000   -0.632531
519.787000   -0.642853
519.788000   -0.655471
519.789000   -0.669989
519.790000   -0.685777
519.791000   -0.702038
519.792000   -0.718019
519.793000   -0.733320
519.794000   -0.748004
519.795000   -0.762351
519.796000   -0.776624
519.797000   -0.790992
519.798000   -0.805529
519.799000   -0.820202
519.800000   -0.834877
519.801000   -0.849375
519.802000   -0.863593
519.803000   -0.877574
519.804000   -0.891428
519.805000   -0.905225
519.806000   -0.919008
519.807000   -0.932792
519.808000   -0.946500
519.809000   -0.959907
519.810000   -0.972634
519.811000   -0.984224
519.812000   -0.994253
519.813000   -1.002394
519.814000   -1.008440
519.815000   -1.012367
519.816000   -1.014332
519.817000   -1.014511
519.818000   -1.012939
519.819000   -1.009455
519.820000   -1.003771
519.821000   -0.995635
519.822000   -0.984973
519.823000   -0.971890
519.824000   -0.956627
519.825000   -0.939550
519.826000   -0.921044
519.827000   -0.901385
519.828000   -0.880711
519.829000   -0.859109
519.830000   -0.836781
519.831000   -0.814138
519.832000   -0.791710
519.833000   -0.769994
519.834000   -0.749390
519.835000   -0.730178
519.836000   -0.712488
519.837000   -0.696284
519.838000   -0.681453
519.839000   -0.667957
519.840000   -0.655961
519.841000   -0.645784
519.842000   -0.637723
519.843000   -0.631945
519.844000   -0.628488
519.845000   -0.627258
519.846000   -0.628016
519.847000   -0.630413
519.848000   -0.634103
519.849000   -0.638885
519.850000   -0.644710
519.851000   -0.651541
519.852000   -0.659252
519.853000   -0.667710
519.854000   -0.676890
519.855000   -0.686828
519.856000   -0.697528
519.857000   -0.708959
519.858000   -0.721106
519.859000   -0.733969
519.860000   -0.747456
519.861000   -0.761328
519.861000   -0.761328
519.862000   -0.775311
519.863000   -0.789323
519.864000   -0.803471
519.865000   -0.817862
519.866000   -0.832494
519.867000   -0.847279
519.868000   -0.862080
519.869000   -0.876690
519.870000   -0.890794
519.871000   -0.904019
519.872000   -0.916107
519.873000   -0.927002
519.874000   -0.936730
519.875000   -0.945259
519.876000   -0.952493
519.877000   -0.958318
519.878000   -0.962606
519.879000   -0.965175
519.880000   -0.965785
519.881000   -0.964251
519.882000   -0.960561
519.883000   -0.954828
519.884000   -0.947168
519.885000   -0.937700
519.886000   -0.926633
519.887000   -0.914286
519.888000   -0.901006
519.889000   -0.887089
519.890000   -0.872791
519.891000   -0.858399
519.892000   -0.844216
519.893000   -0.830474
519.894000   -0.817350
519.895000   -0.805066
519.896000   -0.793915
519.897000   -0.784152
519.898000   -0.775882
519.899000   -0.769041
519.900000   -0.763477
519.901000   -0.759004
519.902000   -0.755388
519.903000   -0.752380
519.904000   -0.749803
519.905000   -0.747589
519.906000   -0.745695
519.907000   -0.743985
519.908000   -0.742214
519.909000   -0.740181
519.910000   -0.737920
519.911000   -0.735677
519.912000   -0.733757
519.913000   -0.732436
519.914000   -0.731956
519.915000   -0.732462
519.916000   -0.733921
519.917000   -0.736104
519.918000   -0.738730
519.919000   -0.741694
519.920000   -0.745120
519.921000   -0.749182
519.922000   -0.753972
519.923000   -0.759526
519.924000   -0.765833
519.925000   -0.772795
519.926000   -0.780187
519.927000   -0.787717
519.928000   -0.795213
519.929000   -0.802754
519.930000   -0.810547
519.931000   -0.818736
519.932000   -0.827339
519.933000   -0.836241
519.934000   -0.845181
519.935000   -0.853730
519.936000   -0.861345
519.937000   -0.867519
519.938000   -0.871963
519.939000   -0.874618
519.940000   -0.875510
519.941000   -0.874668
519.942000   -0.872143
519.943000   -0.867999
519.944000   -0.862278
519.945000   -0.854978
519.946000   -0.846100
519.947000   -0.835720
519.948000   -0.824020
519.949000   -0.811236
519.950000   -0.797677
519.951000   -0.783781
519.952000   -0.770054
519.953000   -0.756923
519.954000   -0.744640
519.955000   -0.733279
519.956000   -0.722806
519.957000   -0.713164
519.958000   -0.704317
