516.968000   -0.980738
516.969000   -0.979477
516.970000   -0.979855
516.971000   -0.982379
516.972000   -0.987144
516.973000   -0.993843
516.974000   -1.001747
516.975000   -1.009740
516.976000   -1.016637
516.977000   -1.021821
516.978000   -1.025444
516.979000   -1.027919
516.980000   -1.029491
516.981000   -1.030171
516.982000   -1.029792
516.983000   -1.028020
516.984000   -1.024328
516.985000   -1.018066
516.986000   -1.008864
516.987000   -0.997142
516.988000   -0.983961
516.989000   -0.970428
516.990000   -0.957377
516.991000   -0.945327
516.992000   -0.934500
516.993000   -0.924807
516.994000   -0.915840
516.995000   -0.907048
516.996000   -0.898234
516.997000   -0.889878
516.998000   -0.882783
516.999000   -0.877589
517.000000   -0.874637
517.001000   -0.873989
517.001000   -0.873989
517.002000   -0.875456
517.003000   -0.878578
517.004000   -0.882654
517.005000   -0.887007
517.006000   -0.891437
517.007000   -0.896286
517.008000   -0.902000
517.009000   -0.908796
517.010000   -0.916593
517.011000   -0.925038
517.012000   -0.933526
517.013000   -0.941220
517.014000   -0.947213
517.015000   -0.950962
517.016000   -0.952677
517.017000   -0.953110
517.018000   -0.953043
517.019000   -0.953049
517.020000   -0.953447
517.021000   -0.954289
517.022000   -0.955322
517.023000   -0.956021
517.024000   -0.955910
517.025000   -0.955157
517.026000   -0.954656
517.027000   -0.955432
517.028000   -0.958177
517.029000   -0.963158
517.030000   -0.970242
517.031000   -0.978924
517.032000   -0.988352
517.033000   -0.997528
517.034000   -1.005815
517.035000   -1.013231
517.036000   -1.020083
517.037000   -1.026518
517.038000   -1.032416
517.039000   -1.037435
517.040000   -1.041039
517.041000   -1.042489
517.042000   -1.040953
517.043000   -1.035914
517.044000   -1.027597
517.045000   -1.016742
517.046000   -1.004098
517.047000   -0.990202
517.048000   -0.975362
517.049000   -0.959656
517.050000   -0.942920
517.051000   -0.924812
517.052000   -0.905155
517.053000   -0.884451
517.054000   -0.863863
517.055000   -0.844671
517.056000   -0.827903
517.057000   -0.814235
517.058000   -0.803997
517.059000   -0.797152
517.060000   -0.793300
517.061000   -0.791835
517.062000   -0.792324
517.063000   -0.794748
517.064000   -0.799241
517.065000   -0.805738
517.066000   -0.813887
517.067000   -0.823137
517.068000   -0.832815
517.069000   -0.842179
517.070000   -0.850470
517.071000   -0.857063
517.072000   -0.861653
517.073000   -0.864230
517.074000   -0.864900
517.075000   -0.863816
517.076000   -0.861198
517.077000   -0.857346
517.078000   -0.852583
517.079000   -0.847180
517.080000   -0.841362
517.081000   -0.835526
517.082000   -0.830469
517.083000   -0.827256
517.084000   -0.826863
517.085000   -0.829933
517.086000   -0.836711
517.087000   -0.847033
517.088000   -0.860325
517.089000   -0.875635
517.090000   -0.891878
517.091000   -0.908333
517.092000   -0.924890
517.093000   -0.941720
517.094000   -0.958886
517.095000   -0.976232
517.096000   -0.993438
517.097000   -1.010089
517.098000   -1.025702
517.099000   -1.039788
517.100000   -1.052044
517.101000   -1.062568
517.102000   -1.071732
517.103000   -1.079836
517.104000   -1.086924
517.105000   -1.092815
517.106000   -1.097199
517.107000   -1.099701
517.108000   -1.099917
517.109000   -1.097518
517.110000   -1.092450
517.111000   -1.085025
517.112000   -1.075733
517.113000   -1.065049
517.114000   -1.053372
517.115000   -1.041037
517.116000   -1.028303
517.117000   -1.015324
517.118000   -1.002169
517.119000   -0.988972
517.120000   -0.976148
517.121000   -0.964305
517.122000   -0.953974
517.123000   -0.945437
517.124000   -0.938727
517.125000   -0.933658
517.126000   -0.929850
517.127000   -0.926753
517.128000   -0.923785
517.129000   -0.920616
517.130000   -0.917304
517.131000   -0.914109
517.132000   -0.911245
517.133000   -0.908819
517.134000   -0.906859
517.135000   -0.905328
517.136000   -0.904108
517.137000   -0.903000
517.138000   -0.901846
517.139000   -0.900699
517.140000   -0.899816
517.141000   -0.899482
517.142000   -0.899900
517.143000   -0.901182
517.144000   -0.903353
517.145000   -0.906326
517.146000   -0.909869
517.147000   -0.913684
517.148000   -0.917633
517.149000   -0.921891
517.150000   -0.926839
517.151000   -0.932871
517.152000   -0.940275
517.153000   -0.949174
517.154000   -0.959445
517.155000   -0.970649
517.156000   -0.982071
517.157000   -0.993013
517.158000   -1.003212
517.159000   -1.012898
517.160000   -1.022421
517.161000   -1.031950
517.162000   -1.041369
517.163000   -1.050288
517.164000   -1.058061
517.165000   -1.063848
517.166000   -1.066840
517.167000   -1.066676
517.168000   -1.063712
517.169000   -1.058795
517.170000   -1.052851
517.171000   -1.046656
517.172000   -1.040764
517.173000   -1.035471
517.174000   -1.030794
517.175000   -1.026520
517.176000   -1.022403
517.177000   -1.018456
517.178000   -1.015016
517.179000   -1.012497
517.180000   -1.011133
517.181000   -1.010899
517.182000   -1.011516
517.183000   -1.012480
517.184000   -1.013115
517.185000   -1.012699
517.186000   -1.010722
517.187000   -1.007132
517.188000   -1.002285
517.189000   -0.996645
517.190000   -0.990572
517.191000   -0.984251
517.192000   -0.977668
517.193000   -0.970576
517.194000   -0.962501
517.195000   -0.952943
517.196000   -0.941810
517.197000   -0.929631
517.198000   -0.917213
517.199000   -0.905220
517.200000   -0.894024
517.201000   -0.883707
517.202000   -0.874078
517.203000   -0.864706
517.204000   -0.855078
517.205000   -0.844964
517.206000   -0.834718
517.207000   -0.825121
517.208000   -0.816980
517.209000   -0.810907
517.210000   -0.807255
517.211000   -0.806107
517.212000   -0.807273
517.213000   -0.810360
517.214000   -0.814969
517.215000   -0.820938
517.216000   -0.828336
517.217000   -0.837200
517.218000   -0.847341
517.219000   -0.858321
517.220000   -0.869499
517.221000   -0.880088
517.222000   -0.889257
517.223000   -0.896319
517.224000   -0.900946
517.225000   -0.903237
517.226000   -0.903547
517.227000   -0.902293
517.228000   -0.899843
517.229000   -0.896471
517.230000   -0.892329
517.231000   -0.887443
517.232000   -0.881800
517.233000   -0.875545
517.234000   -0.869162
517.235000   -0.863375
517.236000   -0.858876
517.237000   -0.856138
517.238000   -0.855374
517.239000   -0.856534
517.240000   -0.859310
517.241000   -0.863186
517.242000   -0.867630
517.243000   -0.872417
517.244000   -0.877746
517.245000   -0.883980
517.246000   -0.891374
517.247000   -0.899980
517.248000   -0.909639
517.249000   -0.919972
517.250000   -0.930368
517.251000   -0.940055
517.252000   -0.948383
517.253000   -0.955172
517.254000   -0.960656
517.255000   -0.965132
517.256000   -0.968765
517.257000   -0.971576
517.258000   -0.973467
517.259000   -0.974212
517.260000   -0.973474
517.261000   -0.970994
517.262000   -0.966959
517.263000   -0.962102
517.264000   -0.957340
517.265000   -0.953415
517.266000   -0.950769
517.267000   -0.949524
517.268000   -0.949489
517.269000   -0.950192
517.270000   -0.951048
517.271000   -0.951742
517.272000   -0.952544
517.273000   -0.954099
517.274000   -0.956991
517.275000   -0.961511
517.276000   -0.967636
517.277000   -0.975051
517.278000   -0.983203
517.279000   -0.991419
517.280000   -0.999165
517.281000   -1.006332
517.282000   -1.013214
517.283000   -1.020211
517.284000   -1.027604
517.285000   -1.035486
517.286000   -1.043753
517.287000   -1.052134
517.288000   -1.060240
517.289000   -1.067672
517.290000   -1.074164
517.291000   -1.079704
517.292000   -1.084502
517.293000   -1.088843
517.294000   -1.092958
517.295000   -1.096961
517.296000   -1.100835
517.297000   -1.104417
517.298000   -1.107436
517.299000   -1.109637
517.300000   -1.111017
517.301000   -1.111909
517.302000   -1.112781
517.303000   -1.114014
517.304000   -1.115794
517.305000   -1.118091
517.306000   -1.120634
517.307000   -1.122912
517.308000   -1.124273
517.309000   -1.124284
517.310000   -1.123079
517.311000   -1.121203
517.312000   -1.119189
517.313000   -1.117339
517.314000   -1.115692
517.315000   -1.114058
517.316000   -1.112027
517.317000   -1.109032
517.318000   -1.104607
517.319000   -1.098800
517.320000   -1.092202
517.321000   -1.085544
517.322000   -1.079376
517.323000   -1.073999
517.324000   -1.069479
517.325000   -1.065684
517.326000   -1.062335
517.327000   -1.059119
517.328000   -1.055865
517.329000   -1.052604
517.330000   -1.049442
517.331000   -1.046428
517.332000   -1.043527
517.333000   -1.040630
517.334000   -1.037578
517.335000   -1.034183
517.336000   -1.030261
517.337000   -1.025690
517.338000   -1.020454
517.339000   -1.014674
517.340000   -1.008583
517.341000   -1.002447
517.342000   -0.996487
517.343000   -0.990828
517.344000   -0.985485
517.345000   -0.980358
517.346000   -0.975302
517.347000   -0.970315
517.348000   -0.965743
517.349000   -0.962211
517.350000   -0.960356
517.351000   -0.960627
517.352000   -0.963223
517.353000   -0.968081
517.354000   -0.974898
517.355000   -0.983181
517.356000   -0.992420
517.357000   -1.002338
517.358000   -1.012967
517.359000   -1.024436
517.360000   -1.036758
517.361000   -1.049756
517.362000   -1.063084
517.363000   -1.076250
517.364000   -1.088638
517.365000   -1.099554
517.366000   -1.108385
517.367000   -1.114806
517.368000   -1.118774
517.369000   -1.120336
517.370000   -1.119526
517.371000   -1.116362
517.372000   -1.110864
517.373000   -1.103029
517.374000   -1.092795
517.375000   -1.080122
517.376000   -1.065235
517.377000   -1.048740
517.378000   -1.031390
517.379000   -1.013836
517.380000   -0.996544
517.381000   -0.979790
517.382000   -0.963645
517.383000   -0.947961
517.384000   -0.932445
517.385000   -0.916943
517.386000   -0.901747
517.387000   -0.887492
517.388000   -0.874794
517.389000   -0.864035
517.390000   -0.855323
517.391000   -0.848511
517.392000   -0.843217
517.393000   -0.838886
517.394000   -0.834949
517.395000   -0.831076
517.396000   -0.827263
517.397000   -0.823654
517.398000   -0.820343
517.399000   -0.817299
517.400000   -0.814386
517.401000   -0.811393
517.402000   -0.808060
517.403000   -0.804119
517.404000   -0.799363
517.405000   -0.793763
517.406000   -0.787506
517.407000   -0.780939
517.408000   -0.774460
517.409000   -0.768456
517.410000   -0.763262
517.411000   -0.759112
517.412000   -0.756090
517.413000   -0.754154
517.414000   -0.753280
517.415000   -0.753628
517.416000   -0.755532
517.417000   -0.759340
517.418000   -0.765257
517.419000   -0.773275
517.420000   -0.783142
517.421000   -0.794344
517.422000   -0.806156
517.423000   -0.817856
517.424000   -0.829063
517.425000   -0.839848
517.426000   -0.850494
517.427000   -0.861230
517.428000   -0.872107
517.429000   -0.882979
517.430000   -0.893504
517.431000   -0.903182
517.432000   -0.911478
517.433000   -0.918096
517.434000   -0.923142
517.435000   -0.926998
517.436000   -0.930069
517.437000   -0.932659
517.438000   -0.934937
517.439000   -0.936944
517.440000   -0.938593
517.441000   -0.939695
517.442000   -0.940065
517.443000   -0.939717
517.444000   -0.938949
517.445000   -0.938235
517.446000   -0.938054
517.447000   -0.938776
517.448000   -0.940594
517.449000   -0.943467
517.450000   -0.947087
517.451000   -0.950939
517.452000   -0.954506
517.453000   -0.957512
517.454000   -0.959979
517.455000   -0.962064
517.456000   -0.963884
517.457000   -0.965418
517.458000   -0.966461
517.459000   -0.966616
517.460000   -0.965333
517.461000   -0.962067
517.462000   -0.956551
517.463000   -0.948964
517.464000   -0.939829
517.465000   -0.929755
517.466000   -0.919251
517.467000   -0.908651
517.468000   -0.898075
517.469000   -0.887434
517.470000   -0.876482
517.471000   -0.864968
517.472000   -0.852804
517.473000   -0.840113
517.474000   -0.827116
517.475000   -0.814001
517.476000   -0.800854
517.477000   -0.787648
517.478000   -0.774246
517.479000   -0.760416
517.480000   -0.745937
517.481000   -0.730787
517.482000   -0.715261
517.483000   -0.699894
517.484000   -0.685282
517.485000   -0.671932
517.486000   -0.660174
517.487000   -0.650103
517.488000   -0.641559
517.489000   -0.634212
517.490000   -0.627792
517.491000   -0.622302
517.492000   -0.618007
517.493000   -0.615249
517.494000   -0.614286
517.495000   -0.615227
517.496000   -0.618020
517.497000   -0.622469
517.498000   -0.628292
517.499000   -0.635249
517.500000   -0.643305
517.501000   -0.652693
517.501000   -0.652693
517.502000   -0.663795
517.503000   -0.676966
517.504000   -0.692433
517.505000   -0.710246
517.506000   -0.730270
517.507000   -0.752183
517.508000   -0.775528
517.509000   -0.799812
517.510000   -0.824634
517.511000   -0.849704
517.512000   -0.874772
517.513000   -0.899548
517.514000   -0.923680
517.515000   -0.946764
517.516000   -0.968351
517.517000   -0.987979
517.518000   -1.005257
517.519000   -1.020040
517.520000   -1.032544
517.521000   -1.043261
517.522000   -1.052760
517.523000   -1.061508
517.524000   -1.069769
517.525000   -1.077555
517.526000   -1.084637
517.527000   -1.090654
517.528000   -1.095315
517.529000   -1.098588
517.530000   -1.100686
517.531000   -1.101892
517.532000   -1.102389
517.533000   -1.102183
517.534000   -1.101103
517.535000   -1.098843
517.536000   -1.095056
517.537000   -1.089495
517.538000   -1.082159
517.539000   -1.073310
517.540000   -1.063359
517.541000   -1.052673
517.542000   -1.041469
517.543000   -1.029789
517.544000   -1.017540
517.545000   -1.004569
517.546000   -0.990769
517.547000   -0.976179
517.548000   -0.961055
517.549000   -0.945854
517.550000   -0.931114
517.551000   -0.917326
517.552000   -0.904861
517.553000   -0.893960
517.554000   -0.884736
517.555000   -0.877201
517.556000   -0.871345
517.557000   -0.867250
517.558000   -0.865166
517.559000   -0.865447
517.560000   -0.868380
517.561000   -0.874064
517.562000   -0.882389
517.563000   -0.893045
517.564000   -0.905564
517.565000   -0.919393
517.566000   -0.934011
517.567000   -0.949056
517.568000   -0.964341
517.569000   -0.979744
517.570000   -0.995090
517.571000   -1.010115
517.572000   -1.024482
517.573000   -1.037808
517.574000   -1.049713
517.575000   -1.059887
517.576000   -1.068184
517.577000   -1.074639
517.578000   -1.079382
517.579000   -1.082541
517.580000   -1.084218
517.581000   -1.084491
517.582000   -1.083436
517.583000   -1.081149
517.584000   -1.077769
517.585000   -1.073502
517.586000   -1.068590
517.587000   -1.063262
517.588000   -1.057713
517.589000   -1.052112
517.590000   -1.046613
517.591000   -1.041350
517.592000   -1.036432
517.593000   -1.031926
517.594000   -1.027851
517.595000   -1.024192
517.596000   -1.020932
517.597000   -1.018055
517.598000   -1.015529
517.599000   -1.013302
517.600000   -1.011301
517.601000   -1.009452
517.602000   -1.007680
517.603000   -1.005932
517.604000   -1.004212
517.605000   -1.002617
517.606000   -1.001315
517.607000   -1.000475
517.608000   -1.000224
517.609000   -1.000634
517.610000   -1.001731
517.611000   -1.003493
517.612000   -1.005854
517.613000   -1.008740
517.614000   -1.012146
517.615000   -1.016177
517.616000   -1.021001
517.617000   -1.026781
517.618000   -1.033630
517.619000   -1.041589
517.620000   -1.050609
517.621000   -1.060524
517.622000   -1.071088
517.623000   -1.082079
517.624000   -1.093419
517.625000   -1.105132
517.626000   -1.117221
517.627000   -1.129579
517.628000   -1.141955
517.629000   -1.153953
517.630000   -1.165052
517.631000   -1.174666
517.632000   -1.182306
517.633000   -1.187753
517.634000   -1.191096
517.635000   -1.192583
517.636000   -1.192454
517.637000   -1.190827
517.638000   -1.187660
517.639000   -1.182755
517.640000   -1.175818
517.641000   -1.166580
517.642000   -1.154967
517.643000   -1.141201
517.644000   -1.125735
517.645000   -1.109117
517.646000   -1.091876
517.647000   -1.074462
517.648000   -1.057217
517.649000   -1.040373
517.650000   -1.024073
517.651000   -1.008421
517.652000   -0.993517
517.653000   -0.979460
517.654000   -0.966329
517.655000   -0.954163
517.656000   -0.942956
517.657000   -0.932649
517.658000   -0.923141
517.659000   -0.914287
517.660000   -0.905903
517.661000   -0.897795
517.662000   -0.889827
517.663000   -0.882002
517.664000   -0.874479
517.665000   -0.867513
517.666000   -0.861373
517.667000   -0.856270
517.668000   -0.852313
517.669000   -0.849497
517.670000   -0.847770
517.671000   -0.847144
517.672000   -0.847797
517.673000   -0.850077
517.674000   -0.854396
517.675000   -0.861092
517.676000   -0.870348
517.677000   -0.882153
517.678000   -0.896323
517.679000   -0.912602
517.680000   -0.930768
517.681000   -0.950698
517.682000   -0.972348
517.683000   -0.995672
517.684000   -1.020529
517.685000   -1.046617
517.686000   -1.073472
517.687000   -1.100501
517.688000   -1.127091
517.689000   -1.152737
517.690000   -1.177094
517.691000   -1.199927
517.692000   -1.221031
517.693000   -1.240152
517.694000   -1.256943
517.695000   -1.270960
517.696000   -1.281686
517.697000   -1.288642
517.698000   -1.291536
517.699000   -1.290379
517.700000   -1.285487
517.701000   -1.277405
517.702000   -1.266779
517.703000   -1.254245
517.704000   -1.240336
517.705000   -1.225449
517.706000   -1.209860
517.707000   -1.193809
517.708000   -1.177608
517.709000   -1.161697
517.710000   -1.146628
517.711000   -1.132931
517.712000   -1.120952
517.713000   -1.110768
517.714000   -1.102188
517.715000   -1.094818
517.716000   -1.088175
517.717000   -1.081810
517.718000   -1.075414
517.719000   -1.068849
517.720000   -1.062096
517.721000   -1.055133
517.722000   -1.047883
517.723000   -1.040228
517.724000   -1.032045
517.725000   -1.023236
517.726000   -1.013724
517.727000   -1.003462
517.728000   -0.992486
517.729000   -0.980950
517.730000   -0.969077
517.731000   -0.957091
517.732000   -0.945185
517.733000   -0.933522
517.734000   -0.922226
517.735000   -0.911376
517.736000   -0.901032
517.737000   -0.891344
517.738000   -0.882668
517.739000   -0.875524
517.740000   -0.870424
517.741000   -0.867734
517.742000   -0.867627
517.743000   -0.870065
517.744000   -0.874804
517.745000   -0.881416
517.746000   -0.889404
517.747000   -0.898395
517.748000   -0.908213
517.749000   -0.918690
517.750000   -0.929468
517.751000   -0.939945
517.752000   -0.949353
517.753000   -0.956879
517.754000   -0.961789
517.755000   -0.963567
517.756000   -0.962039
517.757000   -0.957422
517.758000   -0.950216
517.759000   -0.941002
517.760000   -0.930319
517.761000   -0.918635
517.762000   -0.906362
517.763000   -0.893882
517.764000   -0.881557
517.765000   -0.869715
517.766000   -0.858629
517.767000   -0.848489
517.768000   -0.839375
517.769000   -0.831247
517.770000   -0.823977
517.771000   -0.817389
517.772000   -0.811292
517.773000   -0.805494
517.774000   -0.799809
517.775000   -0.794115
517.776000   -0.788451
517.777000   -0.783044
517.778000   -0.778214
517.779000   -0.774268
517.780000   -0.771425
517.781000   -0.769767
517.782000   -0.769181
517.783000   -0.769353
517.784000   -0.769879
517.785000   -0.770490
517.786000   -0.771200
517.787000   -0.772204
517.788000   -0.773700
517.789000   -0.775795
517.790000   -0.778490
517.791000   -0.781658
517.792000   -0.785048
517.793000   -0.788353
517.794000   -0.791420
517.795000   -0.794447
517.796000   -0.797939
517.797000   -0.802455
517.798000   -0.808438
517.799000   -0.816141
517.800000   -0.825601
517.801000   -0.836627
517.802000   -0.848810
517.803000   -0.861650
517.804000   -0.874768
517.805000   -0.887987
517.806000   -0.901188
517.807000   -0.914150
517.808000   -0.926524
517.809000   -0.937881
517.810000   -0.947757
517.811000   -0.955694
517.812000   -0.961299
517.813000   -0.964388
517.814000   -0.965109
517.815000   -0.963894
517.816000   -0.961275
517.817000   -0.957778
517.818000   -0.953865
517.819000   -0.949902
517.820000   -0.946118
517.821000   -0.942607
517.822000   -0.939384
517.823000   -0.936474
517.824000   -0.933968
517.825000   -0.932002
517.826000   -0.930734
517.827000   -0.930309
517.828000   -0.930805
517.829000   -0.932168
517.830000   -0.934183
517.831000   -0.936501
517.832000   -0.938746
517.833000   -0.940637
517.834000   -0.942051
517.835000   -0.943010
517.836000   -0.943619
517.837000   -0.943968
517.838000   -0.944035
517.839000   -0.943636
517.840000   -0.942456
517.841000   -0.940167
517.842000   -0.936602
517.843000   -0.931828
517.844000   -0.926102
517.845000   -0.919769
517.846000   -0.913160
517.847000   -0.906507
517.848000   -0.899901
517.849000   -0.893311
517.850000   -0.886701
517.851000   -0.880198
517.852000   -0.874146
517.853000   -0.868991
517.854000   -0.865124
517.855000   -0.862775
517.856000   -0.861966
517.857000   -0.862504
517.858000   -0.864031
517.859000   -0.866134
517.860000   -0.868491
517.861000   -0.870941
517.862000   -0.873417
517.863000   -0.875866
517.864000   -0.878235
517.865000   -0.880460
517.866000   -0.882434
517.867000   -0.883997
517.868000   -0.884981
517.869000   -0.885296
517.870000   -0.884998
517.871000   -0.884289
517.872000   -0.883477
517.873000   -0.882957
517.874000   -0.883152
517.875000   -0.884396
517.876000   -0.886859
517.877000   -0.890531
517.878000   -0.895273
517.879000   -0.900899
517.880000   -0.907242
517.881000   -0.914214
517.882000   -0.921869
517.883000   -0.930397
517.884000   -0.940009
517.885000   -0.950806
517.886000   -0.962731
517.887000   -0.975567
517.888000   -0.988976
517.889000   -1.002556
517.890000   -1.015926
517.891000   -1.028837
517.892000   -1.041215
517.893000   -1.053058
517.894000   -1.064271
517.895000   -1.074593
517.896000   -1.083597
517.897000   -1.090748
517.898000   -1.095489
517.899000   -1.097361
517.900000   -1.096149
517.901000   -1.092001
517.902000   -1.085376
517.903000   -1.076864
517.904000   -1.067034
517.905000   -1.056379
517.906000   -1.045297
517.907000   -1.034094
517.908000   -1.022998
517.909000   -1.012209
517.910000   -1.001974
517.911000   -0.992612
517.912000   -0.984429
517.913000   -0.977607
517.914000   -0.972156
517.915000   -0.967924
517.916000   -0.964631
517.917000   -0.961914
517.918000   -0.959379
517.919000   -0.956684
517.920000   -0.953612
517.921000   -0.950068
517.922000   -0.946001
517.923000   -0.941352
517.924000   -0.936056
517.925000   -0.930053
517.926000   -0.923306
517.927000   -0.915811
517.928000   -0.907628
517.929000   -0.898975
517.930000   -0.890249
517.931000   -0.881918
517.932000   -0.874373
517.933000   -0.867863
517.934000   -0.862497
517.935000   -0.858261
517.936000   -0.855036
517.937000   -0.852644
517.938000   -0.850991
517.939000   -0.850225
517.940000   -0.850725
517.941000   -0.852904
517.942000   -0.857058
517.943000   -0.863315
517.944000   -0.871624
517.945000   -0.881745
517.946000   -0.893257
517.947000   -0.905669
517.948000   -0.918624
517.949000   -0.932009
517.950000   -0.945811
517.951000   -0.959912
517.952000   -0.974002
517.953000   -0.987582
517.954000   -1.000007
517.955000   -1.010529
517.956000   -1.018392
517.957000   -1.022999
517.958000   -1.024100
517.959000   -1.021792
517.960000   -1.016367
517.961000   -1.008174
517.962000   -0.997573
517.963000   -0.984914
517.964000   -0.970520
517.965000   -0.954664
517.966000   -0.937601
517.967000   -0.919676
517.968000   -0.901387
517.969000   -0.883316
517.970000   -0.865997
517.971000   -0.849849
517.972000   -0.835147
517.973000   -0.822019
517.974000   -0.810424
517.975000   -0.800176
517.976000   -0.791035
517.977000   -0.782833
517.978000   -0.775496
517.979000   -0.768962
517.980000   -0.763122
517.981000   -0.757813
517.982000   -0.752809
517.983000   -0.747801
517.984000   -0.742383
517.985000   -0.736128
517.986000   -0.728755
517.987000   -0.720235
517.988000   -0.710733
517.989000   -0.700486
517.990000   -0.689732
517.991000   -0.678691
517.992000   -0.667514
517.993000   -0.656252
517.994000   -0.644885
517.995000   -0.633489
517.996000   -0.622423
517.997000   -0.612320
517.998000   -0.603885
517.999000   -0.597715
518.000000   -0.594213
518.001000   -0.593542
518.001000   -0.593542
518.002000   -0.595608
518.003000   -0.600089
518.004000   -0.606597
518.005000   -0.614897
518.006000   -0.624979
518.007000   -0.636908
518.008000   -0.650632
518.009000   -0.665904
518.010000   -0.682269
518.011000   -0.699079
518.012000   -0.715546
518.013000   -0.730845
518.014000   -0.744280
518.015000   -0.755425
518.016000   -0.764116
518.017000   -0.770374
518.018000   -0.774344
518.019000   -0.776232
518.020000   -0.776243
518.021000   -0.774514
518.022000   -0.771108
518.023000   -0.766098
518.024000   -0.759711
518.025000   -0.752382
518.026000   -0.744691
518.027000   -0.737259
518.028000   -0.730649
518.029000   -0.725276
518.030000   -0.721344
518.031000   -0.718845
518.032000   -0.717671
518.033000   -0.717788
518.034000   -0.719330
518.035000   -0.722527
518.036000   -0.727578
518.037000   -0.734576
518.038000   -0.743445
518.039000   -0.753906
518.040000   -0.765477
518.041000   -0.777560
518.042000   -0.789605
518.043000   -0.801220
518.044000   -0.812138
518.045000   -0.822131
518.046000   -0.830979
518.047000   -0.838459
518.048000   -0.844334
518.049000   -0.848360
518.050000   -0.850345
518.051000   -0.850269
518.052000   -0.848388
518.053000   -0.845214
518.054000   -0.841399
518.055000   -0.837644
518.056000   -0.834626
518.057000   -0.832911
518.058000   -0.832876
518.059000   -0.834688
518.060000   -0.838367
518.061000   -0.843876
518.062000   -0.851167
518.063000   -0.860150
518.064000   -0.870682
518.065000   -0.882599
518.066000   -0.895713
518.067000   -0.909762
518.068000   -0.924395
518.069000   -0.939195
518.070000   -0.953737
518.071000   -0.967624
518.072000   -0.980511
518.073000   -0.992134
518.074000   -1.002375
518.075000   -1.011255
518.076000   -1.018843
518.077000   -1.025154
518.078000   -1.030128
518.079000   -1.033674
518.080000   -1.035753
518.081000   -1.036446
518.082000   -1.035992
518.083000   -1.034794
518.084000   -1.033391
518.085000   -1.032351
518.086000   -1.032141
518.087000   -1.033067
518.088000   -1.035294
518.089000   -1.038915
518.090000   -1.044008
518.091000   -1.050647
518.092000   -1.058898
518.093000   -1.068817
518.094000   -1.080415
518.095000   -1.093559
518.096000   -1.107914
518.097000   -1.122967
518.098000   -1.138080
518.099000   -1.152561
518.100000   -1.165724
518.101000   -1.176962
518.102000   -1.185849
518.103000   -1.192175
518.104000   -1.195871
518.105000   -1.196931
518.106000   -1.195396
518.107000   -1.191380
518.108000   -1.185082
518.109000   -1.176790
518.110000   -1.166888
518.111000   -1.155899
518.112000   -1.144511
518.113000   -1.133471
518.114000   -1.123416
518.115000   -1.114781
518.116000   -1.107775
518.117000   -1.102410
518.118000   -1.098515
518.119000   -1.095784
518.120000   -1.093885
518.121000   -1.092637
518.122000   -1.092056
518.123000   -1.092215
518.124000   -1.093100
518.125000   -1.094565
518.126000   -1.096352
518.127000   -1.098100
518.128000   -1.099375
518.129000   -1.099737
518.130000   -1.098903
518.131000   -1.096852
518.132000   -1.093737
518.133000   -1.089710
518.134000   -1.084849
518.135000   -1.079160
518.136000   -1.072594
518.137000   -1.065064
518.138000   -1.056464
518.139000   -1.046774
518.140000   -1.036189
518.141000   -1.025113
518.142000   -1.014036
518.143000   -1.003429
518.144000   -0.993726
518.145000   -0.985313
518.146000   -0.978501
518.147000   -0.973490
518.148000   -0.970382
518.149000   -0.969263
518.150000   -0.970261
518.151000   -0.973497
518.152000   -0.978993
518.153000   -0.986643
518.154000   -0.996201
518.155000   -1.007278
518.156000   -1.019331
518.157000   -1.031706
518.158000   -1.043740
518.159000   -1.054926
518.160000   -1.064983
518.161000   -1.073805
518.162000   -1.081389
518.163000   -1.087784
518.164000   -1.093052
518.165000   -1.097223
518.166000   -1.100254
518.167000   -1.102062
518.168000   -1.102645
518.169000   -1.102192
518.170000   -1.101005
518.171000   -1.099346
518.172000   -1.097344
518.173000   -1.094998
518.174000   -1.092203
518.175000   -1.088786
518.176000   -1.084558
518.177000   -1.079412
518.178000   -1.073446
518.179000   -1.066960
518.180000   -1.060340
518.181000   -1.053955
518.182000   -1.048094
518.183000   -1.042935
518.184000   -1.038488
518.185000   -1.034570
518.186000   -1.030834
518.187000   -1.026908
518.188000   -1.022544
518.189000   -1.017652
518.190000   -1.012228
518.191000   -1.006303
518.192000   -0.999905
518.193000   -0.993026
518.194000   -0.985592
518.195000   -0.977472
518.196000   -0.968577
518.197000   -0.959020
518.198000   -0.949187
518.199000   -0.939634
518.200000   -0.930955
518.201000   -0.923679
518.202000   -0.918206
518.203000   -0.914764
518.204000   -0.913384
518.205000   -0.913944
518.206000   -0.916263
518.207000   -0.920193
518.208000   -0.925609
518.209000   -0.932379
518.210000   -0.940348
518.211000   -0.949339
518.212000   -0.959137
518.213000   -0.969455
518.214000   -0.979919
518.215000   -0.990091
518.216000   -0.999566
518.217000   -1.008085
518.218000   -1.015573
518.219000   -1.022128
518.220000   -1.027958
518.221000   -1.033293
518.222000   -1.038281
518.223000   -1.042903
518.224000   -1.046965
518.225000   -1.050219
518.226000   -1.052527
518.227000   -1.053939
518.228000   -1.054657
518.229000   -1.054972
518.230000   -1.055206
518.231000   -1.055631
518.232000   -1.056391
518.233000   -1.057474
518.234000   -1.058759
518.235000   -1.060139
518.236000   -1.061612
518.237000   -1.063275
518.238000   -1.065277
518.239000   -1.067779
518.240000   -1.070884
518.241000   -1.074556
518.242000   -1.078569
518.243000   -1.082536
518.244000   -1.086030
518.245000   -1.088746
518.246000   -1.090566
518.247000   -1.091511
518.248000   -1.091680
518.249000   -1.091170
518.250000   -1.089995
518.251000   -1.088029
518.252000   -1.085017
518.253000   -1.080684
518.254000   -1.074917
518.255000   -1.067882
518.256000   -1.059968
518.257000   -1.051682
518.258000   -1.043553
518.259000   -1.036020
518.260000   -1.029335
518.261000   -1.023533
518.262000   -1.018495
518.263000   -1.014109
518.264000   -1.010412
518.265000   -1.007607
518.266000   -1.006008
518.267000   -1.005985
518.268000   -1.007866
518.269000   -1.011814
518.270000   -1.017738
518.271000   -1.025293
518.272000   -1.033971
518.273000   -1.043263
518.274000   -1.052766
518.275000   -1.062212
518.276000   -1.071456
518.277000   -1.080426
518.278000   -1.089004
518.279000   -1.096917
518.280000   -1.103693
518.281000   -1.108743
518.282000   -1.111530
518.283000   -1.111731
518.284000   -1.109285
518.285000   -1.104379
518.286000   -1.097426
518.287000   -1.088957
518.288000   -1.079475
518.289000   -1.069346
518.290000   -1.058784
518.291000   -1.047923
518.292000   -1.036927
518.293000   -1.026030
518.294000   -1.015517
518.295000   -1.005739
518.296000   -0.997096
518.297000   -0.989928
518.298000   -0.984383
518.299000   -0.980382
518.300000   -0.977666
518.301000   -0.975880
518.302000   -0.974628
518.303000   -0.973494
518.304000   -0.972110
518.305000   -0.970250
518.306000   -0.967823
518.307000   -0.964776
518.308000   -0.961030
518.309000   -0.956484
518.310000   -0.951078
518.311000   -0.944826
518.312000   -0.937816
518.313000   -0.930211
518.314000   -0.922298
518.315000   -0.914488
518.316000   -0.907210
518.317000   -0.900806
518.318000   -0.895491
518.319000   -0.891379
518.320000   -0.888518
518.321000   -0.886891
518.322000   -0.886431
518.323000   -0.887126
518.324000   -0.889139
518.325000   -0.892773
518.326000   -0.898308
518.327000   -0.905878
518.328000   -0.915468
518.329000   -0.926947
518.330000   -0.940090
518.331000   -0.954546
518.332000   -0.969858
518.333000   -0.985584
518.334000   -1.001418
518.335000   -1.017162
518.336000   -1.032581
518.337000   -1.047331
518.338000   -1.060975
518.339000   -1.073025
518.340000   -1.082959
518.341000   -1.090234
518.342000   -1.094392
518.343000   -1.095281
518.344000   -1.093210
518.345000   -1.088833
518.346000   -1.082904
518.347000   -1.076111
518.348000   -1.069015
518.349000   -1.062001
518.350000   -1.055238
518.351000   -1.048696
518.352000   -1.042323
518.353000   -1.036298
518.354000   -1.031077
518.355000   -1.027160
518.356000   -1.024875
518.357000   -1.024314
518.358000   -1.025367
518.359000   -1.027731
518.360000   -1.030929
518.361000   -1.034399
518.362000   -1.037693
518.363000   -1.040650
518.364000   -1.043299
518.365000   -1.045651
518.366000   -1.047620
518.367000   -1.049076
518.368000   -1.049869
518.369000   -1.049809
518.370000   -1.048651
518.371000   -1.046179
518.372000   -1.042348
518.373000   -1.037298
518.374000   -1.031268
518.375000   -1.024528
518.376000   -1.017407
518.377000   -1.010281
518.378000   -1.003489
518.379000   -0.997269
518.380000   -0.991766
518.381000   -0.987133
518.382000   -0.983600
518.383000   -0.981440
518.384000   -0.980891
518.385000   -0.982132
518.386000   -0.985246
518.387000   -0.990136
518.388000   -0.996465
518.389000   -1.003682
518.390000   -1.011161
518.391000   -1.018354
518.392000   -1.024834
518.393000   -1.030254
518.394000   -1.034318
518.395000   -1.036774
518.396000   -1.037371
518.397000   -1.035816
518.398000   -1.031799
518.399000   -1.025087
518.400000   -1.015652
518.401000   -1.003718
518.402000   -0.989710
518.403000   -0.974204
518.404000   -0.957853
518.405000   -0.941267
518.406000   -0.924880
518.407000   -0.908922
518.408000   -0.893485
518.409000   -0.878682
518.410000   -0.864770
518.411000   -0.852166
518.412000   -0.841381
518.413000   -0.832928
518.414000   -0.827188
518.415000   -0.824308
518.416000   -0.824177
518.417000   -0.826492
518.418000   -0.830888
518.419000   -0.837071
518.420000   -0.844849
518.421000   -0.854085
518.422000   -0.864637
518.423000   -0.876302
518.424000   -0.888721
518.425000   -0.901330
518.426000   -0.913395
518.427000   -0.924113
518.428000   -0.932762
518.429000   -0.938819
518.430000   -0.941997
518.431000   -0.942255
518.432000   -0.939780
518.433000   -0.934883
518.434000   -0.927888
518.435000   -0.919076
518.436000   -0.908701
518.437000   -0.897061
518.438000   -0.884575
518.439000   -0.871811
518.440000   -0.859443
518.441000   -0.848179
518.442000   -0.838656
518.443000   -0.831305
518.444000   -0.826283
518.445000   -0.823477
518.446000   -0.822583
518.447000   -0.823210
518.448000   -0.824968
518.449000   -0.827487
518.450000   -0.830414
518.451000   -0.833398
518.452000   -0.836065
518.453000   -0.837985
518.454000   -0.838685
518.455000   -0.837700
518.456000   -0.834646
518.457000   -0.829272
518.458000   -0.821481
518.459000   -0.811329
518.460000   -0.799041
518.461000   -0.784981
518.462000   -0.769554
518.463000   -0.753121
518.464000   -0.735985
518.465000   -0.718424
518.466000   -0.700732
518.467000   -0.683255
518.468000   -0.666414
518.469000   -0.650733
518.470000   -0.636840
518.471000   -0.625366
518.472000   -0.616825
518.473000   -0.611554
518.474000   -0.609721
518.475000   -0.611348
518.476000   -0.616331
518.477000   -0.624449
518.478000   -0.635392
518.479000   -0.648814
518.480000   -0.664365
518.481000   -0.681640
518.482000   -0.700145
518.483000   -0.719303
518.484000   -0.738506
518.485000   -0.757144
518.486000   -0.774625
518.487000   -0.790401
518.488000   -0.804054
518.489000   -0.815408
518.490000   -0.824530
518.491000   -0.831630
518.492000   -0.836981
518.493000   -0.840878
518.494000   -0.843602
518.495000   -0.845359
518.496000   -0.846248
518.497000   -0.846321
518.498000   -0.845763
518.499000   -0.844975
518.500000   -0.844438
518.501000   -0.844546
518.501000   -0.844546
518.502000   -0.845546
518.503000   -0.847540
518.504000   -0.850482
518.505000   -0.854178
518.506000   -0.858327
518.507000   -0.862673
518.508000   -0.867170
518.509000   -0.871942
518.510000   -0.877131
518.511000   -0.882811
518.512000   -0.888967
518.513000   -0.895471
518.514000   -0.902053
518.515000   -0.908296
518.516000   -0.913760
518.517000   -0.918165
518.518000   -0.921433
518.519000   -0.923558
518.520000   -0.924505
518.521000   -0.924206
518.522000   -0.922586
518.523000   -0.919567
518.524000   -0.915085
518.525000   -0.909143
518.526000   -0.901914
518.527000   -0.893775
518.528000   -0.885212
518.529000   -0.876729
518.530000   -0.868799
518.531000   -0.861844
518.532000   -0.856180
518.533000   -0.851970
518.534000   -0.849216
518.535000   -0.847853
518.536000   -0.847873
518.537000   -0.849344
518.538000   -0.852333
518.539000   -0.856845
518.540000   -0.862793
518.541000   -0.869954
518.542000   -0.877934
518.543000   -0.886167
518.544000   -0.894028
518.545000   -0.901060
518.546000   -0.907088
518.547000   -0.912138
518.548000   -0.916289
518.549000   -0.919594
518.550000   -0.922032
518.551000   -0.923465
518.552000   -0.923637
518.553000   -0.922271
518.554000   -0.919290
518.555000   -0.914993
518.556000   -0.909981
518.557000   -0.904937
518.558000   -0.900471
518.559000   -0.897034
518.560000   -0.894880
518.561000   -0.894034
518.562000   -0.894334
518.563000   -0.895586
518.564000   -0.897768
518.565000   -0.901063
518.566000   -0.905698
518.567000   -0.911787
518.568000   -0.919280
518.569000   -0.927954
518.570000   -0.937410
518.571000   -0.947108
518.572000   -0.956469
518.573000   -0.965043
518.574000   -0.972624
518.575000   -0.979183
518.576000   -0.984771
518.577000   -0.989477
518.578000   -0.993398
518.579000   -0.996596
518.580000   -0.999070
518.581000   -1.000761
518.582000   -1.001624
518.583000   -1.001723
518.584000   -1.001259
518.585000   -1.000543
518.586000   -0.999959
518.587000   -0.999901
518.588000   -1.000671
518.589000   -1.002388
518.590000   -1.004955
518.591000   -1.008095
518.592000   -1.011458
518.593000   -1.014730
518.594000   -1.017700
518.595000   -1.020289
518.596000   -1.022524
518.597000   -1.024439
518.598000   -1.025992
518.599000   -1.027021
518.600000   -1.027271
518.601000   -1.026472
518.602000   -1.024454
518.603000   -1.021218
518.604000   -1.016949
518.605000   -1.011974
518.606000   -1.006643
518.607000   -1.001211
518.608000   -0.995779
518.609000   -0.990320
518.610000   -0.984746
518.611000   -0.979023
518.612000   -0.973241
518.613000   -0.967626
518.614000   -0.962495
518.615000   -0.958165
518.616000   -0.954849
518.617000   -0.952627
518.618000   -0.951453
518.619000   -0.951209
518.620000   -0.951797
518.621000   -0.953214
518.622000   -0.955558
518.623000   -0.958965
518.624000   -0.963525
518.625000   -0.969199
518.626000   -0.975802
518.627000   -0.983025
518.628000   -0.990484
518.629000   -0.997806
518.630000   -1.004697
518.631000   -1.010977
518.632000   -1.016556
518.633000   -1.021393
518.634000   -1.025455
518.635000   -1.028706
518.636000   -1.031110
518.637000   -1.032659
518.638000   -1.033396
518.639000   -1.033434
518.640000   -1.032979
518.641000   -1.032329
518.642000   -1.031863
518.643000   -1.031968
518.644000   -1.032935
518.645000   -1.034908
518.646000   -1.037877
518.647000   -1.041702
518.648000   -1.046158
518.649000   -1.050993
518.650000   -1.055995
518.651000   -1.061047
518.652000   -1.066099
518.653000   -1.071090
518.654000   -1.075895
518.655000   -1.080314
518.656000   -1.084096
518.657000   -1.086958
518.658000   -1.088618
518.659000   -1.088861
518.660000   -1.087613
518.661000   -1.084961
518.662000   -1.081047
518.663000   -1.075967
518.664000   -1.069734
518.665000   -1.062281
518.666000   -1.053477
518.667000   -1.043154
518.668000   -1.031188
518.669000   -1.017653
518.670000   -1.002935
518.671000   -0.987660
518.672000   -0.972526
518.673000   -0.958182
518.674000   -0.945158
518.675000   -0.933810
518.676000   -0.924294
518.677000   -0.916579
518.678000   -0.910573
518.679000   -0.906274
518.680000   -0.903795
518.681000   -0.903240
518.682000   -0.904594
518.683000   -0.907672
518.684000   -0.912131
518.685000   -0.917475
518.686000   -0.923100
518.687000   -0.928374
518.688000   -0.932788
518.689000   -0.936050
518.690000   -0.938057
518.691000   -0.938825
518.692000   -0.938455
518.693000   -0.937111
518.694000   -0.934983
518.695000   -0.932261
518.696000   -0.929114
518.697000   -0.925746
518.698000   -0.922471
518.699000   -0.919696
518.700000   -0.917812
518.701000   -0.917102
518.702000   -0.917700
518.703000   -0.919581
518.704000   -0.922560
518.705000   -0.926318
518.706000   -0.930487
518.707000   -0.934806
518.708000   -0.939217
518.709000   -0.943806
518.710000   -0.948672
518.711000   -0.953844
518.712000   -0.959239
518.713000   -0.964642
518.714000   -0.969694
518.715000   -0.973927
518.716000   -0.976885
518.717000   -0.978277
518.718000   -0.977978
518.719000   -0.975915
518.720000   -0.971964
518.721000   -0.965926
518.722000   -0.957540
518.723000   -0.946513
518.724000   -0.932573
518.725000   -0.915573
518.726000   -0.895690
518.727000   -0.873526
518.728000   -0.849982
518.729000   -0.826026
518.730000   -0.802518
518.731000   -0.780122
518.732000   -0.759273
518.733000   -0.740178
518.734000   -0.722886
518.735000   -0.707472
518.736000   -0.694223
518.737000   -0.683626
518.738000   -0.676164
518.739000   -0.672125
518.740000   -0.671514
518.741000   -0.674045
518.742000   -0.679191
518.743000   -0.686258
518.744000   -0.694547
518.745000   -0.703548
518.746000   -0.713033
518.747000   -0.722973
518.748000   -0.733393
518.749000   -0.744282
518.750000   -0.755542
518.751000   -0.766979
518.752000   -0.778315
518.753000   -0.789247
518.754000   -0.799560
518.755000   -0.809240
518.756000   -0.818471
518.757000   -0.827568
518.758000   -0.836880
518.759000   -0.846703
518.760000   -0.857206
518.761000   -0.868396
518.762000   -0.880138
518.763000   -0.892240
518.764000   -0.904603
518.765000   -0.917317
518.766000   -0.930639
518.767000   -0.944858
518.768000   -0.960118
518.769000   -0.976295
518.770000   -0.992984
518.771000   -1.009542
518.772000   -1.025183
518.773000   -1.039146
518.774000   -1.050861
518.775000   -1.060016
518.776000   -1.066477
518.777000   -1.070145
518.778000   -1.070873
518.779000   -1.068470
518.780000   -1.062750
518.781000   -1.053586
518.782000   -1.041002
518.783000   -1.025292
518.784000   -1.007089
518.785000   -0.987276
518.786000   -0.966794
518.787000   -0.946452
518.788000   -0.926823
518.789000   -0.908209
518.790000   -0.890638
518.791000   -0.873950
518.792000   -0.857968
518.793000   -0.842687
518.794000   -0.828310
518.795000   -0.815120
518.796000   -0.803316
518.797000   -0.792921
518.798000   -0.783758
518.799000   -0.775468
518.800000   -0.767574
518.801000   -0.759612
518.802000   -0.751319
518.803000   -0.742756
518.804000   -0.734269
518.805000   -0.726310
518.806000   -0.719269
518.807000   -0.713374
518.808000   -0.708660
518.809000   -0.704966
518.810000   -0.701993
518.811000   -0.699436
518.812000   -0.697162
518.813000   -0.695290
518.814000   -0.694094
518.815000   -0.693836
518.816000   -0.694668
518.817000   -0.696599
518.818000   -0.699497
518.819000   -0.703105
518.820000   -0.707115
518.821000   -0.711304
518.822000   -0.715679
518.823000   -0.720481
518.824000   -0.726039
518.825000   -0.732606
518.826000   -0.740275
518.827000   -0.748939
518.828000   -0.758271
518.829000   -0.767750
518.830000   -0.776771
518.831000   -0.784837
518.832000   -0.791672
518.833000   -0.797167
518.834000   -0.801249
518.835000   -0.803805
518.836000   -0.804679
518.837000   -0.803701
518.838000   -0.800715
518.839000   -0.795658
518.840000   -0.788671
518.841000   -0.780182
518.842000   -0.770848
518.843000   -0.761374
518.844000   -0.752361
518.845000   -0.744239
518.846000   -0.737266
518.847000   -0.731566
518.848000   -0.727220
518.849000   -0.724381
518.850000   -0.723354
518.851000   -0.724533
518.852000   -0.728264
518.853000   -0.734732
518.854000   -0.743931
518.855000   -0.755678
518.856000   -0.769649
518.857000   -0.785425
518.858000   -0.802548
518.859000   -0.820554
518.860000   -0.838989
518.861000   -0.857394
518.862000   -0.875295
518.863000   -0.892185
518.864000   -0.907544
518.865000   -0.920865
518.866000   -0.931684
518.867000   -0.939607
518.868000   -0.944370
518.869000   -0.945917
518.870000   -0.944479
518.871000   -0.940536
518.872000   -0.934689
518.873000   -0.927550
518.874000   -0.919678
518.875000   -0.911545
518.876000   -0.903525
518.877000   -0.895921
518.878000   -0.889048
518.879000   -0.883340
518.880000   -0.879345
518.881000   -0.877573
518.882000   -0.878324
518.883000   -0.881628
518.884000   -0.887264
518.885000   -0.894810
518.886000   -0.903716
518.887000   -0.913396
518.888000   -0.923329
518.889000   -0.933088
518.890000   -0.942297
518.891000   -0.950584
518.892000   -0.957584
518.893000   -0.962981
518.894000   -0.966549
518.895000   -0.968174
518.896000   -0.967868
518.897000   -0.965769
518.898000   -0.962124
518.899000   -0.957273
518.900000   -0.951633
518.901000   -0.945684
518.902000   -0.939935
518.903000   -0.934876
518.904000   -0.930922
518.905000   -0.928366
518.906000   -0.927369
518.907000   -0.927989
518.908000   -0.930260
518.909000   -0.934247
518.910000   -0.940061
518.911000   -0.947827
518.912000   -0.957641
518.913000   -0.969511
518.914000   -0.983306
518.915000   -0.998727
518.916000   -1.015350
518.917000   -1.032728
518.918000   -1.050483
518.919000   -1.068294
518.920000   -1.085848
518.921000   -1.102786
518.922000   -1.118686
518.923000   -1.133059
518.924000   -1.145370
518.925000   -1.155086
518.926000   -1.161771
518.927000   -1.165173
518.928000   -1.165259
518.929000   -1.162185
518.930000   -1.156264
518.931000   -1.147927
518.932000   -1.137670
518.933000   -1.125984
518.934000   -1.113302
518.935000   -1.099979
518.936000   -1.086331
518.937000   -1.072703
518.938000   -1.059482
518.939000   -1.047070
518.940000   -1.035836
518.941000   -1.026067
518.942000   -1.017906
518.943000   -1.011311
518.944000   -1.006071
518.945000   -1.001874
518.946000   -0.998414
518.947000   -0.995453
518.948000   -0.992837
518.949000   -0.990492
518.950000   -0.988388
518.951000   -0.986501
518.952000   -0.984774
518.953000   -0.983097
518.954000   -0.981325
518.955000   -0.979321
518.956000   -0.977021
518.957000   -0.974465
518.958000   -0.971789
518.959000   -0.969192
518.960000   -0.966895
518.961000   -0.965105
518.962000   -0.963995
518.963000   -0.963694
518.964000   -0.964306
518.965000   -0.965951
518.966000   -0.968796
518.967000   -0.973041
518.968000   -0.978879
518.969000   -0.986436
518.970000   -0.995710
518.971000   -1.006529
518.972000   -1.018524
518.973000   -1.031159
518.974000   -1.043826
518.975000   -1.055980
518.976000   -1.067213
518.977000   -1.077225
518.978000   -1.085745
518.979000   -1.092466
518.980000   -1.097008
518.981000   -1.098931
518.982000   -1.097784
518.983000   -1.093217
518.984000   -1.085127
518.985000   -1.073729
518.986000   -1.059496
518.987000   -1.043024
518.988000   -1.024909
518.989000   -1.005656
518.990000   -0.985650
518.991000   -0.965155
518.992000   -0.944375
518.993000   -0.923549
518.994000   -0.903019
518.995000   -0.883214
518.996000   -0.864561
518.997000   -0.847398
518.998000   -0.831919
518.999000   -0.818165
519.000000   -0.806040
519.001000   -0.795367
519.001000   -0.795367
519.002000   -0.785969
519.003000   -0.777750
519.004000   -0.770695
519.005000   -0.764807
519.006000   -0.760038
519.007000   -0.756249
519.008000   -0.753203
519.009000   -0.750583
519.010000   -0.748024
519.011000   -0.745180
519.012000   -0.741796
519.013000   -0.737762
519.014000   -0.733121
519.015000   -0.728030
519.016000   -0.722704
519.017000   -0.717355
519.018000   -0.712167
519.019000   -0.707286
519.020000   -0.702832
519.021000   -0.698933
519.022000   -0.695777
519.023000   -0.693670
519.024000   -0.693050
519.025000   -0.694408
519.026000   -0.698156
519.027000   -0.704524
519.028000   -0.713494
519.029000   -0.724796
519.030000   -0.737954
519.031000   -0.752389
519.032000   -0.767547
519.033000   -0.782982
519.034000   -0.798335
519.035000   -0.813243
519.036000   -0.827255
519.037000   -0.839807
519.038000   -0.850263
519.039000   -0.857999
519.040000   -0.862513
519.041000   -0.863549
519.042000   -0.861148
519.043000   -0.855630
519.044000   -0.847480
519.045000   -0.837223
519.046000   -0.825338
519.047000   -0.812222
519.048000   -0.798208
519.049000   -0.783631
519.050000   -0.768908
519.051000   -0.754598
519.052000   -0.741383
519.053000   -0.729968
519.054000   -0.720963
519.055000   -0.714798
519.056000   -0.711688
519.057000   -0.711651
519.058000   -0.714550
519.059000   -0.720180
519.060000   -0.728349
519.061000   -0.738892
519.062000   -0.751609
519.063000   -0.766193
519.064000   -0.782205
519.065000   -0.799109
519.066000   -0.816333
519.067000   -0.833328
519.068000   -0.849620
519.069000   -0.864847
519.070000   -0.878765
519.071000   -0.891221
519.072000   -0.902144
519.073000   -0.911543
519.074000   -0.919505
519.075000   -0.926192
519.076000   -0.931825
519.077000   -0.936673
519.078000   -0.941040
519.079000   -0.945277
519.080000   -0.949820
519.081000   -0.955194
519.082000   -0.961960
519.083000   -0.970604
519.084000   -0.981448
519.085000   -0.994607
519.086000   -1.009976
519.087000   -1.027249
519.088000   -1.045978
519.089000   -1.065671
519.090000   -1.085874
519.091000   -1.106165
519.092000   -1.126071
519.093000   -1.145013
519.094000   -1.162317
519.095000   -1.177272
519.096000   -1.189191
519.097000   -1.197480
519.098000   -1.201719
519.099000   -1.201757
519.100000   -1.197733
519.101000   -1.189986
519.102000   -1.178928
519.103000   -1.164957
519.104000   -1.148415
519.105000   -1.129584
519.106000   -1.108692
519.107000   -1.085973
519.108000   -1.061782
519.109000   -1.036691
519.110000   -1.011464
519.111000   -0.986921
519.112000   -0.963805
519.113000   -0.942699
519.114000   -0.924006
519.115000   -0.907949
519.116000   -0.894619
519.117000   -0.884080
519.118000   -0.876499
519.119000   -0.872170
519.120000   -0.871394
519.121000   -0.874302
519.122000   -0.880759
519.123000   -0.890347
519.124000   -0.902399
519.125000   -0.916077
519.126000   -0.930488
519.127000   -0.944838
519.128000   -0.958536
519.129000   -0.971198
519.130000   -0.982570
519.131000   -0.992462
519.132000   -1.000746
519.133000   -1.007359
519.134000   -1.012316
519.135000   -1.015734
519.136000   -1.017857
519.137000   -1.019100
519.138000   -1.020029
519.139000   -1.021247
519.140000   -1.023271
519.141000   -1.026432
519.142000   -1.030844
519.143000   -1.036409
519.144000   -1.042850
519.145000   -1.049793
519.146000   -1.056894
519.147000   -1.063958
519.148000   -1.070943
519.149000   -1.077882
519.150000   -1.084777
519.151000   -1.091546
519.152000   -1.097992
519.153000   -1.103809
519.154000   -1.108603
519.155000   -1.111946
519.156000   -1.113461
519.157000   -1.112861
519.158000   -1.109918
519.159000   -1.104405
519.160000   -1.096092
519.161000   -1.084772
519.162000   -1.070304
519.163000   -1.052645
519.164000   -1.031879
519.165000   -1.008274
519.166000   -0.982339
519.167000   -0.954822
519.168000   -0.926630
519.169000   -0.898712
519.170000   -0.871966
519.171000   -0.847170
519.172000   -0.824935
519.173000   -0.805688
519.174000   -0.789688
519.175000   -0.777093
519.176000   -0.768011
519.177000   -0.762502
519.178000   -0.760528
519.179000   -0.761920
519.180000   -0.766384
519.181000   -0.773526
519.182000   -0.782894
519.183000   -0.794021
519.184000   -0.806479
519.185000   -0.819924
519.186000   -0.834112
519.187000   -0.848862
519.188000   -0.864036
519.189000   -0.879527
519.190000   -0.895266
519.191000   -0.911205
519.192000   -0.927299
519.193000   -0.943481
519.194000   -0.959648
519.195000   -0.975655
519.196000   -0.991330
519.197000   -1.006506
519.198000   -1.021046
519.199000   -1.034860
519.200000   -1.047908
519.201000   -1.060186
519.202000   -1.071717
519.203000   -1.082530
519.204000   -1.092657
519.205000   -1.102129
519.206000   -1.110971
519.207000   -1.119201
519.208000   -1.126809
519.209000   -1.133733
519.210000   -1.139831
519.211000   -1.144863
519.212000   -1.148501
519.213000   -1.150364
519.214000   -1.150086
519.215000   -1.147390
519.216000   -1.142141
519.217000   -1.134353
519.218000   -1.124144
519.219000   -1.111678
519.220000   -1.097125
519.221000   -1.080649
519.222000   -1.062441
519.223000   -1.042778
519.224000   -1.022069
519.225000   -1.000840
519.226000   -0.979687
519.227000   -0.959192
519.228000   -0.939843
519.229000   -0.921977
519.230000   -0.905761
519.231000   -0.891218
519.232000   -0.878305
519.233000   -0.866987
519.234000   -0.857285
519.235000   -0.849286
519.236000   -0.843122
519.237000   -0.838929
519.238000   -0.836787
519.239000   -0.836673
519.240000   -0.838441
519.241000   -0.841839
519.242000   -0.846558
519.243000   -0.852294
519.244000   -0.858799
519.245000   -0.865906
519.246000   -0.873520
519.247000   -0.881585
519.248000   -0.890026
519.249000   -0.898707
519.250000   -0.907421
519.251000   -0.915898
519.252000   -0.923849
519.253000   -0.931050
519.254000   -0.937426
519.255000   -0.943099
519.256000   -0.948356
519.257000   -0.953567
519.258000   -0.959092
519.259000   -0.965210
519.260000   -0.972083
519.261000   -0.979762
519.262000   -0.988235
519.263000   -0.997493
519.264000   -1.007586
519.265000   -1.018605
519.266000   -1.030602
519.267000   -1.043494
519.268000   -1.057011
519.269000   -1.070693
519.270000   -1.083931
519.271000   -1.096049
519.272000   -1.106400
519.273000   -1.114473
519.274000   -1.119949
519.275000   -1.122684
519.276000   -1.122653
519.277000   -1.119903
519.278000   -1.114550
519.279000   -1.106781
519.280000   -1.096872
519.281000   -1.085200
519.282000   -1.072266
519.283000   -1.058696
519.284000   -1.045201
519.285000   -1.032474
519.286000   -1.021103
519.287000   -1.011513
519.288000   -1.003960
519.289000   -0.998536
519.290000   -0.995196
519.291000   -0.993805
519.292000   -0.994236
519.293000   -0.996440
519.294000   -1.000438
519.295000   -1.006246
519.296000   -1.013810
519.297000   -1.022964
519.298000   -1.033425
519.299000   -1.044792
519.300000   -1.056587
519.301000   -1.068332
519.302000   -1.079650
519.303000   -1.090324
519.304000   -1.100254
519.305000   -1.109363
519.306000   -1.117533
519.307000   -1.124567
519.308000   -1.130191
519.309000   -1.134079
519.310000   -1.135913
519.311000   -1.135483
519.312000   -1.132778
519.313000   -1.128008
519.314000   -1.121549
519.315000   -1.113872
519.316000   -1.105487
519.317000   -1.096902
519.318000   -1.088569
519.319000   -1.080841
519.320000   -1.073969
519.321000   -1.068142
519.322000   -1.063532
519.323000   -1.060298
519.324000   -1.058547
519.325000   -1.058298
519.326000   -1.059451
519.327000   -1.061779
519.328000   -1.064917
519.329000   -1.068400
519.330000   -1.071745
519.331000   -1.074556
519.332000   -1.076587
519.333000   -1.077738
519.334000   -1.078010
519.335000   -1.077467
519.336000   -1.076212
519.337000   -1.074364
519.338000   -1.072043
519.339000   -1.069369
519.340000   -1.066505
519.341000   -1.063685
519.342000   -1.061213
519.343000   -1.059428
519.344000   -1.058652
519.345000   -1.059168
519.346000   -1.061189
519.347000   -1.064848
519.348000   -1.070190
519.349000   -1.077200
519.350000   -1.085840
519.351000   -1.096078
519.352000   -1.107888
519.353000   -1.121223
519.354000   -1.135990
519.355000   -1.152023
519.356000   -1.169054
519.357000   -1.186700
519.358000   -1.204464
519.359000   -1.221763
519.360000   -1.237981
519.361000   -1.252499
519.362000   -1.264719
519.363000   -1.274062
519.364000   -1.279968
519.365000   -1.281911
519.366000   -1.279428
519.367000   -1.272159
519.368000   -1.259905
519.369000   -1.242678
519.370000   -1.220740
519.371000   -1.194606
519.372000   -1.165003
519.373000   -1.132802
519.374000   -1.098912
519.375000   -1.064201
519.376000   -1.029451
519.377000   -0.995334
519.378000   -0.962425
519.379000   -0.931213
519.380000   -0.902119
519.381000   -0.875506
519.382000   -0.851664
519.383000   -0.830765
519.384000   -0.812808
519.385000   -0.797619
519.386000   -0.784892
519.387000   -0.774248
519.388000   -0.765294
519.389000   -0.757677
519.390000   -0.751128
519.391000   -0.745500
519.392000   -0.740752
519.393000   -0.736892
519.394000   -0.733918
519.395000   -0.731799
519.396000   -0.730495
519.397000   -0.729994
519.398000   -0.730343
519.399000   -0.731669
519.400000   -0.734192
519.401000   -0.738216
519.402000   -0.744081
519.403000   -0.752065
519.404000   -0.762322
519.405000   -0.774865
519.406000   -0.789607
519.407000   -0.806415
519.408000   -0.825164
519.409000   -0.845765
519.410000   -0.868198
519.411000   -0.892505
519.412000   -0.918708
519.413000   -0.946703
519.414000   -0.976176
519.415000   -1.006592
519.416000   -1.037227
519.417000   -1.067239
519.418000   -1.095747
519.419000   -1.121933
519.420000   -1.145131
519.421000   -1.164865
519.422000   -1.180799
519.423000   -1.192669
519.424000   -1.200245
519.425000   -1.203339
519.426000   -1.201836
519.427000   -1.195745
519.428000   -1.185259
519.429000   -1.170826
519.430000   -1.153171
519.431000   -1.133218
519.432000   -1.111928
519.433000   -1.090140
519.434000   -1.068486
519.435000   -1.047373
519.436000   -1.027026
519.437000   -1.007561
519.438000   -0.989064
519.439000   -0.971668
519.440000   -0.955576
519.441000   -0.941016
519.442000   -0.928155
519.443000   -0.917063
519.444000   -0.907718
519.445000   -0.900050
519.446000   -0.893980
519.447000   -0.889455
519.448000   -0.886464
519.449000   -0.885050
519.450000   -0.885280
519.451000   -0.887201
519.452000   -0.890804
519.453000   -0.896040
519.454000   -0.902847
519.455000   -0.911173
519.456000   -0.920980
519.457000   -0.932226
519.458000   -0.944887
519.459000   -0.958969
519.460000   -0.974523
519.461000   -0.991620
519.462000   -1.010342
519.463000   -1.030758
519.464000   -1.052909
519.465000   -1.076763
519.466000   -1.102193
519.467000   -1.128994
519.468000   -1.156925
519.469000   -1.185726
519.470000   -1.215065
519.471000   -1.244478
519.472000   -1.273348
519.473000   -1.300911
519.474000   -1.326285
519.475000   -1.348516
519.476000   -1.366678
519.477000   -1.380009
519.478000   -1.388032
519.479000   -1.390569
519.480000   -1.387692
519.481000   -1.379656
519.482000   -1.366856
519.483000   -1.349780
519.484000   -1.328961
519.485000   -1.304965
519.486000   -1.278435
519.487000   -1.250139
519.488000   -1.220949
519.489000   -1.191739
519.490000   -1.163285
519.491000   -1.136228
519.492000   -1.111060
519.493000   -1.088123
519.494000   -1.067608
519.495000   -1.049588
519.496000   -1.034100
519.497000   -1.021221
519.498000   -1.011065
519.499000   -1.003724
519.500000   -0.999217
519.501000   -0.997463
519.501000   -0.997463
519.502000   -0.998264
519.503000   -1.001286
519.504000   -1.006067
519.505000   -1.012088
519.506000   -1.018888
519.507000   -1.026166
519.508000   -1.033768
519.509000   -1.041619
519.510000   -1.049648
519.511000   -1.057756
519.512000   -1.065789
519.513000   -1.073535
519.514000   -1.080779
519.515000   -1.087422
519.516000   -1.093610
519.517000   -1.099760
519.518000   -1.106428
519.519000   -1.114149
519.520000   -1.123306
519.521000   -1.134085
519.522000   -1.146474
519.523000   -1.160311
519.524000   -1.175394
519.525000   -1.191614
519.526000   -1.209005
519.527000   -1.227641
519.528000   -1.247482
519.529000   -1.268265
519.530000   -1.289492
519.531000   -1.310461
519.532000   -1.330340
519.533000   -1.348251
519.534000   -1.363402
519.535000   -1.375190
519.536000   -1.383228
519.537000   -1.387297
519.538000   -1.387285
519.539000   -1.383168
519.540000   -1.374998
519.541000   -1.362877
519.542000   -1.346955
519.543000   -1.327442
519.544000   -1.304645
519.545000   -1.278998
519.546000   -1.251033
519.547000   -1.221325
519.548000   -1.190440
519.549000   -1.158906
519.550000   -1.127188
519.551000   -1.095679
519.552000   -1.064718
519.553000   -1.034658
519.554000   -1.005926
519.555000   -0.979057
519.556000   -0.954648
519.557000   -0.933264
519.558000   -0.915347
519.559000   -0.901152
519.560000   -0.890733
519.561000   -0.883949
519.562000   -0.880514
519.563000   -0.880060
519.564000   -0.882207
519.565000   -0.886589
519.566000   -0.892832
519.567000   -0.900506
519.568000   -0.909106
519.569000   -0.918070
519.570000   -0.926832
519.571000   -0.934893
519.572000   -0.941886
519.573000   -0.947633
519.574000   -0.952170
519.575000   -0.955715
519.576000   -0.958590
519.577000   -0.961144
519.578000   -0.963696
519.579000   -0.966496
519.580000   -0.969701
519.581000   -0.973384
519.582000   -0.977566
519.583000   -0.982273
519.584000   -0.987569
519.585000   -0.993554
519.586000   -1.000327
519.587000   -1.007930
519.588000   -1.016279
519.589000   -1.025122
519.590000   -1.034041
519.591000   -1.042521
519.592000   -1.050065
519.593000   -1.056302
519.594000   -1.061038
519.595000   -1.064239
519.596000   -1.065959
519.597000   -1.066241
519.598000   -1.065046
519.599000   -1.062218
519.600000   -1.057526
519.601000   -1.050744
519.602000   -1.041765
519.603000   -1.030678
519.604000   -1.017796
519.605000   -1.003620
519.606000   -0.988757
519.607000   -0.973817
519.608000   -0.959332
519.609000   -0.945715
519.610000   -0.933242
519.611000   -0.922093
519.612000   -0.912409
519.613000   -0.904365
519.614000   -0.898201
519.615000   -0.894210
519.616000   -0.892663
519.617000   -0.893727
519.618000   -0.897407
519.619000   -0.903520
519.620000   -0.911720
519.621000   -0.921551
519.622000   -0.932536
519.623000   -0.944250
519.624000   -0.956360
519.625000   -0.968600
519.626000   -0.980729
519.627000   -0.992493
519.628000   -1.003619
519.629000   -1.013831
519.630000   -1.022884
519.631000   -1.030611
519.632000   -1.036977
519.633000   -1.042096
519.634000   -1.046203
519.635000   -1.049587
519.636000   -1.052511
519.637000   -1.055165
519.638000   -1.057641
519.639000   -1.059944
519.640000   -1.062022
519.641000   -1.063831
519.642000   -1.065397
519.643000   -1.066836
519.644000   -1.068312
519.645000   -1.069965
519.646000   -1.071862
519.647000   -1.073969
519.648000   -1.076151
519.649000   -1.078180
519.650000   -1.079794
519.651000   -1.080782
519.652000   -1.081050
519.653000   -1.080607
519.654000   -1.079491
519.655000   -1.077682
519.656000   -1.075061
519.657000   -1.071403
519.658000   -1.066398
519.659000   -1.059714
519.660000   -1.051093
519.661000   -1.040471
519.662000   -1.028033
519.663000   -1.014195
519.664000   -0.999503
519.665000   -0.984545
519.666000   -0.969879
519.667000   -0.955994
519.668000   -0.943303
519.669000   -0.932164
519.670000   -0.922920
519.671000   -0.915929
519.672000   -0.911544
519.673000   -0.910032
519.674000   -0.911492
519.675000   -0.915796
519.676000   -0.922574
519.677000   -0.931252
519.678000   -0.941120
519.679000   -0.951424
519.680000   -0.961482
519.681000   -0.970756
519.682000   -0.978863
519.683000   -0.985525
519.684000   -0.990508
519.685000   -0.993592
519.686000   -0.994567
519.687000   -0.993251
519.688000   -0.989545
519.689000   -0.983517
519.690000   -0.975470
519.691000   -0.965926
519.692000   -0.955500
519.693000   -0.944765
519.694000   -0.934150
519.695000   -0.923910
519.696000   -0.914142
519.697000   -0.904850
519.698000   -0.896033
519.699000   -0.887793
519.700000   -0.880363
519.701000   -0.874051
519.702000   -0.869128
519.703000   -0.865753
519.704000   -0.863938
519.705000   -0.863546
519.706000   -0.864323
519.707000   -0.865939
519.708000   -0.868040
519.709000   -0.870301
519.710000   -0.872437
519.711000   -0.874188
519.712000   -0.875286
519.713000   -0.875447
519.714000   -0.874379
519.715000   -0.871801
519.716000   -0.867465
519.717000   -0.861199
519.718000   -0.852967
519.719000   -0.842945
519.720000   -0.831550
519.721000   -0.819404
519.722000   -0.807255
519.723000   -0.795874
519.724000   -0.785955
519.725000   -0.778047
519.726000   -0.772519
519.727000   -0.769595
519.728000   -0.769437
519.729000   -0.772216
519.730000   -0.778125
519.731000   -0.787334
519.732000   -0.799922
519.733000   -0.815821
519.734000   -0.834767
519.735000   -0.856301
519.736000   -0.879795
519.737000   -0.904536
519.738000   -0.929797
519.739000   -0.954883
519.740000   -0.979155
519.741000   -1.002025
519.742000   -1.022952
519.743000   -1.041430
519.744000   -1.056982
519.745000   -1.069165
519.746000   -1.077603
519.747000   -1.082021
519.748000   -1.082280
519.749000   -1.078403
519.750000   -1.070602
519.751000   -1.059275
519.752000   -1.044986
519.753000   -1.028419
519.754000   -1.010338
519.755000   -0.991552
519.756000   -0.972882
519.757000   -0.955126
519.758000   -0.939019
519.759000   -0.925198
519.760000   -0.914172
519.761000   -0.906282
519.762000   -0.901667
519.763000   -0.900250
519.764000   -0.901744
519.765000   -0.905688
519.766000   -0.911519
519.767000   -0.918634
519.768000   -0.926453
519.769000   -0.934441
519.770000   -0.942109
519.771000   -0.948995
519.772000   -0.954663
519.773000   -0.958715
519.774000   -0.960823
519.775000   -0.960776
519.776000   -0.958523
519.777000   -0.954205
519.778000   -0.948147
519.779000   -0.940808
519.780000   -0.932715
519.781000   -0.924386
519.782000   -0.916294
519.783000   -0.908853
519.784000   -0.902445
519.785000   -0.897462
519.786000   -0.894334
519.787000   -0.893524
519.788000   -0.895489
519.789000   -0.900602
519.790000   -0.909082
519.791000   -0.920942
519.792000   -0.936005
519.793000   -0.953949
519.794000   -0.974375
519.795000   -0.996861
519.796000   -1.020977
519.797000   -1.046276
519.798000   -1.072267
519.799000   -1.098384
519.800000   -1.123977
519.801000   -1.148337
519.802000   -1.170759
519.803000   -1.190608
519.804000   -1.207366
519.805000   -1.220650
519.806000   -1.230202
519.807000   -1.235889
519.808000   -1.237708
519.809000   -1.235792
519.810000   -1.230415
519.811000   -1.221998
519.812000   -1.211109
519.813000   -1.198446
519.814000   -1.184804
519.815000   -1.171029
519.816000   -1.157955
519.817000   -1.146331
519.818000   -1.136751
519.819000   -1.129595
519.820000   -1.125019
519.821000   -1.122964
519.822000   -1.123210
519.823000   -1.125437
519.824000   -1.129294
519.825000   -1.134442
519.826000   -1.140552
519.827000   -1.147269
519.828000   -1.154173
519.829000   -1.160786
519.830000   -1.166602
519.831000   -1.171128
519.832000   -1.173927
519.833000   -1.174664
519.834000   -1.173149
519.835000   -1.169364
519.836000   -1.163435
519.837000   -1.155589
519.838000   -1.146119
519.839000   -1.135365
519.840000   -1.123709
519.841000   -1.111568
519.842000   -1.099397
519.843000   -1.087700
519.844000   -1.077035
519.845000   -1.067987
519.846000   -1.061103
519.847000   -1.056822
519.848000   -1.055431
519.849000   -1.057039
519.850000   -1.061580
519.851000   -1.068837
519.852000   -1.078484
519.853000   -1.090131
519.854000   -1.103342
519.855000   -1.117625
519.856000   -1.132421
519.857000   -1.147095
519.858000   -1.160961
519.859000   -1.173312
519.860000   -1.183477
519.861000   -1.190885
519.862000   -1.195112
519.863000   -1.195915
519.864000   -1.193234
519.865000   -1.187184
519.866000   -1.178029
519.867000   -1.166151
519.868000   -1.152002
519.869000   -1.136063
519.870000   -1.118818
519.871000   -1.100750
519.872000   -1.082370
519.873000   -1.064236
519.874000   -1.046955
519.875000   -1.031130
519.876000   -1.017297
519.877000   -1.005856
519.878000   -0.997022
519.879000   -0.990813
519.880000   -0.987073
519.881000   -0.985537
519.882000   -0.985914
519.883000   -0.987928
519.884000   -0.991316
519.885000   -0.995799
519.886000   -1.001046
519.887000   -1.006670
519.888000   -1.012227
519.889000   -1.017251
519.890000   -1.021316
519.891000   -1.024108
519.892000   -1.025472
519.893000   -1.025401
519.894000   -1.023975
519.895000   -1.021305
519.896000   -1.017488
519.897000   -1.012589
519.898000   -1.006655
519.899000   -0.999739
519.900000   -0.991957
519.901000   -0.983523
519.902000   -0.974754
519.903000   -0.966015
519.904000   -0.957662
519.905000   -0.949990
519.906000   -0.943215
519.907000   -0.937465
519.908000   -0.932807
519.909000   -0.929272
519.910000   -0.926880
519.911000   -0.925630
519.912000   -0.925467
519.913000   -0.926234
519.914000   -0.927651
519.915000   -0.929328
519.916000   -0.930808
519.917000   -0.931627
519.918000   -0.931362
519.919000   -0.929668
519.920000   -0.926280
519.921000   -0.921005
519.922000   -0.913709
519.923000   -0.904322
519.924000   -0.892839
519.925000   -0.879322
519.926000   -0.863914
519.927000   -0.846835
519.928000   -0.828385
519.929000   -0.808951
519.930000   -0.789012
519.931000   -0.769114
519.932000   -0.749826
519.933000   -0.731682
519.934000   -0.715135
519.935000   -0.700537
519.936000   -0.688146
519.937000   -0.678158
519.938000   -0.670751
519.939000   -0.666116
519.940000   -0.664440
519.941000   -0.665854
519.942000   -0.670367
519.943000   -0.677825
519.944000   -0.687912
519.945000   -0.700182
519.946000   -0.714131
519.947000   -0.729275
519.948000   -0.745224
519.949000   -0.761689
519.950000   -0.778452
519.951000   -0.795302
519.952000   -0.811994
519.953000   -0.828234
519.954000   -0.843685
519.955000   -0.858014
519.956000   -0.870948
519.957000   -0.882338
519.958000   -0.892203
519.959000   -0.900725
519.960000   -0.908216
519.961000   -0.915052
