516.934000   -1.085507
516.935000   -1.084508
516.936000   -1.082859
516.937000   -1.080650
516.938000   -1.078036
516.939000   -1.075259
516.940000   -1.072642
516.941000   -1.070562
516.942000   -1.069418
516.943000   -1.069566
516.944000   -1.071247
516.945000   -1.074533
516.946000   -1.079340
516.947000   -1.085483
516.948000   -1.092710
516.949000   -1.100707
516.950000   -1.109111
516.951000   -1.117523
516.952000   -1.125528
516.953000   -1.132718
516.954000   -1.138715
516.955000   -1.143199
516.956000   -1.145928
516.957000   -1.146756
516.958000   -1.145645
516.959000   -1.142679
516.960000   -1.138071
516.961000   -1.132154
516.962000   -1.125339
516.963000   -1.118044
516.964000   -1.110593
516.965000   -1.103160
516.966000   -1.095776
516.967000   -1.088400
516.968000   -1.081003
516.969000   -1.073645
516.970000   -1.066515
516.971000   -1.059914
516.972000   -1.054176
516.973000   -1.049527
516.974000   -1.045985
516.975000   -1.043402
516.976000   -1.041586
516.977000   -1.040422
516.978000   -1.039932
516.979000   -1.040305
516.980000   -1.041858
516.981000   -1.044928
516.982000   -1.049705
516.983000   -1.056128
516.984000   -1.063927
516.985000   -1.072731
516.986000   -1.082153
516.987000   -1.091837
516.988000   -1.101496
516.989000   -1.110926
516.990000   -1.119996
516.991000   -1.128608
516.992000   -1.136662
516.993000   -1.144059
516.994000   -1.150733
516.995000   -1.156668
516.996000   -1.161933
516.997000   -1.166709
516.998000   -1.171306
516.999000   -1.176142
517.000000   -1.181676
517.001000   -1.188292
517.002000   -1.196175
517.003000   -1.205270
517.004000   -1.215340
517.005000   -1.226071
517.006000   -1.237167
517.007000   -1.248408
517.008000   -1.259680
517.009000   -1.270933
517.010000   -1.282069
517.011000   -1.292793
517.012000   -1.302588
517.013000   -1.310874
517.014000   -1.317209
517.015000   -1.321409
517.016000   -1.323582
517.017000   -1.324088
517.018000   -1.323428
517.019000   -1.322073
517.020000   -1.320287
517.021000   -1.318096
517.022000   -1.315429
517.023000   -1.312266
517.024000   -1.308692
517.025000   -1.304870
517.026000   -1.300999
517.027000   -1.297262
517.028000   -1.293762
517.029000   -1.290479
517.030000   -1.287301
517.031000   -1.284139
517.032000   -1.281035
517.033000   -1.278166
517.034000   -1.275797
517.035000   -1.274239
517.036000   -1.273799
517.037000   -1.274740
517.038000   -1.277217
517.039000   -1.281212
517.040000   -1.286515
517.041000   -1.292779
517.042000   -1.299608
517.043000   -1.306609
517.044000   -1.313436
517.045000   -1.319828
517.046000   -1.325629
517.047000   -1.330767
517.048000   -1.335196
517.049000   -1.338825
517.050000   -1.341552
517.051000   -1.343364
517.052000   -1.344397
517.053000   -1.344929
517.054000   -1.345330
517.055000   -1.346009
517.056000   -1.347339
517.057000   -1.349561
517.058000   -1.352732
517.059000   -1.356782
517.060000   -1.361657
517.061000   -1.367373
517.062000   -1.373955
517.063000   -1.381354
517.064000   -1.389434
517.065000   -1.397985
517.066000   -1.406739
517.067000   -1.415394
517.068000   -1.423673
517.069000   -1.431456
517.070000   -1.438852
517.071000   -1.446092
517.072000   -1.453354
517.073000   -1.460689
517.074000   -1.468025
517.075000   -1.475196
517.076000   -1.481957
517.077000   -1.487972
517.078000   -1.492830
517.079000   -1.496105
517.080000   -1.497411
517.081000   -1.496439
517.082000   -1.493009
517.083000   -1.487135
517.084000   -1.479043
517.085000   -1.469108
517.086000   -1.457731
517.087000   -1.445237
517.088000   -1.431905
517.089000   -1.418057
517.090000   -1.404065
517.091000   -1.390272
517.092000   -1.376948
517.093000   -1.364276
517.094000   -1.352333
517.095000   -1.341054
517.096000   -1.330234
517.097000   -1.319588
517.098000   -1.308856
517.099000   -1.297879
517.100000   -1.286598
517.101000   -1.275051
517.102000   -1.263380
517.103000   -1.251815
517.104000   -1.240634
517.105000   -1.230095
517.106000   -1.220407
517.107000   -1.211785
517.108000   -1.204549
517.109000   -1.199108
517.110000   -1.195848
517.111000   -1.195036
517.112000   -1.196789
517.113000   -1.201051
517.114000   -1.207578
517.115000   -1.215937
517.116000   -1.225554
517.117000   -1.235776
517.118000   -1.245917
517.119000   -1.255315
517.120000   -1.263431
517.121000   -1.269920
517.122000   -1.274657
517.123000   -1.277705
517.124000   -1.279252
517.125000   -1.279530
517.126000   -1.278777
517.127000   -1.277265
517.128000   -1.275341
517.129000   -1.273394
517.130000   -1.271789
517.131000   -1.270776
517.132000   -1.270431
517.133000   -1.270619
517.134000   -1.271031
517.135000   -1.271298
517.136000   -1.271148
517.137000   -1.270481
517.138000   -1.269340
517.139000   -1.267847
517.140000   -1.266162
517.141000   -1.264442
517.142000   -1.262801
517.143000   -1.261285
517.144000   -1.259911
517.145000   -1.258771
517.146000   -1.258115
517.147000   -1.258287
517.148000   -1.259570
517.149000   -1.262056
517.150000   -1.265569
517.151000   -1.269659
517.152000   -1.273651
517.153000   -1.276764
517.154000   -1.278288
517.155000   -1.277742
517.156000   -1.274918
517.157000   -1.269811
517.158000   -1.262520
517.159000   -1.253199
517.160000   -1.242046
517.161000   -1.229310
517.162000   -1.215308
517.163000   -1.200477
517.164000   -1.185449
517.165000   -1.171080
517.166000   -1.158312
517.167000   -1.147949
517.168000   -1.140500
517.169000   -1.136129
517.170000   -1.134682
517.171000   -1.135773
517.172000   -1.138894
517.173000   -1.143553
517.174000   -1.149369
517.175000   -1.156056
517.176000   -1.163334
517.177000   -1.170870
517.178000   -1.178282
517.179000   -1.185182
517.180000   -1.191233
517.181000   -1.196193
517.182000   -1.199968
517.183000   -1.202654
517.184000   -1.204543
517.185000   -1.206028
517.186000   -1.207451
517.187000   -1.208996
517.188000   -1.210660
517.189000   -1.212289
517.190000   -1.213653
517.191000   -1.214521
517.191000   -1.214521
517.192000   -1.214755
517.193000   -1.214363
517.194000   -1.213486
517.195000   -1.212346
517.196000   -1.211218
517.197000   -1.210413
517.198000   -1.210267
517.199000   -1.211107
517.200000   -1.213209
517.201000   -1.216794
517.202000   -1.222058
517.203000   -1.229195
517.204000   -1.238350
517.205000   -1.249538
517.206000   -1.262582
517.207000   -1.277106
517.208000   -1.292562
517.209000   -1.308292
517.210000   -1.323636
517.211000   -1.338074
517.212000   -1.351323
517.213000   -1.363313
517.214000   -1.374082
517.215000   -1.383678
517.216000   -1.392130
517.217000   -1.399444
517.218000   -1.405627
517.219000   -1.410709
517.220000   -1.414810
517.221000   -1.418192
517.222000   -1.421239
517.223000   -1.424326
517.224000   -1.427676
517.225000   -1.431312
517.226000   -1.435081
517.227000   -1.438707
517.228000   -1.441841
517.229000   -1.444118
517.230000   -1.445228
517.231000   -1.444955
517.232000   -1.443155
517.233000   -1.439735
517.234000   -1.434679
517.235000   -1.428085
517.236000   -1.420183
517.237000   -1.411314
517.238000   -1.401907
517.239000   -1.392475
517.240000   -1.383621
517.241000   -1.375983
517.242000   -1.370105
517.243000   -1.366321
517.244000   -1.364698
517.245000   -1.365051
517.246000   -1.366987
517.247000   -1.369998
517.248000   -1.373604
517.249000   -1.377497
517.250000   -1.381542
517.251000   -1.385635
517.252000   -1.389593
517.253000   -1.393156
517.254000   -1.396048
517.255000   -1.398054
517.256000   -1.399059
517.257000   -1.399084
517.258000   -1.398318
517.259000   -1.397155
517.260000   -1.396125
517.261000   -1.395735
517.262000   -1.396310
517.263000   -1.397936
517.264000   -1.400465
517.265000   -1.403571
517.266000   -1.406826
517.267000   -1.409838
517.268000   -1.412399
517.269000   -1.414510
517.270000   -1.416252
517.271000   -1.417653
517.272000   -1.418671
517.273000   -1.419243
517.274000   -1.419319
517.275000   -1.418881
517.276000   -1.417957
517.277000   -1.416660
517.278000   -1.415231
517.279000   -1.413972
517.280000   -1.413112
517.281000   -1.412704
517.282000   -1.412619
517.283000   -1.412583
517.284000   -1.412224
517.285000   -1.411141
517.286000   -1.409009
517.287000   -1.405689
517.288000   -1.401224
517.289000   -1.395696
517.290000   -1.389122
517.291000   -1.381477
517.292000   -1.372776
517.293000   -1.363130
517.294000   -1.352768
517.295000   -1.342047
517.296000   -1.331451
517.297000   -1.321495
517.298000   -1.312546
517.299000   -1.304694
517.300000   -1.297795
517.301000   -1.291575
517.302000   -1.285709
517.303000   -1.279870
517.304000   -1.273787
517.305000   -1.267315
517.306000   -1.260449
517.307000   -1.253211
517.308000   -1.245545
517.309000   -1.237319
517.310000   -1.228421
517.311000   -1.218828
517.312000   -1.208641
517.313000   -1.198094
517.314000   -1.187550
517.315000   -1.177520
517.316000   -1.168611
517.317000   -1.161361
517.318000   -1.156042
517.319000   -1.152611
517.320000   -1.150783
517.321000   -1.150136
517.322000   -1.150194
517.323000   -1.150527
517.324000   -1.150898
517.325000   -1.151318
517.326000   -1.151819
517.327000   -1.152155
517.328000   -1.151826
517.329000   -1.150340
517.330000   -1.147412
517.331000   -1.143032
517.332000   -1.137451
517.333000   -1.131110
517.334000   -1.124504
517.335000   -1.117976
517.336000   -1.111593
517.337000   -1.105197
517.338000   -1.098569
517.339000   -1.091549
517.340000   -1.084066
517.341000   -1.076133
517.342000   -1.067826
517.343000   -1.059300
517.344000   -1.050813
517.345000   -1.042668
517.346000   -1.035067
517.347000   -1.028071
517.348000   -1.021667
517.349000   -1.015858
517.350000   -1.010712
517.351000   -1.006401
517.352000   -1.003231
517.353000   -1.001658
517.354000   -1.002148
517.355000   -1.004887
517.356000   -1.009638
517.357000   -1.015924
517.358000   -1.023261
517.359000   -1.031295
517.360000   -1.039844
517.361000   -1.048907
517.362000   -1.058611
517.363000   -1.068972
517.364000   -1.079565
517.365000   -1.089455
517.366000   -1.097540
517.367000   -1.102933
517.368000   -1.105161
517.369000   -1.104231
517.370000   -1.100626
517.371000   -1.095206
517.372000   -1.088975
517.373000   -1.082737
517.374000   -1.076905
517.375000   -1.071624
517.376000   -1.066997
517.377000   -1.063163
517.378000   -1.060295
517.379000   -1.058577
517.380000   -1.058203
517.381000   -1.059372
517.382000   -1.062238
517.383000   -1.066813
517.384000   -1.072931
517.385000   -1.080333
517.386000   -1.088767
517.387000   -1.098040
517.388000   -1.108036
517.389000   -1.118725
517.390000   -1.130164
517.391000   -1.142432
517.392000   -1.155470
517.393000   -1.168894
517.394000   -1.182026
517.395000   -1.194094
517.396000   -1.204420
517.397000   -1.212539
517.398000   -1.218280
517.399000   -1.221805
517.400000   -1.223562
517.401000   -1.224114
517.402000   -1.223896
517.403000   -1.223173
517.404000   -1.222191
517.405000   -1.221271
517.406000   -1.220791
517.407000   -1.221132
517.408000   -1.222626
517.409000   -1.225514
517.410000   -1.229894
517.411000   -1.235696
517.412000   -1.242729
517.413000   -1.250761
517.414000   -1.259558
517.415000   -1.268886
517.416000   -1.278512
517.417000   -1.288223
517.418000   -1.297844
517.419000   -1.307261
517.420000   -1.316440
517.421000   -1.325435
517.422000   -1.334346
517.423000   -1.343276
517.424000   -1.352301
517.425000   -1.361458
517.426000   -1.370742
517.427000   -1.380107
517.428000   -1.389474
517.429000   -1.398732
517.430000   -1.407696
517.431000   -1.415996
517.432000   -1.423055
517.433000   -1.428246
517.434000   -1.431097
517.435000   -1.431387
517.436000   -1.429152
517.437000   -1.424642
517.438000   -1.418230
517.439000   -1.410266
517.440000   -1.400954
517.441000   -1.390389
517.442000   -1.378714
517.443000   -1.366211
517.444000   -1.353278
517.445000   -1.340388
517.446000   -1.328019
517.447000   -1.316595
517.448000   -1.306402
517.449000   -1.297535
517.450000   -1.289946
517.451000   -1.283582
517.452000   -1.278471
517.453000   -1.274706
517.454000   -1.272403
517.455000   -1.271667
517.456000   -1.272563
517.457000   -1.275083
517.458000   -1.279100
517.459000   -1.284361
517.460000   -1.290551
517.461000   -1.297399
517.462000   -1.304686
517.463000   -1.312198
517.464000   -1.319719
517.465000   -1.327068
517.466000   -1.334129
517.467000   -1.340832
517.468000   -1.347081
517.469000   -1.352687
517.470000   -1.357398
517.471000   -1.361013
517.472000   -1.363458
517.473000   -1.364827
517.474000   -1.365375
517.475000   -1.365497
517.476000   -1.365656
517.477000   -1.366270
517.478000   -1.367599
517.479000   -1.369741
517.480000   -1.372764
517.481000   -1.376780
517.482000   -1.381919
517.483000   -1.388267
517.484000   -1.395829
517.485000   -1.404508
517.486000   -1.414073
517.487000   -1.424142
517.488000   -1.434213
517.489000   -1.443754
517.490000   -1.452278
517.491000   -1.459357
517.492000   -1.464621
517.493000   -1.467784
517.494000   -1.468671
517.495000   -1.467239
517.496000   -1.463562
517.497000   -1.457791
517.498000   -1.450107
517.499000   -1.440689
517.500000   -1.429700
517.501000   -1.417284
517.502000   -1.403589
517.503000   -1.388788
517.504000   -1.373090
517.505000   -1.356728
517.506000   -1.339925
517.507000   -1.322857
517.508000   -1.305655
517.509000   -1.288435
517.510000   -1.271334
517.511000   -1.254535
517.512000   -1.238275
517.513000   -1.222839
517.514000   -1.208521
517.515000   -1.195575
517.516000   -1.184196
517.517000   -1.174543
517.518000   -1.166758
517.519000   -1.160924
517.520000   -1.157016
517.521000   -1.154894
517.522000   -1.154326
517.523000   -1.155018
517.524000   -1.156636
517.525000   -1.158829
517.526000   -1.161224
517.527000   -1.163400
517.528000   -1.164876
517.529000   -1.165204
517.530000   -1.164087
517.531000   -1.161475
517.532000   -1.157571
517.533000   -1.152805
517.534000   -1.147738
517.535000   -1.142937
517.536000   -1.138847
517.537000   -1.135752
517.538000   -1.133818
517.539000   -1.133148
517.540000   -1.133783
517.541000   -1.135695
517.542000   -1.138771
517.543000   -1.142799
517.544000   -1.147466
517.545000   -1.152371
517.546000   -1.157068
517.547000   -1.161105
517.548000   -1.164078
517.549000   -1.165674
517.550000   -1.165715
517.551000   -1.164172
517.552000   -1.161163
517.553000   -1.156917
517.554000   -1.151721
517.555000   -1.145868
517.556000   -1.139619
517.557000   -1.133188
517.558000   -1.126732
517.559000   -1.120344
517.560000   -1.114053
517.561000   -1.107834
517.562000   -1.101625
517.563000   -1.095336
517.564000   -1.088849
517.565000   -1.082013
517.566000   -1.074642
517.567000   -1.066571
517.568000   -1.057716
517.569000   -1.048121
517.570000   -1.037970
517.571000   -1.027570
517.572000   -1.017297
517.573000   -1.007541
517.574000   -0.998640
517.575000   -0.990877
517.576000   -0.984476
517.577000   -0.979593
517.578000   -0.976300
517.579000   -0.974574
517.580000   -0.974298
517.581000   -0.975277
517.582000   -0.977260
517.583000   -0.979980
517.584000   -0.983191
517.585000   -0.986668
517.586000   -0.990198
517.587000   -0.993590
517.588000   -0.996715
517.589000   -0.999536
517.590000   -1.002126
517.591000   -1.004650
517.592000   -1.007326
517.593000   -1.010377
517.594000   -1.013982
517.595000   -1.018245
517.596000   -1.023180
517.597000   -1.028715
517.598000   -1.034713
517.599000   -1.040992
517.600000   -1.047337
517.601000   -1.053498
517.602000   -1.059185
517.603000   -1.064066
517.604000   -1.067784
517.605000   -1.069998
517.606000   -1.070453
517.607000   -1.069025
517.608000   -1.065750
517.609000   -1.060812
517.610000   -1.054500
517.611000   -1.047153
517.612000   -1.039134
517.613000   -1.030820
517.614000   -1.022554
517.615000   -1.014613
517.616000   -1.007184
517.617000   -1.000380
517.618000   -0.994244
517.619000   -0.988771
517.620000   -0.983944
517.621000   -0.979819
517.622000   -0.976537
517.623000   -0.974216
517.624000   -0.972859
517.625000   -0.972394
517.626000   -0.972748
517.627000   -0.973919
517.628000   -0.975990
517.629000   -0.979114
517.630000   -0.983467
517.631000   -0.989187
517.632000   -0.996309
517.633000   -1.004764
517.634000   -1.014423
517.635000   -1.025152
517.636000   -1.036832
517.637000   -1.049355
517.638000   -1.062596
517.639000   -1.076386
517.640000   -1.090499
517.641000   -1.104662
517.642000   -1.118556
517.643000   -1.131861
517.644000   -1.144337
517.645000   -1.155887
517.646000   -1.166569
517.647000   -1.176570
517.648000   -1.186145
517.649000   -1.195560
517.650000   -1.205031
517.651000   -1.214672
517.652000   -1.224499
517.653000   -1.234465
517.654000   -1.244500
517.655000   -1.254493
517.656000   -1.264256
517.657000   -1.273515
517.658000   -1.281970
517.659000   -1.289409
517.660000   -1.295790
517.661000   -1.301179
517.662000   -1.305674
517.663000   -1.309370
517.664000   -1.312355
517.665000   -1.314686
517.666000   -1.316369
517.667000   -1.317370
517.668000   -1.317680
517.669000   -1.317397
517.670000   -1.316678
517.671000   -1.315603
517.672000   -1.314100
517.673000   -1.312000
517.674000   -1.309113
517.675000   -1.305265
517.676000   -1.300330
517.677000   -1.294297
517.678000   -1.287359
517.679000   -1.279901
517.680000   -1.272308
517.681000   -1.264855
517.682000   -1.257743
517.683000   -1.251152
517.684000   -1.245254
517.685000   -1.240189
517.686000   -1.236058
517.687000   -1.232938
517.688000   -1.230922
517.689000   -1.230142
517.690000   -1.230727
517.691000   -1.232752
517.691000   -1.232752
517.692000   -1.236191
517.693000   -1.240910
517.694000   -1.246653
517.695000   -1.253069
517.696000   -1.259751
517.697000   -1.266363
517.698000   -1.272775
517.699000   -1.279104
517.700000   -1.285586
517.701000   -1.292422
517.702000   -1.299705
517.703000   -1.307403
517.704000   -1.315388
517.705000   -1.323472
517.706000   -1.331470
517.707000   -1.339224
517.708000   -1.346552
517.709000   -1.353150
517.710000   -1.358574
517.711000   -1.362338
517.712000   -1.364011
517.713000   -1.363303
517.714000   -1.360114
517.715000   -1.354560
517.716000   -1.346967
517.717000   -1.337779
517.718000   -1.327394
517.719000   -1.316046
517.720000   -1.303850
517.721000   -1.290884
517.722000   -1.277252
517.723000   -1.263100
517.724000   -1.248623
517.725000   -1.234057
517.726000   -1.219626
517.727000   -1.205456
517.728000   -1.191512
517.729000   -1.177666
517.730000   -1.163811
517.731000   -1.149932
517.732000   -1.136131
517.733000   -1.122623
517.734000   -1.109727
517.735000   -1.097842
517.736000   -1.087384
517.737000   -1.078697
517.738000   -1.071982
517.739000   -1.067293
517.740000   -1.064564
517.741000   -1.063625
517.742000   -1.064235
517.743000   -1.066122
517.744000   -1.069015
517.745000   -1.072668
517.746000   -1.076826
517.747000   -1.081173
517.748000   -1.085351
517.749000   -1.089044
517.750000   -1.092067
517.751000   -1.094404
517.752000   -1.096209
517.753000   -1.097779
517.754000   -1.099487
517.755000   -1.101688
517.756000   -1.104633
517.757000   -1.108436
517.758000   -1.113123
517.759000   -1.118661
517.760000   -1.124967
517.761000   -1.131893
517.762000   -1.139230
517.763000   -1.146707
517.764000   -1.154014
517.765000   -1.160825
517.766000   -1.166849
517.767000   -1.171871
517.768000   -1.175779
517.769000   -1.178575
517.770000   -1.180360
517.771000   -1.181323
517.772000   -1.181710
517.773000   -1.181795
517.774000   -1.181829
517.775000   -1.181994
517.776000   -1.182382
517.777000   -1.182984
517.778000   -1.183717
517.779000   -1.184462
517.780000   -1.185081
517.781000   -1.185425
517.782000   -1.185324
517.783000   -1.184578
517.784000   -1.182968
517.785000   -1.180297
517.786000   -1.176444
517.787000   -1.171417
517.788000   -1.165380
517.789000   -1.158664
517.790000   -1.151743
517.791000   -1.145195
517.792000   -1.139629
517.793000   -1.135619
517.794000   -1.133630
517.795000   -1.133976
517.796000   -1.136799
517.797000   -1.142082
517.798000   -1.149688
517.799000   -1.159397
517.800000   -1.170948
517.801000   -1.184051
517.802000   -1.198384
517.803000   -1.213590
517.804000   -1.229294
517.805000   -1.245121
517.806000   -1.260726
517.807000   -1.275823
517.808000   -1.290210
517.809000   -1.303790
517.810000   -1.316558
517.811000   -1.328539
517.812000   -1.339722
517.813000   -1.350027
517.814000   -1.359322
517.815000   -1.367466
517.816000   -1.374354
517.817000   -1.379934
517.818000   -1.384198
517.819000   -1.387146
517.820000   -1.388721
517.821000   -1.388793
517.822000   -1.387210
517.823000   -1.383885
517.824000   -1.378855
517.825000   -1.372294
517.826000   -1.364505
517.827000   -1.355891
517.828000   -1.346912
517.829000   -1.338029
517.830000   -1.329662
517.831000   -1.322143
517.832000   -1.315696
517.833000   -1.310429
517.834000   -1.306346
517.835000   -1.303366
517.836000   -1.301352
517.837000   -1.300145
517.838000   -1.299594
517.839000   -1.299598
517.840000   -1.300122
517.841000   -1.301184
517.842000   -1.302810
517.843000   -1.304995
517.844000   -1.307695
517.845000   -1.310831
517.846000   -1.314304
517.847000   -1.318014
517.848000   -1.321908
517.849000   -1.326011
517.850000   -1.330406
517.851000   -1.335159
517.852000   -1.340277
517.853000   -1.345709
517.854000   -1.351372
517.855000   -1.357186
517.856000   -1.363103
517.857000   -1.369119
517.858000   -1.375266
517.859000   -1.381587
517.860000   -1.388132
517.861000   -1.394967
517.862000   -1.402169
517.863000   -1.409814
517.864000   -1.417955
517.865000   -1.426604
517.866000   -1.435703
517.867000   -1.445097
517.868000   -1.454538
517.869000   -1.463728
517.870000   -1.472350
517.871000   -1.480079
517.872000   -1.486569
517.873000   -1.491465
517.874000   -1.494426
517.875000   -1.495165
517.876000   -1.493483
517.877000   -1.489323
517.878000   -1.482858
517.879000   -1.474548
517.880000   -1.465085
517.881000   -1.455241
517.882000   -1.445713
517.883000   -1.437020
517.884000   -1.429455
517.885000   -1.423082
517.886000   -1.417796
517.887000   -1.413428
517.888000   -1.409842
517.889000   -1.406944
517.890000   -1.404621
517.891000   -1.402659
517.892000   -1.400729
517.893000   -1.398410
517.894000   -1.395244
517.895000   -1.390802
517.896000   -1.384791
517.897000   -1.377181
517.898000   -1.368269
517.899000   -1.358597
517.900000   -1.348775
517.901000   -1.339339
517.902000   -1.330666
517.903000   -1.322926
517.904000   -1.316078
517.905000   -1.309951
517.906000   -1.304410
517.907000   -1.299494
517.908000   -1.295395
517.909000   -1.292309
517.910000   -1.290310
517.911000   -1.289282
517.912000   -1.288925
517.913000   -1.288775
517.914000   -1.288303
517.915000   -1.287091
517.916000   -1.285020
517.917000   -1.282318
517.918000   -1.279407
517.919000   -1.276692
517.920000   -1.274428
517.921000   -1.272663
517.922000   -1.271244
517.923000   -1.269848
517.924000   -1.268075
517.925000   -1.265572
517.926000   -1.262133
517.927000   -1.257709
517.928000   -1.252329
517.929000   -1.246033
517.930000   -1.238862
517.931000   -1.230882
517.932000   -1.222196
517.933000   -1.212939
517.934000   -1.203248
517.935000   -1.193254
517.936000   -1.183127
517.937000   -1.173091
517.938000   -1.163378
517.939000   -1.154192
517.940000   -1.145709
517.941000   -1.138085
517.942000   -1.131412
517.943000   -1.125657
517.944000   -1.120639
517.945000   -1.116132
517.946000   -1.111991
517.947000   -1.108181
517.948000   -1.104748
517.949000   -1.101792
517.950000   -1.099450
517.951000   -1.097850
517.952000   -1.097056
517.953000   -1.097045
517.954000   -1.097795
517.955000   -1.099400
517.956000   -1.102071
517.957000   -1.106014
517.958000   -1.111339
517.959000   -1.118035
517.960000   -1.125970
517.961000   -1.134888
517.962000   -1.144430
517.963000   -1.154227
517.964000   -1.164074
517.965000   -1.174017
517.966000   -1.184254
517.967000   -1.194999
517.968000   -1.206419
517.969000   -1.218620
517.970000   -1.231633
517.971000   -1.245374
517.972000   -1.259653
517.973000   -1.274252
517.974000   -1.289018
517.975000   -1.303810
517.976000   -1.318401
517.977000   -1.332429
517.978000   -1.345413
517.979000   -1.356781
517.980000   -1.365888
517.981000   -1.372067
517.982000   -1.374734
517.983000   -1.373537
517.984000   -1.368423
517.985000   -1.359589
517.986000   -1.347415
517.987000   -1.332390
517.988000   -1.315060
517.989000   -1.295957
517.990000   -1.275563
517.991000   -1.254336
517.992000   -1.232811
517.993000   -1.211670
517.994000   -1.191655
517.995000   -1.173404
517.996000   -1.157347
517.997000   -1.143682
517.998000   -1.132383
517.999000   -1.123250
518.000000   -1.115992
518.001000   -1.110326
518.002000   -1.106058
518.003000   -1.103067
518.004000   -1.101247
518.005000   -1.100472
518.006000   -1.100598
518.007000   -1.101466
518.008000   -1.102922
518.009000   -1.104818
518.010000   -1.107009
518.011000   -1.109338
518.012000   -1.111649
518.013000   -1.113817
518.014000   -1.115759
518.015000   -1.117413
518.016000   -1.118721
518.017000   -1.119612
518.018000   -1.119997
518.019000   -1.119778
518.020000   -1.118916
518.021000   -1.117508
518.022000   -1.115817
518.023000   -1.114199
518.024000   -1.113019
518.025000   -1.112581
518.026000   -1.113094
518.027000   -1.114658
518.028000   -1.117278
518.029000   -1.120931
518.030000   -1.125662
518.031000   -1.131619
518.032000   -1.138961
518.033000   -1.147737
518.034000   -1.157812
518.035000   -1.168863
518.036000   -1.180410
518.037000   -1.191872
518.038000   -1.202646
518.039000   -1.212215
518.040000   -1.220206
518.041000   -1.226363
518.042000   -1.230476
518.043000   -1.232355
518.044000   -1.231842
518.045000   -1.228832
518.046000   -1.223276
518.047000   -1.215200
518.048000   -1.204736
518.049000   -1.192172
518.050000   -1.177966
518.051000   -1.162679
518.052000   -1.146911
518.053000   -1.131234
518.054000   -1.116149
518.055000   -1.102048
518.056000   -1.089200
518.057000   -1.077784
518.058000   -1.067971
518.059000   -1.059989
518.060000   -1.054106
518.061000   -1.050555
518.062000   -1.049468
518.063000   -1.050841
518.064000   -1.054535
518.065000   -1.060279
518.066000   -1.067696
518.067000   -1.076344
518.068000   -1.085768
518.069000   -1.095536
518.070000   -1.105276
518.071000   -1.114670
518.072000   -1.123450
518.073000   -1.131383
518.074000   -1.138277
518.075000   -1.143966
518.076000   -1.148297
518.077000   -1.151125
518.078000   -1.152361
518.079000   -1.152047
518.080000   -1.150375
518.081000   -1.147630
518.082000   -1.144128
518.083000   -1.140158
518.084000   -1.135949
518.085000   -1.131631
518.086000   -1.127206
518.087000   -1.122578
518.088000   -1.117613
518.089000   -1.112214
518.090000   -1.106342
518.091000   -1.099979
518.092000   -1.093112
518.093000   -1.085723
518.094000   -1.077782
518.095000   -1.069266
518.096000   -1.060211
518.097000   -1.050785
518.098000   -1.041309
518.099000   -1.032205
518.100000   -1.023878
518.101000   -1.016631
518.102000   -1.010621
518.103000   -1.005845
518.104000   -1.002168
518.105000   -0.999389
518.106000   -0.997330
518.107000   -0.995878
518.108000   -0.994957
518.109000   -0.994480
518.110000   -0.994306
518.111000   -0.994230
518.112000   -0.993999
518.113000   -0.993356
518.114000   -0.992104
518.115000   -0.990163
518.116000   -0.987603
518.117000   -0.984642
518.118000   -0.981599
518.119000   -0.978830
518.120000   -0.976662
518.121000   -0.975349
518.122000   -0.975048
518.123000   -0.975797
518.124000   -0.977528
518.125000   -0.980109
518.126000   -0.983435
518.127000   -0.987478
518.128000   -0.992278
518.129000   -0.997874
518.130000   -1.004238
518.131000   -1.011237
518.132000   -1.018625
518.133000   -1.026082
518.134000   -1.033318
518.135000   -1.040193
518.136000   -1.046775
518.137000   -1.053295
518.138000   -1.060029
518.139000   -1.067173
518.140000   -1.074781
518.141000   -1.082734
518.142000   -1.090772
518.143000   -1.098585
518.144000   -1.105918
518.145000   -1.112648
518.146000   -1.118753
518.147000   -1.124230
518.148000   -1.129022
518.149000   -1.132999
518.150000   -1.135985
518.151000   -1.137801
518.152000   -1.138337
518.153000   -1.137604
518.154000   -1.135745
518.155000   -1.132969
518.156000   -1.129472
518.157000   -1.125409
518.158000   -1.120902
518.159000   -1.116056
518.160000   -1.110973
518.161000   -1.105773
518.162000   -1.100613
518.163000   -1.095694
518.164000   -1.091230
518.165000   -1.087405
518.166000   -1.084346
518.167000   -1.082103
518.168000   -1.080653
518.169000   -1.079906
518.170000   -1.079738
518.171000   -1.080036
518.172000   -1.080747
518.173000   -1.081900
518.174000   -1.083589
518.175000   -1.085915
518.176000   -1.088919
518.177000   -1.092538
518.178000   -1.096625
518.179000   -1.100977
518.180000   -1.105371
518.181000   -1.109599
518.182000   -1.113500
518.183000   -1.117013
518.184000   -1.120195
518.185000   -1.123185
518.186000   -1.126139
518.187000   -1.129185
518.188000   -1.132421
518.189000   -1.135906
518.190000   -1.139659
518.191000   -1.143663
518.191000   -1.143663
518.192000   -1.147927
518.193000   -1.152561
518.194000   -1.157766
518.195000   -1.163729
518.196000   -1.170533
518.197000   -1.178145
518.198000   -1.186425
518.199000   -1.195156
518.200000   -1.204058
518.201000   -1.212844
518.202000   -1.221301
518.203000   -1.229342
518.204000   -1.236954
518.205000   -1.244116
518.206000   -1.250766
518.207000   -1.256819
518.208000   -1.262182
518.209000   -1.266772
518.210000   -1.270519
518.211000   -1.273399
518.212000   -1.275477
518.213000   -1.276911
518.214000   -1.277894
518.215000   -1.278597
518.216000   -1.279152
518.217000   -1.279646
518.218000   -1.280113
518.219000   -1.280535
518.220000   -1.280858
518.221000   -1.281042
518.222000   -1.281115
518.223000   -1.281166
518.224000   -1.281308
518.225000   -1.281653
518.226000   -1.282311
518.227000   -1.283381
518.228000   -1.284950
518.229000   -1.287081
518.230000   -1.289827
518.231000   -1.293229
518.232000   -1.297306
518.233000   -1.302032
518.234000   -1.307335
518.235000   -1.313100
518.236000   -1.319186
518.237000   -1.325421
518.238000   -1.331628
518.239000   -1.337623
518.240000   -1.343212
518.241000   -1.348176
518.242000   -1.352281
518.243000   -1.355335
518.244000   -1.357224
518.245000   -1.357916
518.246000   -1.357444
518.247000   -1.355899
518.248000   -1.353393
518.249000   -1.350011
518.250000   -1.345741
518.251000   -1.340491
518.252000   -1.334189
518.253000   -1.326847
518.254000   -1.318574
518.255000   -1.309549
518.256000   -1.300015
518.257000   -1.290250
518.258000   -1.280530
518.259000   -1.271082
518.260000   -1.262084
518.261000   -1.253741
518.262000   -1.246342
518.263000   -1.240239
518.264000   -1.235772
518.265000   -1.233185
518.266000   -1.232576
518.267000   -1.233858
518.268000   -1.236749
518.269000   -1.240823
518.270000   -1.245637
518.271000   -1.250878
518.272000   -1.256402
518.273000   -1.262168
518.274000   -1.268137
518.275000   -1.274202
518.276000   -1.280147
518.277000   -1.285653
518.278000   -1.290355
518.279000   -1.293951
518.280000   -1.296332
518.281000   -1.297624
518.282000   -1.298142
518.283000   -1.298262
518.284000   -1.298313
518.285000   -1.298505
518.286000   -1.298900
518.287000   -1.299421
518.288000   -1.299922
518.289000   -1.300296
518.290000   -1.300547
518.291000   -1.300794
518.292000   -1.301174
518.293000   -1.301753
518.294000   -1.302468
518.295000   -1.303117
518.296000   -1.303382
518.297000   -1.302906
518.298000   -1.301397
518.299000   -1.298751
518.300000   -1.295112
518.301000   -1.290804
518.302000   -1.286193
518.303000   -1.281562
518.304000   -1.277038
518.305000   -1.272568
518.306000   -1.267935
518.307000   -1.262832
518.308000   -1.257004
518.309000   -1.250402
518.310000   -1.243186
518.311000   -1.235590
518.312000   -1.227780
518.313000   -1.219806
518.314000   -1.211606
518.315000   -1.203029
518.316000   -1.193846
518.317000   -1.183813
518.318000   -1.172812
518.319000   -1.160975
518.320000   -1.148634
518.321000   -1.136189
518.322000   -1.124017
518.323000   -1.112453
518.324000   -1.101750
518.325000   -1.092000
518.326000   -1.083076
518.327000   -1.074737
518.328000   -1.066858
518.329000   -1.059523
518.330000   -1.052938
518.331000   -1.047315
518.332000   -1.042827
518.333000   -1.039585
518.334000   -1.037573
518.335000   -1.036614
518.336000   -1.036433
518.337000   -1.036865
518.338000   -1.038012
518.339000   -1.040180
518.340000   -1.043711
518.341000   -1.048860
518.342000   -1.055755
518.343000   -1.064353
518.344000   -1.074408
518.345000   -1.085485
518.346000   -1.097109
518.347000   -1.108957
518.348000   -1.120893
518.349000   -1.132833
518.350000   -1.144636
518.351000   -1.156097
518.352000   -1.166972
518.353000   -1.176980
518.354000   -1.185801
518.355000   -1.193137
518.356000   -1.198843
518.357000   -1.202995
518.358000   -1.205802
518.359000   -1.207479
518.360000   -1.208199
518.361000   -1.208071
518.362000   -1.207113
518.363000   -1.205208
518.364000   -1.202114
518.365000   -1.197616
518.366000   -1.191715
518.367000   -1.184652
518.368000   -1.176777
518.369000   -1.168442
518.370000   -1.159965
518.371000   -1.151601
518.372000   -1.143484
518.373000   -1.135613
518.374000   -1.127959
518.375000   -1.120713
518.376000   -1.114383
518.377000   -1.109599
518.378000   -1.106874
518.379000   -1.106499
518.380000   -1.108506
518.381000   -1.112636
518.382000   -1.118322
518.383000   -1.124777
518.384000   -1.131304
518.385000   -1.137641
518.386000   -1.143952
518.387000   -1.150505
518.388000   -1.157459
518.389000   -1.164797
518.390000   -1.172309
518.391000   -1.179577
518.392000   -1.186008
518.393000   -1.191036
518.394000   -1.194455
518.395000   -1.196583
518.396000   -1.198037
518.397000   -1.199436
518.398000   -1.201253
518.399000   -1.203743
518.400000   -1.206917
518.401000   -1.210526
518.402000   -1.214165
518.403000   -1.217552
518.404000   -1.220835
518.405000   -1.224556
518.406000   -1.229352
518.407000   -1.235727
518.408000   -1.243951
518.409000   -1.254035
518.410000   -1.265715
518.411000   -1.278507
518.412000   -1.291908
518.413000   -1.305696
518.414000   -1.320014
518.415000   -1.335130
518.416000   -1.351168
518.417000   -1.368020
518.418000   -1.385335
518.419000   -1.402545
518.420000   -1.418899
518.421000   -1.433588
518.422000   -1.445991
518.423000   -1.455882
518.424000   -1.463364
518.425000   -1.468651
518.426000   -1.471942
518.427000   -1.473391
518.428000   -1.473094
518.429000   -1.471064
518.430000   -1.467254
518.431000   -1.461672
518.432000   -1.454601
518.433000   -1.446626
518.434000   -1.438444
518.435000   -1.430658
518.436000   -1.423693
518.437000   -1.417773
518.438000   -1.412882
518.439000   -1.408761
518.440000   -1.405003
518.441000   -1.401317
518.442000   -1.397764
518.443000   -1.394666
518.444000   -1.392331
518.445000   -1.390899
518.446000   -1.390301
518.447000   -1.390254
518.448000   -1.390266
518.449000   -1.389693
518.450000   -1.387919
518.451000   -1.384657
518.452000   -1.380066
518.453000   -1.374553
518.454000   -1.368509
518.455000   -1.362190
518.456000   -1.355695
518.457000   -1.348967
518.458000   -1.341807
518.459000   -1.333952
518.460000   -1.325271
518.461000   -1.315983
518.462000   -1.306604
518.463000   -1.297675
518.464000   -1.289553
518.465000   -1.282373
518.466000   -1.276080
518.467000   -1.270470
518.468000   -1.265249
518.469000   -1.260165
518.470000   -1.255215
518.471000   -1.250695
518.472000   -1.246989
518.473000   -1.244347
518.474000   -1.242825
518.475000   -1.242327
518.476000   -1.242648
518.477000   -1.243514
518.478000   -1.244659
518.479000   -1.245990
518.480000   -1.247705
518.481000   -1.250176
518.482000   -1.253706
518.483000   -1.258381
518.484000   -1.264078
518.485000   -1.270525
518.486000   -1.277361
518.487000   -1.284212
518.488000   -1.290812
518.489000   -1.297140
518.490000   -1.303398
518.491000   -1.309797
518.492000   -1.316361
518.493000   -1.322914
518.494000   -1.329173
518.495000   -1.334853
518.496000   -1.339730
518.497000   -1.343721
518.498000   -1.346971
518.499000   -1.349849
518.500000   -1.352745
518.501000   -1.355833
518.502000   -1.359028
518.503000   -1.362096
518.504000   -1.364749
518.505000   -1.366696
518.506000   -1.367689
518.507000   -1.367607
518.508000   -1.366516
518.509000   -1.364623
518.510000   -1.362124
518.511000   -1.359138
518.512000   -1.355724
518.513000   -1.351905
518.514000   -1.347674
518.515000   -1.342996
518.516000   -1.337854
518.517000   -1.332337
518.518000   -1.326696
518.519000   -1.321281
518.520000   -1.316430
518.521000   -1.312382
518.522000   -1.309258
518.523000   -1.307062
518.524000   -1.305699
518.525000   -1.305010
518.526000   -1.304840
518.527000   -1.305094
518.528000   -1.305741
518.529000   -1.306769
518.530000   -1.308137
518.531000   -1.309753
518.532000   -1.311476
518.533000   -1.313115
518.534000   -1.314438
518.535000   -1.315189
518.536000   -1.315122
518.537000   -1.314057
518.538000   -1.311923
518.539000   -1.308766
518.540000   -1.304722
518.541000   -1.299976
518.542000   -1.294740
518.543000   -1.289226
518.544000   -1.283637
518.545000   -1.278163
518.546000   -1.273011
518.547000   -1.268427
518.548000   -1.264700
518.549000   -1.262122
518.550000   -1.260946
518.551000   -1.261348
518.552000   -1.263424
518.553000   -1.267181
518.554000   -1.272546
518.555000   -1.279383
518.556000   -1.287505
518.557000   -1.296687
518.558000   -1.306660
518.559000   -1.317097
518.560000   -1.327626
518.561000   -1.337859
518.562000   -1.347431
518.563000   -1.356037
518.564000   -1.363463
518.565000   -1.369613
518.566000   -1.374493
518.567000   -1.378161
518.568000   -1.380667
518.569000   -1.382045
518.570000   -1.382332
518.571000   -1.381587
518.572000   -1.379909
518.573000   -1.377454
518.574000   -1.374454
518.575000   -1.371193
518.576000   -1.367922
518.577000   -1.364783
518.578000   -1.361810
518.579000   -1.358994
518.580000   -1.356324
518.581000   -1.353804
518.582000   -1.351471
518.583000   -1.349413
518.584000   -1.347770
518.585000   -1.346662
518.586000   -1.346104
518.587000   -1.345979
518.588000   -1.346111
518.589000   -1.346320
518.590000   -1.346446
518.591000   -1.346356
518.592000   -1.345956
518.593000   -1.345202
518.594000   -1.344077
518.595000   -1.342538
518.596000   -1.340502
518.597000   -1.337888
518.598000   -1.334654
518.599000   -1.330805
518.600000   -1.326376
518.601000   -1.321425
518.602000   -1.316015
518.603000   -1.310209
518.604000   -1.304066
518.605000   -1.297664
518.606000   -1.291114
518.607000   -1.284552
518.608000   -1.278130
518.609000   -1.272012
518.610000   -1.266366
518.611000   -1.261362
518.612000   -1.257176
518.613000   -1.253979
518.614000   -1.251927
518.615000   -1.251134
518.616000   -1.251677
518.617000   -1.253631
518.618000   -1.257066
518.619000   -1.262029
518.620000   -1.268509
518.621000   -1.276431
518.622000   -1.285625
518.623000   -1.295785
518.624000   -1.306435
518.625000   -1.316986
518.626000   -1.326881
518.627000   -1.335662
518.628000   -1.342970
518.629000   -1.348531
518.630000   -1.352154
518.631000   -1.353731
518.632000   -1.353195
518.633000   -1.350454
518.634000   -1.345402
518.635000   -1.338062
518.636000   -1.328717
518.637000   -1.317909
518.638000   -1.306343
518.639000   -1.294791
518.640000   -1.283998
518.641000   -1.274560
518.642000   -1.266792
518.643000   -1.260670
518.644000   -1.255993
518.645000   -1.252638
518.646000   -1.250643
518.647000   -1.250108
518.648000   -1.251086
518.649000   -1.253522
518.650000   -1.257210
518.651000   -1.261754
518.652000   -1.266537
518.653000   -1.270841
518.654000   -1.274082
518.655000   -1.275949
518.656000   -1.276331
518.657000   -1.275176
518.658000   -1.272418
518.659000   -1.267966
518.660000   -1.261691
518.661000   -1.253432
518.662000   -1.243045
518.663000   -1.230536
518.664000   -1.216134
518.665000   -1.200235
518.666000   -1.183290
518.667000   -1.165743
518.668000   -1.148014
518.669000   -1.130482
518.670000   -1.113490
518.671000   -1.097369
518.672000   -1.082510
518.673000   -1.069395
518.674000   -1.058573
518.675000   -1.050563
518.676000   -1.045762
518.677000   -1.044403
518.678000   -1.046534
518.679000   -1.052012
518.680000   -1.060512
518.681000   -1.071584
518.682000   -1.084774
518.683000   -1.099743
518.684000   -1.116238
518.685000   -1.133950
518.686000   -1.152440
518.687000   -1.171143
518.688000   -1.189408
518.689000   -1.206524
518.690000   -1.221755
518.691000   -1.234463
518.691000   -1.234463
518.692000   -1.244302
518.693000   -1.251300
518.694000   -1.255735
518.695000   -1.257976
518.696000   -1.258414
518.697000   -1.257432
518.698000   -1.255358
518.699000   -1.252385
518.700000   -1.248561
518.701000   -1.243956
518.702000   -1.238898
518.703000   -1.233982
518.704000   -1.229896
518.705000   -1.227280
518.706000   -1.226664
518.707000   -1.228391
518.708000   -1.232515
518.709000   -1.238744
518.710000   -1.246585
518.711000   -1.255666
518.712000   -1.265880
518.713000   -1.277228
518.714000   -1.289624
518.715000   -1.302829
518.716000   -1.316428
518.717000   -1.329802
518.718000   -1.342085
518.719000   -1.352249
518.720000   -1.359420
518.721000   -1.363202
518.722000   -1.363655
518.723000   -1.361057
518.724000   -1.355743
518.725000   -1.348065
518.726000   -1.338352
518.727000   -1.326836
518.728000   -1.313617
518.729000   -1.298803
518.730000   -1.282769
518.731000   -1.266228
518.732000   -1.250004
518.733000   -1.234816
518.734000   -1.221197
518.735000   -1.209476
518.736000   -1.199763
518.737000   -1.191936
518.738000   -1.185706
518.739000   -1.180802
518.740000   -1.177131
518.741000   -1.174736
518.742000   -1.173639
518.743000   -1.173762
518.744000   -1.174927
518.745000   -1.176860
518.746000   -1.179187
518.747000   -1.181445
518.748000   -1.183191
518.749000   -1.184238
518.750000   -1.184740
518.751000   -1.185004
518.752000   -1.185268
518.753000   -1.185604
518.754000   -1.185903
518.755000   -1.185852
518.756000   -1.184945
518.757000   -1.182595
518.758000   -1.178447
518.759000   -1.172633
518.760000   -1.165641
518.761000   -1.158008
518.762000   -1.150172
518.763000   -1.142456
518.764000   -1.135081
518.765000   -1.128145
518.766000   -1.121643
518.767000   -1.115597
518.768000   -1.110313
518.769000   -1.106460
518.770000   -1.104826
518.771000   -1.106060
518.772000   -1.110557
518.773000   -1.118435
518.774000   -1.129506
518.775000   -1.143262
518.776000   -1.158958
518.777000   -1.175891
518.778000   -1.193722
518.779000   -1.212418
518.780000   -1.231953
518.781000   -1.252133
518.782000   -1.272604
518.783000   -1.292883
518.784000   -1.312378
518.785000   -1.330405
518.786000   -1.346323
518.787000   -1.359830
518.788000   -1.371142
518.789000   -1.380787
518.790000   -1.389292
518.791000   -1.397026
518.792000   -1.404170
518.793000   -1.410698
518.794000   -1.416358
518.795000   -1.420730
518.796000   -1.423471
518.797000   -1.424635
518.798000   -1.424627
518.799000   -1.423889
518.800000   -1.422705
518.801000   -1.421191
518.802000   -1.419318
518.803000   -1.416920
518.804000   -1.413695
518.805000   -1.409305
518.806000   -1.403587
518.807000   -1.396671
518.808000   -1.388829
518.809000   -1.380289
518.810000   -1.371168
518.811000   -1.361474
518.812000   -1.351113
518.813000   -1.339880
518.814000   -1.327507
518.815000   -1.313836
518.816000   -1.299039
518.817000   -1.283602
518.818000   -1.268091
518.819000   -1.252975
518.820000   -1.238591
518.821000   -1.225147
518.822000   -1.212744
518.823000   -1.201394
518.824000   -1.191112
518.825000   -1.182069
518.826000   -1.174631
518.827000   -1.169191
518.828000   -1.165969
518.829000   -1.164948
518.830000   -1.165918
518.831000   -1.168531
518.832000   -1.172351
518.833000   -1.176932
518.834000   -1.181997
518.835000   -1.187633
518.836000   -1.194212
518.837000   -1.202064
518.838000   -1.211269
518.839000   -1.221666
518.840000   -1.232945
518.841000   -1.244725
518.842000   -1.256614
518.843000   -1.268321
518.844000   -1.279803
518.845000   -1.291256
518.846000   -1.302849
518.847000   -1.314471
518.848000   -1.325712
518.849000   -1.336008
518.850000   -1.344771
518.851000   -1.351485
518.852000   -1.355785
518.853000   -1.357589
518.854000   -1.357191
518.855000   -1.355117
518.856000   -1.351800
518.857000   -1.347406
518.858000   -1.341929
518.859000   -1.335324
518.860000   -1.327579
518.861000   -1.318744
518.862000   -1.308979
518.863000   -1.298622
518.864000   -1.288122
518.865000   -1.277807
518.866000   -1.267719
518.867000   -1.257692
518.868000   -1.247517
518.869000   -1.237022
518.870000   -1.226091
518.871000   -1.214674
518.872000   -1.202828
518.873000   -1.190745
518.874000   -1.178687
518.875000   -1.166844
518.876000   -1.155275
518.877000   -1.143962
518.878000   -1.132870
518.879000   -1.121981
518.880000   -1.111299
518.881000   -1.100873
518.882000   -1.090825
518.883000   -1.081361
518.884000   -1.072685
518.885000   -1.064910
518.886000   -1.058041
518.887000   -1.052035
518.888000   -1.046846
518.889000   -1.042442
518.890000   -1.038813
518.891000   -1.036005
518.892000   -1.034158
518.893000   -1.033471
518.894000   -1.034060
518.895000   -1.035877
518.896000   -1.038735
518.897000   -1.042397
518.898000   -1.046639
518.899000   -1.051288
518.900000   -1.056249
518.901000   -1.061540
518.902000   -1.067265
518.903000   -1.073488
518.904000   -1.080082
518.905000   -1.086735
518.906000   -1.093077
518.907000   -1.098788
518.908000   -1.103656
518.909000   -1.107608
518.910000   -1.110757
518.911000   -1.113412
518.912000   -1.115964
518.913000   -1.118639
518.914000   -1.121375
518.915000   -1.123903
518.916000   -1.125899
518.917000   -1.127068
518.918000   -1.127215
518.919000   -1.126309
518.920000   -1.124546
518.921000   -1.122309
518.922000   -1.119970
518.923000   -1.117677
518.924000   -1.115370
518.925000   -1.112940
518.926000   -1.110345
518.927000   -1.107673
518.928000   -1.105178
518.929000   -1.103326
518.930000   -1.102789
518.931000   -1.104245
518.932000   -1.108052
518.933000   -1.114131
518.934000   -1.122151
518.935000   -1.131753
518.936000   -1.142629
518.937000   -1.154544
518.938000   -1.167367
518.939000   -1.181089
518.940000   -1.195732
518.941000   -1.211150
518.942000   -1.226886
518.943000   -1.242313
518.944000   -1.256835
518.945000   -1.269981
518.946000   -1.281424
518.947000   -1.290983
518.948000   -1.298659
518.949000   -1.304633
518.950000   -1.309164
518.951000   -1.312391
518.952000   -1.314288
518.953000   -1.314799
518.954000   -1.313963
518.955000   -1.311935
518.956000   -1.308963
518.957000   -1.305384
518.958000   -1.301624
518.959000   -1.298138
518.960000   -1.295268
518.961000   -1.293096
518.962000   -1.291497
518.963000   -1.290322
518.964000   -1.289515
518.965000   -1.289139
518.966000   -1.289371
518.967000   -1.290494
518.968000   -1.292883
518.969000   -1.296884
518.970000   -1.302571
518.971000   -1.309608
518.972000   -1.317412
518.973000   -1.325400
518.974000   -1.333129
518.975000   -1.340335
518.976000   -1.346938
518.977000   -1.353026
518.978000   -1.358763
518.979000   -1.364178
518.980000   -1.368970
518.981000   -1.372599
518.982000   -1.374553
518.983000   -1.374531
518.984000   -1.372512
518.985000   -1.368752
518.986000   -1.363769
518.987000   -1.358293
518.988000   -1.353085
518.989000   -1.348650
518.990000   -1.345058
518.991000   -1.342114
518.992000   -1.339641
518.993000   -1.337625
518.994000   -1.336241
518.995000   -1.335829
518.996000   -1.336850
518.997000   -1.339740
518.998000   -1.344641
518.999000   -1.351229
519.000000   -1.358892
519.001000   -1.367041
519.002000   -1.375264
519.003000   -1.383339
519.004000   -1.391201
519.005000   -1.398903
519.006000   -1.406539
519.007000   -1.414067
519.008000   -1.421150
519.009000   -1.427209
519.010000   -1.431653
519.011000   -1.434055
519.012000   -1.434180
519.013000   -1.431961
519.014000   -1.427481
519.015000   -1.420945
519.016000   -1.412597
519.017000   -1.402580
519.018000   -1.390882
519.019000   -1.377501
519.020000   -1.362637
519.021000   -1.346734
519.022000   -1.330417
519.023000   -1.314402
519.024000   -1.299425
519.025000   -1.286156
519.026000   -1.275035
519.027000   -1.266145
519.028000   -1.259282
519.029000   -1.254180
519.030000   -1.250650
519.031000   -1.248557
519.032000   -1.247747
519.033000   -1.248005
519.034000   -1.249039
519.035000   -1.250449
519.036000   -1.251682
519.037000   -1.252085
519.038000   -1.251100
519.039000   -1.248447
519.040000   -1.244160
519.041000   -1.238503
519.042000   -1.231891
519.043000   -1.224815
519.044000   -1.217774
519.045000   -1.211160
519.046000   -1.205167
519.047000   -1.199846
519.048000   -1.195284
519.049000   -1.191706
519.050000   -1.189441
519.051000   -1.188839
519.052000   -1.190213
519.053000   -1.193805
519.054000   -1.199723
519.055000   -1.207847
519.056000   -1.217816
519.057000   -1.229203
519.058000   -1.241707
519.059000   -1.255220
519.060000   -1.269773
519.061000   -1.285465
519.062000   -1.302401
519.063000   -1.320604
519.064000   -1.339858
519.065000   -1.359599
519.066000   -1.379022
519.067000   -1.397351
519.068000   -1.414009
519.069000   -1.428623
519.070000   -1.440963
519.071000   -1.450890
519.072000   -1.458301
519.073000   -1.463030
519.074000   -1.464769
519.075000   -1.463146
519.076000   -1.457947
519.077000   -1.449298
519.078000   -1.437671
519.079000   -1.423791
519.080000   -1.408517
519.081000   -1.392728
519.082000   -1.377153
519.083000   -1.362204
519.084000   -1.347929
519.085000   -1.334210
519.086000   -1.321011
519.087000   -1.308500
519.088000   -1.296977
519.089000   -1.286767
519.090000   -1.278126
519.091000   -1.271139
519.092000   -1.265636
519.093000   -1.261216
519.094000   -1.257402
519.095000   -1.253837
519.096000   -1.250363
519.097000   -1.246989
519.098000   -1.243819
519.099000   -1.241009
519.100000   -1.238693
519.101000   -1.236885
519.102000   -1.235400
519.103000   -1.233889
519.104000   -1.232011
519.105000   -1.229606
519.106000   -1.226744
519.107000   -1.223652
519.108000   -1.220620
519.109000   -1.217916
519.110000   -1.215692
519.111000   -1.213903
519.112000   -1.212347
519.113000   -1.210819
519.114000   -1.209282
519.115000   -1.207903
519.116000   -1.206974
519.117000   -1.206820
519.118000   -1.207734
519.119000   -1.209900
519.120000   -1.213304
519.121000   -1.217691
519.122000   -1.222640
519.123000   -1.227741
519.124000   -1.232774
519.125000   -1.237741
519.126000   -1.242778
519.127000   -1.248066
519.128000   -1.253743
519.129000   -1.259805
519.130000   -1.266037
519.131000   -1.272056
519.132000   -1.277510
519.133000   -1.282314
519.134000   -1.286700
519.135000   -1.291081
519.136000   -1.295888
519.137000   -1.301450
519.138000   -1.307874
519.139000   -1.314941
519.140000   -1.322092
519.141000   -1.328586
519.142000   -1.333807
519.143000   -1.337503
519.144000   -1.339767
519.145000   -1.340845
519.146000   -1.340971
519.147000   -1.340236
519.148000   -1.338502
519.149000   -1.335401
519.150000   -1.330499
519.151000   -1.323579
519.152000   -1.314874
519.153000   -1.305057
519.154000   -1.295006
519.155000   -1.285571
519.156000   -1.277416
519.157000   -1.270906
519.158000   -1.266064
519.159000   -1.262625
519.160000   -1.260220
519.161000   -1.258651
519.162000   -1.258057
519.163000   -1.258823
519.164000   -1.261338
519.165000   -1.265800
519.166000   -1.272088
519.167000   -1.279719
519.168000   -1.287920
519.169000   -1.295826
519.170000   -1.302781
519.171000   -1.308542
519.172000   -1.313210
519.173000   -1.316998
519.174000   -1.320041
519.175000   -1.322299
519.176000   -1.323529
519.177000   -1.323320
519.178000   -1.321200
519.179000   -1.316832
519.180000   -1.310231
519.181000   -1.301828
519.182000   -1.292307
519.183000   -1.282384
519.184000   -1.272653
519.185000   -1.263502
519.186000   -1.255092
519.187000   -1.247411
519.188000   -1.240433
519.189000   -1.234359
519.190000   -1.229726
519.191000   -1.227238
519.191000   -1.227238
519.192000   -1.227513
519.193000   -1.230910
519.194000   -1.237455
519.195000   -1.246831
519.196000   -1.258411
519.197000   -1.271391
519.198000   -1.285039
519.199000   -1.298972
519.200000   -1.313194
519.201000   -1.327876
519.202000   -1.343108
519.203000   -1.358759
519.204000   -1.374435
519.205000   -1.389520
519.206000   -1.403292
519.207000   -1.415162
519.208000   -1.424935
519.209000   -1.432871
519.210000   -1.439439
519.211000   -1.445022
519.212000   -1.449759
519.213000   -1.453531
519.214000   -1.456020
519.215000   -1.456819
519.216000   -1.455586
519.217000   -1.452296
519.218000   -1.447445
519.219000   -1.441988
519.220000   -1.437023
519.221000   -1.433471
519.222000   -1.431909
519.223000   -1.432554
519.224000   -1.435351
519.225000   -1.440111
519.226000   -1.446733
519.227000   -1.455418
519.228000   -1.466638
519.229000   -1.480797
519.230000   -1.497884
519.231000   -1.517327
519.232000   -1.538095
519.233000   -1.558889
519.234000   -1.578350
519.235000   -1.595278
519.236000   -1.608890
519.237000   -1.618971
519.238000   -1.625722
519.239000   -1.629408
519.240000   -1.630104
519.241000   -1.627664
519.242000   -1.621863
519.243000   -1.612552
519.244000   -1.599800
519.245000   -1.584089
519.246000   -1.566421
519.247000   -1.548145
519.248000   -1.530513
519.249000   -1.514319
519.250000   -1.499826
519.251000   -1.486914
519.252000   -1.475264
519.253000   -1.464512
519.254000   -1.454430
519.255000   -1.445136
519.256000   -1.437154
519.257000   -1.431190
519.258000   -1.427782
519.259000   -1.427103
519.260000   -1.428985
519.261000   -1.433019
519.262000   -1.438637
519.263000   -1.445227
519.264000   -1.452326
519.265000   -1.459775
519.266000   -1.467624
519.267000   -1.475836
519.268000   -1.484070
519.269000   -1.491686
519.270000   -1.497868
519.271000   -1.501750
519.272000   -1.502530
519.273000   -1.499642
519.274000   -1.492973
519.275000   -1.482988
519.276000   -1.470571
519.277000   -1.456711
519.278000   -1.442257
519.279000   -1.427841
519.280000   -1.413905
519.281000   -1.400745
519.282000   -1.388589
519.283000   -1.377758
519.284000   -1.368802
519.285000   -1.362430
519.286000   -1.359205
519.287000   -1.359280
519.288000   -1.362375
519.289000   -1.367913
519.290000   -1.375148
519.291000   -1.383272
519.292000   -1.391550
519.293000   -1.399485
519.294000   -1.406889
519.295000   -1.413719
519.296000   -1.419812
519.297000   -1.424751
519.298000   -1.427935
519.299000   -1.428713
519.300000   -1.426496
519.301000   -1.420869
519.302000   -1.411731
519.303000   -1.399382
519.304000   -1.384421
519.305000   -1.367440
519.306000   -1.348788
519.307000   -1.328578
519.308000   -1.306843
519.309000   -1.283669
519.310000   -1.259300
519.311000   -1.234218
519.312000   -1.209241
519.313000   -1.185475
519.314000   -1.164041
519.315000   -1.145716
519.316000   -1.130800
519.317000   -1.119261
519.318000   -1.110900
519.319000   -1.105461
519.320000   -1.102713
519.321000   -1.102535
519.322000   -1.104924
519.323000   -1.109812
519.324000   -1.116809
519.325000   -1.125150
519.326000   -1.133887
519.327000   -1.142082
519.328000   -1.148921
519.329000   -1.153799
519.330000   -1.156395
519.331000   -1.156725
519.332000   -1.155098
519.333000   -1.151980
519.334000   -1.147877
519.335000   -1.143291
519.336000   -1.138707
519.337000   -1.134560
519.338000   -1.131203
519.339000   -1.128924
519.340000   -1.127981
519.341000   -1.128639
519.342000   -1.131162
519.343000   -1.135780
519.344000   -1.142659
519.345000   -1.151855
519.346000   -1.163269
519.347000   -1.176630
519.348000   -1.191507
519.349000   -1.207339
519.350000   -1.223514
519.351000   -1.239458
519.352000   -1.254733
519.353000   -1.269090
519.354000   -1.282417
519.355000   -1.294628
519.356000   -1.305588
519.357000   -1.315070
519.358000   -1.322763
519.359000   -1.328305
519.360000   -1.331365
519.361000   -1.331763
519.362000   -1.329592
519.363000   -1.325206
519.364000   -1.319089
519.365000   -1.311721
519.366000   -1.303503
519.367000   -1.294753
519.368000   -1.285717
519.369000   -1.276633
519.370000   -1.267801
519.371000   -1.259647
519.372000   -1.252675
519.373000   -1.247325
519.374000   -1.243863
519.375000   -1.242348
519.376000   -1.242655
519.377000   -1.244520
519.378000   -1.247605
519.379000   -1.251560
519.380000   -1.256030
519.381000   -1.260590
519.382000   -1.264731
519.383000   -1.267934
519.384000   -1.269776
519.385000   -1.269984
519.386000   -1.268472
519.387000   -1.265373
519.388000   -1.261051
519.389000   -1.256028
519.390000   -1.250765
519.391000   -1.245439
519.392000   -1.239998
519.393000   -1.234367
519.394000   -1.228585
519.395000   -1.222860
519.396000   -1.217589
519.397000   -1.213371
519.398000   -1.210901
519.399000   -1.210638
519.400000   -1.212471
519.401000   -1.215862
519.402000   -1.220254
519.403000   -1.225305
519.404000   -1.230911
519.405000   -1.237182
519.406000   -1.244420
519.407000   -1.253023
519.408000   -1.263242
519.409000   -1.274897
519.410000   -1.287408
519.411000   -1.300109
519.412000   -1.312466
519.413000   -1.324106
519.414000   -1.334784
519.415000   -1.344356
519.416000   -1.352758
519.417000   -1.359916
519.418000   -1.365602
519.419000   -1.369404
519.420000   -1.370929
519.421000   -1.370032
519.422000   -1.366882
519.423000   -1.361905
519.424000   -1.355720
519.425000   -1.349081
519.426000   -1.342810
519.427000   -1.337647
519.428000   -1.334083
519.429000   -1.332343
519.430000   -1.332550
519.431000   -1.334837
519.432000   -1.339349
519.433000   -1.346180
519.434000   -1.355329
519.435000   -1.366653
519.436000   -1.379779
519.437000   -1.393998
519.438000   -1.408321
519.439000   -1.421720
519.440000   -1.433365
519.441000   -1.442686
519.442000   -1.449342
519.443000   -1.453179
519.444000   -1.454190
519.445000   -1.452437
519.446000   -1.447951
519.447000   -1.440692
519.448000   -1.430669
519.449000   -1.418119
519.450000   -1.403569
519.451000   -1.387737
519.452000   -1.371407
519.453000   -1.355322
519.454000   -1.340109
519.455000   -1.326173
519.456000   -1.313591
519.457000   -1.302165
519.458000   -1.291708
519.459000   -1.282312
519.460000   -1.274355
519.461000   -1.268338
519.462000   -1.264763
519.463000   -1.264052
519.464000   -1.266436
519.465000   -1.271774
519.466000   -1.279445
519.467000   -1.288573
519.468000   -1.298398
519.469000   -1.308485
519.470000   -1.318638
519.471000   -1.328774
519.472000   -1.338828
519.473000   -1.348662
519.474000   -1.357879
519.475000   -1.365681
519.476000   -1.371020
519.477000   -1.373054
519.478000   -1.371525
519.479000   -1.366770
519.480000   -1.359510
519.481000   -1.350645
519.482000   -1.341088
519.483000   -1.331593
519.484000   -1.322567
519.485000   -1.314022
519.486000   -1.305795
519.487000   -1.297880
519.488000   -1.290606
519.489000   -1.284545
519.490000   -1.280315
519.491000   -1.278444
519.492000   -1.279246
519.493000   -1.282673
519.494000   -1.288210
519.495000   -1.294993
519.496000   -1.302210
519.497000   -1.309491
519.498000   -1.316942
519.499000   -1.324879
519.500000   -1.333610
519.501000   -1.343303
519.502000   -1.353879
519.503000   -1.364888
519.504000   -1.375499
519.505000   -1.384733
519.506000   -1.391845
519.507000   -1.396553
519.508000   -1.398964
519.509000   -1.399395
519.510000   -1.398262
519.511000   -1.395983
519.512000   -1.392839
519.513000   -1.388854
519.514000   -1.383868
519.515000   -1.377868
519.516000   -1.371292
519.517000   -1.364981
519.518000   -1.359899
519.519000   -1.356926
519.520000   -1.356739
519.521000   -1.359688
519.522000   -1.365677
519.523000   -1.374156
519.524000   -1.384349
519.525000   -1.395610
519.526000   -1.407616
519.527000   -1.420252
519.528000   -1.433399
519.529000   -1.446812
519.530000   -1.460051
519.531000   -1.472411
519.532000   -1.482934
519.533000   -1.490604
519.534000   -1.494725
519.535000   -1.495247
519.536000   -1.492709
519.537000   -1.487917
519.538000   -1.481679
519.539000   -1.474645
519.540000   -1.467213
519.541000   -1.459469
519.542000   -1.451237
519.543000   -1.442250
519.544000   -1.432436
519.545000   -1.422072
519.546000   -1.411644
519.547000   -1.401584
519.548000   -1.392093
519.549000   -1.383054
519.550000   -1.374030
519.551000   -1.364354
519.552000   -1.353316
519.553000   -1.340531
519.554000   -1.326274
519.555000   -1.311391
519.556000   -1.296867
519.557000   -1.283474
519.558000   -1.271638
519.559000   -1.261427
519.560000   -1.252583
519.561000   -1.244606
519.562000   -1.236960
519.563000   -1.229418
519.564000   -1.222249
519.565000   -1.216004
519.566000   -1.211151
519.567000   -1.207879
519.568000   -1.206052
519.569000   -1.205257
519.570000   -1.204874
519.571000   -1.204220
519.572000   -1.202820
519.573000   -1.200753
519.574000   -1.198652
519.575000   -1.197297
519.576000   -1.197209
519.577000   -1.198490
519.578000   -1.200853
519.579000   -1.203716
519.580000   -1.206328
519.581000   -1.207967
519.582000   -1.208250
519.583000   -1.207276
519.584000   -1.205424
519.585000   -1.203030
519.586000   -1.200237
519.587000   -1.197017
519.588000   -1.193235
519.589000   -1.188714
519.590000   -1.183318
519.591000   -1.177172
519.592000   -1.170881
519.593000   -1.165432
519.594000   -1.161806
519.595000   -1.160630
519.596000   -1.162073
519.597000   -1.165882
519.598000   -1.171475
519.599000   -1.178054
519.600000   -1.184806
519.601000   -1.191210
519.602000   -1.197256
519.603000   -1.203280
519.604000   -1.209574
519.605000   -1.216141
519.606000   -1.222725
519.607000   -1.228954
519.608000   -1.234456
519.609000   -1.238973
519.610000   -1.242541
519.611000   -1.245625
519.612000   -1.248919
519.613000   -1.252849
519.614000   -1.257267
519.615000   -1.261582
519.616000   -1.265045
519.617000   -1.266946
519.618000   -1.266743
519.619000   -1.264205
519.620000   -1.259546
519.621000   -1.253361
519.622000   -1.246306
519.623000   -1.238871
519.624000   -1.231425
519.625000   -1.224343
519.626000   -1.218048
519.627000   -1.212989
519.628000   -1.209648
519.629000   -1.208594
519.630000   -1.210518
519.631000   -1.216069
519.632000   -1.225602
519.633000   -1.239059
519.634000   -1.256027
519.635000   -1.275847
519.636000   -1.297680
519.637000   -1.320595
519.638000   -1.343698
519.639000   -1.366292
519.640000   -1.387921
519.641000   -1.408214
519.642000   -1.426694
519.643000   -1.442789
519.644000   -1.455945
519.645000   -1.465731
519.646000   -1.471900
519.647000   -1.474452
519.648000   -1.473688
519.649000   -1.470188
519.650000   -1.464613
519.651000   -1.457456
519.652000   -1.448995
519.653000   -1.439401
519.654000   -1.428846
519.655000   -1.417549
519.656000   -1.405795
519.657000   -1.393995
519.658000   -1.382749
519.659000   -1.372791
519.660000   -1.364743
519.661000   -1.358920
519.662000   -1.355370
519.663000   -1.354008
519.664000   -1.354677
519.665000   -1.357184
519.666000   -1.361350
519.667000   -1.367107
519.668000   -1.374464
519.669000   -1.383235
519.670000   -1.392763
519.671000   -1.402000
519.672000   -1.409790
519.673000   -1.415079
519.674000   -1.417022
519.675000   -1.415080
519.676000   -1.409132
519.677000   -1.399510
519.678000   -1.386798
519.679000   -1.371485
519.680000   -1.353882
519.681000   -1.334345
519.682000   -1.313454
519.683000   -1.292022
519.684000   -1.271049
519.685000   -1.251674
519.686000   -1.235104
519.687000   -1.222406
519.688000   -1.214133
519.689000   -1.210184
519.690000   -1.210063
519.691000   -1.213186
519.691000   -1.213186
519.692000   -1.219023
519.693000   -1.227133
519.694000   -1.237202
519.695000   -1.249055
519.696000   -1.262610
519.697000   -1.277701
519.698000   -1.293919
519.699000   -1.310694
519.700000   -1.327501
519.701000   -1.343964
519.702000   -1.359856
519.703000   -1.375065
519.704000   -1.389566
519.705000   -1.403391
519.706000   -1.416528
519.707000   -1.428745
519.708000   -1.439551
519.709000   -1.448375
519.710000   -1.454784
519.711000   -1.458580
519.712000   -1.459835
519.713000   -1.458907
519.714000   -1.456439
519.715000   -1.453273
519.716000   -1.450177
519.717000   -1.447564
519.718000   -1.445504
519.719000   -1.443976
519.720000   -1.443020
519.721000   -1.442779
519.722000   -1.443497
519.723000   -1.445518
519.724000   -1.449223
519.725000   -1.454788
519.726000   -1.461841
519.727000   -1.469452
519.728000   -1.476506
519.729000   -1.482029
519.730000   -1.485320
519.731000   -1.485971
519.732000   -1.483891
519.733000   -1.479275
519.734000   -1.472467
519.735000   -1.463681
519.736000   -1.452866
519.737000   -1.439881
519.738000   -1.424731
519.739000   -1.407637
519.740000   -1.389006
519.741000   -1.369373
519.742000   -1.349374
519.743000   -1.329685
519.744000   -1.310856
519.745000   -1.293072
519.746000   -1.276136
519.747000   -1.259742
519.748000   -1.243740
519.749000   -1.228206
519.750000   -1.213428
519.751000   -1.199879
519.752000   -1.188185
519.753000   -1.178978
519.754000   -1.172587
519.755000   -1.168843
519.756000   -1.167278
519.757000   -1.167443
519.758000   -1.169025
519.759000   -1.171810
519.760000   -1.175639
519.761000   -1.180393
519.762000   -1.185942
519.763000   -1.192009
519.764000   -1.198020
519.765000   -1.203185
519.766000   -1.206775
519.767000   -1.208301
519.768000   -1.207565
519.769000   -1.204652
519.770000   -1.199911
519.771000   -1.193940
519.772000   -1.187485
519.773000   -1.181230
519.774000   -1.175611
519.775000   -1.170834
519.776000   -1.167025
519.777000   -1.164315
519.778000   -1.162858
519.779000   -1.162831
519.780000   -1.164450
519.781000   -1.167945
519.782000   -1.173443
519.783000   -1.180787
519.784000   -1.189467
519.785000   -1.198770
519.786000   -1.207982
519.787000   -1.216527
519.788000   -1.224040
519.789000   -1.230392
519.790000   -1.235685
519.791000   -1.240145
519.792000   -1.243924
519.793000   -1.246916
519.794000   -1.248777
519.795000   -1.249099
519.796000   -1.247573
519.797000   -1.244067
519.798000   -1.238655
519.799000   -1.231615
519.800000   -1.223368
519.801000   -1.214339
519.802000   -1.204812
519.803000   -1.194895
519.804000   -1.184606
519.805000   -1.173970
519.806000   -1.163091
519.807000   -1.152195
519.808000   -1.141655
519.809000   -1.131972
519.810000   -1.123689
519.811000   -1.117243
519.812000   -1.112812
519.813000   -1.110245
519.814000   -1.109115
519.815000   -1.108885
519.816000   -1.109077
519.817000   -1.109387
519.818000   -1.109716
519.819000   -1.110121
519.820000   -1.110696
519.821000   -1.111431
519.822000   -1.112126
519.823000   -1.112417
519.824000   -1.111896
519.825000   -1.110282
519.826000   -1.107540
519.827000   -1.103922
519.828000   -1.099941
519.829000   -1.096258
519.830000   -1.093517
519.831000   -1.092145
519.832000   -1.092212
519.833000   -1.093460
519.834000   -1.095500
519.835000   -1.098027
519.836000   -1.100938
519.837000   -1.104352
519.838000   -1.108551
519.839000   -1.113859
519.840000   -1.120464
519.841000   -1.128251
519.842000   -1.136781
519.843000   -1.145478
519.844000   -1.153867
519.845000   -1.161692
519.846000   -1.168945
519.847000   -1.175816
519.848000   -1.182589
519.849000   -1.189474
519.850000   -1.196403
519.851000   -1.202940
519.852000   -1.208432
519.853000   -1.212279
519.854000   -1.214126
519.855000   -1.213934
519.856000   -1.211974
519.857000   -1.208765
519.858000   -1.204962
519.859000   -1.201186
519.860000   -1.197839
519.861000   -1.195064
519.862000   -1.192862
519.863000   -1.191242
519.864000   -1.190292
519.865000   -1.190197
519.866000   -1.191228
519.867000   -1.193701
519.868000   -1.197887
519.869000   -1.203851
519.870000   -1.211333
519.871000   -1.219802
519.872000   -1.228669
519.873000   -1.237448
519.874000   -1.245838
519.875000   -1.253734
519.876000   -1.261210
519.877000   -1.268456
519.878000   -1.275654
519.879000   -1.282822
519.880000   -1.289760
519.881000   -1.296165
519.882000   -1.301797
519.883000   -1.306559
519.884000   -1.310514
519.885000   -1.313864
519.886000   -1.316919
519.887000   -1.320023
519.888000   -1.323390
519.889000   -1.326911
519.890000   -1.330167
519.891000   -1.332646
519.892000   -1.333962
519.893000   -1.333954
519.894000   -1.332702
519.895000   -1.330517
519.896000   -1.327894
519.897000   -1.325354
519.898000   -1.323186
519.899000   -1.321291
519.900000   -1.319339
519.901000   -1.317013
519.902000   -1.314140
519.903000   -1.310713
519.904000   -1.306886
519.905000   -1.302946
519.906000   -1.299229
519.907000   -1.295903
519.908000   -1.292763
519.909000   -1.289276
519.910000   -1.284853
519.911000   -1.279071
519.912000   -1.271776
519.913000   -1.263118
519.914000   -1.253559
519.915000   -1.243814
519.916000   -1.234687
519.917000   -1.226773
519.918000   -1.220275
519.919000   -1.215110
519.920000   -1.211148
519.921000   -1.208338
519.922000   -1.206754
519.923000   -1.206605
519.924000   -1.208218
519.925000   -1.211930
519.926000   -1.217821
519.927000   -1.225469
