516.968000   -1.417902
516.969000   -1.423008
516.970000   -1.430657
516.971000   -1.439849
516.972000   -1.449649
516.973000   -1.459345
516.974000   -1.468503
516.975000   -1.476926
516.976000   -1.484510
516.977000   -1.491102
516.978000   -1.496493
516.979000   -1.500547
516.980000   -1.503330
516.981000   -1.505172
516.982000   -1.506650
516.983000   -1.508523
516.984000   -1.511598
516.985000   -1.516557
516.986000   -1.523746
516.987000   -1.533050
516.988000   -1.543935
516.989000   -1.555617
516.990000   -1.567257
516.991000   -1.578096
516.992000   -1.587551
516.993000   -1.595248
516.994000   -1.601011
516.995000   -1.604754
516.996000   -1.606342
516.997000   -1.605574
516.998000   -1.602324
516.999000   -1.596689
517.000000   -1.589080
517.001000   -1.580216
517.001000   -1.580216
517.002000   -1.571047
517.003000   -1.562579
517.004000   -1.555579
517.005000   -1.550261
517.006000   -1.546181
517.007000   -1.542451
517.008000   -1.538085
517.009000   -1.532275
517.010000   -1.524535
517.011000   -1.514757
517.012000   -1.503165
517.013000   -1.490199
517.014000   -1.476319
517.015000   -1.461901
517.016000   -1.447283
517.017000   -1.432904
517.018000   -1.419371
517.019000   -1.407452
517.020000   -1.397987
517.021000   -1.391746
517.022000   -1.389244
517.023000   -1.390569
517.024000   -1.395299
517.025000   -1.402581
517.026000   -1.411333
517.027000   -1.420459
517.028000   -1.429005
517.029000   -1.436248
517.030000   -1.441733
517.031000   -1.445261
517.032000   -1.446818
517.033000   -1.446442
517.034000   -1.444133
517.035000   -1.439919
517.036000   -1.434013
517.037000   -1.426909
517.038000   -1.419372
517.039000   -1.412342
517.040000   -1.406773
517.041000   -1.403417
517.042000   -1.402608
517.043000   -1.404181
517.044000   -1.407647
517.045000   -1.412447
517.046000   -1.418129
517.047000   -1.424396
517.048000   -1.431091
517.049000   -1.438150
517.050000   -1.445550
517.051000   -1.453234
517.052000   -1.461070
517.053000   -1.468863
517.054000   -1.476450
517.055000   -1.483771
517.056000   -1.490863
517.057000   -1.497804
517.058000   -1.504621
517.059000   -1.511193
517.060000   -1.517165
517.061000   -1.521908
517.062000   -1.524573
517.063000   -1.524285
517.064000   -1.520350
517.065000   -1.512366
517.066000   -1.500236
517.067000   -1.484156
517.068000   -1.464586
517.069000   -1.442191
517.070000   -1.417719
517.071000   -1.391904
517.072000   -1.365461
517.073000   -1.339188
517.074000   -1.313994
517.075000   -1.290826
517.076000   -1.270555
517.077000   -1.253873
517.078000   -1.241198
517.079000   -1.232591
517.080000   -1.227701
517.081000   -1.225840
517.082000   -1.226183
517.083000   -1.227975
517.084000   -1.230612
517.085000   -1.233648
517.086000   -1.236784
517.087000   -1.239848
517.088000   -1.242745
517.089000   -1.245369
517.090000   -1.247556
517.091000   -1.249138
517.092000   -1.250089
517.093000   -1.250567
517.094000   -1.250828
517.095000   -1.251100
517.096000   -1.251509
517.097000   -1.252038
517.098000   -1.252493
517.099000   -1.252491
517.100000   -1.251513
517.101000   -1.249036
517.102000   -1.244666
517.103000   -1.238196
517.104000   -1.229646
517.105000   -1.219294
517.106000   -1.207680
517.107000   -1.195560
517.108000   -1.183789
517.109000   -1.173203
517.110000   -1.164564
517.111000   -1.158598
517.112000   -1.156006
517.113000   -1.157401
517.114000   -1.163202
517.115000   -1.173547
517.116000   -1.188230
517.117000   -1.206668
517.118000   -1.227932
517.119000   -1.250882
517.120000   -1.274359
517.121000   -1.297288
517.122000   -1.318685
517.123000   -1.337676
517.124000   -1.353552
517.125000   -1.365826
517.126000   -1.374258
517.127000   -1.378865
517.128000   -1.379890
517.129000   -1.377777
517.130000   -1.373096
517.131000   -1.366488
517.132000   -1.358602
517.133000   -1.350049
517.134000   -1.341370
517.135000   -1.333012
517.136000   -1.325318
517.137000   -1.318504
517.138000   -1.312662
517.139000   -1.307806
517.140000   -1.303945
517.141000   -1.301120
517.142000   -1.299394
517.143000   -1.298831
517.144000   -1.299469
517.145000   -1.301280
517.146000   -1.304166
517.147000   -1.307979
517.148000   -1.312597
517.149000   -1.317959
517.150000   -1.324039
517.151000   -1.330781
517.152000   -1.338029
517.153000   -1.345483
517.154000   -1.352705
517.155000   -1.359192
517.156000   -1.364460
517.157000   -1.368103
517.158000   -1.369787
517.159000   -1.369268
517.160000   -1.366441
517.161000   -1.361381
517.162000   -1.354353
517.163000   -1.345812
517.164000   -1.336386
517.165000   -1.326838
517.166000   -1.317979
517.167000   -1.310560
517.168000   -1.305187
517.169000   -1.302264
517.170000   -1.301956
517.171000   -1.304188
517.172000   -1.308672
517.173000   -1.314973
517.174000   -1.322575
517.175000   -1.330936
517.176000   -1.339484
517.177000   -1.347602
517.178000   -1.354655
517.179000   -1.360089
517.180000   -1.363552
517.181000   -1.364983
517.182000   -1.364639
517.183000   -1.363076
517.184000   -1.361057
517.185000   -1.359382
517.186000   -1.358724
517.187000   -1.359552
517.188000   -1.362136
517.189000   -1.366592
517.190000   -1.372931
517.191000   -1.381110
517.192000   -1.391075
517.193000   -1.402773
517.194000   -1.416106
517.195000   -1.430859
517.196000   -1.446640
517.197000   -1.462875
517.198000   -1.478878
517.199000   -1.493978
517.200000   -1.507656
517.201000   -1.519657
517.202000   -1.530037
517.203000   -1.539119
517.204000   -1.547334
517.205000   -1.555025
517.206000   -1.562328
517.207000   -1.569173
517.208000   -1.575363
517.209000   -1.580664
517.210000   -1.584870
517.211000   -1.587837
517.212000   -1.589475
517.213000   -1.589705
517.214000   -1.588411
517.215000   -1.585430
517.216000   -1.580590
517.217000   -1.573773
517.218000   -1.564978
517.219000   -1.554361
517.220000   -1.542267
517.221000   -1.529235
517.222000   -1.515969
517.223000   -1.503249
517.224000   -1.491810
517.225000   -1.482220
517.226000   -1.474785
517.227000   -1.469522
517.228000   -1.466228
517.229000   -1.464584
517.230000   -1.464262
517.231000   -1.464990
517.232000   -1.466552
517.233000   -1.468753
517.234000   -1.471373
517.235000   -1.474143
517.236000   -1.476787
517.237000   -1.479125
517.238000   -1.481157
517.239000   -1.483094
517.240000   -1.485345
517.241000   -1.488483
517.242000   -1.493156
517.243000   -1.499932
517.244000   -1.509081
517.245000   -1.520457
517.246000   -1.533551
517.247000   -1.547634
517.248000   -1.561906
517.249000   -1.575623
517.250000   -1.588205
517.251000   -1.599294
517.252000   -1.608729
517.253000   -1.616449
517.254000   -1.622403
517.255000   -1.626573
517.256000   -1.629054
517.257000   -1.630112
517.258000   -1.630193
517.259000   -1.629898
517.260000   -1.629928
517.261000   -1.630981
517.262000   -1.633573
517.263000   -1.637821
517.264000   -1.643359
517.265000   -1.649459
517.266000   -1.655245
517.267000   -1.659892
517.268000   -1.662753
517.269000   -1.663446
517.270000   -1.661877
517.271000   -1.658181
517.272000   -1.652554
517.273000   -1.645106
517.274000   -1.635895
517.275000   -1.625053
517.276000   -1.612871
517.277000   -1.599811
517.278000   -1.586477
517.279000   -1.573552
517.280000   -1.561676
517.281000   -1.551251
517.282000   -1.542263
517.283000   -1.534305
517.284000   -1.526762
517.285000   -1.519028
517.286000   -1.510651
517.287000   -1.501413
517.288000   -1.491354
517.289000   -1.480743
517.290000   -1.469989
517.291000   -1.459481
517.292000   -1.449496
517.293000   -1.440240
517.294000   -1.431963
517.295000   -1.425026
517.296000   -1.419892
517.297000   -1.417062
517.298000   -1.416978
517.299000   -1.419899
517.300000   -1.425725
517.301000   -1.433870
517.302000   -1.443363
517.303000   -1.453151
517.304000   -1.462363
517.305000   -1.470439
517.306000   -1.477163
517.307000   -1.482654
517.308000   -1.487288
517.309000   -1.491517
517.310000   -1.495611
517.311000   -1.499565
517.312000   -1.503253
517.313000   -1.506634
517.314000   -1.509812
517.315000   -1.513011
517.316000   -1.516501
517.317000   -1.520516
517.318000   -1.525131
517.319000   -1.530142
517.320000   -1.535001
517.321000   -1.538961
517.322000   -1.541295
517.323000   -1.541474
517.324000   -1.539230
517.325000   -1.534580
517.326000   -1.527823
517.327000   -1.519513
517.328000   -1.510348
517.329000   -1.500963
517.330000   -1.491790
517.331000   -1.483108
517.332000   -1.475175
517.333000   -1.468299
517.334000   -1.462816
517.335000   -1.459056
517.336000   -1.457298
517.337000   -1.457695
517.338000   -1.460130
517.339000   -1.464122
517.340000   -1.468940
517.341000   -1.473844
517.342000   -1.478239
517.343000   -1.481723
517.344000   -1.484103
517.345000   -1.485387
517.346000   -1.485763
517.347000   -1.485522
517.348000   -1.484932
517.349000   -1.484157
517.350000   -1.483285
517.351000   -1.482395
517.352000   -1.481573
517.353000   -1.480886
517.354000   -1.480360
517.355000   -1.479979
517.356000   -1.479671
517.357000   -1.479261
517.358000   -1.478399
517.359000   -1.476640
517.360000   -1.473620
517.361000   -1.469192
517.362000   -1.463449
517.363000   -1.456703
517.364000   -1.449446
517.365000   -1.442299
517.366000   -1.435905
517.367000   -1.430811
517.368000   -1.427411
517.369000   -1.425989
517.370000   -1.426738
517.371000   -1.429716
517.372000   -1.434786
517.373000   -1.441599
517.374000   -1.449623
517.375000   -1.458191
517.376000   -1.466530
517.377000   -1.473805
517.378000   -1.479214
517.379000   -1.482110
517.380000   -1.482090
517.381000   -1.479044
517.382000   -1.473168
517.383000   -1.464950
517.384000   -1.455118
517.385000   -1.444532
517.386000   -1.434041
517.387000   -1.424357
517.388000   -1.415991
517.389000   -1.409214
517.390000   -1.404068
517.391000   -1.400434
517.392000   -1.398128
517.393000   -1.396977
517.394000   -1.396850
517.395000   -1.397636
517.396000   -1.399200
517.397000   -1.401346
517.398000   -1.403833
517.399000   -1.406467
517.400000   -1.409205
517.401000   -1.412214
517.402000   -1.415877
517.403000   -1.420747
517.404000   -1.427455
517.405000   -1.436588
517.406000   -1.448563
517.407000   -1.463527
517.408000   -1.481316
517.409000   -1.501477
517.410000   -1.523333
517.411000   -1.546087
517.412000   -1.568927
517.413000   -1.591108
517.414000   -1.612012
517.415000   -1.631157
517.416000   -1.648179
517.417000   -1.662797
517.418000   -1.674813
517.419000   -1.684161
517.420000   -1.690949
517.421000   -1.695483
517.422000   -1.698264
517.423000   -1.699929
517.424000   -1.701127
517.425000   -1.702331
517.426000   -1.703672
517.427000   -1.704913
517.428000   -1.705566
517.429000   -1.705045
517.430000   -1.702794
517.431000   -1.698378
517.432000   -1.691522
517.433000   -1.682108
517.434000   -1.670107
517.435000   -1.655524
517.436000   -1.638405
517.437000   -1.618919
517.438000   -1.597440
517.439000   -1.574579
517.440000   -1.551161
517.441000   -1.528140
517.442000   -1.506455
517.443000   -1.486862
517.444000   -1.469798
517.445000   -1.455327
517.446000   -1.443194
517.447000   -1.432938
517.448000   -1.424023
517.449000   -1.415936
517.450000   -1.408254
517.451000   -1.400680
517.452000   -1.393052
517.453000   -1.385319
517.454000   -1.377462
517.455000   -1.369455
517.456000   -1.361327
517.457000   -1.353246
517.458000   -1.345576
517.459000   -1.338856
517.460000   -1.333735
517.461000   -1.330850
517.462000   -1.330662
517.463000   -1.333275
517.464000   -1.338365
517.465000   -1.345264
517.466000   -1.353153
517.467000   -1.361229
517.468000   -1.368821
517.469000   -1.375465
517.470000   -1.380950
517.471000   -1.385318
517.472000   -1.388814
517.473000   -1.391809
517.474000   -1.394755
517.475000   -1.398190
517.476000   -1.402732
517.477000   -1.409026
517.478000   -1.417656
517.479000   -1.429040
517.480000   -1.443339
517.481000   -1.460390
517.482000   -1.479645
517.483000   -1.500172
517.484000   -1.520758
517.485000   -1.540110
517.486000   -1.557040
517.487000   -1.570582
517.488000   -1.580074
517.489000   -1.585190
517.490000   -1.585930
517.491000   -1.582515
517.492000   -1.575248
517.493000   -1.564470
517.494000   -1.550649
517.495000   -1.534432
517.496000   -1.516581
517.497000   -1.497864
517.498000   -1.478926
517.499000   -1.460206
517.500000   -1.441887
517.501000   -1.423896
517.501000   -1.423896
517.502000   -1.405979
517.503000   -1.387877
517.504000   -1.369463
517.505000   -1.350798
517.506000   -1.332111
517.507000   -1.313760
517.508000   -1.296184
517.509000   -1.279853
517.510000   -1.265221
517.511000   -1.252671
517.512000   -1.242511
517.513000   -1.234999
517.514000   -1.230355
517.515000   -1.228711
517.516000   -1.230024
517.517000   -1.234024
517.518000   -1.240196
517.519000   -1.247815
517.520000   -1.255965
517.521000   -1.263587
517.522000   -1.269632
517.523000   -1.273278
517.524000   -1.274070
517.525000   -1.271957
517.526000   -1.267274
517.527000   -1.260672
517.528000   -1.253004
517.529000   -1.245159
517.530000   -1.237911
517.531000   -1.231912
517.532000   -1.227792
517.533000   -1.226206
517.534000   -1.227781
517.535000   -1.233009
517.536000   -1.242152
517.537000   -1.255190
517.538000   -1.271801
517.539000   -1.291358
517.540000   -1.312990
517.541000   -1.335704
517.542000   -1.358524
517.543000   -1.380589
517.544000   -1.401198
517.545000   -1.419841
517.546000   -1.436208
517.547000   -1.450182
517.548000   -1.461773
517.549000   -1.471003
517.550000   -1.477858
517.551000   -1.482325
517.552000   -1.484453
517.553000   -1.484348
517.554000   -1.482146
517.555000   -1.478019
517.556000   -1.472180
517.557000   -1.464845
517.558000   -1.456104
517.559000   -1.445876
517.560000   -1.434054
517.561000   -1.420686
517.562000   -1.406046
517.563000   -1.390646
517.564000   -1.375200
517.565000   -1.360569
517.566000   -1.347644
517.567000   -1.337173
517.568000   -1.329656
517.569000   -1.325383
517.570000   -1.324520
517.571000   -1.327117
517.572000   -1.333063
517.573000   -1.342056
517.574000   -1.353616
517.575000   -1.367133
517.576000   -1.381891
517.577000   -1.397076
517.578000   -1.411791
517.579000   -1.425141
517.580000   -1.436328
517.581000   -1.444738
517.582000   -1.450005
517.583000   -1.452082
517.584000   -1.451278
517.585000   -1.448216
517.586000   -1.443672
517.587000   -1.438370
517.588000   -1.432915
517.589000   -1.427803
517.590000   -1.423411
517.591000   -1.419974
517.592000   -1.417589
517.593000   -1.416266
517.594000   -1.415970
517.595000   -1.416612
517.596000   -1.418028
517.597000   -1.420033
517.598000   -1.422483
517.599000   -1.425306
517.600000   -1.428481
517.601000   -1.432028
517.602000   -1.436007
517.603000   -1.440530
517.604000   -1.445774
517.605000   -1.451964
517.606000   -1.459309
517.607000   -1.467883
517.608000   -1.477522
517.609000   -1.487798
517.610000   -1.498074
517.611000   -1.507616
517.612000   -1.515734
517.613000   -1.521900
517.614000   -1.525782
517.615000   -1.527189
517.616000   -1.525998
517.617000   -1.522147
517.618000   -1.515710
517.619000   -1.506972
517.620000   -1.496470
517.621000   -1.484983
517.622000   -1.473475
517.623000   -1.462991
517.624000   -1.454476
517.625000   -1.448599
517.626000   -1.445640
517.627000   -1.445523
517.628000   -1.447937
517.629000   -1.452440
517.630000   -1.458538
517.631000   -1.465722
517.632000   -1.473485
517.633000   -1.481287
517.634000   -1.488522
517.635000   -1.494561
517.636000   -1.498879
517.637000   -1.501165
517.638000   -1.501350
517.639000   -1.499602
517.640000   -1.496289
517.641000   -1.491926
517.642000   -1.487103
517.643000   -1.482373
517.644000   -1.478142
517.645000   -1.474565
517.646000   -1.471505
517.647000   -1.468590
517.648000   -1.465345
517.649000   -1.461345
517.650000   -1.456322
517.651000   -1.450217
517.652000   -1.443111
517.653000   -1.435086
517.654000   -1.426130
517.655000   -1.416230
517.656000   -1.405532
517.657000   -1.394446
517.658000   -1.383644
517.659000   -1.373986
517.660000   -1.366379
517.661000   -1.361558
517.662000   -1.359867
517.663000   -1.361201
517.664000   -1.365107
517.665000   -1.370915
517.666000   -1.377828
517.667000   -1.385019
517.668000   -1.391725
517.669000   -1.397319
517.670000   -1.401346
517.671000   -1.403541
517.672000   -1.403825
517.673000   -1.402269
517.674000   -1.399029
517.675000   -1.394349
517.676000   -1.388628
517.677000   -1.382485
517.678000   -1.376766
517.679000   -1.372483
517.680000   -1.370679
517.681000   -1.372203
517.682000   -1.377431
517.683000   -1.386115
517.684000   -1.397521
517.685000   -1.410731
517.686000   -1.424899
517.687000   -1.439362
517.688000   -1.453671
517.689000   -1.467563
517.690000   -1.480895
517.691000   -1.493532
517.692000   -1.505243
517.693000   -1.515696
517.694000   -1.524579
517.695000   -1.531727
517.696000   -1.537180
517.697000   -1.541167
517.698000   -1.544046
517.699000   -1.546214
517.700000   -1.547990
517.701000   -1.549463
517.702000   -1.550366
517.703000   -1.550131
517.704000   -1.548132
517.705000   -1.543925
517.706000   -1.537385
517.707000   -1.528739
517.708000   -1.518558
517.709000   -1.507672
517.710000   -1.496978
517.711000   -1.487153
517.712000   -1.478490
517.713000   -1.471036
517.714000   -1.464850
517.715000   -1.460127
517.716000   -1.457182
517.717000   -1.456372
517.718000   -1.457979
517.719000   -1.462056
517.720000   -1.468254
517.721000   -1.475777
517.722000   -1.483599
517.723000   -1.490741
517.724000   -1.496425
517.725000   -1.500115
517.726000   -1.501522
517.727000   -1.500597
517.728000   -1.497511
517.729000   -1.492616
517.730000   -1.486374
517.731000   -1.479292
517.732000   -1.471890
517.733000   -1.464717
517.734000   -1.458340
517.735000   -1.453310
517.736000   -1.450105
517.737000   -1.449115
517.738000   -1.450639
517.739000   -1.454804
517.740000   -1.461354
517.741000   -1.469586
517.742000   -1.478613
517.743000   -1.487682
517.744000   -1.496326
517.745000   -1.504390
517.746000   -1.512029
517.747000   -1.519660
517.748000   -1.527801
517.749000   -1.536785
517.750000   -1.546598
517.751000   -1.557033
517.752000   -1.567904
517.753000   -1.579090
517.754000   -1.590445
517.755000   -1.601710
517.756000   -1.612476
517.757000   -1.622196
517.758000   -1.630212
517.759000   -1.635788
517.760000   -1.638200
517.761000   -1.636914
517.762000   -1.631719
517.763000   -1.622767
517.764000   -1.610558
517.765000   -1.595908
517.766000   -1.579915
517.767000   -1.563879
517.768000   -1.549122
517.769000   -1.536710
517.770000   -1.527337
517.771000   -1.521405
517.772000   -1.519125
517.773000   -1.520548
517.774000   -1.525585
517.775000   -1.534041
517.776000   -1.545613
517.777000   -1.559770
517.778000   -1.575571
517.779000   -1.591696
517.780000   -1.606753
517.781000   -1.619537
517.782000   -1.629146
517.783000   -1.635009
517.784000   -1.636893
517.785000   -1.634885
517.786000   -1.629320
517.787000   -1.620675
517.788000   -1.609497
517.789000   -1.596412
517.790000   -1.582095
517.791000   -1.567173
517.792000   -1.552148
517.793000   -1.537388
517.794000   -1.523179
517.795000   -1.509797
517.796000   -1.497531
517.797000   -1.486601
517.798000   -1.477085
517.799000   -1.468950
517.800000   -1.462164
517.801000   -1.456772
517.802000   -1.452940
517.803000   -1.450980
517.804000   -1.451344
517.805000   -1.454560
517.806000   -1.461040
517.807000   -1.470885
517.808000   -1.483866
517.809000   -1.499517
517.810000   -1.517158
517.811000   -1.535907
517.812000   -1.554746
517.813000   -1.572641
517.814000   -1.588629
517.815000   -1.601845
517.816000   -1.611529
517.817000   -1.617087
517.818000   -1.618201
517.819000   -1.614889
517.820000   -1.607503
517.821000   -1.596716
517.822000   -1.583503
517.823000   -1.569096
517.824000   -1.554873
517.825000   -1.542173
517.826000   -1.532083
517.827000   -1.525301
517.828000   -1.522139
517.829000   -1.522574
517.830000   -1.526331
517.831000   -1.532985
517.832000   -1.542069
517.833000   -1.553125
517.834000   -1.565676
517.835000   -1.579167
517.836000   -1.592960
517.837000   -1.606423
517.838000   -1.619035
517.839000   -1.630421
517.840000   -1.640387
517.841000   -1.648939
517.842000   -1.656262
517.843000   -1.662651
517.844000   -1.668384
517.845000   -1.673603
517.846000   -1.678228
517.847000   -1.681926
517.848000   -1.684143
517.849000   -1.684206
517.850000   -1.681468
517.851000   -1.675439
517.852000   -1.665883
517.853000   -1.652851
517.854000   -1.636674
517.855000   -1.617911
517.856000   -1.597292
517.857000   -1.575671
517.858000   -1.553986
517.859000   -1.533223
517.860000   -1.514399
517.861000   -1.498528
517.862000   -1.486530
517.863000   -1.479065
517.864000   -1.476354
517.865000   -1.478069
517.866000   -1.483395
517.867000   -1.491174
517.868000   -1.500080
517.869000   -1.508797
517.870000   -1.516163
517.871000   -1.521275
517.872000   -1.523525
517.873000   -1.522572
517.874000   -1.518263
517.875000   -1.510589
517.876000   -1.499734
517.877000   -1.486145
517.878000   -1.470558
517.879000   -1.453954
517.880000   -1.437461
517.881000   -1.422189
517.882000   -1.409024
517.883000   -1.398431
517.884000   -1.390383
517.885000   -1.384497
517.886000   -1.380236
517.887000   -1.377092
517.888000   -1.374708
517.889000   -1.372933
517.890000   -1.371827
517.891000   -1.371596
517.892000   -1.372504
517.893000   -1.374786
517.894000   -1.378610
517.895000   -1.384088
517.896000   -1.391331
517.897000   -1.400506
517.898000   -1.411838
517.899000   -1.425519
517.900000   -1.441565
517.901000   -1.459680
517.902000   -1.479220
517.903000   -1.499255
517.904000   -1.518660
517.905000   -1.536226
517.906000   -1.550830
517.907000   -1.561609
517.908000   -1.568052
517.909000   -1.570015
517.910000   -1.567704
517.911000   -1.561656
517.912000   -1.552675
517.913000   -1.541680
517.914000   -1.529539
517.915000   -1.517075
517.916000   -1.505150
517.917000   -1.494639
517.918000   -1.486284
517.919000   -1.480570
517.920000   -1.477657
517.921000   -1.477404
517.922000   -1.479406
517.923000   -1.483011
517.924000   -1.487398
517.925000   -1.491747
517.926000   -1.495385
517.927000   -1.497826
517.928000   -1.498767
517.929000   -1.498087
517.930000   -1.495868
517.931000   -1.492385
517.932000   -1.487972
517.933000   -1.482876
517.934000   -1.477313
517.935000   -1.471581
517.936000   -1.466012
517.937000   -1.460833
517.938000   -1.456080
517.939000   -1.451618
517.940000   -1.447184
517.941000   -1.442355
517.942000   -1.436501
517.943000   -1.428978
517.944000   -1.419382
517.945000   -1.407640
517.946000   -1.393984
517.947000   -1.378895
517.948000   -1.363064
517.949000   -1.347341
517.950000   -1.332617
517.951000   -1.319652
517.952000   -1.309028
517.953000   -1.301214
517.954000   -1.296565
517.955000   -1.295209
517.956000   -1.296982
517.957000   -1.301444
517.958000   -1.307980
517.959000   -1.315847
517.960000   -1.324111
517.961000   -1.331656
517.962000   -1.337421
517.963000   -1.340622
517.964000   -1.340846
517.965000   -1.338091
517.966000   -1.332777
517.967000   -1.325719
517.968000   -1.318028
517.969000   -1.310896
517.970000   -1.305413
517.971000   -1.302497
517.972000   -1.302842
517.973000   -1.306824
517.974000   -1.314442
517.975000   -1.325371
517.976000   -1.339093
517.977000   -1.355048
517.978000   -1.372675
517.979000   -1.391341
517.980000   -1.410294
517.981000   -1.428734
517.982000   -1.445907
517.983000   -1.461177
517.984000   -1.474099
517.985000   -1.484528
517.986000   -1.492678
517.987000   -1.499089
517.988000   -1.504464
517.989000   -1.509515
517.990000   -1.514866
517.991000   -1.520890
517.992000   -1.527567
517.993000   -1.534484
517.994000   -1.540993
517.995000   -1.546428
517.996000   -1.550282
517.997000   -1.552304
517.998000   -1.552506
517.999000   -1.551091
518.000000   -1.548336
518.001000   -1.544520
518.001000   -1.544520
518.002000   -1.539934
518.003000   -1.534965
518.004000   -1.530161
518.005000   -1.526248
518.006000   -1.524075
518.007000   -1.524457
518.008000   -1.527998
518.009000   -1.534934
518.010000   -1.545016
518.011000   -1.557538
518.012000   -1.571521
518.013000   -1.585930
518.014000   -1.599834
518.015000   -1.612488
518.016000   -1.623373
518.017000   -1.632198
518.018000   -1.638805
518.019000   -1.643002
518.020000   -1.644539
518.021000   -1.643253
518.022000   -1.639234
518.023000   -1.632884
518.024000   -1.624889
518.025000   -1.616155
518.026000   -1.607642
518.027000   -1.600115
518.028000   -1.593890
518.029000   -1.588823
518.030000   -1.584557
518.031000   -1.580794
518.032000   -1.577436
518.033000   -1.574594
518.034000   -1.572524
518.035000   -1.571541
518.036000   -1.571951
518.037000   -1.573980
518.038000   -1.577746
518.039000   -1.583283
518.040000   -1.590616
518.041000   -1.599792
518.042000   -1.610856
518.043000   -1.623831
518.044000   -1.638683
518.045000   -1.655291
518.046000   -1.673313
518.047000   -1.692033
518.048000   -1.710330
518.049000   -1.726872
518.050000   -1.740385
518.051000   -1.749847
518.052000   -1.754599
518.053000   -1.754403
518.054000   -1.749473
518.055000   -1.740378
518.056000   -1.727807
518.057000   -1.712370
518.058000   -1.694643
518.059000   -1.675338
518.060000   -1.655363
518.061000   -1.635759
518.062000   -1.617589
518.063000   -1.601821
518.064000   -1.589213
518.065000   -1.580149
518.066000   -1.574509
518.067000   -1.571754
518.068000   -1.571179
518.069000   -1.572114
518.070000   -1.573995
518.071000   -1.576388
518.072000   -1.579006
518.073000   -1.581708
518.074000   -1.584418
518.075000   -1.586942
518.076000   -1.588854
518.077000   -1.589634
518.078000   -1.588872
518.079000   -1.586361
518.080000   -1.582076
518.081000   -1.576117
518.082000   -1.568647
518.083000   -1.559799
518.084000   -1.549492
518.085000   -1.537302
518.086000   -1.522630
518.087000   -1.505042
518.088000   -1.484469
518.089000   -1.461236
518.090000   -1.436023
518.091000   -1.409811
518.092000   -1.383796
518.093000   -1.359191
518.094000   -1.336955
518.095000   -1.317722
518.096000   -1.301983
518.097000   -1.290214
518.098000   -1.282861
518.099000   -1.280247
518.100000   -1.282505
518.101000   -1.289536
518.102000   -1.300920
518.103000   -1.315767
518.104000   -1.332729
518.105000   -1.350281
518.106000   -1.367009
518.107000   -1.381737
518.108000   -1.393592
518.109000   -1.402040
518.110000   -1.406933
518.111000   -1.408478
518.112000   -1.407060
518.113000   -1.403055
518.114000   -1.396830
518.115000   -1.388869
518.116000   -1.379781
518.117000   -1.370215
518.118000   -1.360749
518.119000   -1.351840
518.120000   -1.343804
518.121000   -1.336733
518.122000   -1.330372
518.123000   -1.324218
518.124000   -1.317816
518.125000   -1.310965
518.126000   -1.303729
518.127000   -1.296394
518.128000   -1.289418
518.129000   -1.283380
518.130000   -1.278839
518.131000   -1.276117
518.132000   -1.275251
518.133000   -1.276186
518.134000   -1.278918
518.135000   -1.283470
518.136000   -1.289810
518.137000   -1.297778
518.138000   -1.307056
518.139000   -1.317136
518.140000   -1.327265
518.141000   -1.336480
518.142000   -1.343838
518.143000   -1.348634
518.144000   -1.350505
518.145000   -1.349437
518.146000   -1.345762
518.147000   -1.340145
518.148000   -1.333505
518.149000   -1.326828
518.150000   -1.320952
518.151000   -1.316526
518.152000   -1.314079
518.153000   -1.314057
518.154000   -1.316807
518.155000   -1.322569
518.156000   -1.331488
518.157000   -1.343573
518.158000   -1.358567
518.159000   -1.375774
518.160000   -1.394122
518.161000   -1.412424
518.162000   -1.429604
518.163000   -1.444851
518.164000   -1.457707
518.165000   -1.468119
518.166000   -1.476396
518.167000   -1.483031
518.168000   -1.488450
518.169000   -1.492915
518.170000   -1.496616
518.171000   -1.499757
518.172000   -1.502559
518.173000   -1.505238
518.174000   -1.508011
518.175000   -1.511104
518.176000   -1.514717
518.177000   -1.518913
518.178000   -1.523531
518.179000   -1.528231
518.180000   -1.532616
518.181000   -1.536327
518.182000   -1.539147
518.183000   -1.541098
518.184000   -1.542499
518.185000   -1.543929
518.186000   -1.546030
518.187000   -1.549211
518.188000   -1.553533
518.189000   -1.558808
518.190000   -1.564738
518.191000   -1.570977
518.192000   -1.577177
518.193000   -1.583011
518.194000   -1.588185
518.195000   -1.592373
518.196000   -1.595138
518.197000   -1.595988
518.198000   -1.594516
518.199000   -1.590496
518.200000   -1.583894
518.201000   -1.574890
518.202000   -1.563909
518.203000   -1.551632
518.204000   -1.538953
518.205000   -1.526841
518.206000   -1.516179
518.207000   -1.507662
518.208000   -1.501784
518.209000   -1.498837
518.210000   -1.498926
518.211000   -1.501991
518.212000   -1.507856
518.213000   -1.516229
518.214000   -1.526628
518.215000   -1.538270
518.216000   -1.550141
518.217000   -1.561208
518.218000   -1.570576
518.219000   -1.577574
518.220000   -1.581820
518.221000   -1.583269
518.222000   -1.582208
518.223000   -1.579158
518.224000   -1.574733
518.225000   -1.569544
518.226000   -1.564144
518.227000   -1.558953
518.228000   -1.554202
518.229000   -1.549949
518.230000   -1.546116
518.231000   -1.542527
518.232000   -1.538944
518.233000   -1.535066
518.234000   -1.530551
518.235000   -1.525097
518.236000   -1.518570
518.237000   -1.511089
518.238000   -1.503059
518.239000   -1.495134
518.240000   -1.488142
518.241000   -1.482977
518.242000   -1.480426
518.243000   -1.480998
518.244000   -1.484835
518.245000   -1.491740
518.246000   -1.501210
518.247000   -1.512481
518.248000   -1.524634
518.249000   -1.536740
518.250000   -1.547950
518.251000   -1.557515
518.252000   -1.564760
518.253000   -1.569077
518.254000   -1.569964
518.255000   -1.567049
518.256000   -1.560164
518.257000   -1.549460
518.258000   -1.535469
518.259000   -1.519064
518.260000   -1.501320
518.261000   -1.483339
518.262000   -1.466065
518.263000   -1.450192
518.264000   -1.436173
518.265000   -1.424298
518.266000   -1.414774
518.267000   -1.407770
518.268000   -1.403430
518.269000   -1.401862
518.270000   -1.403076
518.271000   -1.406886
518.272000   -1.412892
518.273000   -1.420553
518.274000   -1.429312
518.275000   -1.438690
518.276000   -1.448339
518.277000   -1.458069
518.278000   -1.467829
518.279000   -1.477618
518.280000   -1.487349
518.281000   -1.496765
518.282000   -1.505442
518.283000   -1.512859
518.284000   -1.518486
518.285000   -1.521852
518.286000   -1.522584
518.287000   -1.520431
518.288000   -1.515265
518.289000   -1.507064
518.290000   -1.495927
518.291000   -1.482125
518.292000   -1.466148
518.293000   -1.448759
518.294000   -1.430950
518.295000   -1.413832
518.296000   -1.398500
518.297000   -1.385921
518.298000   -1.376845
518.299000   -1.371737
518.300000   -1.370754
518.301000   -1.373792
518.302000   -1.380588
518.303000   -1.390821
518.304000   -1.404115
518.305000   -1.419985
518.306000   -1.437816
518.307000   -1.456871
518.308000   -1.476329
518.309000   -1.495351
518.310000   -1.513153
518.311000   -1.529097
518.312000   -1.542784
518.313000   -1.554054
518.314000   -1.562889
518.315000   -1.569314
518.316000   -1.573336
518.317000   -1.574921
518.318000   -1.574007
518.319000   -1.570538
518.320000   -1.564517
518.321000   -1.556097
518.322000   -1.545647
518.323000   -1.533682
518.324000   -1.520718
518.325000   -1.507181
518.326000   -1.493387
518.327000   -1.479581
518.328000   -1.465986
518.329000   -1.452855
518.330000   -1.440567
518.331000   -1.429752
518.332000   -1.421232
518.333000   -1.415797
518.334000   -1.414009
518.335000   -1.416119
518.336000   -1.422054
518.337000   -1.431432
518.338000   -1.443598
518.339000   -1.457746
518.340000   -1.473133
518.341000   -1.489224
518.342000   -1.505565
518.343000   -1.521603
518.344000   -1.536612
518.345000   -1.549746
518.346000   -1.560159
518.347000   -1.567133
518.348000   -1.570224
518.349000   -1.569415
518.350000   -1.565219
518.351000   -1.558554
518.352000   -1.550477
518.353000   -1.541953
518.354000   -1.533744
518.355000   -1.526411
518.356000   -1.520345
518.357000   -1.515799
518.358000   -1.512976
518.359000   -1.512140
518.360000   -1.513636
518.361000   -1.517739
518.362000   -1.524526
518.363000   -1.533848
518.364000   -1.545380
518.365000   -1.558657
518.366000   -1.573099
518.367000   -1.588092
518.368000   -1.603146
518.369000   -1.618000
518.370000   -1.632541
518.371000   -1.646614
518.372000   -1.659914
518.373000   -1.671975
518.374000   -1.682204
518.375000   -1.689934
518.376000   -1.694527
518.377000   -1.695560
518.378000   -1.693024
518.379000   -1.687291
518.380000   -1.678878
518.381000   -1.668234
518.382000   -1.655690
518.383000   -1.641553
518.384000   -1.626185
518.385000   -1.610042
518.386000   -1.593737
518.387000   -1.578079
518.388000   -1.563975
518.389000   -1.552181
518.390000   -1.543070
518.391000   -1.536606
518.392000   -1.532509
518.393000   -1.530399
518.394000   -1.529873
518.395000   -1.530544
518.396000   -1.532088
518.397000   -1.534249
518.398000   -1.536735
518.399000   -1.539082
518.400000   -1.540682
518.401000   -1.540938
518.402000   -1.539407
518.403000   -1.535854
518.404000   -1.530282
518.405000   -1.522964
518.406000   -1.514445
518.407000   -1.505440
518.408000   -1.496643
518.409000   -1.488587
518.410000   -1.481600
518.411000   -1.475808
518.412000   -1.471163
518.413000   -1.467501
518.414000   -1.464634
518.415000   -1.462456
518.416000   -1.460972
518.417000   -1.460237
518.418000   -1.460279
518.419000   -1.461079
518.420000   -1.462602
518.421000   -1.464830
518.422000   -1.467805
518.423000   -1.471653
518.424000   -1.476603
518.425000   -1.482966
518.426000   -1.491031
518.427000   -1.500906
518.428000   -1.512386
518.429000   -1.524962
518.430000   -1.537892
518.431000   -1.550283
518.432000   -1.561200
518.433000   -1.569796
518.434000   -1.575439
518.435000   -1.577734
518.436000   -1.576408
518.437000   -1.571197
518.438000   -1.561874
518.439000   -1.548373
518.440000   -1.530876
518.441000   -1.509874
518.442000   -1.486210
518.443000   -1.461063
518.444000   -1.435826
518.445000   -1.411828
518.446000   -1.390056
518.447000   -1.371099
518.448000   -1.355281
518.449000   -1.342786
518.450000   -1.333733
518.451000   -1.328243
518.452000   -1.326495
518.453000   -1.328704
518.454000   -1.334923
518.455000   -1.344744
518.456000   -1.357281
518.457000   -1.371456
518.458000   -1.386276
518.459000   -1.400977
518.460000   -1.415107
518.461000   -1.428574
518.462000   -1.441583
518.463000   -1.454358
518.464000   -1.466739
518.465000   -1.478126
518.466000   -1.487791
518.467000   -1.495147
518.468000   -1.499838
518.469000   -1.501772
518.470000   -1.501134
518.471000   -1.498346
518.472000   -1.493884
518.473000   -1.488049
518.474000   -1.480959
518.475000   -1.472779
518.476000   -1.463862
518.477000   -1.454762
518.478000   -1.446185
518.479000   -1.438929
518.480000   -1.433796
518.481000   -1.431439
518.482000   -1.432160
518.483000   -1.435823
518.484000   -1.441956
518.485000   -1.449905
518.486000   -1.458930
518.487000   -1.468278
518.488000   -1.477251
518.489000   -1.485245
518.490000   -1.491743
518.491000   -1.496247
518.492000   -1.498245
518.493000   -1.497266
518.494000   -1.493004
518.495000   -1.485405
518.496000   -1.474688
518.497000   -1.461335
518.498000   -1.446034
518.499000   -1.429590
518.500000   -1.412765
518.501000   -1.396087
518.501000   -1.396087
518.502000   -1.379793
518.503000   -1.363954
518.504000   -1.348632
518.505000   -1.333982
518.506000   -1.320278
518.507000   -1.307904
518.508000   -1.297286
518.509000   -1.288763
518.510000   -1.282413
518.511000   -1.278015
518.512000   -1.275240
518.513000   -1.273857
518.514000   -1.273834
518.515000   -1.275332
518.516000   -1.278645
518.517000   -1.284106
518.518000   -1.291950
518.519000   -1.302148
518.520000   -1.314316
518.521000   -1.327806
518.522000   -1.341873
518.523000   -1.355800
518.524000   -1.368963
518.525000   -1.380877
518.526000   -1.391223
518.527000   -1.399849
518.528000   -1.406684
518.529000   -1.411617
518.530000   -1.414484
518.531000   -1.415233
518.532000   -1.414087
518.533000   -1.411585
518.534000   -1.408524
518.535000   -1.405869
518.536000   -1.404613
518.537000   -1.405556
518.538000   -1.409029
518.539000   -1.414799
518.540000   -1.422286
518.541000   -1.430823
518.542000   -1.439783
518.543000   -1.448611
518.544000   -1.456845
518.545000   -1.464107
518.546000   -1.470021
518.547000   -1.474068
518.548000   -1.475557
518.549000   -1.473846
518.550000   -1.468606
518.551000   -1.459941
518.552000   -1.448347
518.553000   -1.434600
518.554000   -1.419620
518.555000   -1.404316
518.556000   -1.389372
518.557000   -1.375125
518.558000   -1.361657
518.559000   -1.349032
518.560000   -1.337428
518.561000   -1.327138
518.562000   -1.318510
518.563000   -1.311900
518.564000   -1.307623
518.565000   -1.305821
518.566000   -1.306297
518.567000   -1.308539
518.568000   -1.311990
518.569000   -1.316314
518.570000   -1.321469
518.571000   -1.327649
518.572000   -1.335195
518.573000   -1.344457
518.574000   -1.355527
518.575000   -1.367939
518.576000   -1.380694
518.577000   -1.392645
518.578000   -1.402841
518.579000   -1.410645
518.580000   -1.415720
518.581000   -1.418003
518.582000   -1.417635
518.583000   -1.414770
518.584000   -1.409386
518.585000   -1.401362
518.586000   -1.390770
518.587000   -1.378099
518.588000   -1.364261
518.589000   -1.350464
518.590000   -1.338021
518.591000   -1.328154
518.592000   -1.321764
518.593000   -1.319268
518.594000   -1.320620
518.595000   -1.325502
518.596000   -1.333544
518.597000   -1.344422
518.598000   -1.357818
518.599000   -1.373340
518.600000   -1.390490
518.601000   -1.408661
518.602000   -1.427134
518.603000   -1.445096
518.604000   -1.461739
518.605000   -1.476419
518.606000   -1.488771
518.607000   -1.498690
518.608000   -1.506255
518.609000   -1.511654
518.610000   -1.515119
518.611000   -1.516825
518.612000   -1.516793
518.613000   -1.514923
518.614000   -1.511119
518.615000   -1.505371
518.616000   -1.497776
518.617000   -1.488570
518.618000   -1.478136
518.619000   -1.466956
518.620000   -1.455497
518.621000   -1.444117
518.622000   -1.433083
518.623000   -1.422651
518.624000   -1.413147
518.625000   -1.405011
518.626000   -1.398783
518.627000   -1.395047
518.628000   -1.394354
518.629000   -1.397120
518.630000   -1.403531
518.631000   -1.413479
518.632000   -1.426557
518.633000   -1.442130
518.634000   -1.459459
518.635000   -1.477746
518.636000   -1.496128
518.637000   -1.513695
518.638000   -1.529529
518.639000   -1.542741
518.640000   -1.552503
518.641000   -1.558124
518.642000   -1.559189
518.643000   -1.555703
518.644000   -1.548126
518.645000   -1.537270
518.646000   -1.524146
518.647000   -1.509811
518.648000   -1.495195
518.649000   -1.480975
518.650000   -1.467579
518.651000   -1.455282
518.652000   -1.444313
518.653000   -1.434911
518.654000   -1.427316
518.655000   -1.421716
518.656000   -1.418178
518.657000   -1.416615
518.658000   -1.416805
518.659000   -1.418437
518.660000   -1.421164
518.661000   -1.424659
518.662000   -1.428706
518.663000   -1.433238
518.664000   -1.438275
518.665000   -1.443822
518.666000   -1.449789
518.667000   -1.455942
518.668000   -1.461875
518.669000   -1.467028
518.670000   -1.470800
518.671000   -1.472719
518.672000   -1.472586
518.673000   -1.470466
518.674000   -1.466596
518.675000   -1.461288
518.676000   -1.454847
518.677000   -1.447507
518.678000   -1.439451
518.679000   -1.430906
518.680000   -1.422217
518.681000   -1.413872
518.682000   -1.406439
518.683000   -1.400485
518.684000   -1.396476
518.685000   -1.394659
518.686000   -1.395014
518.687000   -1.397307
518.688000   -1.401166
518.689000   -1.406137
518.690000   -1.411712
518.691000   -1.417393
518.692000   -1.422723
518.693000   -1.427250
518.694000   -1.430468
518.695000   -1.431820
518.696000   -1.430786
518.697000   -1.426991
518.698000   -1.420280
518.699000   -1.410788
518.700000   -1.399013
518.701000   -1.385797
518.702000   -1.372136
518.703000   -1.358914
518.704000   -1.346689
518.705000   -1.335655
518.706000   -1.325758
518.707000   -1.316857
518.708000   -1.308862
518.709000   -1.301832
518.710000   -1.295976
518.711000   -1.291539
518.712000   -1.288597
518.713000   -1.286894
518.714000   -1.285871
518.715000   -1.284903
518.716000   -1.283523
518.717000   -1.281527
518.718000   -1.278973
518.719000   -1.276139
518.720000   -1.273427
518.721000   -1.271198
518.722000   -1.269574
518.723000   -1.268400
518.724000   -1.267365
518.725000   -1.266144
518.726000   -1.264471
518.727000   -1.262186
518.728000   -1.259267
518.729000   -1.255837
518.730000   -1.252131
518.731000   -1.248406
518.732000   -1.244892
518.733000   -1.241802
518.734000   -1.239399
518.735000   -1.238039
518.736000   -1.238176
518.737000   -1.240344
518.738000   -1.245117
518.739000   -1.253002
518.740000   -1.264275
518.741000   -1.278783
518.742000   -1.295930
518.743000   -1.314851
518.744000   -1.334604
518.745000   -1.354281
518.746000   -1.373076
518.747000   -1.390305
518.748000   -1.405381
518.749000   -1.417685
518.750000   -1.426443
518.751000   -1.430838
518.752000   -1.430302
518.753000   -1.424739
518.754000   -1.414546
518.755000   -1.400545
518.756000   -1.383863
518.757000   -1.365784
518.758000   -1.347537
518.759000   -1.330059
518.760000   -1.313885
518.761000   -1.299266
518.762000   -1.286355
518.763000   -1.275306
518.764000   -1.266324
518.765000   -1.259661
518.766000   -1.255607
518.767000   -1.254426
518.768000   -1.256208
518.769000   -1.260688
518.770000   -1.267228
518.771000   -1.275050
518.772000   -1.283468
518.773000   -1.292013
518.774000   -1.300479
518.775000   -1.308928
518.776000   -1.317651
518.777000   -1.326975
518.778000   -1.336937
518.779000   -1.347109
518.780000   -1.356808
518.781000   -1.365404
518.782000   -1.372469
518.783000   -1.377810
518.784000   -1.381468
518.785000   -1.383687
518.786000   -1.384815
518.787000   -1.385123
518.788000   -1.384730
518.789000   -1.383732
518.790000   -1.382371
518.791000   -1.381077
518.792000   -1.380424
518.793000   -1.381080
518.794000   -1.383754
518.795000   -1.389137
518.796000   -1.397806
518.797000   -1.410083
518.798000   -1.425965
518.799000   -1.445161
518.800000   -1.467181
518.801000   -1.491399
518.802000   -1.517100
518.803000   -1.543558
518.804000   -1.570118
518.805000   -1.596226
518.806000   -1.621303
518.807000   -1.644541
518.808000   -1.664954
518.809000   -1.681663
518.810000   -1.694108
518.811000   -1.702121
518.812000   -1.705933
518.813000   -1.706160
518.814000   -1.703714
518.815000   -1.699533
518.816000   -1.694234
518.817000   -1.688042
518.818000   -1.681014
518.819000   -1.673225
518.820000   -1.664829
518.821000   -1.656081
518.822000   -1.647374
518.823000   -1.639230
518.824000   -1.632193
518.825000   -1.626625
518.826000   -1.622584
518.827000   -1.619921
518.828000   -1.618457
518.829000   -1.618080
518.830000   -1.618783
518.831000   -1.620686
518.832000   -1.624042
518.833000   -1.629177
518.834000   -1.636318
518.835000   -1.645358
518.836000   -1.655780
518.837000   -1.666811
518.838000   -1.677613
518.839000   -1.687402
518.840000   -1.695544
518.841000   -1.701619
518.842000   -1.705449
518.843000   -1.707029
518.844000   -1.706333
518.845000   -1.703190
518.846000   -1.697394
518.847000   -1.688877
518.848000   -1.677816
518.849000   -1.664666
518.850000   -1.650142
518.851000   -1.635160
518.852000   -1.620688
518.853000   -1.607538
518.854000   -1.596242
518.855000   -1.587086
518.856000   -1.580190
518.857000   -1.575550
518.858000   -1.573054
518.859000   -1.572488
518.860000   -1.573564
518.861000   -1.575952
518.862000   -1.579304
518.863000   -1.583236
518.864000   -1.587337
518.865000   -1.591218
518.866000   -1.594591
518.867000   -1.597302
518.868000   -1.599350
518.869000   -1.600913
518.870000   -1.602352
518.871000   -1.604126
518.872000   -1.606556
518.873000   -1.609611
518.874000   -1.612949
518.875000   -1.616158
518.876000   -1.618927
518.877000   -1.621117
518.878000   -1.622797
518.879000   -1.624234
518.880000   -1.625786
518.881000   -1.627644
518.882000   -1.629615
518.883000   -1.631202
518.884000   -1.631890
518.885000   -1.631346
518.886000   -1.629493
518.887000   -1.626514
518.888000   -1.622816
518.889000   -1.618920
518.890000   -1.615235
518.891000   -1.611805
518.892000   -1.608302
518.893000   -1.604291
518.894000   -1.599506
518.895000   -1.593947
518.896000   -1.587817
518.897000   -1.581443
518.898000   -1.575191
518.899000   -1.569314
518.900000   -1.563769
518.901000   -1.558222
518.902000   -1.552310
518.903000   -1.545942
518.904000   -1.539351
518.905000   -1.532972
518.906000   -1.527337
518.907000   -1.522995
518.908000   -1.520375
518.909000   -1.519578
518.910000   -1.520286
518.911000   -1.521907
518.912000   -1.523849
518.913000   -1.525685
518.914000   -1.527132
518.915000   -1.527985
518.916000   -1.528075
518.917000   -1.527221
518.918000   -1.525149
518.919000   -1.521476
518.920000   -1.515821
518.921000   -1.508031
518.922000   -1.498320
518.923000   -1.487210
518.924000   -1.475363
518.925000   -1.463455
518.926000   -1.452106
518.927000   -1.441811
518.928000   -1.432863
518.929000   -1.425338
518.930000   -1.419197
518.931000   -1.414481
518.932000   -1.411372
518.933000   -1.410102
518.934000   -1.410854
518.935000   -1.413745
518.936000   -1.418797
518.937000   -1.425875
518.938000   -1.434630
518.939000   -1.444555
518.940000   -1.455164
518.941000   -1.466119
518.942000   -1.477202
518.943000   -1.488234
518.944000   -1.499042
518.945000   -1.509414
518.946000   -1.519024
518.947000   -1.527370
518.948000   -1.533790
518.949000   -1.537579
518.950000   -1.538170
518.951000   -1.535230
518.952000   -1.528626
518.953000   -1.518381
518.954000   -1.504668
518.955000   -1.487814
518.956000   -1.468287
518.957000   -1.446668
518.958000   -1.423645
518.959000   -1.400061
518.960000   -1.376953
518.961000   -1.355406
518.962000   -1.336372
518.963000   -1.320561
518.964000   -1.308429
518.965000   -1.300173
518.966000   -1.295736
518.967000   -1.294834
518.968000   -1.297055
518.969000   -1.302006
518.970000   -1.309372
518.971000   -1.318850
518.972000   -1.330083
518.973000   -1.342665
518.974000   -1.356159
518.975000   -1.370093
518.976000   -1.383967
518.977000   -1.397298
518.978000   -1.409754
518.979000   -1.421264
518.980000   -1.431968
518.981000   -1.442064
518.982000   -1.451706
518.983000   -1.460940
518.984000   -1.469660
518.985000   -1.477580
518.986000   -1.484259
518.987000   -1.489227
518.988000   -1.492202
518.989000   -1.493200
518.990000   -1.492459
518.991000   -1.490328
518.992000   -1.487226
518.993000   -1.483601
518.994000   -1.479899
518.995000   -1.476517
518.996000   -1.473836
518.997000   -1.472357
518.998000   -1.472803
518.999000   -1.475950
519.000000   -1.482330
519.001000   -1.492050
519.001000   -1.492050
519.002000   -1.504744
519.003000   -1.519606
519.004000   -1.535484
519.005000   -1.551041
519.006000   -1.565017
519.007000   -1.576501
519.008000   -1.584944
519.009000   -1.589967
519.010000   -1.591234
519.011000   -1.588455
519.012000   -1.581461
519.013000   -1.570263
519.014000   -1.555089
519.015000   -1.536467
519.016000   -1.515325
519.017000   -1.492891
519.018000   -1.470349
519.019000   -1.448574
519.020000   -1.428090
519.021000   -1.409171
519.022000   -1.391963
519.023000   -1.376571
519.024000   -1.363139
519.025000   -1.351953
519.026000   -1.343505
519.027000   -1.338366
519.028000   -1.336963
519.029000   -1.339453
519.030000   -1.345740
519.031000   -1.355559
519.032000   -1.368533
519.033000   -1.384222
519.034000   -1.402234
519.035000   -1.422383
519.036000   -1.444613
519.037000   -1.468664
519.038000   -1.493826
519.039000   -1.518982
519.040000   -1.542818
519.041000   -1.564018
519.042000   -1.581423
519.043000   -1.594172
519.044000   -1.601844
519.045000   -1.604465
519.046000   -1.602358
519.047000   -1.595982
519.048000   -1.585915
519.049000   -1.572911
519.050000   -1.557915
519.051000   -1.542007
519.052000   -1.526306
519.053000   -1.511908
519.054000   -1.499844
519.055000   -1.490946
519.056000   -1.485651
519.057000   -1.483926
519.058000   -1.485362
519.059000   -1.489327
519.060000   -1.495072
519.061000   -1.501815
519.062000   -1.508821
519.063000   -1.515463
519.064000   -1.521208
519.065000   -1.525493
519.066000   -1.527669
519.067000   -1.527083
519.068000   -1.523249
519.069000   -1.515938
519.070000   -1.505202
519.071000   -1.491333
519.072000   -1.474830
519.073000   -1.456318
519.074000   -1.436389
519.075000   -1.415417
519.076000   -1.393576
519.077000   -1.371004
519.078000   -1.347961
519.079000   -1.324896
519.080000   -1.302447
519.081000   -1.281429
519.082000   -1.262756
519.083000   -1.247279
519.084000   -1.235592
519.085000   -1.227967
519.086000   -1.224485
519.087000   -1.225183
519.088000   -1.230131
519.089000   -1.239418
519.090000   -1.253112
519.091000   -1.271207
519.092000   -1.293527
519.093000   -1.319594
519.094000   -1.348503
519.095000   -1.378978
519.096000   -1.409584
519.097000   -1.438931
519.098000   -1.465806
519.099000   -1.489266
519.100000   -1.508711
519.101000   -1.523903
519.102000   -1.534855
519.103000   -1.541642
519.104000   -1.544338
519.105000   -1.543164
519.106000   -1.538642
519.107000   -1.531605
519.108000   -1.523112
519.109000   -1.514340
519.110000   -1.506445
519.111000   -1.500367
519.112000   -1.496609
519.113000   -1.495128
519.114000   -1.495500
519.115000   -1.497192
519.116000   -1.499717
519.117000   -1.502692
519.118000   -1.505864
519.119000   -1.509124
519.120000   -1.512467
519.121000   -1.515839
519.122000   -1.518943
519.123000   -1.521254
519.124000   -1.522277
519.125000   -1.521754
519.126000   -1.519730
519.127000   -1.516516
519.128000   -1.512617
519.129000   -1.508626
519.130000   -1.505043
519.131000   -1.502035
519.132000   -1.499350
519.133000   -1.496520
519.134000   -1.493122
519.135000   -1.488928
519.136000   -1.483951
519.137000   -1.478453
519.138000   -1.472923
519.139000   -1.468005
519.140000   -1.464323
519.141000   -1.462274
519.142000   -1.462012
519.143000   -1.463612
519.144000   -1.467181
519.145000   -1.472878
519.146000   -1.480882
519.147000   -1.491369
519.148000   -1.504463
519.149000   -1.520084
519.150000   -1.537755
519.151000   -1.556565
519.152000   -1.575382
519.153000   -1.593093
519.154000   -1.608749
519.155000   -1.621649
519.156000   -1.631415
519.157000   -1.638012
519.158000   -1.641688
519.159000   -1.642809
519.160000   -1.641697
519.161000   -1.638645
519.162000   -1.634026
519.163000   -1.628331
519.164000   -1.622129
519.165000   -1.615994
519.166000   -1.610444
519.167000   -1.605881
519.168000   -1.602486
519.169000   -1.600125
519.170000   -1.598423
519.171000   -1.596962
519.172000   -1.595424
519.173000   -1.593629
519.174000   -1.591533
519.175000   -1.589214
519.176000   -1.586864
519.177000   -1.584712
519.178000   -1.582903
519.179000   -1.581414
519.180000   -1.580115
519.181000   -1.578855
519.182000   -1.577489
519.183000   -1.575855
519.184000   -1.573758
519.185000   -1.570989
519.186000   -1.567347
519.187000   -1.562583
519.188000   -1.556329
519.189000   -1.548153
519.190000   -1.537740
519.191000   -1.525033
519.192000   -1.510283
519.193000   -1.494059
519.194000   -1.477233
519.195000   -1.460918
519.196000   -1.446279
519.197000   -1.434243
519.198000   -1.425367
519.199000   -1.419945
519.200000   -1.418146
519.201000   -1.420066
519.202000   -1.425762
519.203000   -1.435259
519.204000   -1.448509
519.205000   -1.465233
519.206000   -1.484738
519.207000   -1.505903
519.208000   -1.527393
519.209000   -1.547890
519.210000   -1.566253
519.211000   -1.581591
519.212000   -1.593310
519.213000   -1.601113
519.214000   -1.604934
519.215000   -1.604813
519.216000   -1.600809
519.217000   -1.593048
519.218000   -1.581828
519.219000   -1.567668
519.220000   -1.551271
519.221000   -1.533473
519.222000   -1.515210
519.223000   -1.497451
519.224000   -1.481041
519.225000   -1.466510
519.226000   -1.454046
519.227000   -1.443672
519.228000   -1.435403
519.229000   -1.429295
519.230000   -1.425453
519.231000   -1.424033
519.232000   -1.425207
519.233000   -1.429046
519.234000   -1.435394
519.235000   -1.443888
519.236000   -1.454093
519.237000   -1.465564
519.238000   -1.477802
519.239000   -1.490197
519.240000   -1.502032
519.241000   -1.512519
519.242000   -1.520859
519.243000   -1.526305
519.244000   -1.528247
519.245000   -1.526288
519.246000   -1.520279
519.247000   -1.510317
519.248000   -1.496739
519.249000   -1.480106
519.250000   -1.461172
519.251000   -1.440850
519.252000   -1.420171
519.253000   -1.400202
519.254000   -1.381953
519.255000   -1.366292
519.256000   -1.353900
519.257000   -1.345227
519.258000   -1.340460
519.259000   -1.339543
519.260000   -1.342223
519.261000   -1.348086
519.262000   -1.356577
519.263000   -1.367042
519.264000   -1.378810
519.265000   -1.391278
519.266000   -1.403944
519.267000   -1.416441
519.268000   -1.428556
519.269000   -1.440207
519.270000   -1.451396
519.271000   -1.462138
519.272000   -1.472408
519.273000   -1.482095
519.274000   -1.490972
519.275000   -1.498688
519.276000   -1.504800
519.277000   -1.508802
519.278000   -1.510158
519.279000   -1.508344
519.280000   -1.502932
519.281000   -1.493666
519.282000   -1.480522
519.283000   -1.463754
519.284000   -1.443925
519.285000   -1.421916
519.286000   -1.398871
519.287000   -1.376093
519.288000   -1.354937
519.289000   -1.336702
519.290000   -1.322515
519.291000   -1.313195
519.292000   -1.309198
519.293000   -1.310624
519.294000   -1.317242
519.295000   -1.328536
519.296000   -1.343766
519.297000   -1.362037
519.298000   -1.382334
519.299000   -1.403501
519.300000   -1.424253
519.301000   -1.443283
519.302000   -1.459440
519.303000   -1.471890
519.304000   -1.480234
519.305000   -1.484539
519.306000   -1.485250
519.307000   -1.483031
519.308000   -1.478564
519.309000   -1.472400
519.310000   -1.464914
519.311000   -1.456340
519.312000   -1.446846
519.313000   -1.436598
519.314000   -1.425773
519.315000   -1.414539
519.316000   -1.403040
519.317000   -1.391401
519.318000   -1.379737
519.319000   -1.368192
519.320000   -1.356989
519.321000   -1.346451
519.322000   -1.336998
519.323000   -1.329124
519.324000   -1.323369
519.325000   -1.320300
519.326000   -1.320446
519.327000   -1.324207
519.328000   -1.331746
519.329000   -1.342920
519.330000   -1.357247
519.331000   -1.373930
519.332000   -1.391962
519.333000   -1.410276
519.334000   -1.427868
519.335000   -1.443859
519.336000   -1.457520
519.337000   -1.468297
519.338000   -1.475848
519.339000   -1.480057
519.340000   -1.481045
519.341000   -1.479170
519.342000   -1.475002
519.343000   -1.469257
519.344000   -1.462727
519.345000   -1.456237
519.346000   -1.450615
519.347000   -1.446605
519.348000   -1.444780
519.349000   -1.445460
519.350000   -1.448690
519.351000   -1.454229
519.352000   -1.461582
519.353000   -1.470085
519.354000   -1.479034
519.355000   -1.487810
519.356000   -1.495962
519.357000   -1.503233
519.358000   -1.509559
519.359000   -1.515035
519.360000   -1.519874
519.361000   -1.524393
519.362000   -1.529032
519.363000   -1.534343
519.364000   -1.540896
519.365000   -1.549140
519.366000   -1.559267
519.367000   -1.571140
519.368000   -1.584319
519.369000   -1.598145
519.370000   -1.611870
519.371000   -1.624747
519.372000   -1.636089
519.373000   -1.645300
519.374000   -1.651912
519.375000   -1.655607
519.376000   -1.656224
519.377000   -1.653773
519.378000   -1.648460
519.379000   -1.640693
519.380000   -1.631057
519.381000   -1.620261
519.382000   -1.609064
519.383000   -1.598162
519.384000   -1.588037
519.385000   -1.578864
519.386000   -1.570546
519.387000   -1.562826
519.388000   -1.555402
519.389000   -1.548001
519.390000   -1.540462
519.391000   -1.532764
519.392000   -1.524955
519.393000   -1.517028
519.394000   -1.508899
519.395000   -1.500540
519.396000   -1.492092
519.397000   -1.483912
519.398000   -1.476556
519.399000   -1.470733
519.400000   -1.467198
519.401000   -1.466547
519.402000   -1.469026
519.403000   -1.474479
519.404000   -1.482441
519.405000   -1.492272
519.406000   -1.503264
519.407000   -1.514710
519.408000   -1.525947
519.409000   -1.536377
519.410000   -1.545466
519.411000   -1.552750
519.412000   -1.557837
519.413000   -1.560448
519.414000   -1.560480
519.415000   -1.558062
519.416000   -1.553559
519.417000   -1.547569
519.418000   -1.540870
519.419000   -1.534333
519.420000   -1.528738
519.421000   -1.524560
519.422000   -1.521896
519.423000   -1.520554
519.424000   -1.520207
519.425000   -1.520512
519.426000   -1.521179
519.427000   -1.522024
519.428000   -1.522999
519.429000   -1.524167
519.430000   -1.525642
519.431000   -1.527574
519.432000   -1.530150
519.433000   -1.533581
519.434000   -1.538076
519.435000   -1.543835
519.436000   -1.551063
519.437000   -1.559939
519.438000   -1.570517
519.439000   -1.582571
519.440000   -1.595501
519.441000   -1.608366
519.442000   -1.620040
519.443000   -1.629414
519.444000   -1.635585
519.445000   -1.638002
519.446000   -1.636497
519.447000   -1.631207
519.448000   -1.622369
519.449000   -1.610158
519.450000   -1.594708
519.451000   -1.576311
519.452000   -1.555571
519.453000   -1.533428
519.454000   -1.511099
519.455000   -1.489964
519.456000   -1.471379
519.457000   -1.456396
519.458000   -1.445538
519.459000   -1.438850
519.460000   -1.436143
519.461000   -1.437189
519.462000   -1.441767
519.463000   -1.449652
519.464000   -1.460597
519.465000   -1.474292
519.466000   -1.490281
519.467000   -1.507900
519.468000   -1.526352
519.469000   -1.544856
519.470000   -1.562777
519.471000   -1.579674
519.472000   -1.595311
519.473000   -1.609648
519.474000   -1.622775
519.475000   -1.634778
519.476000   -1.645575
519.477000   -1.654826
519.478000   -1.661974
519.479000   -1.666373
519.480000   -1.667445
519.481000   -1.664804
519.482000   -1.658339
519.483000   -1.648232
519.484000   -1.634905
519.485000   -1.618908
519.486000   -1.600803
519.487000   -1.581127
519.488000   -1.560477
519.489000   -1.539575
519.490000   -1.519268
519.491000   -1.500489
519.492000   -1.484208
519.493000   -1.471337
519.494000   -1.462544
519.495000   -1.458047
519.496000   -1.457565
519.497000   -1.460458
519.498000   -1.465876
519.499000   -1.472883
519.500000   -1.480560
519.501000   -1.488080
519.501000   -1.488080
519.502000   -1.494751
519.503000   -1.499985
519.504000   -1.503249
519.505000   -1.504068
519.506000   -1.502069
519.507000   -1.497053
519.508000   -1.489037
519.509000   -1.478284
519.510000   -1.465319
519.511000   -1.450901
519.512000   -1.435937
519.513000   -1.421305
519.514000   -1.407635
519.515000   -1.395206
519.516000   -1.384045
519.517000   -1.374080
519.518000   -1.365259
519.519000   -1.357620
519.520000   -1.351319
519.521000   -1.346618
519.522000   -1.343740
519.523000   -1.342657
519.524000   -1.343061
519.525000   -1.344601
519.526000   -1.347105
519.527000   -1.350647
519.528000   -1.355527
519.529000   -1.362198
519.530000   -1.371109
519.531000   -1.382423
519.532000   -1.395720
519.533000   -1.409989
519.534000   -1.423875
519.535000   -1.435949
519.536000   -1.444896
519.537000   -1.449667
519.538000   -1.449562
519.539000   -1.444266
519.540000   -1.433822
519.541000   -1.418561
519.542000   -1.399052
519.543000   -1.376099
519.544000   -1.350765
519.545000   -1.324354
519.546000   -1.298351
519.547000   -1.274331
519.548000   -1.253860
519.549000   -1.238332
519.550000   -1.228681
519.551000   -1.225078
519.552000   -1.226957
519.553000   -1.233336
519.554000   -1.243130
519.555000   -1.255325
519.556000   -1.269094
519.557000   -1.283871
519.558000   -1.299277
519.559000   -1.314832
519.560000   -1.329697
519.561000   -1.342871
519.562000   -1.353571
519.563000   -1.361426
519.564000   -1.366524
519.565000   -1.369391
519.566000   -1.370907
519.567000   -1.372040
519.568000   -1.373423
519.569000   -1.375124
519.570000   -1.376830
519.571000   -1.378161
519.572000   -1.378856
519.573000   -1.378850
519.574000   -1.378317
519.575000   -1.377658
519.576000   -1.377404
519.577000   -1.378033
519.578000   -1.379832
519.579000   -1.382922
519.580000   -1.387399
519.581000   -1.393411
519.582000   -1.401190
519.583000   -1.411035
519.584000   -1.423278
519.585000   -1.438191
519.586000   -1.455824
519.587000   -1.475818
519.588000   -1.497343
519.589000   -1.519239
519.590000   -1.540223
519.591000   -1.559055
519.592000   -1.574653
519.593000   -1.586195
519.594000   -1.593191
519.595000   -1.595487
519.596000   -1.593162
519.597000   -1.586412
519.598000   -1.575576
519.599000   -1.561217
519.600000   -1.544159
519.601000   -1.525461
519.602000   -1.506350
519.603000   -1.488107
519.604000   -1.471880
519.605000   -1.458429
519.606000   -1.447979
519.607000   -1.440350
519.608000   -1.435209
519.609000   -1.432244
519.610000   -1.431226
519.611000   -1.432013
519.612000   -1.434513
519.613000   -1.438637
519.614000   -1.444195
519.615000   -1.450825
519.616000   -1.458037
519.617000   -1.465385
519.618000   -1.472616
519.619000   -1.479730
519.620000   -1.486968
519.621000   -1.494765
519.622000   -1.503641
519.623000   -1.514008
519.624000   -1.525882
519.625000   -1.538732
519.626000   -1.551641
519.627000   -1.563638
519.628000   -1.573949
519.629000   -1.582130
519.630000   -1.588114
519.631000   -1.592186
519.632000   -1.594842
519.633000   -1.596512
519.634000   -1.597361
519.635000   -1.597395
519.636000   -1.596721
519.637000   -1.595716
519.638000   -1.595050
519.639000   -1.595595
519.640000   -1.598241
519.641000   -1.603628
519.642000   -1.611846
519.643000   -1.622327
519.644000   -1.634019
519.645000   -1.645699
519.646000   -1.656200
519.647000   -1.664524
519.648000   -1.669896
519.649000   -1.671772
519.650000   -1.669830
519.651000   -1.663925
519.652000   -1.654069
519.653000   -1.640457
519.654000   -1.623520
519.655000   -1.603916
519.656000   -1.582478
519.657000   -1.560136
519.658000   -1.537825
519.659000   -1.516384
519.660000   -1.496465
519.661000   -1.478466
519.662000   -1.462568
519.663000   -1.448821
519.664000   -1.437247
519.665000   -1.427889
519.666000   -1.420814
519.667000   -1.416087
519.668000   -1.413747
519.669000   -1.413775
519.670000   -1.416057
519.671000   -1.420387
519.672000   -1.426523
519.673000   -1.434251
519.674000   -1.443405
519.675000   -1.453858
519.676000   -1.465489
519.677000   -1.478140
519.678000   -1.491527
519.679000   -1.505162
519.680000   -1.518329
519.681000   -1.530176
519.682000   -1.539856
519.683000   -1.546657
519.684000   -1.550084
519.685000   -1.549905
519.686000   -1.546162
519.687000   -1.539138
519.688000   -1.529266
519.689000   -1.517021
519.690000   -1.502905
519.691000   -1.487516
519.692000   -1.471609
519.693000   -1.456077
519.694000   -1.441874
519.695000   -1.429915
519.696000   -1.420945
519.697000   -1.415375
519.698000   -1.413146
519.699000   -1.413759
519.700000   -1.416431
519.701000   -1.420275
519.702000   -1.424409
519.703000   -1.428034
519.704000   -1.430490
519.705000   -1.431278
519.706000   -1.430006
519.707000   -1.426314
519.708000   -1.419895
519.709000   -1.410603
519.710000   -1.398559
519.711000   -1.384181
519.712000   -1.368145
519.713000   -1.351306
519.714000   -1.334550
519.715000   -1.318588
519.716000   -1.303746
519.717000   -1.289941
519.718000   -1.276866
519.719000   -1.264232
519.720000   -1.251907
519.721000   -1.239973
519.722000   -1.228715
519.723000   -1.218572
519.724000   -1.210021
519.725000   -1.203425
519.726000   -1.198975
519.727000   -1.196784
519.728000   -1.197012
519.729000   -1.199902
519.730000   -1.205726
519.731000   -1.214725
519.732000   -1.227060
519.733000   -1.242696
519.734000   -1.261241
519.735000   -1.281875
519.736000   -1.303479
519.737000   -1.324829
519.738000   -1.344753
519.739000   -1.362244
519.740000   -1.376563
519.741000   -1.387307
519.742000   -1.394390
519.743000   -1.397950
519.744000   -1.398262
519.745000   -1.395721
519.746000   -1.390860
519.747000   -1.384352
519.748000   -1.376976
519.749000   -1.369581
519.750000   -1.363022
519.751000   -1.358050
519.752000   -1.355156
519.753000   -1.354431
519.754000   -1.355581
519.755000   -1.358114
519.756000   -1.361522
519.757000   -1.365382
519.758000   -1.369383
519.759000   -1.373323
519.760000   -1.377077
519.761000   -1.380507
519.762000   -1.383347
519.763000   -1.385236
519.764000   -1.385902
519.765000   -1.385313
519.766000   -1.383696
519.767000   -1.381482
519.768000   -1.379220
519.769000   -1.377456
519.770000   -1.376551
519.771000   -1.376520
519.772000   -1.377039
519.773000   -1.377635
519.774000   -1.377884
519.775000   -1.377513
519.776000   -1.376430
519.777000   -1.374722
519.778000   -1.372611
519.779000   -1.370391
519.780000   -1.368357
519.781000   -1.366782
519.782000   -1.365961
519.783000   -1.366254
519.784000   -1.368109
519.785000   -1.372039
519.786000   -1.378555
519.787000   -1.388064
519.788000   -1.400764
519.789000   -1.416546
519.790000   -1.434918
519.791000   -1.455023
519.792000   -1.475799
519.793000   -1.496190
519.794000   -1.515293
519.795000   -1.532435
519.796000   -1.547209
519.797000   -1.559467
519.798000   -1.569230
519.799000   -1.576544
519.800000   -1.581406
519.801000   -1.583841
519.802000   -1.584041
519.803000   -1.582424
519.804000   -1.579608
519.805000   -1.576326
519.806000   -1.573308
519.807000   -1.571119
519.808000   -1.570011
519.809000   -1.569877
519.810000   -1.570369
519.811000   -1.571084
519.812000   -1.571714
519.813000   -1.572120
519.814000   -1.572345
519.815000   -1.572604
519.816000   -1.573211
519.817000   -1.574453
519.818000   -1.576427
519.819000   -1.578997
519.820000   -1.581909
519.821000   -1.584962
519.822000   -1.588111
519.823000   -1.591496
519.824000   -1.595387
519.825000   -1.600064
519.826000   -1.605617
519.827000   -1.611751
519.828000   -1.617785
519.829000   -1.622907
519.830000   -1.626450
519.831000   -1.628029
519.832000   -1.627576
519.833000   -1.625315
519.834000   -1.621708
519.835000   -1.617344
519.836000   -1.612802
519.837000   -1.608555
519.838000   -1.604990
519.839000   -1.602460
519.840000   -1.601298
519.841000   -1.601782
519.842000   -1.604096
519.843000   -1.608286
519.844000   -1.614205
519.845000   -1.621466
519.846000   -1.629422
519.847000   -1.637236
519.848000   -1.644014
519.849000   -1.648940
519.850000   -1.651362
519.851000   -1.650831
519.852000   -1.647122
519.853000   -1.640231
519.854000   -1.630355
519.855000   -1.617862
519.856000   -1.603269
519.857000   -1.587219
519.858000   -1.570459
519.859000   -1.553790
519.860000   -1.537986
519.861000   -1.523695
519.862000   -1.511359
519.863000   -1.501184
519.864000   -1.493140
519.865000   -1.487003
519.866000   -1.482441
519.867000   -1.479115
519.868000   -1.476752
519.869000   -1.475157
519.870000   -1.474207
519.871000   -1.473822
519.872000   -1.473942
519.873000   -1.474498
519.874000   -1.475390
519.875000   -1.476499
519.876000   -1.477717
519.877000   -1.478975
519.878000   -1.480227
519.879000   -1.481421
519.880000   -1.482468
519.881000   -1.483226
519.882000   -1.483492
519.883000   -1.483006
519.884000   -1.481454
519.885000   -1.478525
519.886000   -1.473982
519.887000   -1.467720
519.888000   -1.459785
519.889000   -1.450379
519.890000   -1.439866
519.891000   -1.428763
519.892000   -1.417696
519.893000   -1.407318
519.894000   -1.398257
519.895000   -1.391132
519.896000   -1.386541
519.897000   -1.385000
519.898000   -1.386848
519.899000   -1.392158
519.900000   -1.400700
519.901000   -1.411934
519.902000   -1.425023
519.903000   -1.438903
519.904000   -1.452405
519.905000   -1.464373
519.906000   -1.473750
519.907000   -1.479641
519.908000   -1.481381
519.909000   -1.478604
519.910000   -1.471265
519.911000   -1.459630
519.912000   -1.444220
519.913000   -1.425772
519.914000   -1.405191
519.915000   -1.383455
519.916000   -1.361514
519.917000   -1.340179
519.918000   -1.320070
519.919000   -1.301610
519.920000   -1.285039
519.921000   -1.270434
519.922000   -1.257756
519.923000   -1.246938
519.924000   -1.237949
519.925000   -1.230826
519.926000   -1.225697
519.927000   -1.222818
519.928000   -1.222578
519.929000   -1.225436
519.930000   -1.231800
519.931000   -1.241932
519.932000   -1.255939
519.933000   -1.273789
519.934000   -1.295303
519.935000   -1.320117
519.936000   -1.347663
519.937000   -1.377166
519.938000   -1.407654
519.939000   -1.437962
519.940000   -1.466828
519.941000   -1.493056
519.942000   -1.515671
519.943000   -1.533995
519.944000   -1.547694
519.945000   -1.556808
519.946000   -1.561755
519.947000   -1.563261
519.948000   -1.562231
519.949000   -1.559625
519.950000   -1.556394
519.951000   -1.553424
519.952000   -1.551466
519.953000   -1.551061
519.954000   -1.552506
519.955000   -1.555847
519.956000   -1.560855
519.957000   -1.567000
519.958000   -1.573504
519.959000   -1.579492
519.960000   -1.584181
519.961000   -1.586976
