516.968000   -1.566693
516.969000   -1.583545
516.970000   -1.599002
516.971000   -1.612645
516.972000   -1.624268
516.973000   -1.633910
516.974000   -1.641719
516.975000   -1.647855
516.976000   -1.652486
516.977000   -1.655726
516.978000   -1.657555
516.979000   -1.657822
516.980000   -1.656383
516.981000   -1.653206
516.982000   -1.648336
516.983000   -1.641775
516.984000   -1.633451
516.985000   -1.623334
516.986000   -1.611516
516.987000   -1.598124
516.988000   -1.583263
516.989000   -1.567110
516.990000   -1.550024
516.991000   -1.532505
516.992000   -1.515012
516.993000   -1.497846
516.994000   -1.481235
516.995000   -1.465480
516.996000   -1.450904
516.997000   -1.437740
516.998000   -1.426127
516.999000   -1.416143
517.000000   -1.407769
517.001000   -1.400802
517.001000   -1.400802
517.002000   -1.394773
517.003000   -1.389063
517.004000   -1.383346
517.005000   -1.377902
517.006000   -1.373316
517.007000   -1.370125
517.008000   -1.368714
517.009000   -1.369277
517.010000   -1.371747
517.011000   -1.375691
517.012000   -1.380343
517.013000   -1.385095
517.014000   -1.390192
517.015000   -1.396499
517.016000   -1.404745
517.017000   -1.415209
517.018000   -1.427759
517.019000   -1.441921
517.020000   -1.456849
517.021000   -1.471297
517.022000   -1.483914
517.023000   -1.494167
517.024000   -1.502737
517.025000   -1.510658
517.026000   -1.518606
517.027000   -1.526792
517.028000   -1.535087
517.029000   -1.543102
517.030000   -1.550166
517.031000   -1.555400
517.032000   -1.558338
517.033000   -1.559635
517.034000   -1.560457
517.035000   -1.561516
517.036000   -1.562929
517.037000   -1.564499
517.038000   -1.565917
517.039000   -1.566784
517.040000   -1.566579
517.041000   -1.564753
517.042000   -1.561119
517.043000   -1.555961
517.044000   -1.549624
517.045000   -1.542355
517.046000   -1.534410
517.047000   -1.526096
517.048000   -1.517690
517.049000   -1.509339
517.050000   -1.500982
517.051000   -1.492471
517.052000   -1.483870
517.053000   -1.475488
517.054000   -1.467742
517.055000   -1.461149
517.056000   -1.456243
517.057000   -1.453445
517.058000   -1.452985
517.059000   -1.454896
517.060000   -1.459065
517.061000   -1.465297
517.062000   -1.473285
517.063000   -1.482664
517.064000   -1.493292
517.065000   -1.505338
517.066000   -1.519085
517.067000   -1.534750
517.068000   -1.552450
517.069000   -1.572175
517.070000   -1.593518
517.071000   -1.615345
517.072000   -1.636205
517.073000   -1.655071
517.074000   -1.671489
517.075000   -1.685301
517.076000   -1.696429
517.077000   -1.704820
517.078000   -1.710386
517.079000   -1.712900
517.080000   -1.712064
517.081000   -1.707818
517.082000   -1.700555
517.083000   -1.691069
517.084000   -1.680294
517.085000   -1.669048
517.086000   -1.657890
517.087000   -1.647028
517.088000   -1.636291
517.089000   -1.625379
517.090000   -1.614316
517.091000   -1.603600
517.092000   -1.593974
517.093000   -1.586085
517.094000   -1.580248
517.095000   -1.576408
517.096000   -1.574165
517.097000   -1.572803
517.098000   -1.571518
517.099000   -1.570016
517.100000   -1.568883
517.101000   -1.569063
517.102000   -1.571126
517.103000   -1.575105
517.104000   -1.580692
517.105000   -1.587398
517.106000   -1.594612
517.107000   -1.601706
517.108000   -1.608385
517.109000   -1.614963
517.110000   -1.621888
517.111000   -1.629028
517.112000   -1.635766
517.113000   -1.641450
517.114000   -1.645585
517.115000   -1.647830
517.116000   -1.647997
517.117000   -1.646173
517.118000   -1.642910
517.119000   -1.639039
517.120000   -1.635245
517.121000   -1.632032
517.122000   -1.629858
517.123000   -1.629135
517.124000   -1.630163
517.125000   -1.633061
517.126000   -1.637738
517.127000   -1.644000
517.128000   -1.651763
517.129000   -1.661207
517.130000   -1.672748
517.131000   -1.686720
517.132000   -1.703053
517.133000   -1.721232
517.134000   -1.740404
517.135000   -1.759490
517.136000   -1.777280
517.137000   -1.792591
517.138000   -1.804533
517.139000   -1.812706
517.140000   -1.817017
517.141000   -1.817375
517.142000   -1.813630
517.143000   -1.805675
517.144000   -1.793525
517.145000   -1.777334
517.146000   -1.757355
517.147000   -1.733907
517.148000   -1.707452
517.149000   -1.678699
517.150000   -1.648514
517.151000   -1.617770
517.152000   -1.587280
517.153000   -1.557767
517.154000   -1.529814
517.155000   -1.503772
517.156000   -1.479737
517.157000   -1.457800
517.158000   -1.438497
517.159000   -1.422745
517.160000   -1.411328
517.161000   -1.404618
517.162000   -1.402568
517.163000   -1.404746
517.164000   -1.410362
517.165000   -1.418349
517.166000   -1.427646
517.167000   -1.437656
517.168000   -1.448356
517.169000   -1.459860
517.170000   -1.472093
517.171000   -1.484803
517.172000   -1.497659
517.173000   -1.510332
517.174000   -1.522598
517.175000   -1.534457
517.176000   -1.546199
517.177000   -1.558235
517.178000   -1.570820
517.179000   -1.583995
517.180000   -1.597677
517.181000   -1.611728
517.182000   -1.625971
517.183000   -1.640259
517.184000   -1.654592
517.185000   -1.669168
517.186000   -1.684111
517.187000   -1.699127
517.188000   -1.713620
517.189000   -1.726966
517.190000   -1.738594
517.191000   -1.748003
517.192000   -1.754804
517.193000   -1.758838
517.194000   -1.760258
517.195000   -1.759344
517.196000   -1.756131
517.197000   -1.750437
517.198000   -1.742150
517.199000   -1.731330
517.200000   -1.718158
517.201000   -1.702887
517.202000   -1.685868
517.203000   -1.667627
517.204000   -1.648909
517.205000   -1.630402
517.206000   -1.612301
517.207000   -1.594385
517.208000   -1.576404
517.209000   -1.558250
517.210000   -1.539946
517.211000   -1.521659
517.212000   -1.503799
517.213000   -1.487099
517.214000   -1.472371
517.215000   -1.459770
517.216000   -1.448646
517.217000   -1.438259
517.218000   -1.428191
517.219000   -1.418336
517.220000   -1.408821
517.221000   -1.400003
517.222000   -1.392468
517.223000   -1.386816
517.224000   -1.383142
517.225000   -1.380905
517.226000   -1.379513
517.227000   -1.378720
517.228000   -1.378613
517.229000   -1.379491
517.230000   -1.381768
517.231000   -1.385871
517.232000   -1.392119
517.233000   -1.400618
517.234000   -1.411293
517.235000   -1.424077
517.236000   -1.438999
517.237000   -1.456127
517.238000   -1.475497
517.239000   -1.497054
517.240000   -1.520600
517.241000   -1.545736
517.242000   -1.571846
517.243000   -1.598180
517.244000   -1.624058
517.245000   -1.648956
517.246000   -1.672483
517.247000   -1.694330
517.248000   -1.714211
517.249000   -1.731794
517.250000   -1.746648
517.251000   -1.758217
517.252000   -1.765915
517.253000   -1.769420
517.254000   -1.768826
517.255000   -1.764521
517.256000   -1.757045
517.257000   -1.746977
517.258000   -1.734834
517.259000   -1.720984
517.260000   -1.705565
517.261000   -1.688541
517.262000   -1.670042
517.263000   -1.650700
517.264000   -1.631515
517.265000   -1.613569
517.266000   -1.597888
517.267000   -1.585316
517.268000   -1.576375
517.269000   -1.571177
517.270000   -1.569438
517.271000   -1.570773
517.272000   -1.575135
517.273000   -1.582809
517.274000   -1.594048
517.275000   -1.608923
517.276000   -1.627311
517.277000   -1.648836
517.278000   -1.672818
517.279000   -1.698296
517.280000   -1.724170
517.281000   -1.749488
517.282000   -1.773604
517.283000   -1.796023
517.284000   -1.816316
517.285000   -1.834154
517.286000   -1.849295
517.287000   -1.861536
517.288000   -1.870696
517.289000   -1.876640
517.290000   -1.879360
517.291000   -1.879034
517.292000   -1.875973
517.293000   -1.870611
517.294000   -1.863572
517.295000   -1.855577
517.296000   -1.847248
517.297000   -1.838999
517.298000   -1.831033
517.299000   -1.823461
517.300000   -1.816485
517.301000   -1.810423
517.302000   -1.805590
517.303000   -1.802301
517.304000   -1.800847
517.305000   -1.801310
517.306000   -1.803455
517.307000   -1.806766
517.308000   -1.810592
517.309000   -1.814387
517.310000   -1.817773
517.311000   -1.820386
517.312000   -1.821844
517.313000   -1.821835
517.314000   -1.820040
517.315000   -1.816047
517.316000   -1.809380
517.317000   -1.799634
517.318000   -1.786665
517.319000   -1.770685
517.320000   -1.752147
517.321000   -1.731638
517.322000   -1.709876
517.323000   -1.687640
517.324000   -1.665624
517.325000   -1.644376
517.326000   -1.624320
517.327000   -1.605873
517.328000   -1.589503
517.329000   -1.575611
517.330000   -1.564487
517.331000   -1.556481
517.332000   -1.552016
517.333000   -1.551356
517.334000   -1.554465
517.335000   -1.561056
517.336000   -1.570748
517.337000   -1.583230
517.338000   -1.598249
517.339000   -1.615518
517.340000   -1.634761
517.341000   -1.655796
517.342000   -1.678360
517.343000   -1.701907
517.344000   -1.725594
517.345000   -1.748433
517.346000   -1.769525
517.347000   -1.788144
517.348000   -1.803636
517.349000   -1.815371
517.350000   -1.822908
517.351000   -1.826061
517.352000   -1.824757
517.353000   -1.818920
517.354000   -1.808518
517.355000   -1.793705
517.356000   -1.774942
517.357000   -1.752941
517.358000   -1.728512
517.359000   -1.702535
517.360000   -1.675983
517.361000   -1.649753
517.362000   -1.624431
517.363000   -1.600265
517.364000   -1.577325
517.365000   -1.555731
517.366000   -1.535720
517.367000   -1.517527
517.368000   -1.501304
517.369000   -1.487199
517.370000   -1.475344
517.371000   -1.465718
517.372000   -1.458119
517.373000   -1.452286
517.374000   -1.448083
517.375000   -1.445568
517.376000   -1.444862
517.377000   -1.446003
517.378000   -1.449001
517.379000   -1.453946
517.380000   -1.460886
517.381000   -1.469680
517.382000   -1.480029
517.383000   -1.491620
517.384000   -1.504242
517.385000   -1.517726
517.386000   -1.531819
517.387000   -1.546203
517.388000   -1.560652
517.389000   -1.575052
517.390000   -1.589290
517.391000   -1.603233
517.392000   -1.616768
517.393000   -1.629818
517.394000   -1.642268
517.395000   -1.653860
517.396000   -1.664214
517.397000   -1.673129
517.398000   -1.680830
517.399000   -1.687781
517.400000   -1.694408
517.401000   -1.700992
517.402000   -1.707634
517.403000   -1.714224
517.404000   -1.720382
517.405000   -1.725497
517.406000   -1.729002
517.407000   -1.730790
517.408000   -1.731224
517.409000   -1.730745
517.410000   -1.729585
517.411000   -1.727677
517.412000   -1.724648
517.413000   -1.719804
517.414000   -1.712193
517.415000   -1.700866
517.416000   -1.685421
517.417000   -1.666353
517.418000   -1.644730
517.419000   -1.621655
517.420000   -1.597931
517.421000   -1.573912
517.422000   -1.549527
517.423000   -1.524427
517.424000   -1.498197
517.425000   -1.470806
517.426000   -1.443034
517.427000   -1.416287
517.428000   -1.391946
517.429000   -1.370883
517.430000   -1.353354
517.431000   -1.339179
517.432000   -1.327970
517.433000   -1.319288
517.434000   -1.312899
517.435000   -1.309126
517.436000   -1.308799
517.437000   -1.312723
517.438000   -1.321191
517.439000   -1.333921
517.440000   -1.350303
517.441000   -1.369606
517.442000   -1.391055
517.443000   -1.413952
517.444000   -1.437906
517.445000   -1.462889
517.446000   -1.488935
517.447000   -1.515867
517.448000   -1.543296
517.449000   -1.570736
517.450000   -1.597650
517.451000   -1.623424
517.452000   -1.647379
517.453000   -1.668944
517.454000   -1.687839
517.455000   -1.704042
517.456000   -1.717605
517.457000   -1.728601
517.458000   -1.737124
517.459000   -1.743269
517.460000   -1.747107
517.461000   -1.748702
517.462000   -1.748228
517.463000   -1.746115
517.464000   -1.743005
517.465000   -1.739533
517.466000   -1.736185
517.467000   -1.733278
517.468000   -1.730948
517.469000   -1.729131
517.470000   -1.727590
517.471000   -1.725985
517.472000   -1.724001
517.473000   -1.721433
517.474000   -1.718125
517.475000   -1.713903
517.476000   -1.708619
517.477000   -1.702158
517.478000   -1.694386
517.479000   -1.685141
517.480000   -1.674276
517.481000   -1.661746
517.482000   -1.647683
517.483000   -1.632381
517.484000   -1.616297
517.485000   -1.600087
517.486000   -1.584479
517.487000   -1.570078
517.488000   -1.557281
517.489000   -1.546302
517.490000   -1.537248
517.491000   -1.530189
517.492000   -1.525198
517.493000   -1.522365
517.494000   -1.521883
517.495000   -1.524036
517.496000   -1.529021
517.497000   -1.536829
517.498000   -1.547261
517.499000   -1.560015
517.500000   -1.574788
517.501000   -1.591308
517.501000   -1.591308
517.502000   -1.609324
517.503000   -1.628609
517.504000   -1.648966
517.505000   -1.670111
517.506000   -1.691576
517.507000   -1.712714
517.508000   -1.732759
517.509000   -1.750941
517.510000   -1.766608
517.511000   -1.779304
517.512000   -1.788764
517.513000   -1.794883
517.514000   -1.797633
517.515000   -1.796974
517.516000   -1.792842
517.517000   -1.785196
517.518000   -1.774120
517.519000   -1.759962
517.520000   -1.743397
517.521000   -1.725352
517.522000   -1.706819
517.523000   -1.688677
517.524000   -1.671598
517.525000   -1.656035
517.526000   -1.642235
517.527000   -1.630309
517.528000   -1.620364
517.529000   -1.612651
517.530000   -1.607538
517.531000   -1.605240
517.532000   -1.605505
517.533000   -1.607607
517.534000   -1.610595
517.535000   -1.613506
517.536000   -1.615505
517.537000   -1.616017
517.538000   -1.614841
517.539000   -1.612110
517.540000   -1.607979
517.541000   -1.602240
517.542000   -1.594382
517.543000   -1.583979
517.544000   -1.570915
517.545000   -1.555423
517.546000   -1.538077
517.547000   -1.519767
517.548000   -1.501610
517.549000   -1.484714
517.550000   -1.469927
517.551000   -1.457850
517.552000   -1.448994
517.553000   -1.443830
517.554000   -1.442763
517.555000   -1.446103
517.556000   -1.454036
517.557000   -1.466577
517.558000   -1.483487
517.559000   -1.504278
517.560000   -1.528327
517.561000   -1.554896
517.562000   -1.583055
517.563000   -1.611684
517.564000   -1.639567
517.565000   -1.665498
517.566000   -1.688351
517.567000   -1.707127
517.568000   -1.721021
517.569000   -1.729565
517.570000   -1.732716
517.571000   -1.730759
517.572000   -1.724186
517.573000   -1.713639
517.574000   -1.699890
517.575000   -1.683765
517.576000   -1.666045
517.577000   -1.647389
517.578000   -1.628455
517.579000   -1.610116
517.580000   -1.593387
517.581000   -1.579138
517.582000   -1.567938
517.583000   -1.560056
517.584000   -1.555481
517.585000   -1.553913
517.586000   -1.554767
517.587000   -1.557382
517.588000   -1.561458
517.589000   -1.567201
517.590000   -1.574933
517.591000   -1.584772
517.592000   -1.596589
517.593000   -1.610039
517.594000   -1.624563
517.595000   -1.639409
517.596000   -1.653775
517.597000   -1.667108
517.598000   -1.679251
517.599000   -1.690238
517.600000   -1.700107
517.601000   -1.708888
517.602000   -1.716624
517.603000   -1.723357
517.604000   -1.729111
517.605000   -1.733911
517.606000   -1.737843
517.607000   -1.741036
517.608000   -1.743593
517.609000   -1.745613
517.610000   -1.747321
517.611000   -1.749114
517.612000   -1.751490
517.613000   -1.754963
517.614000   -1.759992
517.615000   -1.766867
517.616000   -1.775476
517.617000   -1.785221
517.618000   -1.795281
517.619000   -1.804939
517.620000   -1.813730
517.621000   -1.821344
517.622000   -1.827484
517.623000   -1.831776
517.624000   -1.833707
517.625000   -1.832604
517.626000   -1.827700
517.627000   -1.818332
517.628000   -1.804214
517.629000   -1.785603
517.630000   -1.763206
517.631000   -1.737920
517.632000   -1.710623
517.633000   -1.682075
517.634000   -1.652866
517.635000   -1.623393
517.636000   -1.593882
517.637000   -1.564559
517.638000   -1.535865
517.639000   -1.508473
517.640000   -1.483062
517.641000   -1.460138
517.642000   -1.440001
517.643000   -1.422779
517.644000   -1.408473
517.645000   -1.397017
517.646000   -1.388357
517.647000   -1.382513
517.648000   -1.379578
517.649000   -1.379617
517.650000   -1.382573
517.651000   -1.388219
517.652000   -1.396156
517.653000   -1.405895
517.654000   -1.417002
517.655000   -1.429136
517.656000   -1.441976
517.657000   -1.455247
517.658000   -1.468756
517.659000   -1.482305
517.660000   -1.495618
517.661000   -1.508369
517.662000   -1.520314
517.663000   -1.531457
517.664000   -1.542080
517.665000   -1.552602
517.666000   -1.563489
517.667000   -1.575212
517.668000   -1.588101
517.669000   -1.602178
517.670000   -1.617117
517.671000   -1.632378
517.672000   -1.647439
517.673000   -1.661970
517.674000   -1.675779
517.675000   -1.688656
517.676000   -1.700272
517.677000   -1.710135
517.678000   -1.717616
517.679000   -1.722040
517.680000   -1.722806
517.681000   -1.719541
517.682000   -1.712162
517.683000   -1.700823
517.684000   -1.685802
517.685000   -1.667500
517.686000   -1.646504
517.687000   -1.623510
517.688000   -1.599169
517.689000   -1.574009
517.690000   -1.548463
517.691000   -1.522916
517.692000   -1.497682
517.693000   -1.472951
517.694000   -1.448908
517.695000   -1.425994
517.696000   -1.404950
517.697000   -1.386556
517.698000   -1.371444
517.699000   -1.360088
517.700000   -1.352819
517.701000   -1.349753
517.702000   -1.350717
517.703000   -1.355270
517.704000   -1.362939
517.705000   -1.373515
517.706000   -1.387037
517.707000   -1.403532
517.708000   -1.422834
517.709000   -1.444491
517.710000   -1.467718
517.711000   -1.491442
517.712000   -1.514441
517.713000   -1.535583
517.714000   -1.554158
517.715000   -1.570053
517.716000   -1.583571
517.717000   -1.595155
517.718000   -1.605189
517.719000   -1.613943
517.720000   -1.621619
517.721000   -1.628375
517.722000   -1.634352
517.723000   -1.639815
517.724000   -1.645351
517.725000   -1.651777
517.726000   -1.659809
517.727000   -1.669813
517.728000   -1.681737
517.729000   -1.695185
517.730000   -1.709481
517.731000   -1.723725
517.732000   -1.736940
517.733000   -1.748420
517.734000   -1.757991
517.735000   -1.765828
517.736000   -1.772093
517.737000   -1.776733
517.738000   -1.779507
517.739000   -1.780080
517.740000   -1.778099
517.741000   -1.773232
517.742000   -1.765266
517.743000   -1.754275
517.744000   -1.740657
517.745000   -1.724912
517.746000   -1.707384
517.747000   -1.688219
517.748000   -1.667514
517.749000   -1.645453
517.750000   -1.622336
517.751000   -1.598563
517.752000   -1.574689
517.753000   -1.551523
517.754000   -1.530050
517.755000   -1.511160
517.756000   -1.495509
517.757000   -1.483558
517.758000   -1.475620
517.759000   -1.471846
517.760000   -1.472206
517.761000   -1.476543
517.762000   -1.484680
517.763000   -1.496456
517.764000   -1.511618
517.765000   -1.529734
517.766000   -1.550180
517.767000   -1.572165
517.768000   -1.594779
517.769000   -1.617058
517.770000   -1.638060
517.771000   -1.656997
517.772000   -1.673381
517.773000   -1.687061
517.774000   -1.698093
517.775000   -1.706562
517.776000   -1.712508
517.777000   -1.715979
517.778000   -1.717089
517.779000   -1.716053
517.780000   -1.713209
517.781000   -1.709056
517.782000   -1.704233
517.783000   -1.699336
517.784000   -1.694695
517.785000   -1.690339
517.786000   -1.686133
517.787000   -1.681914
517.788000   -1.677560
517.789000   -1.673050
517.790000   -1.668529
517.791000   -1.664340
517.792000   -1.660930
517.793000   -1.658639
517.794000   -1.657580
517.795000   -1.657694
517.796000   -1.658844
517.797000   -1.660860
517.798000   -1.663548
517.799000   -1.666705
517.800000   -1.670153
517.801000   -1.673764
517.802000   -1.677422
517.803000   -1.680925
517.804000   -1.683977
517.805000   -1.686287
517.806000   -1.687668
517.807000   -1.688080
517.808000   -1.687647
517.809000   -1.686699
517.810000   -1.685784
517.811000   -1.685576
517.812000   -1.686623
517.813000   -1.689204
517.814000   -1.693463
517.815000   -1.699546
517.816000   -1.707621
517.817000   -1.717847
517.818000   -1.730333
517.819000   -1.745110
517.820000   -1.762019
517.821000   -1.780574
517.822000   -1.800001
517.823000   -1.819482
517.824000   -1.838285
517.825000   -1.855768
517.826000   -1.871346
517.827000   -1.884479
517.828000   -1.894680
517.829000   -1.901510
517.830000   -1.904613
517.831000   -1.903833
517.832000   -1.899338
517.833000   -1.891598
517.834000   -1.881262
517.835000   -1.868976
517.836000   -1.855214
517.837000   -1.840153
517.838000   -1.823647
517.839000   -1.805386
517.840000   -1.785149
517.841000   -1.762920
517.842000   -1.738859
517.843000   -1.713236
517.844000   -1.686375
517.845000   -1.658573
517.846000   -1.630025
517.847000   -1.600839
517.848000   -1.571211
517.849000   -1.541644
517.850000   -1.512893
517.851000   -1.485752
517.852000   -1.460948
517.853000   -1.439086
517.854000   -1.420577
517.855000   -1.405565
517.856000   -1.393892
517.857000   -1.385148
517.858000   -1.378821
517.859000   -1.374441
517.860000   -1.371618
517.861000   -1.370030
517.862000   -1.369423
517.863000   -1.369583
517.864000   -1.370305
517.865000   -1.371367
517.866000   -1.372523
517.867000   -1.373628
517.868000   -1.374855
517.869000   -1.376743
517.870000   -1.379930
517.871000   -1.384882
517.872000   -1.391774
517.873000   -1.400487
517.874000   -1.410641
517.875000   -1.421664
517.876000   -1.432978
517.877000   -1.444275
517.878000   -1.455564
517.879000   -1.466886
517.880000   -1.478051
517.881000   -1.488634
517.882000   -1.498092
517.883000   -1.505874
517.884000   -1.511472
517.885000   -1.514509
517.886000   -1.514938
517.887000   -1.513213
517.888000   -1.510110
517.889000   -1.506340
517.890000   -1.502321
517.891000   -1.498174
517.892000   -1.493762
517.893000   -1.488726
517.894000   -1.482573
517.895000   -1.474924
517.896000   -1.465814
517.897000   -1.455724
517.898000   -1.445222
517.899000   -1.434640
517.900000   -1.424014
517.901000   -1.413190
517.902000   -1.401914
517.903000   -1.389921
517.904000   -1.377081
517.905000   -1.363607
517.906000   -1.350107
517.907000   -1.337263
517.908000   -1.325477
517.909000   -1.314804
517.910000   -1.305084
517.911000   -1.296056
517.912000   -1.287425
517.913000   -1.278925
517.914000   -1.270413
517.915000   -1.261899
517.916000   -1.253475
517.917000   -1.245231
517.918000   -1.237296
517.919000   -1.229937
517.920000   -1.223579
517.921000   -1.218770
517.922000   -1.216115
517.923000   -1.216217
517.924000   -1.219656
517.925000   -1.226986
517.926000   -1.238665
517.927000   -1.254946
517.928000   -1.275770
517.929000   -1.300705
517.930000   -1.328963
517.931000   -1.359466
517.932000   -1.390969
517.933000   -1.422207
517.934000   -1.452039
517.935000   -1.479519
517.936000   -1.503861
517.937000   -1.524414
517.938000   -1.540698
517.939000   -1.552491
517.940000   -1.559874
517.941000   -1.563241
517.942000   -1.563256
517.943000   -1.560747
517.944000   -1.556549
517.945000   -1.551306
517.946000   -1.545400
517.947000   -1.539024
517.948000   -1.532275
517.949000   -1.525222
517.950000   -1.517929
517.951000   -1.510483
517.952000   -1.502996
517.953000   -1.495602
517.954000   -1.488434
517.955000   -1.481628
517.956000   -1.475355
517.957000   -1.469834
517.958000   -1.465348
517.959000   -1.462245
517.960000   -1.460912
517.961000   -1.461735
517.962000   -1.465060
517.963000   -1.471137
517.964000   -1.480028
517.965000   -1.491489
517.966000   -1.504968
517.967000   -1.519690
517.968000   -1.534779
517.969000   -1.549364
517.970000   -1.562668
517.971000   -1.574088
517.972000   -1.583172
517.973000   -1.589497
517.974000   -1.592593
517.975000   -1.592081
517.976000   -1.587857
517.977000   -1.580181
517.978000   -1.569685
517.979000   -1.557305
517.980000   -1.544147
517.981000   -1.531303
517.982000   -1.519677
517.983000   -1.509917
517.984000   -1.502404
517.985000   -1.497263
517.986000   -1.494426
517.987000   -1.493716
517.988000   -1.494925
517.989000   -1.497857
517.990000   -1.502354
517.991000   -1.508323
517.992000   -1.515719
517.993000   -1.524463
517.994000   -1.534388
517.995000   -1.545265
517.996000   -1.556855
517.997000   -1.568936
517.998000   -1.581291
517.999000   -1.593666
518.000000   -1.605714
518.001000   -1.616927
518.001000   -1.616927
518.002000   -1.626578
518.003000   -1.633784
518.004000   -1.637660
518.005000   -1.637473
518.006000   -1.632738
518.007000   -1.623273
518.008000   -1.609199
518.009000   -1.590875
518.010000   -1.568784
518.011000   -1.543505
518.012000   -1.515786
518.013000   -1.486595
518.014000   -1.457088
518.015000   -1.428531
518.016000   -1.402187
518.017000   -1.379193
518.018000   -1.360439
518.019000   -1.346514
518.020000   -1.337737
518.021000   -1.334192
518.022000   -1.335720
518.023000   -1.341909
518.024000   -1.352108
518.025000   -1.365472
518.026000   -1.381012
518.027000   -1.397657
518.028000   -1.414347
518.029000   -1.430132
518.030000   -1.444235
518.031000   -1.456089
518.032000   -1.465342
518.033000   -1.471864
518.034000   -1.475724
518.035000   -1.477159
518.036000   -1.476499
518.037000   -1.474064
518.038000   -1.470053
518.039000   -1.464526
518.040000   -1.457484
518.041000   -1.448968
518.042000   -1.439090
518.043000   -1.428041
518.044000   -1.416090
518.045000   -1.403548
518.046000   -1.390710
518.047000   -1.377811
518.048000   -1.365083
518.049000   -1.352899
518.050000   -1.341812
518.051000   -1.332507
518.052000   -1.325720
518.053000   -1.322146
518.054000   -1.322326
518.055000   -1.326514
518.056000   -1.334600
518.057000   -1.346151
518.058000   -1.360559
518.059000   -1.377166
518.060000   -1.395284
518.061000   -1.414198
518.062000   -1.433192
518.063000   -1.451579
518.064000   -1.468705
518.065000   -1.483979
518.066000   -1.496978
518.067000   -1.507592
518.068000   -1.516039
518.069000   -1.522749
518.070000   -1.528244
518.071000   -1.533067
518.072000   -1.537728
518.073000   -1.542616
518.074000   -1.547948
518.075000   -1.553804
518.076000   -1.560248
518.077000   -1.567347
518.078000   -1.575083
518.079000   -1.583257
518.080000   -1.591490
518.081000   -1.599245
518.082000   -1.605863
518.083000   -1.610628
518.084000   -1.612941
518.085000   -1.612597
518.086000   -1.609900
518.087000   -1.605455
518.088000   -1.599916
518.089000   -1.593860
518.090000   -1.587749
518.091000   -1.581888
518.092000   -1.576388
518.093000   -1.571193
518.094000   -1.566247
518.095000   -1.561684
518.096000   -1.557789
518.097000   -1.554789
518.098000   -1.552749
518.099000   -1.551584
518.100000   -1.551101
518.101000   -1.551032
518.102000   -1.551080
518.103000   -1.551016
518.104000   -1.550795
518.105000   -1.550573
518.106000   -1.550593
518.107000   -1.551057
518.108000   -1.552082
518.109000   -1.553701
518.110000   -1.555850
518.111000   -1.558331
518.112000   -1.560809
518.113000   -1.562905
518.114000   -1.564370
518.115000   -1.565145
518.116000   -1.565258
518.117000   -1.564713
518.118000   -1.563477
518.119000   -1.561486
518.120000   -1.558646
518.121000   -1.554839
518.122000   -1.550037
518.123000   -1.544530
518.124000   -1.539041
518.125000   -1.534546
518.126000   -1.531986
518.127000   -1.532103
518.128000   -1.535374
518.129000   -1.541969
518.130000   -1.551712
518.131000   -1.564082
518.132000   -1.578345
518.133000   -1.593824
518.134000   -1.610066
518.135000   -1.626727
518.136000   -1.643407
518.137000   -1.659608
518.138000   -1.674770
518.139000   -1.688286
518.140000   -1.699481
518.141000   -1.707612
518.142000   -1.712061
518.143000   -1.712700
518.144000   -1.710031
518.145000   -1.704904
518.146000   -1.698214
518.147000   -1.690769
518.148000   -1.683215
518.149000   -1.675945
518.150000   -1.668999
518.151000   -1.662104
518.152000   -1.654982
518.153000   -1.647754
518.154000   -1.640943
518.155000   -1.635172
518.156000   -1.630959
518.157000   -1.628682
518.158000   -1.628564
518.159000   -1.630643
518.160000   -1.634733
518.161000   -1.640499
518.162000   -1.647691
518.163000   -1.656351
518.164000   -1.666707
518.165000   -1.678940
518.166000   -1.693074
518.167000   -1.708952
518.168000   -1.726197
518.169000   -1.744175
518.170000   -1.762013
518.171000   -1.778751
518.172000   -1.793615
518.173000   -1.806130
518.174000   -1.815976
518.175000   -1.822868
518.176000   -1.826565
518.177000   -1.826923
518.178000   -1.823922
518.179000   -1.817671
518.180000   -1.808445
518.181000   -1.796760
518.182000   -1.783416
518.183000   -1.769360
518.184000   -1.755509
518.185000   -1.742646
518.186000   -1.731372
518.187000   -1.722057
518.188000   -1.714804
518.189000   -1.709455
518.190000   -1.705692
518.191000   -1.703217
518.192000   -1.701809
518.193000   -1.701217
518.194000   -1.701082
518.195000   -1.700973
518.196000   -1.700442
518.197000   -1.699069
518.198000   -1.696491
518.199000   -1.692478
518.200000   -1.687075
518.201000   -1.680648
518.202000   -1.673722
518.203000   -1.666782
518.204000   -1.660162
518.205000   -1.653990
518.206000   -1.648168
518.207000   -1.642368
518.208000   -1.636106
518.209000   -1.628949
518.210000   -1.620761
518.211000   -1.611722
518.212000   -1.602149
518.213000   -1.592368
518.214000   -1.582667
518.215000   -1.573278
518.216000   -1.564348
518.217000   -1.555939
518.218000   -1.548161
518.219000   -1.541438
518.220000   -1.536553
518.221000   -1.534348
518.222000   -1.535443
518.223000   -1.540130
518.224000   -1.548335
518.225000   -1.559615
518.226000   -1.573165
518.227000   -1.587946
518.228000   -1.602983
518.229000   -1.617617
518.230000   -1.631416
518.231000   -1.643954
518.232000   -1.654729
518.233000   -1.663201
518.234000   -1.668821
518.235000   -1.671062
518.236000   -1.669491
518.237000   -1.663964
518.238000   -1.654851
518.239000   -1.642975
518.240000   -1.629315
518.241000   -1.614785
518.242000   -1.600146
518.243000   -1.585934
518.244000   -1.572411
518.245000   -1.559525
518.246000   -1.547015
518.247000   -1.534679
518.248000   -1.522590
518.249000   -1.510944
518.250000   -1.499849
518.251000   -1.489276
518.252000   -1.479122
518.253000   -1.469236
518.254000   -1.459427
518.255000   -1.449526
518.256000   -1.439592
518.257000   -1.430095
518.258000   -1.421733
518.259000   -1.415086
518.260000   -1.410493
518.261000   -1.408088
518.262000   -1.407816
518.263000   -1.409399
518.264000   -1.412329
518.265000   -1.415988
518.266000   -1.419906
518.267000   -1.423888
518.268000   -1.427828
518.269000   -1.431552
518.270000   -1.434852
518.271000   -1.437579
518.272000   -1.439663
518.273000   -1.441091
518.274000   -1.441939
518.275000   -1.442558
518.276000   -1.443751
518.277000   -1.446539
518.278000   -1.451724
518.279000   -1.459699
518.280000   -1.470470
518.281000   -1.483703
518.282000   -1.498750
518.283000   -1.514703
518.284000   -1.530588
518.285000   -1.545697
518.286000   -1.559725
518.287000   -1.572498
518.288000   -1.583697
518.289000   -1.592889
518.290000   -1.599660
518.291000   -1.603701
518.292000   -1.604841
518.293000   -1.603122
518.294000   -1.599007
518.295000   -1.593521
518.296000   -1.587979
518.297000   -1.583527
518.298000   -1.580931
518.299000   -1.580581
518.300000   -1.582531
518.301000   -1.586545
518.302000   -1.592171
518.303000   -1.598900
518.304000   -1.606400
518.305000   -1.614618
518.306000   -1.623642
518.307000   -1.633508
518.308000   -1.644103
518.309000   -1.655150
518.310000   -1.666238
518.311000   -1.676861
518.312000   -1.686488
518.313000   -1.694728
518.314000   -1.701560
518.315000   -1.707430
518.316000   -1.713055
518.317000   -1.719071
518.318000   -1.725764
518.319000   -1.732975
518.320000   -1.740154
518.321000   -1.746479
518.322000   -1.751043
518.323000   -1.753135
518.324000   -1.752542
518.325000   -1.749653
518.326000   -1.745240
518.327000   -1.740139
518.328000   -1.735070
518.329000   -1.730576
518.330000   -1.726989
518.331000   -1.724451
518.332000   -1.723033
518.333000   -1.722969
518.334000   -1.724789
518.335000   -1.729086
518.336000   -1.736129
518.337000   -1.745661
518.338000   -1.756916
518.339000   -1.768723
518.340000   -1.779644
518.341000   -1.788199
518.342000   -1.793225
518.343000   -1.794206
518.344000   -1.791244
518.345000   -1.784738
518.346000   -1.775165
518.347000   -1.762998
518.348000   -1.748701
518.349000   -1.732722
518.350000   -1.715533
518.351000   -1.697754
518.352000   -1.680292
518.353000   -1.664209
518.354000   -1.650379
518.355000   -1.639261
518.356000   -1.630928
518.357000   -1.625196
518.358000   -1.621764
518.359000   -1.620316
518.360000   -1.620607
518.361000   -1.622507
518.362000   -1.625931
518.363000   -1.630722
518.364000   -1.636633
518.365000   -1.643401
518.366000   -1.650805
518.367000   -1.658710
518.368000   -1.667099
518.369000   -1.676080
518.370000   -1.685829
518.371000   -1.696393
518.372000   -1.707470
518.373000   -1.718441
518.374000   -1.728526
518.375000   -1.736913
518.376000   -1.742831
518.377000   -1.745629
518.378000   -1.744849
518.379000   -1.740277
518.380000   -1.731928
518.381000   -1.719950
518.382000   -1.704590
518.383000   -1.686294
518.384000   -1.665763
518.385000   -1.643905
518.386000   -1.621772
518.387000   -1.600511
518.388000   -1.581306
518.389000   -1.565263
518.390000   -1.553150
518.391000   -1.545172
518.392000   -1.541097
518.393000   -1.540519
518.394000   -1.542954
518.395000   -1.547819
518.396000   -1.554436
518.397000   -1.562057
518.398000   -1.569886
518.399000   -1.577066
518.400000   -1.582704
518.401000   -1.586040
518.402000   -1.586640
518.403000   -1.584442
518.404000   -1.579672
518.405000   -1.572740
518.406000   -1.564167
518.407000   -1.554499
518.408000   -1.544195
518.409000   -1.533546
518.410000   -1.522721
518.411000   -1.511919
518.412000   -1.501448
518.413000   -1.491642
518.414000   -1.482766
518.415000   -1.474994
518.416000   -1.468418
518.417000   -1.463054
518.418000   -1.458863
518.419000   -1.455846
518.420000   -1.454172
518.421000   -1.454227
518.422000   -1.456545
518.423000   -1.461686
518.424000   -1.470121
518.425000   -1.482147
518.426000   -1.497775
518.427000   -1.516632
518.428000   -1.537896
518.429000   -1.560369
518.430000   -1.582720
518.431000   -1.603730
518.432000   -1.622351
518.433000   -1.637666
518.434000   -1.648885
518.435000   -1.655393
518.436000   -1.656792
518.437000   -1.652912
518.438000   -1.643833
518.439000   -1.629993
518.440000   -1.612300
518.441000   -1.592087
518.442000   -1.570875
518.443000   -1.550152
518.444000   -1.531193
518.445000   -1.514932
518.446000   -1.501861
518.447000   -1.491974
518.448000   -1.484860
518.449000   -1.480010
518.450000   -1.477116
518.451000   -1.476062
518.452000   -1.476767
518.453000   -1.479091
518.454000   -1.482826
518.455000   -1.487691
518.456000   -1.493283
518.457000   -1.499055
518.458000   -1.504493
518.459000   -1.509420
518.460000   -1.514074
518.461000   -1.518929
518.462000   -1.524454
518.463000   -1.530951
518.464000   -1.538440
518.465000   -1.546546
518.466000   -1.554423
518.467000   -1.560903
518.468000   -1.564927
518.469000   -1.565923
518.470000   -1.563814
518.471000   -1.558842
518.472000   -1.551438
518.473000   -1.542135
518.474000   -1.531466
518.475000   -1.519843
518.476000   -1.507577
518.477000   -1.495115
518.478000   -1.483302
518.479000   -1.473367
518.480000   -1.466675
518.481000   -1.464478
518.482000   -1.467704
518.483000   -1.476764
518.484000   -1.491374
518.485000   -1.510525
518.486000   -1.532744
518.487000   -1.556578
518.488000   -1.580922
518.489000   -1.604971
518.490000   -1.628050
518.491000   -1.649525
518.492000   -1.668762
518.493000   -1.685099
518.494000   -1.697852
518.495000   -1.706468
518.496000   -1.710810
518.497000   -1.711318
518.498000   -1.708867
518.499000   -1.704474
518.500000   -1.699075
518.501000   -1.693378
518.501000   -1.693378
518.502000   -1.687766
518.503000   -1.682259
518.504000   -1.676589
518.505000   -1.670437
518.506000   -1.663715
518.507000   -1.656650
518.508000   -1.649634
518.509000   -1.643068
518.510000   -1.637271
518.511000   -1.632442
518.512000   -1.628631
518.513000   -1.625790
518.514000   -1.623924
518.515000   -1.623278
518.516000   -1.624330
518.517000   -1.627601
518.518000   -1.633440
518.519000   -1.641911
518.520000   -1.652745
518.521000   -1.665360
518.522000   -1.678944
518.523000   -1.692601
518.524000   -1.705536
518.525000   -1.717173
518.526000   -1.727125
518.527000   -1.735101
518.528000   -1.740873
518.529000   -1.744282
518.530000   -1.745257
518.531000   -1.743804
518.532000   -1.740040
518.533000   -1.734265
518.534000   -1.727047
518.535000   -1.719147
518.536000   -1.711323
518.537000   -1.704169
518.538000   -1.698019
518.539000   -1.692923
518.540000   -1.688679
518.541000   -1.684929
518.542000   -1.681321
518.543000   -1.677664
518.544000   -1.673959
518.545000   -1.670281
518.546000   -1.666656
518.547000   -1.663036
518.548000   -1.659324
518.549000   -1.655411
518.550000   -1.651211
518.551000   -1.646720
518.552000   -1.642134
518.553000   -1.637930
518.554000   -1.634762
518.555000   -1.633231
518.556000   -1.633684
518.557000   -1.636104
518.558000   -1.640097
518.559000   -1.644961
518.560000   -1.649833
518.561000   -1.653937
518.562000   -1.656857
518.563000   -1.658611
518.564000   -1.659475
518.565000   -1.659783
518.566000   -1.659809
518.567000   -1.659716
518.568000   -1.659521
518.569000   -1.659128
518.570000   -1.658462
518.571000   -1.657696
518.572000   -1.657338
518.573000   -1.658050
518.574000   -1.660388
518.575000   -1.664641
518.576000   -1.670767
518.577000   -1.678372
518.578000   -1.686761
518.579000   -1.695077
518.580000   -1.702604
518.581000   -1.709048
518.582000   -1.714545
518.583000   -1.719417
518.584000   -1.723964
518.585000   -1.728390
518.586000   -1.732762
518.587000   -1.736990
518.588000   -1.740855
518.589000   -1.744181
518.590000   -1.747122
518.591000   -1.750229
518.592000   -1.754147
518.593000   -1.759278
518.594000   -1.765617
518.595000   -1.772750
518.596000   -1.779911
518.597000   -1.786082
518.598000   -1.790171
518.599000   -1.791303
518.600000   -1.789070
518.601000   -1.783489
518.602000   -1.774764
518.603000   -1.763132
518.604000   -1.748828
518.605000   -1.732105
518.606000   -1.713255
518.607000   -1.692649
518.608000   -1.670837
518.609000   -1.648657
518.610000   -1.627142
518.611000   -1.607235
518.612000   -1.589573
518.613000   -1.574430
518.614000   -1.561774
518.615000   -1.551356
518.616000   -1.542795
518.617000   -1.535700
518.618000   -1.529807
518.619000   -1.525052
518.620000   -1.521473
518.621000   -1.519081
518.622000   -1.517795
518.623000   -1.517447
518.624000   -1.517788
518.625000   -1.518520
518.626000   -1.519358
518.627000   -1.520174
518.628000   -1.521087
518.629000   -1.522375
518.630000   -1.524280
518.631000   -1.526849
518.632000   -1.529896
518.633000   -1.533025
518.634000   -1.535706
518.635000   -1.537368
518.636000   -1.537537
518.637000   -1.535984
518.638000   -1.532776
518.639000   -1.528195
518.640000   -1.522628
518.641000   -1.516482
518.642000   -1.510153
518.643000   -1.504008
518.644000   -1.498378
518.645000   -1.493597
518.646000   -1.490092
518.647000   -1.488396
518.648000   -1.488984
518.649000   -1.492057
518.650000   -1.497440
518.651000   -1.504601
518.652000   -1.512759
518.653000   -1.521006
518.654000   -1.528450
518.655000   -1.534381
518.656000   -1.538379
518.657000   -1.540311
518.658000   -1.540230
518.659000   -1.538278
518.660000   -1.534625
518.661000   -1.529440
518.662000   -1.522895
518.663000   -1.515218
518.664000   -1.506793
518.665000   -1.498268
518.666000   -1.490504
518.667000   -1.484314
518.668000   -1.480176
518.669000   -1.478123
518.670000   -1.477812
518.671000   -1.478677
518.672000   -1.480097
518.673000   -1.481579
518.674000   -1.482923
518.675000   -1.484288
518.676000   -1.486077
518.677000   -1.488671
518.678000   -1.492261
518.679000   -1.496848
518.680000   -1.502359
518.681000   -1.508755
518.682000   -1.516145
518.683000   -1.524876
518.684000   -1.535541
518.685000   -1.548762
518.686000   -1.564788
518.687000   -1.583225
518.688000   -1.603117
518.689000   -1.623207
518.690000   -1.642189
518.691000   -1.658892
518.692000   -1.672441
518.693000   -1.682350
518.694000   -1.688489
518.695000   -1.690898
518.696000   -1.689633
518.697000   -1.684796
518.698000   -1.676654
518.699000   -1.665712
518.700000   -1.652716
518.701000   -1.638632
518.702000   -1.624598
518.703000   -1.611774
518.704000   -1.601092
518.705000   -1.592999
518.706000   -1.587432
518.707000   -1.584015
518.708000   -1.582271
518.709000   -1.581762
518.710000   -1.582152
518.711000   -1.583222
518.712000   -1.584824
518.713000   -1.586807
518.714000   -1.588954
518.715000   -1.591011
518.716000   -1.592776
518.717000   -1.594184
518.718000   -1.595340
518.719000   -1.596507
518.720000   -1.598022
518.721000   -1.600168
518.722000   -1.603042
518.723000   -1.606511
518.724000   -1.610292
518.725000   -1.614035
518.726000   -1.617373
518.727000   -1.619945
518.728000   -1.621418
518.729000   -1.621477
518.730000   -1.619817
518.731000   -1.616180
518.732000   -1.610518
518.733000   -1.603179
518.734000   -1.594891
518.735000   -1.586564
518.736000   -1.579095
518.737000   -1.573268
518.738000   -1.569700
518.739000   -1.568801
518.740000   -1.570759
518.741000   -1.575589
518.742000   -1.583234
518.743000   -1.593558
518.744000   -1.606219
518.745000   -1.620592
518.746000   -1.635812
518.747000   -1.650892
518.748000   -1.664831
518.749000   -1.676716
518.750000   -1.685826
518.751000   -1.691737
518.752000   -1.694356
518.753000   -1.693860
518.754000   -1.690606
518.755000   -1.685093
518.756000   -1.677930
518.757000   -1.669783
518.758000   -1.661250
518.759000   -1.652764
518.760000   -1.644574
518.761000   -1.636815
518.762000   -1.629574
518.763000   -1.622896
518.764000   -1.616796
518.765000   -1.611277
518.766000   -1.606315
518.767000   -1.601847
518.768000   -1.597772
518.769000   -1.594009
518.770000   -1.590591
518.771000   -1.587703
518.772000   -1.585623
518.773000   -1.584646
518.774000   -1.585046
518.775000   -1.587051
518.776000   -1.590817
518.777000   -1.596391
518.778000   -1.603684
518.779000   -1.612445
518.780000   -1.622261
518.781000   -1.632574
518.782000   -1.642738
518.783000   -1.652111
518.784000   -1.660130
518.785000   -1.666338
518.786000   -1.670397
518.787000   -1.672099
518.788000   -1.671351
518.789000   -1.668151
518.790000   -1.662599
518.791000   -1.654968
518.792000   -1.645780
518.793000   -1.635810
518.794000   -1.625969
518.795000   -1.617140
518.796000   -1.610001
518.797000   -1.604882
518.798000   -1.601691
518.799000   -1.599973
518.800000   -1.599120
518.801000   -1.598621
518.802000   -1.598200
518.803000   -1.597762
518.804000   -1.597257
518.805000   -1.596569
518.806000   -1.595465
518.807000   -1.593606
518.808000   -1.590595
518.809000   -1.586094
518.810000   -1.579971
518.811000   -1.572403
518.812000   -1.563843
518.813000   -1.554878
518.814000   -1.546062
518.815000   -1.537737
518.816000   -1.529904
518.817000   -1.522181
518.818000   -1.513919
518.819000   -1.504433
518.820000   -1.493234
518.821000   -1.480149
518.822000   -1.465291
518.823000   -1.448951
518.824000   -1.431496
518.825000   -1.413296
518.826000   -1.394688
518.827000   -1.376013
518.828000   -1.357669
518.829000   -1.340175
518.830000   -1.324179
518.831000   -1.310377
518.832000   -1.299399
518.833000   -1.291666
518.834000   -1.287293
518.835000   -1.286056
518.836000   -1.287435
518.837000   -1.290718
518.838000   -1.295140
518.839000   -1.299996
518.840000   -1.304691
518.841000   -1.308742
518.842000   -1.311766
518.843000   -1.313476
518.844000   -1.313681
518.845000   -1.312303
518.846000   -1.309414
518.847000   -1.305297
518.848000   -1.300480
518.849000   -1.295695
518.850000   -1.291769
518.851000   -1.289459
518.852000   -1.289294
518.853000   -1.291471
518.854000   -1.295849
518.855000   -1.302053
518.856000   -1.309620
518.857000   -1.318146
518.858000   -1.327346
518.859000   -1.337011
518.860000   -1.346913
518.861000   -1.356742
518.862000   -1.366103
518.863000   -1.374573
518.864000   -1.381787
518.865000   -1.387539
518.866000   -1.391887
518.867000   -1.395205
518.868000   -1.398105
518.869000   -1.401263
518.870000   -1.405215
518.871000   -1.410206
518.872000   -1.416119
518.873000   -1.422507
518.874000   -1.428720
518.875000   -1.434113
518.876000   -1.438250
518.877000   -1.440979
518.878000   -1.442368
518.879000   -1.442567
518.880000   -1.441692
518.881000   -1.439786
518.882000   -1.436851
518.883000   -1.432943
518.884000   -1.428279
518.885000   -1.423322
518.886000   -1.418783
518.887000   -1.415479
518.888000   -1.414128
518.889000   -1.415150
518.890000   -1.418573
518.891000   -1.424076
518.892000   -1.431102
518.893000   -1.439017
518.894000   -1.447256
518.895000   -1.455435
518.896000   -1.463344
518.897000   -1.470848
518.898000   -1.477788
518.899000   -1.483958
518.900000   -1.489153
518.901000   -1.493232
518.902000   -1.496183
518.903000   -1.498227
518.904000   -1.499889
518.905000   -1.501942
518.906000   -1.505220
518.907000   -1.510386
518.908000   -1.517779
518.909000   -1.527350
518.910000   -1.538684
518.911000   -1.551111
518.912000   -1.563885
518.913000   -1.576386
518.914000   -1.588237
518.915000   -1.599263
518.916000   -1.609375
518.917000   -1.618482
518.918000   -1.626463
518.919000   -1.633181
518.920000   -1.638511
518.921000   -1.642405
518.922000   -1.644989
518.923000   -1.646627
518.924000   -1.647852
518.925000   -1.649155
518.926000   -1.650756
518.927000   -1.652516
518.928000   -1.653983
518.929000   -1.654506
518.930000   -1.653365
518.931000   -1.649936
518.932000   -1.643840
518.933000   -1.634994
518.934000   -1.623515
518.935000   -1.609586
518.936000   -1.593423
518.937000   -1.575292
518.938000   -1.555532
518.939000   -1.534566
518.940000   -1.512952
518.941000   -1.491432
518.942000   -1.470924
518.943000   -1.452392
518.944000   -1.436634
518.945000   -1.424122
518.946000   -1.414921
518.947000   -1.408726
518.948000   -1.404980
518.949000   -1.403024
518.950000   -1.402258
518.951000   -1.402256
518.952000   -1.402804
518.953000   -1.403839
518.954000   -1.405341
518.955000   -1.407263
518.956000   -1.409523
518.957000   -1.412040
518.958000   -1.414791
518.959000   -1.417869
518.960000   -1.421524
518.961000   -1.426113
518.962000   -1.431928
518.963000   -1.439001
518.964000   -1.447028
518.965000   -1.455450
518.966000   -1.463573
518.967000   -1.470698
518.968000   -1.476230
518.969000   -1.479780
518.970000   -1.481224
518.971000   -1.480700
518.972000   -1.478550
518.973000   -1.475269
518.974000   -1.471476
518.975000   -1.467864
518.976000   -1.465130
518.977000   -1.463931
518.978000   -1.464857
518.979000   -1.468431
518.980000   -1.475050
518.981000   -1.484868
518.982000   -1.497672
518.983000   -1.512851
518.984000   -1.529475
518.985000   -1.546439
518.986000   -1.562601
518.987000   -1.576910
518.988000   -1.588499
518.989000   -1.596768
518.990000   -1.601415
518.991000   -1.602386
518.992000   -1.599800
518.993000   -1.593908
518.994000   -1.585103
518.995000   -1.573953
518.996000   -1.561200
518.997000   -1.547726
518.998000   -1.534467
518.999000   -1.522275
519.000000   -1.511732
519.001000   -1.503051
519.001000   -1.503051
519.002000   -1.496130
519.003000   -1.490700
519.004000   -1.486464
519.005000   -1.483193
519.006000   -1.480762
519.007000   -1.479145
519.008000   -1.478407
519.009000   -1.478679
519.010000   -1.480126
519.011000   -1.482921
519.012000   -1.487228
519.013000   -1.493202
519.014000   -1.500993
519.015000   -1.510723
519.016000   -1.522443
519.017000   -1.536068
519.018000   -1.551334
519.019000   -1.567784
519.020000   -1.584802
519.021000   -1.601666
519.022000   -1.617623
519.023000   -1.631978
519.024000   -1.644147
519.025000   -1.653700
519.026000   -1.660376
519.027000   -1.664082
519.028000   -1.664876
519.029000   -1.662964
519.030000   -1.658720
519.031000   -1.652707
519.032000   -1.645639
519.033000   -1.638340
519.034000   -1.631659
519.035000   -1.626366
519.036000   -1.623026
519.037000   -1.621886
519.038000   -1.622888
519.039000   -1.625796
519.040000   -1.630337
519.041000   -1.636249
519.042000   -1.643281
519.043000   -1.651154
519.044000   -1.659509
519.045000   -1.667869
519.046000   -1.675647
519.047000   -1.682231
519.048000   -1.687149
519.049000   -1.690180
519.050000   -1.691327
519.051000   -1.690747
519.052000   -1.688667
519.053000   -1.685309
519.054000   -1.680788
519.055000   -1.675030
519.056000   -1.667799
519.057000   -1.658879
519.058000   -1.648255
519.059000   -1.636114
519.060000   -1.622738
519.061000   -1.608477
519.062000   -1.593748
519.063000   -1.579024
519.064000   -1.564765
519.065000   -1.551316
519.066000   -1.538870
519.067000   -1.527614
519.068000   -1.517865
519.069000   -1.510020
519.070000   -1.504459
519.071000   -1.501515
519.072000   -1.501438
519.073000   -1.504311
519.074000   -1.509887
519.075000   -1.517491
519.076000   -1.526188
519.077000   -1.535140
519.078000   -1.543751
519.079000   -1.551576
519.080000   -1.558266
519.081000   -1.563553
519.082000   -1.567221
519.083000   -1.569008
519.084000   -1.568527
519.085000   -1.565399
519.086000   -1.559628
519.087000   -1.551789
519.088000   -1.542789
519.089000   -1.533577
519.090000   -1.524996
519.091000   -1.517693
519.092000   -1.512014
519.093000   -1.507889
519.094000   -1.504834
519.095000   -1.502200
519.096000   -1.499538
519.097000   -1.496647
519.098000   -1.493397
519.099000   -1.489649
519.100000   -1.485295
519.101000   -1.480299
519.102000   -1.474671
519.103000   -1.468405
519.104000   -1.461484
519.105000   -1.454117
519.106000   -1.446973
519.107000   -1.441018
519.108000   -1.437211
519.109000   -1.436307
519.110000   -1.438751
519.111000   -1.444543
519.112000   -1.453151
519.113000   -1.463562
519.114000   -1.474582
519.115000   -1.485204
519.116000   -1.494701
519.117000   -1.502501
519.118000   -1.508144
519.119000   -1.511307
519.120000   -1.511837
519.121000   -1.509734
519.122000   -1.505128
519.123000   -1.498327
519.124000   -1.489997
519.125000   -1.481252
519.126000   -1.473420
519.127000   -1.467745
519.128000   -1.465180
519.129000   -1.466245
519.130000   -1.470926
519.131000   -1.478632
519.132000   -1.488295
519.133000   -1.498730
519.134000   -1.509099
519.135000   -1.518987
519.136000   -1.528133
519.137000   -1.536251
519.138000   -1.543025
519.139000   -1.548120
519.140000   -1.551210
519.141000   -1.552015
519.142000   -1.550450
519.143000   -1.546888
519.144000   -1.542264
519.145000   -1.537787
519.146000   -1.534549
519.147000   -1.533260
519.148000   -1.534110
519.149000   -1.536750
519.150000   -1.540383
519.151000   -1.543970
519.152000   -1.546559
519.153000   -1.547589
519.154000   -1.546860
519.155000   -1.544326
519.156000   -1.539979
519.157000   -1.533831
519.158000   -1.525918
519.159000   -1.516288
519.160000   -1.505026
519.161000   -1.492416
519.162000   -1.479232
519.163000   -1.466775
519.164000   -1.456494
519.165000   -1.449543
519.166000   -1.446509
519.167000   -1.447282
519.168000   -1.451073
519.169000   -1.456576
519.170000   -1.462279
519.171000   -1.466918
519.172000   -1.469844
519.173000   -1.470961
519.174000   -1.470445
519.175000   -1.468579
519.176000   -1.465719
519.177000   -1.462282
519.178000   -1.458729
519.179000   -1.455569
519.180000   -1.453478
519.181000   -1.453460
519.182000   -1.456769
519.183000   -1.464466
519.184000   -1.477025
519.185000   -1.494180
519.186000   -1.514996
519.187000   -1.538030
519.188000   -1.561551
519.189000   -1.583811
519.190000   -1.603421
519.191000   -1.619554
519.192000   -1.631768
519.193000   -1.639760
519.194000   -1.643313
519.195000   -1.642366
519.196000   -1.637050
519.197000   -1.627703
519.198000   -1.614901
519.199000   -1.599614
519.200000   -1.583305
519.201000   -1.567680
519.202000   -1.554182
519.203000   -1.543659
519.204000   -1.536292
519.205000   -1.531722
519.206000   -1.529221
519.207000   -1.527876
519.208000   -1.526834
519.209000   -1.525595
519.210000   -1.524118
519.211000   -1.522563
519.212000   -1.521023
519.213000   -1.519463
519.214000   -1.517805
519.215000   -1.516016
519.216000   -1.514171
519.217000   -1.512481
519.218000   -1.511354
519.219000   -1.511346
519.220000   -1.512897
519.221000   -1.516022
519.222000   -1.520214
519.223000   -1.524565
519.224000   -1.527959
519.225000   -1.529263
519.226000   -1.527477
519.227000   -1.521892
519.228000   -1.512198
519.229000   -1.498472
519.230000   -1.481057
519.231000   -1.460482
519.232000   -1.437474
519.233000   -1.412959
519.234000   -1.388029
519.235000   -1.363886
519.236000   -1.341795
519.237000   -1.323059
519.238000   -1.308932
519.239000   -1.300401
519.240000   -1.297953
519.241000   -1.301491
519.242000   -1.310395
519.243000   -1.323655
519.244000   -1.340010
519.245000   -1.358092
519.246000   -1.376573
519.247000   -1.394334
519.248000   -1.410560
519.249000   -1.424713
519.250000   -1.436434
519.251000   -1.445490
519.252000   -1.451781
519.253000   -1.455369
519.254000   -1.456477
519.255000   -1.455471
519.256000   -1.452836
519.257000   -1.449137
519.258000   -1.444920
519.259000   -1.440555
519.260000   -1.436147
519.261000   -1.431580
519.262000   -1.426634
519.263000   -1.421076
519.264000   -1.414704
519.265000   -1.407379
519.266000   -1.399085
519.267000   -1.390050
519.268000   -1.380793
519.269000   -1.372041
519.270000   -1.364579
519.271000   -1.359150
519.272000   -1.356406
519.273000   -1.356872
519.274000   -1.360889
519.275000   -1.368547
519.276000   -1.379668
519.277000   -1.393870
519.278000   -1.410646
519.279000   -1.429383
519.280000   -1.449351
519.281000   -1.469743
519.282000   -1.489719
519.283000   -1.508437
519.284000   -1.525083
519.285000   -1.538917
519.286000   -1.549400
519.287000   -1.556344
519.288000   -1.559962
519.289000   -1.560798
519.290000   -1.559634
519.291000   -1.557424
519.292000   -1.555199
519.293000   -1.553913
519.294000   -1.554244
519.295000   -1.556452
519.296000   -1.560430
519.297000   -1.565880
519.298000   -1.572455
519.299000   -1.579828
519.300000   -1.587740
519.301000   -1.596018
519.302000   -1.604524
519.303000   -1.613054
519.304000   -1.621274
519.305000   -1.628796
519.306000   -1.635391
519.307000   -1.641139
519.308000   -1.646397
519.309000   -1.651704
519.310000   -1.657695
519.311000   -1.664970
519.312000   -1.673896
519.313000   -1.684398
519.314000   -1.695902
519.315000   -1.707529
519.316000   -1.718397
519.317000   -1.727739
519.318000   -1.734879
519.319000   -1.739237
519.320000   -1.740374
519.321000   -1.738020
519.322000   -1.732064
519.323000   -1.722564
519.324000   -1.709828
519.325000   -1.694531
519.326000   -1.677703
519.327000   -1.660537
519.328000   -1.644227
519.329000   -1.629882
519.330000   -1.618446
519.331000   -1.610592
519.332000   -1.606605
519.333000   -1.606378
519.334000   -1.609563
519.335000   -1.615746
519.336000   -1.624450
519.337000   -1.635069
519.338000   -1.646863
519.339000   -1.659014
519.340000   -1.670685
519.341000   -1.681079
519.342000   -1.689509
519.343000   -1.695549
519.344000   -1.699172
519.345000   -1.700738
519.346000   -1.700799
519.347000   -1.699958
519.348000   -1.698789
519.349000   -1.697757
519.350000   -1.697122
519.351000   -1.696835
519.352000   -1.696574
519.353000   -1.695923
519.354000   -1.694538
519.355000   -1.692154
519.356000   -1.688525
519.357000   -1.683439
519.358000   -1.676743
519.359000   -1.668341
519.360000   -1.658164
519.361000   -1.646191
519.362000   -1.632594
519.363000   -1.617909
519.364000   -1.603030
519.365000   -1.589022
519.366000   -1.576935
519.367000   -1.567635
519.368000   -1.561624
519.369000   -1.558887
519.370000   -1.558863
519.371000   -1.560657
519.372000   -1.563413
519.373000   -1.566537
519.374000   -1.569636
519.375000   -1.572384
519.376000   -1.574455
519.377000   -1.575497
519.378000   -1.575109
519.379000   -1.572843
519.380000   -1.568298
519.381000   -1.561380
519.382000   -1.552545
519.383000   -1.542758
519.384000   -1.533190
519.385000   -1.524935
519.386000   -1.518811
519.387000   -1.515198
519.388000   -1.513950
519.389000   -1.514429
519.390000   -1.515752
519.391000   -1.517185
519.392000   -1.518387
519.393000   -1.519306
519.394000   -1.519948
519.395000   -1.520262
519.396000   -1.520103
519.397000   -1.519235
519.398000   -1.517342
519.399000   -1.514105
519.400000   -1.509416
519.401000   -1.503640
519.402000   -1.497634
519.403000   -1.492455
519.404000   -1.489024
519.405000   -1.487885
519.406000   -1.489093
519.407000   -1.492183
519.408000   -1.496274
519.409000   -1.500310
519.410000   -1.503409
519.411000   -1.505103
519.412000   -1.505276
519.413000   -1.503930
519.414000   -1.501050
519.415000   -1.496587
519.416000   -1.490501
519.417000   -1.482791
519.418000   -1.473537
519.419000   -1.463012
519.420000   -1.451819
519.421000   -1.440886
519.422000   -1.431228
519.423000   -1.423655
519.424000   -1.418592
519.425000   -1.416043
519.426000   -1.415619
519.427000   -1.416639
519.428000   -1.418306
519.429000   -1.419938
519.430000   -1.421144
519.431000   -1.421799
519.432000   -1.421877
519.433000   -1.421331
519.434000   -1.420120
519.435000   -1.418291
519.436000   -1.416036
519.437000   -1.413732
519.438000   -1.411975
519.439000   -1.411607
519.440000   -1.413631
519.441000   -1.418968
519.442000   -1.428189
519.443000   -1.441405
519.444000   -1.458285
519.445000   -1.478127
519.446000   -1.499969
519.447000   -1.522733
519.448000   -1.545407
519.449000   -1.567161
519.450000   -1.587353
519.451000   -1.605434
519.452000   -1.620905
519.453000   -1.633354
519.454000   -1.642521
519.455000   -1.648336
519.456000   -1.650959
519.457000   -1.650811
519.458000   -1.648599
519.459000   -1.645267
519.460000   -1.641817
519.461000   -1.639078
519.462000   -1.637546
519.463000   -1.637330
519.464000   -1.638204
519.465000   -1.639723
519.466000   -1.641391
519.467000   -1.642807
519.468000   -1.643766
519.469000   -1.644257
519.470000   -1.644393
519.471000   -1.644312
519.472000   -1.644137
519.473000   -1.643960
519.474000   -1.643874
519.475000   -1.644022
519.476000   -1.644667
519.477000   -1.646228
519.478000   -1.649208
519.479000   -1.654016
519.480000   -1.660774
519.481000   -1.669238
519.482000   -1.678835
519.483000   -1.688763
519.484000   -1.698128
519.485000   -1.706071
519.486000   -1.711854
519.487000   -1.714898
519.488000   -1.714760
519.489000   -1.711138
519.490000   -1.703909
519.491000   -1.693206
519.492000   -1.679453
519.493000   -1.663374
519.494000   -1.645969
519.495000   -1.628442
519.496000   -1.612084
519.497000   -1.598084
519.498000   -1.587331
519.499000   -1.580298
519.500000   -1.577077
519.501000   -1.577508
519.501000   -1.577508
519.502000   -1.581300
519.503000   -1.588103
519.504000   -1.597515
519.505000   -1.609049
519.506000   -1.622095
519.507000   -1.635903
519.508000   -1.649617
519.509000   -1.662379
519.510000   -1.673458
519.511000   -1.682361
519.512000   -1.688895
519.513000   -1.693180
519.514000   -1.695590
519.515000   -1.696623
519.516000   -1.696701
519.517000   -1.695959
519.518000   -1.694156
519.519000   -1.690784
519.520000   -1.685280
519.521000   -1.677241
519.522000   -1.666552
519.523000   -1.653409
519.524000   -1.638262
519.525000   -1.621682
519.526000   -1.604209
519.527000   -1.586286
519.528000   -1.568311
519.529000   -1.550756
519.530000   -1.534267
519.531000   -1.519694
519.532000   -1.508046
519.533000   -1.500366
519.534000   -1.497537
519.535000   -1.500067
519.536000   -1.507951
519.537000   -1.520686
519.538000   -1.537420
519.539000   -1.557151
519.540000   -1.578880
519.541000   -1.601681
519.542000   -1.624688
519.543000   -1.647067
519.544000   -1.667983
519.545000   -1.686601
519.546000   -1.702139
519.547000   -1.713971
519.548000   -1.721767
519.549000   -1.725606
519.550000   -1.726008
519.551000   -1.723867
519.552000   -1.720295
519.553000   -1.716373
519.554000   -1.712892
519.555000   -1.710171
519.556000   -1.708066
519.557000   -1.706154
519.558000   -1.703994
519.559000   -1.701301
519.560000   -1.697997
519.561000   -1.694167
519.562000   -1.689969
519.563000   -1.685569
519.564000   -1.681109
519.565000   -1.676724
519.566000   -1.672579
519.567000   -1.668926
519.568000   -1.666157
519.569000   -1.664794
519.570000   -1.665396
519.571000   -1.668382
519.572000   -1.673826
519.573000   -1.681310
519.574000   -1.689926
519.575000   -1.698445
519.576000   -1.705583
519.577000   -1.710253
519.578000   -1.711701
519.579000   -1.709521
519.580000   -1.703616
519.581000   -1.694136
519.582000   -1.681437
519.583000   -1.666062
519.584000   -1.648751
519.585000   -1.630480
519.586000   -1.612478
519.587000   -1.596177
519.588000   -1.583060
519.589000   -1.574424
519.590000   -1.571133
519.591000   -1.573446
519.592000   -1.580990
519.593000   -1.592928
519.594000   -1.608201
519.595000   -1.625767
519.596000   -1.644726
519.597000   -1.664339
519.598000   -1.683960
519.599000   -1.702973
519.600000   -1.720773
519.601000   -1.736815
519.602000   -1.750712
519.603000   -1.762322
519.604000   -1.771806
519.605000   -1.779621
519.606000   -1.786406
519.607000   -1.792769
519.608000   -1.799057
519.609000   -1.805218
519.610000   -1.810796
519.611000   -1.815046
519.612000   -1.817109
519.613000   -1.816204
519.614000   -1.811781
519.615000   -1.803628
519.616000   -1.791877
519.617000   -1.776949
519.618000   -1.759465
519.619000   -1.740165
519.620000   -1.719837
519.621000   -1.699287
519.622000   -1.679333
519.623000   -1.660805
519.624000   -1.644513
519.625000   -1.631157
519.626000   -1.621179
519.627000   -1.614620
519.628000   -1.611073
519.629000   -1.609755
519.630000   -1.609662
519.631000   -1.609737
519.632000   -1.609003
519.633000   -1.606672
519.634000   -1.602222
519.635000   -1.595412
519.636000   -1.586263
519.637000   -1.575000
519.638000   -1.562021
519.639000   -1.547846
519.640000   -1.533089
519.641000   -1.518420
519.642000   -1.504549
519.643000   -1.492191
519.644000   -1.481979
519.645000   -1.474352
519.646000   -1.469455
519.647000   -1.467107
519.648000   -1.466856
519.649000   -1.468089
519.650000   -1.470166
519.651000   -1.472554
519.652000   -1.474923
519.653000   -1.477205
519.654000   -1.479565
519.655000   -1.482304
519.656000   -1.485718
519.657000   -1.489992
519.658000   -1.495190
519.659000   -1.501346
519.660000   -1.508551
519.661000   -1.516997
519.662000   -1.526934
519.663000   -1.538547
519.664000   -1.551774
519.665000   -1.566145
519.666000   -1.580748
519.667000   -1.594381
519.668000   -1.605807
519.669000   -1.613978
519.670000   -1.618178
519.671000   -1.618102
519.672000   -1.613868
519.673000   -1.605942
519.674000   -1.594991
519.675000   -1.581738
519.676000   -1.566898
519.677000   -1.551212
519.678000   -1.535488
519.679000   -1.520623
519.680000   -1.507562
519.681000   -1.497200
519.682000   -1.490221
519.683000   -1.486908
519.684000   -1.487022
519.685000   -1.489825
519.686000   -1.494274
519.687000   -1.499272
519.688000   -1.503858
519.689000   -1.507329
519.690000   -1.509288
519.691000   -1.509638
519.692000   -1.508520
519.693000   -1.506220
519.694000   -1.503101
519.695000   -1.499620
519.696000   -1.496377
519.697000   -1.494144
519.698000   -1.493816
519.699000   -1.496288
519.700000   -1.502259
519.701000   -1.512012
519.702000   -1.525296
519.703000   -1.541380
519.704000   -1.559246
519.705000   -1.577804
519.706000   -1.596037
519.707000   -1.613079
519.708000   -1.628237
519.709000   -1.640989
519.710000   -1.650983
519.711000   -1.658067
519.712000   -1.662337
519.713000   -1.664170
519.714000   -1.664195
519.715000   -1.663253
519.716000   -1.662336
519.717000   -1.662460
519.718000   -1.664460
519.719000   -1.668778
519.720000   -1.675325
519.721000   -1.683509
519.722000   -1.692400
519.723000   -1.700949
519.724000   -1.708192
519.725000   -1.713372
519.726000   -1.715987
519.727000   -1.715779
519.728000   -1.712714
519.729000   -1.706970
519.730000   -1.698908
519.731000   -1.689053
519.732000   -1.678084
519.733000   -1.666858
519.734000   -1.656384
519.735000   -1.647717
519.736000   -1.641777
519.737000   -1.639155
519.738000   -1.639974
519.739000   -1.643857
519.740000   -1.650036
519.741000   -1.657572
519.742000   -1.665573
519.743000   -1.673314
519.744000   -1.680249
519.745000   -1.685973
519.746000   -1.690187
519.747000   -1.692691
519.748000   -1.693402
519.749000   -1.692407
519.750000   -1.690022
519.751000   -1.686821
519.752000   -1.683619
519.753000   -1.681377
519.754000   -1.681035
519.755000   -1.683311
519.756000   -1.688520
519.757000   -1.696515
519.758000   -1.706759
519.759000   -1.718511
519.760000   -1.731039
519.761000   -1.743758
519.762000   -1.756238
519.763000   -1.768147
519.764000   -1.779178
519.765000   -1.789029
519.766000   -1.797416
519.767000   -1.804100
519.768000   -1.808950
519.769000   -1.812031
519.770000   -1.813669
519.771000   -1.814428
519.772000   -1.814979
519.773000   -1.815898
519.774000   -1.817429
519.775000   -1.819325
519.776000   -1.820845
519.777000   -1.820959
519.778000   -1.818669
519.779000   -1.813269
519.780000   -1.804431
519.781000   -1.792151
519.782000   -1.776653
519.783000   -1.758293
519.784000   -1.737510
519.785000   -1.714825
519.786000   -1.690918
519.787000   -1.666717
519.788000   -1.643399
519.789000   -1.622286
519.790000   -1.604646
519.791000   -1.591463
519.792000   -1.583247
519.793000   -1.579931
519.794000   -1.580898
519.795000   -1.585139
519.796000   -1.591473
519.797000   -1.598750
519.798000   -1.605978
519.799000   -1.612352
519.800000   -1.617248
519.801000   -1.620211
519.802000   -1.620978
519.803000   -1.619472
519.804000   -1.615802
519.805000   -1.610256
519.806000   -1.603326
519.807000   -1.595752
519.808000   -1.588481
519.809000   -1.582508
519.810000   -1.578650
519.811000   -1.577348
519.812000   -1.578530
519.813000   -1.581610
519.814000   -1.585624
519.815000   -1.589483
519.816000   -1.592242
519.817000   -1.593239
519.818000   -1.592076
519.819000   -1.588559
519.820000   -1.582666
519.821000   -1.574552
519.822000   -1.564550
519.823000   -1.553151
519.824000   -1.541002
519.825000   -1.528941
519.826000   -1.518009
519.827000   -1.509332
519.828000   -1.503864
519.829000   -1.502145
519.830000   -1.504170
519.831000   -1.509374
519.832000   -1.516707
519.833000   -1.524789
519.834000   -1.532168
519.835000   -1.537627
519.836000   -1.540341
519.837000   -1.539829
519.838000   -1.535837
519.839000   -1.528264
519.840000   -1.517132
519.841000   -1.502545
519.842000   -1.484687
519.843000   -1.463908
519.844000   -1.440918
519.845000   -1.416911
519.846000   -1.393402
519.847000   -1.371894
519.848000   -1.353555
519.849000   -1.339034
519.850000   -1.328400
519.851000   -1.321219
519.852000   -1.316788
519.853000   -1.314490
519.854000   -1.314103
519.855000   -1.315800
519.856000   -1.319893
519.857000   -1.326599
519.858000   -1.335930
519.859000   -1.347659
519.860000   -1.361338
519.861000   -1.376377
519.862000   -1.392259
519.863000   -1.408824
519.864000   -1.426365
519.865000   -1.445349
519.866000   -1.466031
519.867000   -1.488191
519.868000   -1.511045
519.869000   -1.533287
519.870000   -1.553250
519.871000   -1.569202
519.872000   -1.579763
519.873000   -1.584242
519.874000   -1.582626
519.875000   -1.575344
519.876000   -1.563070
519.877000   -1.546616
519.878000   -1.526828
519.879000   -1.504517
519.880000   -1.480450
519.881000   -1.455497
519.882000   -1.430843
519.883000   -1.407955
519.884000   -1.388260
519.885000   -1.372801
519.886000   -1.362058
519.887000   -1.355935
519.888000   -1.353852
519.889000   -1.354917
519.890000   -1.358176
519.891000   -1.362896
519.892000   -1.368696
519.893000   -1.375389
519.894000   -1.382781
519.895000   -1.390593
519.896000   -1.398470
519.897000   -1.406019
519.898000   -1.412851
519.899000   -1.418659
519.900000   -1.423377
519.901000   -1.427307
519.902000   -1.431026
519.903000   -1.435086
519.904000   -1.439759
519.905000   -1.444921
519.906000   -1.450073
519.907000   -1.454458
519.908000   -1.457250
519.909000   -1.457804
519.910000   -1.455875
519.911000   -1.451643
519.912000   -1.445531
519.913000   -1.438039
519.914000   -1.429670
519.915000   -1.420917
519.916000   -1.412272
519.917000   -1.404240
519.918000   -1.397424
519.919000   -1.392636
519.920000   -1.390876
519.921000   -1.393071
519.922000   -1.399751
519.923000   -1.410853
519.924000   -1.425677
519.925000   -1.442975
519.926000   -1.461139
519.927000   -1.478471
519.928000   -1.493512
519.929000   -1.505272
519.930000   -1.513242
519.931000   -1.517240
519.932000   -1.517294
519.933000   -1.513589
519.934000   -1.506458
519.935000   -1.496388
519.936000   -1.484041
519.937000   -1.470335
519.938000   -1.456526
519.939000   -1.444109
519.940000   -1.434460
519.941000   -1.428451
519.942000   -1.426274
519.943000   -1.427501
519.944000   -1.431285
519.945000   -1.436588
519.946000   -1.442428
519.947000   -1.448076
519.948000   -1.453138
519.949000   -1.457437
519.950000   -1.460843
519.951000   -1.463203
519.952000   -1.464413
519.953000   -1.464518
519.954000   -1.463777
519.955000   -1.462704
519.956000   -1.462079
519.957000   -1.462884
519.958000   -1.466088
519.959000   -1.472351
519.960000   -1.481845
519.961000   -1.494262
