516.968000   -1.817817
516.969000   -1.832168
516.970000   -1.845811
516.971000   -1.858147
516.972000   -1.868989
516.973000   -1.878324
516.974000   -1.886075
516.975000   -1.892014
516.976000   -1.895814
516.977000   -1.897140
516.978000   -1.895787
516.979000   -1.891854
516.980000   -1.885910
516.981000   -1.878912
516.982000   -1.871861
516.983000   -1.865444
516.984000   -1.859869
516.985000   -1.854915
516.986000   -1.850070
516.987000   -1.844673
516.988000   -1.838107
516.989000   -1.830023
516.990000   -1.820481
516.991000   -1.809860
516.992000   -1.798616
516.993000   -1.787088
516.994000   -1.775426
516.995000   -1.763623
516.996000   -1.751562
516.997000   -1.739109
516.998000   -1.726277
516.999000   -1.713427
517.000000   -1.701263
517.001000   -1.690557
517.001000   -1.690557
517.002000   -1.681815
517.003000   -1.675130
517.004000   -1.670225
517.005000   -1.666564
517.006000   -1.663505
517.007000   -1.660512
517.008000   -1.657373
517.009000   -1.654263
517.010000   -1.651569
517.011000   -1.649639
517.012000   -1.648630
517.013000   -1.648484
517.014000   -1.648955
517.015000   -1.649669
517.016000   -1.650245
517.017000   -1.650482
517.018000   -1.650521
517.019000   -1.650781
517.020000   -1.651682
517.021000   -1.653358
517.022000   -1.655559
517.023000   -1.657717
517.024000   -1.659089
517.025000   -1.658943
517.026000   -1.656775
517.027000   -1.652534
517.028000   -1.646649
517.029000   -1.639808
517.030000   -1.632654
517.031000   -1.625629
517.032000   -1.618966
517.033000   -1.612749
517.034000   -1.606980
517.035000   -1.601678
517.036000   -1.597012
517.037000   -1.593365
517.038000   -1.591219
517.039000   -1.590894
517.040000   -1.592348
517.041000   -1.595169
517.042000   -1.598696
517.043000   -1.602167
517.044000   -1.604861
517.045000   -1.606253
517.046000   -1.606136
517.047000   -1.604650
517.048000   -1.602141
517.049000   -1.598960
517.050000   -1.595347
517.051000   -1.591435
517.052000   -1.587312
517.053000   -1.583087
517.054000   -1.578937
517.055000   -1.575165
517.056000   -1.572201
517.057000   -1.570474
517.058000   -1.570193
517.059000   -1.571209
517.060000   -1.573074
517.061000   -1.575225
517.062000   -1.577153
517.063000   -1.578536
517.064000   -1.579338
517.065000   -1.579855
517.066000   -1.580620
517.067000   -1.582222
517.068000   -1.585136
517.069000   -1.589705
517.070000   -1.596175
517.071000   -1.604730
517.072000   -1.615507
517.073000   -1.628622
517.074000   -1.644204
517.075000   -1.662370
517.076000   -1.683122
517.077000   -1.706196
517.078000   -1.730998
517.079000   -1.756661
517.080000   -1.782200
517.081000   -1.806672
517.082000   -1.829327
517.083000   -1.849724
517.084000   -1.867762
517.085000   -1.883592
517.086000   -1.897434
517.087000   -1.909445
517.088000   -1.919735
517.089000   -1.928456
517.090000   -1.935866
517.091000   -1.942352
517.092000   -1.948423
517.093000   -1.954663
517.094000   -1.961625
517.095000   -1.969670
517.096000   -1.978830
517.097000   -1.988819
517.098000   -1.999158
517.099000   -2.009309
517.100000   -2.018769
517.101000   -2.027148
517.102000   -2.034242
517.103000   -2.040068
517.104000   -2.044804
517.105000   -2.048655
517.106000   -2.051739
517.107000   -2.054064
517.108000   -2.055567
517.109000   -2.056156
517.110000   -2.055752
517.111000   -2.054334
517.112000   -2.051978
517.113000   -2.048828
517.114000   -2.044971
517.115000   -2.040297
517.116000   -2.034464
517.117000   -2.027016
517.118000   -2.017543
517.119000   -2.005813
517.120000   -1.991862
517.121000   -1.976026
517.122000   -1.958908
517.123000   -1.941251
517.124000   -1.923801
517.125000   -1.907213
517.126000   -1.892054
517.127000   -1.878822
517.128000   -1.867958
517.129000   -1.859829
517.130000   -1.854712
517.131000   -1.852772
517.132000   -1.854022
517.133000   -1.858257
517.134000   -1.864985
517.135000   -1.873448
517.136000   -1.882758
517.137000   -1.892060
517.138000   -1.900679
517.139000   -1.908201
517.140000   -1.914488
517.141000   -1.919623
517.142000   -1.923776
517.143000   -1.927075
517.144000   -1.929564
517.145000   -1.931265
517.146000   -1.932268
517.147000   -1.932746
517.148000   -1.932930
517.149000   -1.933055
517.150000   -1.933305
517.151000   -1.933748
517.152000   -1.934268
517.153000   -1.934536
517.154000   -1.934075
517.155000   -1.932404
517.156000   -1.929192
517.157000   -1.924322
517.158000   -1.917901
517.159000   -1.910223
517.160000   -1.901696
517.161000   -1.892729
517.162000   -1.883599
517.163000   -1.874408
517.164000   -1.865176
517.165000   -1.855957
517.166000   -1.846904
517.167000   -1.838261
517.168000   -1.830308
517.169000   -1.823283
517.170000   -1.817261
517.171000   -1.812005
517.172000   -1.806887
517.173000   -1.801028
517.174000   -1.793573
517.175000   -1.783922
517.176000   -1.771854
517.177000   -1.757514
517.178000   -1.741321
517.179000   -1.723805
517.180000   -1.705401
517.181000   -1.686336
517.182000   -1.666697
517.183000   -1.646629
517.184000   -1.626466
517.185000   -1.606734
517.186000   -1.588083
517.187000   -1.571182
517.188000   -1.556630
517.189000   -1.544857
517.190000   -1.536007
517.191000   -1.529889
517.192000   -1.526097
517.193000   -1.524227
517.194000   -1.524043
517.195000   -1.525533
517.196000   -1.528877
517.197000   -1.534372
517.198000   -1.542296
517.199000   -1.552700
517.200000   -1.565269
517.201000   -1.579423
517.202000   -1.594566
517.203000   -1.610273
517.204000   -1.626323
517.205000   -1.642624
517.206000   -1.659120
517.207000   -1.675681
517.208000   -1.691997
517.209000   -1.707507
517.210000   -1.721484
517.211000   -1.733267
517.212000   -1.742458
517.213000   -1.749002
517.214000   -1.753155
517.215000   -1.755396
517.216000   -1.756307
517.217000   -1.756420
517.218000   -1.756084
517.219000   -1.755447
517.220000   -1.754586
517.221000   -1.753663
517.222000   -1.752985
517.223000   -1.752927
517.224000   -1.753823
517.225000   -1.755861
517.226000   -1.759009
517.227000   -1.762929
517.228000   -1.766979
517.229000   -1.770376
517.230000   -1.772481
517.231000   -1.773009
517.232000   -1.772044
517.233000   -1.769944
517.234000   -1.767213
517.235000   -1.764361
517.236000   -1.761734
517.237000   -1.759389
517.238000   -1.757174
517.239000   -1.754998
517.240000   -1.753044
517.241000   -1.751742
517.242000   -1.751580
517.243000   -1.752919
517.244000   -1.755872
517.245000   -1.760235
517.246000   -1.765444
517.247000   -1.770650
517.248000   -1.774961
517.249000   -1.777733
517.250000   -1.778730
517.251000   -1.778073
517.252000   -1.776097
517.253000   -1.773222
517.254000   -1.769847
517.255000   -1.766259
517.256000   -1.762569
517.257000   -1.758805
517.258000   -1.755131
517.259000   -1.752001
517.260000   -1.750110
517.261000   -1.750175
517.262000   -1.752709
517.263000   -1.757870
517.264000   -1.765418
517.265000   -1.774736
517.266000   -1.784942
517.267000   -1.795126
517.268000   -1.804601
517.269000   -1.813036
517.270000   -1.820395
517.271000   -1.826797
517.272000   -1.832385
517.273000   -1.837243
517.274000   -1.841345
517.275000   -1.844575
517.276000   -1.846871
517.277000   -1.848428
517.278000   -1.849786
517.279000   -1.851694
517.280000   -1.854849
517.281000   -1.859664
517.282000   -1.866159
517.283000   -1.873943
517.284000   -1.882280
517.285000   -1.890270
517.286000   -1.897120
517.287000   -1.902396
517.288000   -1.906071
517.289000   -1.908384
517.290000   -1.909671
517.291000   -1.910238
517.292000   -1.910284
517.293000   -1.909836
517.294000   -1.908789
517.295000   -1.907098
517.296000   -1.905011
517.297000   -1.903112
517.298000   -1.902064
517.299000   -1.902319
517.300000   -1.903955
517.301000   -1.906624
517.302000   -1.909570
517.303000   -1.911724
517.304000   -1.911972
517.305000   -1.909528
517.306000   -1.904164
517.307000   -1.896092
517.308000   -1.885708
517.309000   -1.873408
517.310000   -1.859524
517.311000   -1.844274
517.312000   -1.827743
517.313000   -1.809958
517.314000   -1.791118
517.315000   -1.771853
517.316000   -1.753181
517.317000   -1.736152
517.318000   -1.721509
517.319000   -1.709532
517.320000   -1.700028
517.321000   -1.692376
517.322000   -1.685626
517.323000   -1.678713
517.324000   -1.670797
517.325000   -1.661544
517.326000   -1.651097
517.327000   -1.639843
517.328000   -1.628190
517.329000   -1.616468
517.330000   -1.604879
517.331000   -1.593484
517.332000   -1.582270
517.333000   -1.571383
517.334000   -1.561367
517.335000   -1.553108
517.336000   -1.547469
517.337000   -1.544944
517.338000   -1.545510
517.339000   -1.548643
517.340000   -1.553419
517.341000   -1.558707
517.342000   -1.563474
517.343000   -1.567120
517.344000   -1.569576
517.345000   -1.571115
517.346000   -1.572087
517.347000   -1.572774
517.348000   -1.573350
517.349000   -1.573879
517.350000   -1.574347
517.351000   -1.574790
517.352000   -1.575502
517.353000   -1.577149
517.354000   -1.580574
517.355000   -1.586456
517.356000   -1.595061
517.357000   -1.606154
517.358000   -1.619030
517.359000   -1.632617
517.360000   -1.645675
517.361000   -1.657116
517.362000   -1.666329
517.363000   -1.673213
517.364000   -1.677942
517.365000   -1.680721
517.366000   -1.681683
517.367000   -1.680870
517.368000   -1.678225
517.369000   -1.673634
517.370000   -1.667091
517.371000   -1.658957
517.372000   -1.650048
517.373000   -1.641348
517.374000   -1.633625
517.375000   -1.627219
517.376000   -1.622011
517.377000   -1.617477
517.378000   -1.612790
517.379000   -1.606997
517.380000   -1.599330
517.381000   -1.589538
517.382000   -1.577946
517.383000   -1.565192
517.384000   -1.551965
517.385000   -1.538868
517.386000   -1.526388
517.387000   -1.514863
517.388000   -1.504490
517.389000   -1.495424
517.390000   -1.488013
517.391000   -1.482970
517.392000   -1.481183
517.393000   -1.483310
517.394000   -1.489516
517.395000   -1.499436
517.396000   -1.512259
517.397000   -1.526850
517.398000   -1.541933
517.399000   -1.556403
517.400000   -1.569651
517.401000   -1.581632
517.402000   -1.592617
517.403000   -1.602918
517.404000   -1.612768
517.405000   -1.622296
517.406000   -1.631538
517.407000   -1.640472
517.408000   -1.649163
517.409000   -1.657969
517.410000   -1.667596
517.411000   -1.678842
517.412000   -1.692241
517.413000   -1.707887
517.414000   -1.725430
517.415000   -1.744148
517.416000   -1.763072
517.417000   -1.781189
517.418000   -1.797717
517.419000   -1.812340
517.420000   -1.825186
517.421000   -1.836593
517.422000   -1.846895
517.423000   -1.856316
517.424000   -1.864950
517.425000   -1.872765
517.426000   -1.879641
517.427000   -1.885521
517.428000   -1.890607
517.429000   -1.895374
517.430000   -1.900311
517.431000   -1.905629
517.432000   -1.911145
517.433000   -1.916333
517.434000   -1.920434
517.435000   -1.922592
517.436000   -1.922045
517.437000   -1.918388
517.438000   -1.911731
517.439000   -1.902591
517.440000   -1.891619
517.441000   -1.879402
517.442000   -1.866408
517.443000   -1.852995
517.444000   -1.839434
517.445000   -1.825953
517.446000   -1.812882
517.447000   -1.800818
517.448000   -1.790577
517.449000   -1.782857
517.450000   -1.777934
517.451000   -1.775609
517.452000   -1.775339
517.453000   -1.776409
517.454000   -1.778072
517.455000   -1.779710
517.456000   -1.781014
517.457000   -1.782058
517.458000   -1.783151
517.459000   -1.784562
517.460000   -1.786379
517.461000   -1.788548
517.462000   -1.790961
517.463000   -1.793511
517.464000   -1.796129
517.465000   -1.798826
517.466000   -1.801763
517.467000   -1.805217
517.468000   -1.809388
517.469000   -1.814189
517.470000   -1.819202
517.471000   -1.823782
517.472000   -1.827207
517.473000   -1.828809
517.474000   -1.828124
517.475000   -1.825041
517.476000   -1.819863
517.477000   -1.813139
517.478000   -1.805427
517.479000   -1.797152
517.480000   -1.788614
517.481000   -1.780027
517.482000   -1.771554
517.483000   -1.763352
517.484000   -1.755629
517.485000   -1.748687
517.486000   -1.742838
517.487000   -1.738195
517.488000   -1.734530
517.489000   -1.731297
517.490000   -1.727776
517.491000   -1.723226
517.492000   -1.717020
517.493000   -1.708784
517.494000   -1.698512
517.495000   -1.686581
517.496000   -1.673583
517.497000   -1.660080
517.498000   -1.646473
517.499000   -1.633019
517.500000   -1.619895
517.501000   -1.607237
517.501000   -1.607237
517.502000   -1.595188
517.503000   -1.583957
517.504000   -1.573853
517.505000   -1.565159
517.506000   -1.557907
517.507000   -1.551774
517.508000   -1.546182
517.509000   -1.540488
517.510000   -1.534131
517.511000   -1.526743
517.512000   -1.518252
517.513000   -1.508936
517.514000   -1.499352
517.515000   -1.490106
517.516000   -1.481665
517.517000   -1.474343
517.518000   -1.468391
517.519000   -1.464055
517.520000   -1.461573
517.521000   -1.461151
517.522000   -1.462960
517.523000   -1.467096
517.524000   -1.473461
517.525000   -1.481615
517.526000   -1.490749
517.527000   -1.499842
517.528000   -1.507865
517.529000   -1.513916
517.530000   -1.517319
517.531000   -1.517700
517.532000   -1.515027
517.533000   -1.509562
517.534000   -1.501698
517.535000   -1.491839
517.536000   -1.480437
517.537000   -1.468058
517.538000   -1.455391
517.539000   -1.443176
517.540000   -1.432125
517.541000   -1.422848
517.542000   -1.415778
517.543000   -1.411071
517.544000   -1.408550
517.545000   -1.407782
517.546000   -1.408243
517.547000   -1.409452
517.548000   -1.411043
517.549000   -1.412810
517.550000   -1.414721
517.551000   -1.416894
517.552000   -1.419491
517.553000   -1.422599
517.554000   -1.426204
517.555000   -1.430289
517.556000   -1.434913
517.557000   -1.440232
517.558000   -1.446462
517.559000   -1.453828
517.560000   -1.462499
517.561000   -1.472478
517.562000   -1.483487
517.563000   -1.494966
517.564000   -1.506262
517.565000   -1.516842
517.566000   -1.526393
517.567000   -1.534839
517.568000   -1.542320
517.569000   -1.549160
517.570000   -1.555765
517.571000   -1.562472
517.572000   -1.569469
517.573000   -1.576870
517.574000   -1.584872
517.575000   -1.593801
517.576000   -1.604079
517.577000   -1.616124
517.578000   -1.630257
517.579000   -1.646604
517.580000   -1.664985
517.581000   -1.684863
517.582000   -1.705433
517.583000   -1.725827
517.584000   -1.745286
517.585000   -1.763241
517.586000   -1.779325
517.587000   -1.793365
517.588000   -1.805352
517.589000   -1.815383
517.590000   -1.823583
517.591000   -1.830073
517.592000   -1.835022
517.593000   -1.838729
517.594000   -1.841610
517.595000   -1.844131
517.596000   -1.846703
517.597000   -1.849593
517.598000   -1.852873
517.599000   -1.856394
517.600000   -1.859828
517.601000   -1.862772
517.602000   -1.864897
517.603000   -1.866050
517.604000   -1.866260
517.605000   -1.865709
517.606000   -1.864672
517.607000   -1.863466
517.608000   -1.862396
517.609000   -1.861712
517.610000   -1.861646
517.611000   -1.862499
517.612000   -1.864680
517.613000   -1.868637
517.614000   -1.874741
517.615000   -1.883180
517.616000   -1.893890
517.617000   -1.906520
517.618000   -1.920434
517.619000   -1.934789
517.620000   -1.948706
517.621000   -1.961455
517.622000   -1.972537
517.623000   -1.981680
517.624000   -1.988801
517.625000   -1.993981
517.626000   -1.997416
517.627000   -1.999341
517.628000   -1.999961
517.629000   -1.999488
517.630000   -1.998266
517.631000   -1.996841
517.632000   -1.995891
517.633000   -1.996076
517.634000   -1.997909
517.635000   -2.001672
517.636000   -2.007345
517.637000   -2.014543
517.638000   -2.022541
517.639000   -2.030471
517.640000   -2.037575
517.641000   -2.043347
517.642000   -2.047516
517.643000   -2.049990
517.644000   -2.050800
517.645000   -2.050045
517.646000   -2.047799
517.647000   -2.044063
517.648000   -2.038833
517.649000   -2.032279
517.650000   -2.024818
517.651000   -2.017008
517.652000   -2.009373
517.653000   -2.002264
517.654000   -1.995787
517.655000   -1.989777
517.656000   -1.983796
517.657000   -1.977223
517.658000   -1.969431
517.659000   -1.960001
517.660000   -1.948794
517.661000   -1.935909
517.662000   -1.921593
517.663000   -1.906170
517.664000   -1.889973
517.665000   -1.873253
517.666000   -1.856131
517.667000   -1.838662
517.668000   -1.821004
517.669000   -1.803503
517.670000   -1.786625
517.671000   -1.770805
517.672000   -1.756348
517.673000   -1.743372
517.674000   -1.731766
517.675000   -1.721183
517.676000   -1.711116
517.677000   -1.701111
517.678000   -1.690957
517.679000   -1.680709
517.680000   -1.670594
517.681000   -1.660915
517.682000   -1.651978
517.683000   -1.644012
517.684000   -1.637084
517.685000   -1.631101
517.686000   -1.625949
517.687000   -1.621688
517.688000   -1.618564
517.689000   -1.616855
517.690000   -1.616678
517.691000   -1.617903
517.692000   -1.620121
517.693000   -1.622633
517.694000   -1.624482
517.695000   -1.624602
517.696000   -1.622122
517.697000   -1.616617
517.698000   -1.608152
517.699000   -1.597142
517.700000   -1.584198
517.701000   -1.570012
517.702000   -1.555232
517.703000   -1.540344
517.704000   -1.525666
517.705000   -1.511507
517.706000   -1.498359
517.707000   -1.486885
517.708000   -1.477718
517.709000   -1.471261
517.710000   -1.467595
517.711000   -1.466457
517.712000   -1.467246
517.713000   -1.469092
517.714000   -1.471041
517.715000   -1.472333
517.716000   -1.472592
517.717000   -1.471815
517.718000   -1.470226
517.719000   -1.468134
517.720000   -1.465830
517.721000   -1.463487
517.722000   -1.461093
517.723000   -1.458487
517.724000   -1.455536
517.725000   -1.452342
517.726000   -1.449261
517.727000   -1.446724
517.728000   -1.445051
517.729000   -1.444344
517.730000   -1.444438
517.731000   -1.444904
517.732000   -1.445118
517.733000   -1.444459
517.734000   -1.442572
517.735000   -1.439541
517.736000   -1.435816
517.737000   -1.432013
517.738000   -1.428751
517.739000   -1.426523
517.740000   -1.425621
517.741000   -1.426114
517.742000   -1.427953
517.743000   -1.431186
517.744000   -1.436143
517.745000   -1.443352
517.746000   -1.453279
517.747000   -1.466090
517.748000   -1.481550
517.749000   -1.499024
517.750000   -1.517541
517.751000   -1.535958
517.752000   -1.553229
517.753000   -1.568688
517.754000   -1.582144
517.755000   -1.593730
517.756000   -1.603696
517.757000   -1.612278
517.758000   -1.619633
517.759000   -1.625815
517.760000   -1.630781
517.761000   -1.634495
517.762000   -1.637143
517.763000   -1.639291
517.764000   -1.641769
517.765000   -1.645362
517.766000   -1.650553
517.767000   -1.657436
517.768000   -1.665724
517.769000   -1.674827
517.770000   -1.684003
517.771000   -1.692597
517.772000   -1.700287
517.773000   -1.707145
517.774000   -1.713464
517.775000   -1.719559
517.776000   -1.725640
517.777000   -1.731774
517.778000   -1.737891
517.779000   -1.743834
517.780000   -1.749490
517.781000   -1.754973
517.782000   -1.760696
517.783000   -1.767198
517.784000   -1.774868
517.785000   -1.783748
517.786000   -1.793490
517.787000   -1.803430
517.788000   -1.812709
517.789000   -1.820452
517.790000   -1.826009
517.791000   -1.829160
517.792000   -1.830126
517.793000   -1.829366
517.794000   -1.827345
517.795000   -1.824399
517.796000   -1.820716
517.797000   -1.816362
517.798000   -1.811344
517.799000   -1.805748
517.800000   -1.799918
517.801000   -1.794519
517.802000   -1.790327
517.803000   -1.787904
517.804000   -1.787372
517.805000   -1.788396
517.806000   -1.790276
517.807000   -1.792111
517.808000   -1.793018
517.809000   -1.792413
517.810000   -1.790228
517.811000   -1.786864
517.812000   -1.782904
517.813000   -1.778831
517.814000   -1.774920
517.815000   -1.771242
517.816000   -1.767730
517.817000   -1.764263
517.818000   -1.760815
517.819000   -1.757620
517.820000   -1.755153
517.821000   -1.753891
517.822000   -1.754050
517.823000   -1.755480
517.824000   -1.757717
517.825000   -1.760093
517.826000   -1.761876
517.827000   -1.762460
517.828000   -1.761595
517.829000   -1.759522
517.830000   -1.756852
517.831000   -1.754282
517.832000   -1.752360
517.833000   -1.751388
517.834000   -1.751435
517.835000   -1.752384
517.836000   -1.754051
517.837000   -1.756382
517.838000   -1.759608
517.839000   -1.764176
517.840000   -1.770457
517.841000   -1.778485
517.842000   -1.787881
517.843000   -1.797931
517.844000   -1.807721
517.845000   -1.816306
517.846000   -1.822923
517.847000   -1.827202
517.848000   -1.829228
517.849000   -1.829366
517.850000   -1.827998
517.851000   -1.825363
517.852000   -1.821546
517.853000   -1.816542
517.854000   -1.810328
517.855000   -1.802983
517.856000   -1.794813
517.857000   -1.786382
517.858000   -1.778284
517.859000   -1.770798
517.860000   -1.763691
517.861000   -1.756288
517.862000   -1.747700
517.863000   -1.737053
517.864000   -1.723710
517.865000   -1.707494
517.866000   -1.688806
517.867000   -1.668502
517.868000   -1.647553
517.869000   -1.626736
517.870000   -1.606539
517.871000   -1.587242
517.872000   -1.569036
517.873000   -1.552118
517.874000   -1.536817
517.875000   -1.523669
517.876000   -1.513325
517.877000   -1.506251
517.878000   -1.502409
517.879000   -1.501181
517.880000   -1.501546
517.881000   -1.502352
517.882000   -1.502557
517.883000   -1.501434
517.884000   -1.498741
517.885000   -1.494759
517.886000   -1.490104
517.887000   -1.485381
517.888000   -1.480924
517.889000   -1.476796
517.890000   -1.472966
517.891000   -1.469459
517.892000   -1.466463
517.893000   -1.464382
517.894000   -1.463817
517.895000   -1.465410
517.896000   -1.469586
517.897000   -1.476343
517.898000   -1.485236
517.899000   -1.495530
517.900000   -1.506400
517.901000   -1.517100
517.902000   -1.527121
517.903000   -1.536295
517.904000   -1.544763
517.905000   -1.552797
517.906000   -1.560582
517.907000   -1.568095
517.908000   -1.575162
517.909000   -1.581572
517.910000   -1.587168
517.911000   -1.591891
517.912000   -1.595811
517.913000   -1.599104
517.914000   -1.601952
517.915000   -1.604384
517.916000   -1.606155
517.917000   -1.606806
517.918000   -1.605839
517.919000   -1.602901
517.920000   -1.597899
517.921000   -1.591076
517.922000   -1.583014
517.923000   -1.574534
517.924000   -1.566470
517.925000   -1.559401
517.926000   -1.553567
517.927000   -1.549010
517.928000   -1.545744
517.929000   -1.543853
517.930000   -1.543506
517.931000   -1.544937
517.932000   -1.548371
517.933000   -1.553867
517.934000   -1.561111
517.935000   -1.569366
517.936000   -1.577670
517.937000   -1.585124
517.938000   -1.591092
517.939000   -1.595301
517.940000   -1.597876
517.941000   -1.599323
517.942000   -1.600372
517.943000   -1.601697
517.944000   -1.603640
517.945000   -1.606219
517.946000   -1.609372
517.947000   -1.613150
517.948000   -1.617770
517.949000   -1.623567
517.950000   -1.630914
517.951000   -1.640097
517.952000   -1.651125
517.953000   -1.663567
517.954000   -1.676611
517.955000   -1.689346
517.956000   -1.701035
517.957000   -1.711255
517.958000   -1.719938
517.959000   -1.727337
517.960000   -1.733963
517.961000   -1.740436
517.962000   -1.747263
517.963000   -1.754685
517.964000   -1.762724
517.965000   -1.771353
517.966000   -1.780606
517.967000   -1.790577
517.968000   -1.801376
517.969000   -1.813059
517.970000   -1.825543
517.971000   -1.838472
517.972000   -1.851142
517.973000   -1.862602
517.974000   -1.871903
517.975000   -1.878298
517.976000   -1.881348
517.977000   -1.880953
517.978000   -1.877347
517.979000   -1.871034
517.980000   -1.862629
517.981000   -1.852667
517.982000   -1.841545
517.983000   -1.829624
517.984000   -1.817339
517.985000   -1.805199
517.986000   -1.793725
517.987000   -1.783379
517.988000   -1.774507
517.989000   -1.767249
517.990000   -1.761429
517.991000   -1.756547
517.992000   -1.751948
517.993000   -1.747050
517.994000   -1.741493
517.995000   -1.735182
517.996000   -1.728268
517.997000   -1.721099
517.998000   -1.714118
517.999000   -1.707694
518.000000   -1.701974
518.001000   -1.696886
518.001000   -1.696886
518.002000   -1.692279
518.003000   -1.688070
518.004000   -1.684284
518.005000   -1.681028
518.006000   -1.678432
518.007000   -1.676573
518.008000   -1.675370
518.009000   -1.674465
518.010000   -1.673243
518.011000   -1.671026
518.012000   -1.667299
518.013000   -1.661843
518.014000   -1.654760
518.015000   -1.646440
518.016000   -1.637492
518.017000   -1.628611
518.018000   -1.620379
518.019000   -1.613133
518.020000   -1.607008
518.021000   -1.602099
518.022000   -1.598560
518.023000   -1.596588
518.024000   -1.596351
518.025000   -1.597916
518.026000   -1.601178
518.027000   -1.605776
518.028000   -1.611045
518.029000   -1.616107
518.030000   -1.620097
518.031000   -1.622378
518.032000   -1.622652
518.033000   -1.620980
518.034000   -1.617738
518.035000   -1.613520
518.036000   -1.608975
518.037000   -1.604594
518.038000   -1.600599
518.039000   -1.597015
518.040000   -1.593848
518.041000   -1.591178
518.042000   -1.589167
518.043000   -1.588004
518.044000   -1.587829
518.045000   -1.588598
518.046000   -1.589942
518.047000   -1.591156
518.048000   -1.591414
518.049000   -1.590066
518.050000   -1.586818
518.051000   -1.581778
518.052000   -1.575396
518.053000   -1.568342
518.054000   -1.561308
518.055000   -1.554780
518.056000   -1.548938
518.057000   -1.543774
518.058000   -1.539295
518.059000   -1.535650
518.060000   -1.533126
518.061000   -1.532045
518.062000   -1.532629
518.063000   -1.534850
518.064000   -1.538306
518.065000   -1.542211
518.066000   -1.545593
518.067000   -1.547582
518.068000   -1.547646
518.069000   -1.545681
518.070000   -1.541958
518.071000   -1.536992
518.072000   -1.531378
518.073000   -1.525628
518.074000   -1.520062
518.075000   -1.514821
518.076000   -1.509996
518.077000   -1.505781
518.078000   -1.502537
518.079000   -1.500744
518.080000   -1.500857
518.081000   -1.503155
518.082000   -1.507624
518.083000   -1.513912
518.084000   -1.521383
518.085000   -1.529296
518.086000   -1.537032
518.087000   -1.544259
518.088000   -1.550979
518.089000   -1.557458
518.090000   -1.564099
518.091000   -1.571313
518.092000   -1.579415
518.093000   -1.588581
518.094000   -1.598868
518.095000   -1.610302
518.096000   -1.622962
518.097000   -1.636975
518.098000   -1.652432
518.099000   -1.669278
518.100000   -1.687230
518.101000   -1.705746
518.102000   -1.724034
518.103000   -1.741153
518.104000   -1.756208
518.105000   -1.768601
518.106000   -1.778188
518.107000   -1.785275
518.108000   -1.790475
518.109000   -1.794529
518.110000   -1.798129
518.111000   -1.801773
518.112000   -1.805705
518.113000   -1.810012
518.114000   -1.814802
518.115000   -1.820334
518.116000   -1.826996
518.117000   -1.835154
518.118000   -1.844991
518.119000   -1.856367
518.120000   -1.868747
518.121000   -1.881235
518.122000   -1.892763
518.123000   -1.902387
518.124000   -1.909553
518.125000   -1.914205
518.126000   -1.916710
518.127000   -1.917673
518.128000   -1.917733
518.129000   -1.917364
518.130000   -1.916762
518.131000   -1.915890
518.132000   -1.914654
518.133000   -1.913098
518.134000   -1.911501
518.135000   -1.910317
518.136000   -1.910007
518.137000   -1.910868
518.138000   -1.912900
518.139000   -1.915747
518.140000   -1.918756
518.141000   -1.921164
518.142000   -1.922343
518.143000   -1.922011
518.144000   -1.920310
518.145000   -1.917718
518.146000   -1.914862
518.147000   -1.912315
518.148000   -1.910446
518.149000   -1.909370
518.150000   -1.909041
518.151000   -1.909401
518.152000   -1.910541
518.153000   -1.912740
518.154000   -1.916354
518.155000   -1.921599
518.156000   -1.928373
518.157000   -1.936183
518.158000   -1.944220
518.159000   -1.951541
518.160000   -1.957310
518.161000   -1.961011
518.162000   -1.962578
518.163000   -1.962369
518.164000   -1.961002
518.165000   -1.959142
518.166000   -1.957321
518.167000   -1.955816
518.168000   -1.954651
518.169000   -1.953686
518.170000   -1.952776
518.171000   -1.951924
518.172000   -1.951323
518.173000   -1.951250
518.174000   -1.951861
518.175000   -1.953025
518.176000   -1.954240
518.177000   -1.954721
518.178000   -1.953617
518.179000   -1.950262
518.180000   -1.944395
518.181000   -1.936269
518.182000   -1.926578
518.183000   -1.916228
518.184000   -1.906041
518.185000   -1.896541
518.186000   -1.887900
518.187000   -1.880048
518.188000   -1.872830
518.189000   -1.866147
518.190000   -1.860036
518.191000   -1.854651
518.192000   -1.850119
518.193000   -1.846343
518.194000   -1.842879
518.195000   -1.838989
518.196000   -1.833852
518.197000   -1.826794
518.198000   -1.817453
518.199000   -1.805864
518.200000   -1.792460
518.201000   -1.777942
518.202000   -1.763051
518.203000   -1.748340
518.204000   -1.734074
518.205000   -1.720315
518.206000   -1.707060
518.207000   -1.694343
518.208000   -1.682300
518.209000   -1.671196
518.210000   -1.661358
518.211000   -1.652985
518.212000   -1.645958
518.213000   -1.639807
518.214000   -1.633903
518.215000   -1.627687
518.216000   -1.620835
518.217000   -1.613339
518.218000   -1.605522
518.219000   -1.597946
518.220000   -1.591194
518.221000   -1.585633
518.222000   -1.581339
518.223000   -1.578218
518.224000   -1.576161
518.225000   -1.575124
518.226000   -1.575142
518.227000   -1.576307
518.228000   -1.578678
518.229000   -1.582102
518.230000   -1.586035
518.231000   -1.589554
518.232000   -1.591580
518.233000   -1.591150
518.234000   -1.587605
518.235000   -1.580692
518.236000   -1.570603
518.237000   -1.557916
518.238000   -1.543392
518.239000   -1.527724
518.240000   -1.511425
518.241000   -1.494922
518.242000   -1.478688
518.243000   -1.463299
518.244000   -1.449422
518.245000   -1.437774
518.246000   -1.429032
518.247000   -1.423624
518.248000   -1.421508
518.249000   -1.422168
518.250000   -1.424863
518.251000   -1.428888
518.252000   -1.433715
518.253000   -1.439050
518.254000   -1.444825
518.255000   -1.451096
518.256000   -1.457836
518.257000   -1.464771
518.258000   -1.471462
518.259000   -1.477552
518.260000   -1.482933
518.261000   -1.487785
518.262000   -1.492503
518.263000   -1.497573
518.264000   -1.503386
518.265000   -1.510058
518.266000   -1.517362
518.267000   -1.524844
518.268000   -1.532010
518.269000   -1.538469
518.270000   -1.543985
518.271000   -1.548493
518.272000   -1.552087
518.273000   -1.554975
518.274000   -1.557420
518.275000   -1.559680
518.276000   -1.562015
518.277000   -1.564746
518.278000   -1.568303
518.279000   -1.573195
518.280000   -1.579937
518.281000   -1.588961
518.282000   -1.600528
518.283000   -1.614636
518.284000   -1.630944
518.285000   -1.648783
518.286000   -1.667284
518.287000   -1.685550
518.288000   -1.702772
518.289000   -1.718263
518.290000   -1.731478
518.291000   -1.742022
518.292000   -1.749643
518.293000   -1.754201
518.294000   -1.755658
518.295000   -1.754153
518.296000   -1.750088
518.297000   -1.744130
518.298000   -1.737111
518.299000   -1.729888
518.300000   -1.723229
518.301000   -1.717719
518.302000   -1.713716
518.303000   -1.711348
518.304000   -1.710590
518.305000   -1.711388
518.306000   -1.713746
518.307000   -1.717718
518.308000   -1.723360
518.309000   -1.730675
518.310000   -1.739597
518.311000   -1.749970
518.312000   -1.761538
518.313000   -1.773948
518.314000   -1.786837
518.315000   -1.799960
518.316000   -1.813242
518.317000   -1.826736
518.318000   -1.840525
518.319000   -1.854634
518.320000   -1.868961
518.321000   -1.883213
518.322000   -1.896906
518.323000   -1.909462
518.324000   -1.920368
518.325000   -1.929286
518.326000   -1.936049
518.327000   -1.940625
518.328000   -1.943072
518.329000   -1.943505
518.330000   -1.942065
518.331000   -1.938909
518.332000   -1.934281
518.333000   -1.928600
518.334000   -1.922486
518.335000   -1.916669
518.336000   -1.911836
518.337000   -1.908511
518.338000   -1.906966
518.339000   -1.907185
518.340000   -1.908872
518.341000   -1.911533
518.342000   -1.914643
518.343000   -1.917777
518.344000   -1.920643
518.345000   -1.923011
518.346000   -1.924650
518.347000   -1.925300
518.348000   -1.924666
518.349000   -1.922429
518.350000   -1.918295
518.351000   -1.912115
518.352000   -1.904003
518.353000   -1.894362
518.354000   -1.883748
518.355000   -1.872702
518.356000   -1.861618
518.357000   -1.850673
518.358000   -1.839805
518.359000   -1.828744
518.360000   -1.817120
518.361000   -1.804654
518.362000   -1.791310
518.363000   -1.777308
518.364000   -1.763008
518.365000   -1.748780
518.366000   -1.734944
518.367000   -1.721745
518.368000   -1.709368
518.369000   -1.697970
518.370000   -1.687755
518.371000   -1.679091
518.372000   -1.672522
518.373000   -1.668644
518.374000   -1.667912
518.375000   -1.670494
518.376000   -1.676216
518.377000   -1.684555
518.378000   -1.694690
518.379000   -1.705619
518.380000   -1.716354
518.381000   -1.726126
518.382000   -1.734469
518.383000   -1.741154
518.384000   -1.746098
518.385000   -1.749284
518.386000   -1.750711
518.387000   -1.750362
518.388000   -1.748209
518.389000   -1.744310
518.390000   -1.738943
518.391000   -1.732666
518.392000   -1.726206
518.393000   -1.720275
518.394000   -1.715401
518.395000   -1.711803
518.396000   -1.709348
518.397000   -1.707574
518.398000   -1.705826
518.399000   -1.703484
518.400000   -1.700185
518.401000   -1.695877
518.402000   -1.690732
518.403000   -1.685001
518.404000   -1.678919
518.405000   -1.672620
518.406000   -1.666092
518.407000   -1.659192
518.408000   -1.651743
518.409000   -1.643687
518.410000   -1.635147
518.411000   -1.626352
518.412000   -1.617493
518.413000   -1.608630
518.414000   -1.599647
518.415000   -1.590253
518.416000   -1.580007
518.417000   -1.568417
518.418000   -1.555119
518.419000   -1.540051
518.420000   -1.523481
518.421000   -1.505895
518.422000   -1.487860
518.423000   -1.469930
518.424000   -1.452589
518.425000   -1.436219
518.426000   -1.421110
518.427000   -1.407539
518.428000   -1.395910
518.429000   -1.386785
518.430000   -1.380772
518.431000   -1.378356
518.432000   -1.379786
518.433000   -1.385035
518.434000   -1.393799
518.435000   -1.405534
518.436000   -1.419539
518.437000   -1.435123
518.438000   -1.451766
518.439000   -1.469141
518.440000   -1.487015
518.441000   -1.505136
518.442000   -1.523184
518.443000   -1.540786
518.444000   -1.557533
518.445000   -1.573035
518.446000   -1.586999
518.447000   -1.599356
518.448000   -1.610302
518.449000   -1.620198
518.450000   -1.629414
518.451000   -1.638199
518.452000   -1.646643
518.453000   -1.654668
518.454000   -1.662056
518.455000   -1.668514
518.456000   -1.673808
518.457000   -1.677902
518.458000   -1.680975
518.459000   -1.683323
518.460000   -1.685233
518.461000   -1.686918
518.462000   -1.688495
518.463000   -1.689996
518.464000   -1.691397
518.465000   -1.692706
518.466000   -1.694063
518.467000   -1.695773
518.468000   -1.698188
518.469000   -1.701529
518.470000   -1.705772
518.471000   -1.710644
518.472000   -1.715670
518.473000   -1.720258
518.474000   -1.723816
518.475000   -1.725928
518.476000   -1.726490
518.477000   -1.725693
518.478000   -1.723868
518.479000   -1.721334
518.480000   -1.718335
518.481000   -1.715034
518.482000   -1.711528
518.483000   -1.707885
518.484000   -1.704216
518.485000   -1.700766
518.486000   -1.697937
518.487000   -1.696166
518.488000   -1.695767
518.489000   -1.696844
518.490000   -1.699266
518.491000   -1.702696
518.492000   -1.706636
518.493000   -1.710523
518.494000   -1.713910
518.495000   -1.716640
518.496000   -1.718866
518.497000   -1.720914
518.498000   -1.723125
518.499000   -1.725777
518.500000   -1.729065
518.501000   -1.733090
518.501000   -1.733090
518.502000   -1.737877
518.503000   -1.743452
518.504000   -1.749950
518.505000   -1.757650
518.506000   -1.766868
518.507000   -1.777782
518.508000   -1.790336
518.509000   -1.804232
518.510000   -1.818974
518.511000   -1.833939
518.512000   -1.848486
518.513000   -1.862124
518.514000   -1.874670
518.515000   -1.886261
518.516000   -1.897213
518.517000   -1.907831
518.518000   -1.918310
518.519000   -1.928700
518.520000   -1.938924
518.521000   -1.948841
518.522000   -1.958343
518.523000   -1.967430
518.524000   -1.976196
518.525000   -1.984696
518.526000   -1.992820
518.527000   -2.000234
518.528000   -2.006405
518.529000   -2.010672
518.530000   -2.012363
518.531000   -2.010940
518.532000   -2.006153
518.533000   -1.998122
518.534000   -1.987261
518.535000   -1.974116
518.536000   -1.959233
518.537000   -1.943106
518.538000   -1.926186
518.539000   -1.908904
518.540000   -1.891718
518.541000   -1.875175
518.542000   -1.859903
518.543000   -1.846501
518.544000   -1.835355
518.545000   -1.826510
518.546000   -1.819656
518.547000   -1.814191
518.548000   -1.809314
518.549000   -1.804148
518.550000   -1.797875
518.551000   -1.789883
518.552000   -1.779817
518.553000   -1.767521
518.554000   -1.752914
518.555000   -1.735928
518.556000   -1.716510
518.557000   -1.694663
518.558000   -1.670509
518.559000   -1.644354
518.560000   -1.616748
518.561000   -1.588461
518.562000   -1.560343
518.563000   -1.533137
518.564000   -1.507372
518.565000   -1.483344
518.566000   -1.461165
518.567000   -1.440824
518.568000   -1.422271
518.569000   -1.405514
518.570000   -1.390698
518.571000   -1.378106
518.572000   -1.368069
518.573000   -1.360833
518.574000   -1.356492
518.575000   -1.354980
518.576000   -1.356117
518.577000   -1.359671
518.578000   -1.365426
518.579000   -1.373241
518.580000   -1.383041
518.581000   -1.394708
518.582000   -1.407960
518.583000   -1.422285
518.584000   -1.436977
518.585000   -1.451222
518.586000   -1.464199
518.587000   -1.475174
518.588000   -1.483597
518.589000   -1.489157
518.590000   -1.491786
518.591000   -1.491584
518.592000   -1.488744
518.593000   -1.483513
518.594000   -1.476192
518.595000   -1.467141
518.596000   -1.456786
518.597000   -1.445634
518.598000   -1.434274
518.599000   -1.423339
518.600000   -1.413413
518.601000   -1.404935
518.602000   -1.398156
518.603000   -1.393138
518.604000   -1.389798
518.605000   -1.387973
518.606000   -1.387488
518.607000   -1.388247
518.608000   -1.390265
518.609000   -1.393629
518.610000   -1.398403
518.611000   -1.404559
518.612000   -1.411955
518.613000   -1.420356
518.614000   -1.429463
518.615000   -1.438963
518.616000   -1.448586
518.617000   -1.458137
518.618000   -1.467464
518.619000   -1.476370
518.620000   -1.484562
518.621000   -1.491657
518.622000   -1.497246
518.623000   -1.500960
518.624000   -1.502545
518.625000   -1.501949
518.626000   -1.499388
518.627000   -1.495345
518.628000   -1.490469
518.629000   -1.485437
518.630000   -1.480871
518.631000   -1.477319
518.632000   -1.475257
518.633000   -1.475105
518.634000   -1.477259
518.635000   -1.482128
518.636000   -1.490127
518.637000   -1.501590
518.638000   -1.516637
518.639000   -1.535083
518.640000   -1.556438
518.641000   -1.579970
518.642000   -1.604801
518.643000   -1.630017
518.644000   -1.654798
518.645000   -1.678511
518.646000   -1.700734
518.647000   -1.721182
518.648000   -1.739625
518.649000   -1.755853
518.650000   -1.769711
518.651000   -1.781132
518.652000   -1.790179
518.653000   -1.797069
518.654000   -1.802200
518.655000   -1.806104
518.656000   -1.809331
518.657000   -1.812318
518.658000   -1.815312
518.659000   -1.818366
518.660000   -1.821369
518.661000   -1.824104
518.662000   -1.826319
518.663000   -1.827812
518.664000   -1.828487
518.665000   -1.828362
518.666000   -1.827502
518.667000   -1.825952
518.668000   -1.823698
518.669000   -1.820683
518.670000   -1.816843
518.671000   -1.812157
518.672000   -1.806704
518.673000   -1.800701
518.674000   -1.794485
518.675000   -1.788430
518.676000   -1.782854
518.677000   -1.777954
518.678000   -1.773783
518.679000   -1.770257
518.680000   -1.767185
518.681000   -1.764330
518.682000   -1.761477
518.683000   -1.758487
518.684000   -1.755297
518.685000   -1.751881
518.686000   -1.748205
518.687000   -1.744202
518.688000   -1.739780
518.689000   -1.734847
518.690000   -1.729349
518.691000   -1.723329
518.692000   -1.716972
518.693000   -1.710591
518.694000   -1.704524
518.695000   -1.699034
518.696000   -1.694265
518.697000   -1.690260
518.698000   -1.686994
518.699000   -1.684408
518.700000   -1.682454
518.701000   -1.681129
518.702000   -1.680479
518.703000   -1.680564
518.704000   -1.681394
518.705000   -1.682913
518.706000   -1.685023
518.707000   -1.687631
518.708000   -1.690669
518.709000   -1.694102
518.710000   -1.697914
518.711000   -1.702100
518.712000   -1.706625
518.713000   -1.711366
518.714000   -1.716091
518.715000   -1.720500
518.716000   -1.724295
518.717000   -1.727231
518.718000   -1.729131
518.719000   -1.729892
518.720000   -1.729487
518.721000   -1.727958
518.722000   -1.725393
518.723000   -1.721892
518.724000   -1.717561
518.725000   -1.712525
518.726000   -1.706938
518.727000   -1.700973
518.728000   -1.694803
518.729000   -1.688576
518.730000   -1.682394
518.731000   -1.676292
518.732000   -1.670235
518.733000   -1.664147
518.734000   -1.657949
518.735000   -1.651593
518.736000   -1.645045
518.737000   -1.638276
518.738000   -1.631243
518.739000   -1.623898
518.740000   -1.616208
518.741000   -1.608170
518.742000   -1.599845
518.743000   -1.591395
518.744000   -1.583083
518.745000   -1.575238
518.746000   -1.568197
518.747000   -1.562252
518.748000   -1.557636
518.749000   -1.554511
518.750000   -1.552976
518.751000   -1.553050
518.752000   -1.554679
518.753000   -1.557744
518.754000   -1.562058
518.755000   -1.567349
518.756000   -1.573262
518.757000   -1.579395
518.758000   -1.585348
518.759000   -1.590760
518.760000   -1.595321
518.761000   -1.598795
518.762000   -1.601064
518.763000   -1.602169
518.764000   -1.602301
518.765000   -1.601766
518.766000   -1.600940
518.767000   -1.600218
518.768000   -1.599974
518.769000   -1.600511
518.770000   -1.602040
518.771000   -1.604704
518.772000   -1.608618
518.773000   -1.613872
518.774000   -1.620500
518.775000   -1.628451
518.776000   -1.637582
518.777000   -1.647665
518.778000   -1.658393
518.779000   -1.669385
518.780000   -1.680220
518.781000   -1.690515
518.782000   -1.700002
518.783000   -1.708543
518.784000   -1.716110
518.785000   -1.722752
518.786000   -1.728570
518.787000   -1.733668
518.788000   -1.738083
518.789000   -1.741758
518.790000   -1.744595
518.791000   -1.746538
518.792000   -1.747622
518.793000   -1.747951
518.794000   -1.747669
518.795000   -1.746933
518.796000   -1.745879
518.797000   -1.744578
518.798000   -1.743010
518.799000   -1.741116
518.800000   -1.738912
518.801000   -1.736567
518.802000   -1.734377
518.803000   -1.732681
518.804000   -1.731782
518.805000   -1.731872
518.806000   -1.732971
518.807000   -1.734877
518.808000   -1.737219
518.809000   -1.739602
518.810000   -1.741745
518.811000   -1.743507
518.812000   -1.744818
518.813000   -1.745633
518.814000   -1.745900
518.815000   -1.745542
518.816000   -1.744435
518.817000   -1.742424
518.818000   -1.739425
518.819000   -1.735549
518.820000   -1.731147
518.821000   -1.726731
518.822000   -1.722851
518.823000   -1.719997
518.824000   -1.718524
518.825000   -1.718584
518.826000   -1.720091
518.827000   -1.722787
518.828000   -1.726401
518.829000   -1.730785
518.830000   -1.735929
518.831000   -1.741870
518.832000   -1.748608
518.833000   -1.756052
518.834000   -1.763986
518.835000   -1.772049
518.836000   -1.779773
518.837000   -1.786721
518.838000   -1.792668
518.839000   -1.797688
518.840000   -1.802073
518.841000   -1.806190
518.842000   -1.810348
518.843000   -1.814701
518.844000   -1.819166
518.845000   -1.823399
518.846000   -1.826879
518.847000   -1.829107
518.848000   -1.829772
518.849000   -1.828762
518.850000   -1.826069
518.851000   -1.821716
518.852000   -1.815718
518.853000   -1.808057
518.854000   -1.798671
518.855000   -1.787508
518.856000   -1.774673
518.857000   -1.760576
518.858000   -1.745928
518.859000   -1.731577
518.860000   -1.718328
518.861000   -1.706821
518.862000   -1.697434
518.863000   -1.690230
518.864000   -1.684959
518.865000   -1.681207
518.866000   -1.678613
518.867000   -1.676994
518.868000   -1.676281
518.869000   -1.676392
518.870000   -1.677147
518.871000   -1.678232
518.872000   -1.679187
518.873000   -1.679421
518.874000   -1.678332
518.875000   -1.675511
518.876000   -1.670932
518.877000   -1.664943
518.878000   -1.658113
518.879000   -1.651058
518.880000   -1.644304
518.881000   -1.638199
518.882000   -1.632846
518.883000   -1.628140
518.884000   -1.623921
518.885000   -1.620189
518.886000   -1.617207
518.887000   -1.615394
518.888000   -1.615163
518.889000   -1.616797
518.890000   -1.620386
518.891000   -1.625799
518.892000   -1.632693
518.893000   -1.640635
518.894000   -1.649298
518.895000   -1.658625
518.896000   -1.668790
518.897000   -1.680024
518.898000   -1.692449
518.899000   -1.705983
518.900000   -1.720286
518.901000   -1.734749
518.902000   -1.748564
518.903000   -1.760911
518.904000   -1.771184
518.905000   -1.779073
518.906000   -1.784468
518.907000   -1.787327
518.908000   -1.787604
518.909000   -1.785230
518.910000   -1.780104
518.911000   -1.772134
518.912000   -1.761333
518.913000   -1.747991
518.914000   -1.732744
518.915000   -1.716453
518.916000   -1.699989
518.917000   -1.684059
518.918000   -1.669132
518.919000   -1.655405
518.920000   -1.642815
518.921000   -1.631143
518.922000   -1.620204
518.923000   -1.610024
518.924000   -1.600835
518.925000   -1.592914
518.926000   -1.586437
518.927000   -1.581412
518.928000   -1.577668
518.929000   -1.574872
518.930000   -1.572589
518.931000   -1.570438
518.932000   -1.568285
518.933000   -1.566320
518.934000   -1.564929
518.935000   -1.564491
518.936000   -1.565217
518.937000   -1.567070
518.938000   -1.569743
518.939000   -1.572682
518.940000   -1.575232
518.941000   -1.576877
518.942000   -1.577442
518.943000   -1.577085
518.944000   -1.576113
518.945000   -1.574810
518.946000   -1.573351
518.947000   -1.571767
518.948000   -1.569966
518.949000   -1.567807
518.950000   -1.565268
518.951000   -1.562631
518.952000   -1.560531
518.953000   -1.559772
518.954000   -1.561075
518.955000   -1.564885
518.956000   -1.571279
518.957000   -1.579941
518.958000   -1.590225
518.959000   -1.601317
518.960000   -1.612484
518.961000   -1.623247
518.962000   -1.633364
518.963000   -1.642668
518.964000   -1.650949
518.965000   -1.657909
518.966000   -1.663179
518.967000   -1.666360
518.968000   -1.667104
518.969000   -1.665276
518.970000   -1.661104
518.971000   -1.655203
518.972000   -1.648381
518.973000   -1.641388
518.974000   -1.634725
518.975000   -1.628548
518.976000   -1.622664
518.977000   -1.616625
518.978000   -1.609939
518.979000   -1.602348
518.980000   -1.593986
518.981000   -1.585291
518.982000   -1.576784
518.983000   -1.568912
518.984000   -1.561986
518.985000   -1.556170
518.986000   -1.551517
518.987000   -1.548051
518.988000   -1.545924
518.989000   -1.545551
518.990000   -1.547565
518.991000   -1.552579
518.992000   -1.560956
518.993000   -1.572671
518.994000   -1.587305
518.995000   -1.604091
518.996000   -1.622050
518.997000   -1.640193
518.998000   -1.657791
518.999000   -1.674501
519.000000   -1.690267
519.001000   -1.705099
519.001000   -1.705099
519.002000   -1.718925
519.003000   -1.731578
519.004000   -1.742830
519.005000   -1.752466
519.006000   -1.760390
519.007000   -1.766776
519.008000   -1.772157
519.009000   -1.777309
519.010000   -1.782971
519.011000   -1.789606
519.012000   -1.797305
519.013000   -1.805810
519.014000   -1.814614
519.015000   -1.823109
519.016000   -1.830785
519.017000   -1.837396
519.018000   -1.842962
519.019000   -1.847597
519.020000   -1.851315
519.021000   -1.853969
519.022000   -1.855297
519.023000   -1.855016
519.024000   -1.852929
519.025000   -1.849036
519.026000   -1.843631
519.027000   -1.837297
519.028000   -1.830740
519.029000   -1.824554
519.030000   -1.819040
519.031000   -1.814157
519.032000   -1.809566
519.033000   -1.804736
519.034000   -1.799093
519.035000   -1.792205
519.036000   -1.783909
519.037000   -1.774300
519.038000   -1.763576
519.039000   -1.751877
519.040000   -1.739250
519.041000   -1.725708
519.042000   -1.711318
519.043000   -1.696292
519.044000   -1.681078
519.045000   -1.666425
519.046000   -1.653321
519.047000   -1.642784
519.048000   -1.635606
519.049000   -1.632205
519.050000   -1.632624
519.051000   -1.636589
519.052000   -1.643611
519.053000   -1.653103
519.054000   -1.664544
519.055000   -1.677587
519.056000   -1.692036
519.057000   -1.707675
519.058000   -1.724128
519.059000   -1.740879
519.060000   -1.757375
519.061000   -1.773142
519.062000   -1.787861
519.063000   -1.801446
519.064000   -1.814090
519.065000   -1.826200
519.066000   -1.838182
519.067000   -1.850245
519.068000   -1.862333
519.069000   -1.874183
519.070000   -1.885403
519.071000   -1.895542
519.072000   -1.904173
519.073000   -1.911000
519.074000   -1.915896
519.075000   -1.918843
519.076000   -1.919802
519.077000   -1.918661
519.078000   -1.915286
519.079000   -1.909604
519.080000   -1.901662
519.081000   -1.891676
519.082000   -1.880057
519.083000   -1.867403
519.084000   -1.854389
519.085000   -1.841585
519.086000   -1.829308
519.087000   -1.817579
519.088000   -1.806178
519.089000   -1.794730
519.090000   -1.782803
519.091000   -1.770023
519.092000   -1.756163
519.093000   -1.741154
519.094000   -1.725014
519.095000   -1.707759
519.096000   -1.689392
519.097000   -1.669973
519.098000   -1.649688
519.099000   -1.628883
519.100000   -1.608088
519.101000   -1.588013
519.102000   -1.569476
519.103000   -1.553252
519.104000   -1.539869
519.105000   -1.529499
519.106000   -1.521989
519.107000   -1.516971
519.108000   -1.513969
519.109000   -1.512522
519.110000   -1.512291
519.111000   -1.513135
519.112000   -1.515066
519.113000   -1.518087
519.114000   -1.522043
519.115000   -1.526660
519.116000   -1.531703
519.117000   -1.537109
519.118000   -1.543052
519.119000   -1.549966
519.120000   -1.558503
519.121000   -1.569401
519.122000   -1.583210
519.123000   -1.600033
519.124000   -1.619448
519.125000   -1.640660
519.126000   -1.662700
519.127000   -1.684587
519.128000   -1.705460
519.129000   -1.724665
519.130000   -1.741763
519.131000   -1.756422
519.132000   -1.768259
519.133000   -1.776792
519.134000   -1.781565
519.135000   -1.782320
519.136000   -1.779107
519.137000   -1.772333
519.138000   -1.762736
519.139000   -1.751299
519.140000   -1.739063
519.141000   -1.726876
519.142000   -1.715209
519.143000   -1.704163
519.144000   -1.693608
519.145000   -1.683316
519.146000   -1.673060
519.147000   -1.662672
519.148000   -1.652070
519.149000   -1.641215
519.150000   -1.630019
519.151000   -1.618281
519.152000   -1.605749
519.153000   -1.592268
519.154000   -1.577907
519.155000   -1.563013
519.156000   -1.548186
519.157000   -1.534219
519.158000   -1.521974
519.159000   -1.512197
519.160000   -1.505336
519.161000   -1.501457
519.162000   -1.500299
519.163000   -1.501411
519.164000   -1.504254
519.165000   -1.508289
519.166000   -1.513033
519.167000   -1.518088
519.168000   -1.523114
519.169000   -1.527763
519.170000   -1.531647
519.171000   -1.534424
519.172000   -1.535950
519.173000   -1.536370
519.174000   -1.536114
519.175000   -1.535832
519.176000   -1.536308
519.177000   -1.538331
519.178000   -1.542502
519.179000   -1.549061
519.180000   -1.557856
519.181000   -1.568481
519.182000   -1.580445
519.183000   -1.593253
519.184000   -1.606426
519.185000   -1.619508
519.186000   -1.632059
519.187000   -1.643614
519.188000   -1.653617
519.189000   -1.661431
519.190000   -1.666503
519.191000   -1.668564
519.192000   -1.667735
519.193000   -1.664481
519.194000   -1.659495
519.195000   -1.653557
519.196000   -1.647376
519.197000   -1.641433
519.198000   -1.635889
519.199000   -1.630638
519.200000   -1.625479
519.201000   -1.620249
519.202000   -1.614857
519.203000   -1.609252
519.204000   -1.603382
519.205000   -1.597178
519.206000   -1.590518
519.207000   -1.583192
519.208000   -1.574934
519.209000   -1.565545
519.210000   -1.555058
519.211000   -1.543802
519.212000   -1.532357
519.213000   -1.521454
519.214000   -1.511861
519.215000   -1.504248
519.216000   -1.499051
519.217000   -1.496364
519.218000   -1.495987
519.219000   -1.497567
519.220000   -1.500734
519.221000   -1.505157
519.222000   -1.510536
519.223000   -1.516605
519.224000   -1.523113
519.225000   -1.529774
519.226000   -1.536210
519.227000   -1.541956
519.228000   -1.546589
519.229000   -1.549892
519.230000   -1.551933
519.231000   -1.553039
519.232000   -1.553698
519.233000   -1.554449
519.234000   -1.555734
519.235000   -1.557732
519.236000   -1.560260
519.237000   -1.562859
519.238000   -1.565004
519.239000   -1.566292
519.240000   -1.566515
519.241000   -1.565637
519.242000   -1.563755
519.243000   -1.561014
519.244000   -1.557506
519.245000   -1.553176
519.246000   -1.547858
519.247000   -1.541471
519.248000   -1.534204
519.249000   -1.526587
519.250000   -1.519391
519.251000   -1.513474
519.252000   -1.509616
519.253000   -1.508348
519.254000   -1.509814
519.255000   -1.513748
519.256000   -1.519660
519.257000   -1.527087
519.258000   -1.535767
519.259000   -1.545618
519.260000   -1.556636
519.261000   -1.568808
519.262000   -1.582041
519.263000   -1.596097
519.264000   -1.610547
519.265000   -1.624837
519.266000   -1.638479
519.267000   -1.651259
519.268000   -1.663295
519.269000   -1.674917
519.270000   -1.686512
519.271000   -1.698387
519.272000   -1.710664
519.273000   -1.723183
519.274000   -1.735491
519.275000   -1.746992
519.276000   -1.757192
519.277000   -1.765861
519.278000   -1.773007
519.279000   -1.778761
519.280000   -1.783276
519.281000   -1.786663
519.282000   -1.788920
519.283000   -1.789913
519.284000   -1.789461
519.285000   -1.787546
519.286000   -1.784473
519.287000   -1.780856
519.288000   -1.777455
519.289000   -1.774986
519.290000   -1.773979
519.291000   -1.774649
519.292000   -1.776822
519.293000   -1.779957
519.294000   -1.783325
519.295000   -1.786251
519.296000   -1.788287
519.297000   -1.789203
519.298000   -1.788891
519.299000   -1.787265
519.300000   -1.784180
519.301000   -1.779371
519.302000   -1.772453
519.303000   -1.763025
519.304000   -1.750894
519.305000   -1.736291
519.306000   -1.719890
519.307000   -1.702644
519.308000   -1.685559
519.309000   -1.669500
519.310000   -1.655062
519.311000   -1.642512
519.312000   -1.631869
519.313000   -1.623101
519.314000   -1.616364
519.315000   -1.612065
519.316000   -1.610731
519.317000   -1.612809
519.318000   -1.618526
519.319000   -1.627805
519.320000   -1.640243
519.321000   -1.655148
519.322000   -1.671697
519.323000   -1.689192
519.324000   -1.707264
519.325000   -1.725853
519.326000   -1.745035
519.327000   -1.764820
519.328000   -1.785014
519.329000   -1.805144
519.330000   -1.824444
519.331000   -1.841961
519.332000   -1.856775
519.333000   -1.868250
519.334000   -1.876129
519.335000   -1.880435
519.336000   -1.881317
519.337000   -1.878932
519.338000   -1.873374
519.339000   -1.864646
519.340000   -1.852691
519.341000   -1.837517
519.342000   -1.819402
519.343000   -1.799022
519.344000   -1.777381
519.345000   -1.755563
519.346000   -1.734503
519.347000   -1.714838
519.348000   -1.696843
519.349000   -1.680454
519.350000   -1.665355
519.351000   -1.651165
519.352000   -1.637630
519.353000   -1.624705
519.354000   -1.612476
519.355000   -1.601025
519.356000   -1.590331
519.357000   -1.580225
519.358000   -1.570388
519.359000   -1.560391
519.360000   -1.549801
519.361000   -1.538359
519.362000   -1.526138
519.363000   -1.513542
519.364000   -1.501119
519.365000   -1.489348
519.366000   -1.478491
519.367000   -1.468556
519.368000   -1.459338
519.369000   -1.450548
519.370000   -1.441999
519.371000   -1.433786
519.372000   -1.426335
519.373000   -1.420264
519.374000   -1.416197
519.375000   -1.414621
519.376000   -1.415824
519.377000   -1.419896
519.378000   -1.426764
519.379000   -1.436291
519.380000   -1.448410
519.381000   -1.463238
519.382000   -1.481038
519.383000   -1.502051
519.384000   -1.526294
519.385000   -1.553436
519.386000   -1.582781
519.387000   -1.613332
519.388000   -1.643938
519.389000   -1.673523
519.390000   -1.701293
519.391000   -1.726803
519.392000   -1.749822
519.393000   -1.770137
519.394000   -1.787442
519.395000   -1.801328
519.396000   -1.811353
519.397000   -1.817148
519.398000   -1.818562
519.399000   -1.815814
519.400000   -1.809555
519.401000   -1.800743
519.402000   -1.790373
519.403000   -1.779234
519.404000   -1.767799
519.405000   -1.756245
519.406000   -1.744547
519.407000   -1.732617
519.408000   -1.720473
519.409000   -1.708371
519.410000   -1.696796
519.411000   -1.686288
519.412000   -1.677234
519.413000   -1.669762
519.414000   -1.663740
519.415000   -1.658843
519.416000   -1.654645
519.417000   -1.650758
519.418000   -1.646984
519.419000   -1.643397
519.420000   -1.640255
519.421000   -1.637786
519.422000   -1.636021
519.423000   -1.634758
519.424000   -1.633629
519.425000   -1.632222
519.426000   -1.630227
519.427000   -1.627605
519.428000   -1.624676
519.429000   -1.622038
519.430000   -1.620348
519.431000   -1.620129
519.432000   -1.621689
519.433000   -1.625142
519.434000   -1.630467
519.435000   -1.637580
519.436000   -1.646439
519.437000   -1.657144
519.438000   -1.669967
519.439000   -1.685224
519.440000   -1.703055
519.441000   -1.723282
519.442000   -1.745396
519.443000   -1.768648
519.444000   -1.792168
519.445000   -1.815103
519.446000   -1.836780
519.447000   -1.856816
519.448000   -1.875093
519.449000   -1.891582
519.450000   -1.906178
519.451000   -1.918672
519.452000   -1.928804
519.453000   -1.936345
519.454000   -1.941168
519.455000   -1.943312
519.456000   -1.943051
519.457000   -1.940865
519.458000   -1.937288
519.459000   -1.932698
519.460000   -1.927237
519.461000   -1.920860
519.462000   -1.913441
519.463000   -1.904873
519.464000   -1.895146
519.465000   -1.884430
519.466000   -1.873118
519.467000   -1.861752
519.468000   -1.850865
519.469000   -1.840842
519.470000   -1.831899
519.471000   -1.824113
519.472000   -1.817471
519.473000   -1.811903
519.474000   -1.807338
519.475000   -1.803777
519.476000   -1.801326
519.477000   -1.800105
519.478000   -1.800101
519.479000   -1.801077
519.480000   -1.802613
519.481000   -1.804189
519.482000   -1.805296
519.483000   -1.805524
519.484000   -1.804664
519.485000   -1.802744
519.486000   -1.799976
519.487000   -1.796620
519.488000   -1.792887
519.489000   -1.788926
519.490000   -1.784873
519.491000   -1.780882
519.492000   -1.777157
519.493000   -1.773976
519.494000   -1.771719
519.495000   -1.770845
519.496000   -1.771792
519.497000   -1.774843
519.498000   -1.780057
519.499000   -1.787287
519.500000   -1.796237
519.501000   -1.806526
519.501000   -1.806526
519.502000   -1.817752
519.503000   -1.829556
519.504000   -1.841637
519.505000   -1.853693
519.506000   -1.865313
519.507000   -1.875934
519.508000   -1.884914
519.509000   -1.891646
519.510000   -1.895650
519.511000   -1.896643
519.512000   -1.894583
519.513000   -1.889672
519.514000   -1.882277
519.515000   -1.872763
519.516000   -1.861369
519.517000   -1.848202
519.518000   -1.833325
519.519000   -1.816845
519.520000   -1.798965
519.521000   -1.780031
519.522000   -1.760539
519.523000   -1.741107
519.524000   -1.722373
519.525000   -1.704865
519.526000   -1.688933
519.527000   -1.674756
519.528000   -1.662388
519.529000   -1.651805
519.530000   -1.642943
519.531000   -1.635736
519.532000   -1.630138
519.533000   -1.626104
519.534000   -1.623528
519.535000   -1.622172
519.536000   -1.621663
519.537000   -1.621559
519.538000   -1.621430
519.539000   -1.620935
519.540000   -1.619861
519.541000   -1.618143
519.542000   -1.615831
519.543000   -1.613020
519.544000   -1.609779
519.545000   -1.606146
519.546000   -1.602184
519.547000   -1.598037
519.548000   -1.593941
519.549000   -1.590217
519.550000   -1.587218
519.551000   -1.585266
519.552000   -1.584559
519.553000   -1.585095
519.554000   -1.586685
519.555000   -1.589052
519.556000   -1.591955
519.557000   -1.595265
519.558000   -1.598986
519.559000   -1.603219
519.560000   -1.608096
519.561000   -1.613680
519.562000   -1.619866
519.563000   -1.626365
519.564000   -1.632805
519.565000   -1.638872
519.566000   -1.644406
519.567000   -1.649425
519.568000   -1.654086
519.569000   -1.658589
519.570000   -1.663056
519.571000   -1.667395
519.572000   -1.671249
519.573000   -1.674102
519.574000   -1.675477
519.575000   -1.675103
519.576000   -1.672983
519.577000   -1.669375
519.578000   -1.664706
519.579000   -1.659428
519.580000   -1.653870
519.581000   -1.648160
519.582000   -1.642306
519.583000   -1.636328
519.584000   -1.630359
519.585000   -1.624658
519.586000   -1.619563
519.587000   -1.615430
519.588000   -1.612554
519.589000   -1.611072
519.590000   -1.610896
519.591000   -1.611713
519.592000   -1.613083
519.593000   -1.614568
519.594000   -1.615825
519.595000   -1.616648
519.596000   -1.616971
519.597000   -1.616839
519.598000   -1.616362
519.599000   -1.615643
519.600000   -1.614740
519.601000   -1.613690
519.602000   -1.612577
519.603000   -1.611579
519.604000   -1.610953
519.605000   -1.610992
519.606000   -1.611950
519.607000   -1.613975
519.608000   -1.617050
519.609000   -1.620972
519.610000   -1.625412
519.611000   -1.630025
519.612000   -1.634551
519.613000   -1.638855
519.614000   -1.642927
519.615000   -1.646848
519.616000   -1.650740
519.617000   -1.654684
519.618000   -1.658667
519.619000   -1.662600
519.620000   -1.666417
519.621000   -1.670163
519.622000   -1.674010
519.623000   -1.678215
519.624000   -1.683037
519.625000   -1.688649
519.626000   -1.695047
519.627000   -1.701964
519.628000   -1.708882
519.629000   -1.715163
519.630000   -1.720253
519.631000   -1.723806
519.632000   -1.725701
519.633000   -1.725992
519.634000   -1.724827
519.635000   -1.722363
519.636000   -1.718679
519.637000   -1.713772
519.638000   -1.707669
519.639000   -1.700596
519.640000   -1.693046
519.641000   -1.685694
519.642000   -1.679238
519.643000   -1.674252
519.644000   -1.671096
519.645000   -1.669862
519.646000   -1.670375
519.647000   -1.672248
519.648000   -1.675014
519.649000   -1.678252
519.650000   -1.681648
519.651000   -1.684967
519.652000   -1.688011
519.653000   -1.690580
519.654000   -1.692450
519.655000   -1.693350
519.656000   -1.692977
519.657000   -1.691098
519.658000   -1.687684
519.659000   -1.682968
519.660000   -1.677360
519.661000   -1.671317
519.662000   -1.665225
519.663000   -1.659333
519.664000   -1.653708
519.665000   -1.648227
519.666000   -1.642643
519.667000   -1.636711
519.668000   -1.630316
519.669000   -1.623520
519.670000   -1.616515
519.671000   -1.609564
519.672000   -1.602936
519.673000   -1.596842
519.674000   -1.591391
519.675000   -1.586586
519.676000   -1.582418
519.677000   -1.578964
519.678000   -1.576397
519.679000   -1.574899
519.680000   -1.574555
519.681000   -1.575299
519.682000   -1.576899
519.683000   -1.578957
519.684000   -1.580942
519.685000   -1.582281
519.686000   -1.582512
519.687000   -1.581410
519.688000   -1.578983
519.689000   -1.575417
519.690000   -1.571002
519.691000   -1.566084
519.692000   -1.561003
519.693000   -1.556015
519.694000   -1.551298
519.695000   -1.547086
519.696000   -1.543820
519.697000   -1.542136
519.698000   -1.542690
519.699000   -1.546013
519.700000   -1.552429
519.701000   -1.562020
519.702000   -1.574595
519.703000   -1.589671
519.704000   -1.606560
519.705000   -1.624570
519.706000   -1.643206
519.707000   -1.662209
519.708000   -1.681452
519.709000   -1.700837
519.710000   -1.720225
519.711000   -1.739378
519.712000   -1.757888
519.713000   -1.775168
519.714000   -1.790615
519.715000   -1.803904
519.716000   -1.815150
519.717000   -1.824752
519.718000   -1.833122
519.719000   -1.840501
519.720000   -1.846905
519.721000   -1.852108
519.722000   -1.855673
519.723000   -1.857061
519.724000   -1.855860
519.725000   -1.852035
519.726000   -1.845986
519.727000   -1.838373
519.728000   -1.829894
519.729000   -1.821152
519.730000   -1.812598
519.731000   -1.804504
519.732000   -1.796967
519.733000   -1.789998
519.734000   -1.783738
519.735000   -1.778642
519.736000   -1.775415
519.737000   -1.774733
519.738000   -1.777004
519.739000   -1.782265
519.740000   -1.790170
519.741000   -1.800025
519.742000   -1.810880
519.743000   -1.821731
519.744000   -1.831813
519.745000   -1.840777
519.746000   -1.848591
519.747000   -1.855342
519.748000   -1.861099
519.749000   -1.865866
519.750000   -1.869563
519.751000   -1.872034
519.752000   -1.873146
519.753000   -1.873007
519.754000   -1.872144
519.755000   -1.871378
519.756000   -1.871529
519.757000   -1.873173
519.758000   -1.876555
519.759000   -1.881578
519.760000   -1.887846
519.761000   -1.894758
519.762000   -1.901711
519.763000   -1.908391
519.764000   -1.914910
519.765000   -1.921667
519.766000   -1.929101
519.767000   -1.937543
519.768000   -1.947159
519.769000   -1.957902
519.770000   -1.969481
519.771000   -1.981398
519.772000   -1.993181
519.773000   -2.004607
519.774000   -2.015622
519.775000   -2.026040
519.776000   -2.035392
519.777000   -2.042961
519.778000   -2.047883
519.779000   -2.049234
519.780000   -2.046120
519.781000   -2.037895
519.782000   -2.024468
519.783000   -2.006424
519.784000   -1.984792
519.785000   -1.960741
519.786000   -1.935412
519.787000   -1.909847
519.788000   -1.884897
519.789000   -1.861130
519.790000   -1.838816
519.791000   -1.818106
519.792000   -1.799287
519.793000   -1.782787
519.794000   -1.768934
519.795000   -1.757805
519.796000   -1.749254
519.797000   -1.742977
519.798000   -1.738544
519.799000   -1.735407
519.800000   -1.733005
519.801000   -1.730995
519.802000   -1.729453
519.803000   -1.728749
519.804000   -1.729251
519.805000   -1.731141
519.806000   -1.734369
519.807000   -1.738647
519.808000   -1.743448
519.809000   -1.748078
519.810000   -1.751902
519.811000   -1.754597
519.812000   -1.756131
519.813000   -1.756510
519.814000   -1.755635
519.815000   -1.753329
519.816000   -1.749415
519.817000   -1.743762
519.818000   -1.736311
519.819000   -1.727141
519.820000   -1.716573
519.821000   -1.705160
519.822000   -1.693534
519.823000   -1.682253
519.824000   -1.671749
519.825000   -1.662329
519.826000   -1.654171
519.827000   -1.647318
519.828000   -1.641708
519.829000   -1.637277
519.830000   -1.634042
519.831000   -1.632022
519.832000   -1.631060
519.833000   -1.630780
519.834000   -1.630673
519.835000   -1.630207
519.836000   -1.628918
519.837000   -1.626464
519.838000   -1.622690
519.839000   -1.617645
519.840000   -1.611483
519.841000   -1.604318
519.842000   -1.596163
519.843000   -1.586989
519.844000   -1.576795
519.845000   -1.565648
519.846000   -1.553689
519.847000   -1.541143
519.848000   -1.528343
519.849000   -1.515696
519.850000   -1.503560
519.851000   -1.492154
519.852000   -1.481587
519.853000   -1.471970
519.854000   -1.463479
519.855000   -1.456383
519.856000   -1.451052
519.857000   -1.447928
519.858000   -1.447440
519.859000   -1.449863
519.860000   -1.455218
519.861000   -1.463313
519.862000   -1.473827
519.863000   -1.486380
519.864000   -1.500574
519.865000   -1.516009
519.866000   -1.532301
519.867000   -1.549038
519.868000   -1.565730
519.869000   -1.581771
519.870000   -1.596502
519.871000   -1.609321
519.872000   -1.619799
519.873000   -1.627751
519.874000   -1.633269
519.875000   -1.636700
519.876000   -1.638566
519.877000   -1.639417
519.878000   -1.639703
519.879000   -1.639753
519.880000   -1.639834
519.881000   -1.640219
519.882000   -1.641210
519.883000   -1.643131
519.884000   -1.646272
519.885000   -1.650800
519.886000   -1.656666
519.887000   -1.663566
519.888000   -1.671019
519.889000   -1.678485
519.890000   -1.685473
519.891000   -1.691629
519.892000   -1.696773
519.893000   -1.700906
519.894000   -1.704149
519.895000   -1.706650
519.896000   -1.708499
519.897000   -1.709724
519.898000   -1.710343
519.899000   -1.710425
519.900000   -1.710125
519.901000   -1.709690
519.902000   -1.709426
519.903000   -1.709617
519.904000   -1.710417
519.905000   -1.711749
519.906000   -1.713338
519.907000   -1.714835
519.908000   -1.715945
519.909000   -1.716511
519.910000   -1.716550
519.911000   -1.716256
519.912000   -1.715946
519.913000   -1.715971
519.914000   -1.716607
519.915000   -1.718012
519.916000   -1.720243
519.917000   -1.723325
519.918000   -1.727306
519.919000   -1.732298
519.920000   -1.738477
519.921000   -1.746053
519.922000   -1.755188
519.923000   -1.765887
519.924000   -1.777920
519.925000   -1.790858
519.926000   -1.804211
519.927000   -1.817554
519.928000   -1.830579
519.929000   -1.843092
519.930000   -1.854989
519.931000   -1.866202
519.932000   -1.876625
519.933000   -1.886067
519.934000   -1.894313
519.935000   -1.901263
519.936000   -1.907005
519.937000   -1.911750
519.938000   -1.915737
519.939000   -1.919165
519.940000   -1.922148
519.941000   -1.924658
519.942000   -1.926480
519.943000   -1.927262
519.944000   -1.926670
519.945000   -1.924545
519.946000   -1.920949
519.947000   -1.916083
519.948000   -1.910189
519.949000   -1.903461
519.950000   -1.895988
519.951000   -1.887693
519.952000   -1.878343
519.953000   -1.867668
519.954000   -1.855547
519.955000   -1.842131
519.956000   -1.827804
519.957000   -1.813056
519.958000   -1.798340
519.959000   -1.783971
519.960000   -1.770029
519.961000   -1.756316
