514.569000   0.455416
514.570000   0.462540
514.571000   0.469524
514.572000   0.476076
514.573000   0.481981
514.574000   0.487121
514.575000   0.491363
514.576000   0.494388
514.577000   0.495673
514.578000   0.494701
514.579000   0.491159
514.580000   0.485035
514.581000   0.476639
514.582000   0.466601
514.583000   0.455801
514.584000   0.445161
514.585000   0.435311
514.586000   0.426437
514.587000   0.418529
514.588000   0.411679
514.589000   0.406131
514.590000   0.402194
514.591000   0.400160
514.592000   0.400262
514.593000   0.402645
514.594000   0.407275
514.595000   0.413841
514.596000   0.421779
514.597000   0.430438
514.598000   0.439205
514.599000   0.447551
514.600000   0.455071
514.601000   0.461530
514.602000   0.466922
514.603000   0.471441
514.604000   0.475246
514.605000   0.478133
514.606000   0.479590
514.607000   0.479185
514.608000   0.476805
514.609000   0.472684
514.610000   0.467351
514.611000   0.461562
514.612000   0.456194
514.613000   0.452026
514.614000   0.449507
514.615000   0.448744
514.616000   0.449727
514.617000   0.452472
514.618000   0.457003
514.619000   0.463291
514.620000   0.471225
514.621000   0.480622
514.622000   0.491252
514.623000   0.502796
514.624000   0.514678
514.625000   0.525989
514.626000   0.535678
514.627000   0.542798
514.628000   0.546664
514.629000   0.546918
514.630000   0.543582
514.631000   0.537085
514.632000   0.528168
514.633000   0.517556
514.634000   0.505586
514.635000   0.492289
514.636000   0.477739
514.637000   0.462214
514.638000   0.446152
514.639000   0.430077
514.640000   0.414547
514.641000   0.400126
514.642000   0.387321
514.643000   0.376439
514.644000   0.367439
514.645000   0.359993
514.646000   0.353670
514.647000   0.348048
514.648000   0.342753
514.649000   0.337495
514.650000   0.332127
514.651000   0.326690
514.652000   0.321358
514.653000   0.316203
514.654000   0.310942
514.655000   0.305043
514.656000   0.298065
514.657000   0.289868
514.658000   0.280632
514.659000   0.270816
514.660000   0.261094
514.661000   0.252288
514.662000   0.245213
514.663000   0.240438
514.664000   0.238157
514.665000   0.238343
514.666000   0.240956
514.667000   0.245986
514.668000   0.253407
514.669000   0.263157
514.670000   0.275165
514.671000   0.289405
514.672000   0.305874
514.673000   0.324396
514.674000   0.344436
514.675000   0.365203
514.676000   0.385917
514.677000   0.405952
514.678000   0.424880
514.679000   0.442482
514.680000   0.458778
514.681000   0.473997
514.682000   0.488382
514.683000   0.501817
514.684000   0.513677
514.685000   0.523192
514.686000   0.529821
514.687000   0.533356
514.688000   0.533870
514.689000   0.531657
514.690000   0.527177
514.691000   0.520972
514.692000   0.513546
514.693000   0.505204
514.694000   0.496035
514.695000   0.486058
514.696000   0.475364
514.697000   0.464142
514.698000   0.452662
514.699000   0.441270
514.700000   0.430414
514.701000   0.420646
514.702000   0.412483
514.703000   0.406044
514.704000   0.400884
514.705000   0.396317
514.706000   0.391779
514.707000   0.386965
514.708000   0.381837
514.709000   0.376629
514.710000   0.371823
514.711000   0.368030
514.712000   0.365695
514.713000   0.364848
514.714000   0.365250
514.715000   0.366703
514.716000   0.369147
514.717000   0.372617
514.718000   0.377185
514.719000   0.382924
514.720000   0.389888
514.721000   0.398086
514.722000   0.407358
514.723000   0.417239
514.724000   0.427008
514.725000   0.435879
514.726000   0.443169
514.727000   0.448387
514.728000   0.451292
514.729000   0.451954
514.730000   0.450766
514.731000   0.448291
514.732000   0.444861
514.733000   0.440351
514.734000   0.434462
514.735000   0.427081
514.736000   0.418374
514.737000   0.408755
514.738000   0.398815
514.739000   0.389281
514.740000   0.380927
514.741000   0.374384
514.742000   0.369916
514.743000   0.367432
514.744000   0.366706
514.745000   0.367469
514.746000   0.369412
514.747000   0.372180
514.748000   0.375423
514.749000   0.378882
514.750000   0.382425
514.751000   0.385897
514.752000   0.388869
514.753000   0.390641
514.754000   0.390508
514.755000   0.387982
514.756000   0.382913
514.757000   0.375529
514.758000   0.366446
514.759000   0.356617
514.760000   0.347151
514.761000   0.338996
514.762000   0.332749
514.763000   0.328772
514.764000   0.327341
514.765000   0.328670
514.766000   0.332870
514.767000   0.339937
514.768000   0.349782
514.769000   0.362290
514.770000   0.377338
514.771000   0.394665
514.772000   0.413751
514.773000   0.433863
514.774000   0.454167
514.775000   0.473810
514.776000   0.492003
514.777000   0.508122
514.778000   0.521832
514.779000   0.533158
514.780000   0.542304
514.781000   0.549254
514.782000   0.553647
514.783000   0.555055
514.784000   0.553263
514.785000   0.548355
514.786000   0.540701
514.787000   0.530914
514.788000   0.519801
514.789000   0.508278
514.790000   0.497165
514.791000   0.486957
514.792000   0.477780
514.793000   0.469568
514.794000   0.462209
514.795000   0.455596
514.796000   0.449648
514.797000   0.444335
514.798000   0.439723
514.799000   0.435984
514.800000   0.433235
514.801000   0.431242
514.802000   0.429339
514.803000   0.426672
514.804000   0.422459
514.805000   0.416124
514.806000   0.407374
514.807000   0.396243
514.808000   0.383124
514.809000   0.368677
514.810000   0.353529
514.811000   0.337976
514.812000   0.322017
514.813000   0.305625
514.814000   0.288924
514.815000   0.272203
514.816000   0.255866
514.817000   0.240377
514.818000   0.226238
514.819000   0.213941
514.820000   0.203831
514.821000   0.195960
514.822000   0.190109
514.823000   0.185977
514.824000   0.183310
514.825000   0.181936
514.826000   0.181755
514.827000   0.182761
514.828000   0.185075
514.829000   0.188872
514.830000   0.194134
514.831000   0.200420
514.832000   0.206991
514.833000   0.213133
514.834000   0.218353
514.835000   0.222426
514.836000   0.225372
514.837000   0.227441
514.838000   0.229071
514.839000   0.230704
514.840000   0.232529
514.841000   0.234430
514.842000   0.236241
514.843000   0.237958
514.844000   0.239756
514.845000   0.241913
514.846000   0.244751
514.847000   0.248610
514.848000   0.253840
514.849000   0.260714
514.850000   0.269273
514.851000   0.279274
514.852000   0.290321
514.853000   0.302041
514.854000   0.314161
514.855000   0.326533
514.856000   0.339158
514.857000   0.352222
514.858000   0.366049
514.859000   0.380833
514.860000   0.396306
514.861000   0.411764
514.862000   0.426451
514.863000   0.439843
514.864000   0.451717
514.865000   0.462120
514.866000   0.471331
514.867000   0.479799
514.868000   0.488017
514.869000   0.496298
514.870000   0.504650
514.871000   0.512837
514.872000   0.520539
514.873000   0.527428
514.874000   0.533204
514.875000   0.537632
514.876000   0.540605
514.877000   0.542204
514.878000   0.542641
514.879000   0.542011
514.880000   0.540024
514.881000   0.536071
514.882000   0.529544
514.883000   0.520102
514.884000   0.507795
514.885000   0.493083
514.886000   0.476810
514.887000   0.460074
514.888000   0.443909
514.889000   0.428911
514.890000   0.415146
514.891000   0.402401
514.892000   0.390465
514.893000   0.379272
514.894000   0.368923
514.895000   0.359676
514.896000   0.351939
514.897000   0.346189
514.898000   0.342768
514.899000   0.341618
514.900000   0.342221
514.901000   0.343807
514.902000   0.345599
514.903000   0.346948
514.904000   0.347416
514.905000   0.346859
514.906000   0.345486
514.907000   0.343814
514.908000   0.342367
514.909000   0.341281
514.910000   0.340225
514.911000   0.338760
514.912000   0.336671
514.913000   0.334061
514.914000   0.331307
514.915000   0.328991
514.916000   0.327828
514.917000   0.328551
514.918000   0.331694
514.919000   0.337394
514.920000   0.345404
514.921000   0.355307
514.922000   0.366655
514.923000   0.379002
514.924000   0.391917
514.925000   0.405022
514.926000   0.418051
514.927000   0.430835
514.928000   0.443127
514.929000   0.454375
514.930000   0.463738
514.931000   0.470363
514.932000   0.473628
514.933000   0.473244
514.934000   0.469269
514.935000   0.462113
514.936000   0.452491
514.937000   0.441273
514.938000   0.429216
514.939000   0.416812
514.940000   0.404416
514.941000   0.392433
514.942000   0.381338
514.943000   0.371596
514.944000   0.363603
514.945000   0.357680
514.946000   0.354103
514.947000   0.353066
514.948000   0.354550
514.949000   0.358234
514.950000   0.363584
514.951000   0.369998
514.952000   0.376892
514.953000   0.383756
514.954000   0.390225
514.955000   0.396167
514.956000   0.401692
514.957000   0.406973
514.958000   0.411936
514.959000   0.416218
514.960000   0.419437
514.961000   0.421453
514.962000   0.422429
514.963000   0.422779
514.964000   0.423097
514.965000   0.424073
514.966000   0.426361
514.967000   0.430373
514.968000   0.436159
514.969000   0.443506
514.970000   0.452132
514.971000   0.461757
514.972000   0.472096
514.973000   0.482851
514.974000   0.493750
514.975000   0.504578
514.976000   0.515158
514.977000   0.525189
514.978000   0.534106
514.979000   0.541160
514.980000   0.545670
514.981000   0.547242
514.982000   0.545863
514.983000   0.541911
514.984000   0.536100
514.985000   0.529337
514.986000   0.522439
514.987000   0.515810
514.988000   0.509368
514.989000   0.502801
514.990000   0.495852
514.991000   0.488440
514.992000   0.480665
514.993000   0.472765
514.994000   0.465064
514.995000   0.457887
514.996000   0.451431
514.997000   0.445641
514.998000   0.440206
514.999000   0.434716
515.000000   0.428814
515.001000   0.422271
515.001000   0.422271
515.002000   0.415016
515.003000   0.407152
515.004000   0.398953
515.005000   0.390798
515.006000   0.382990
515.007000   0.375538
515.008000   0.368165
515.009000   0.360522
515.010000   0.352406
515.011000   0.343845
515.012000   0.335088
515.013000   0.326551
515.014000   0.318737
515.015000   0.312123
515.016000   0.307024
515.017000   0.303524
515.018000   0.301546
515.019000   0.301000
515.020000   0.301858
515.021000   0.304156
515.022000   0.307965
515.023000   0.313370
515.024000   0.320450
515.025000   0.329228
515.026000   0.339572
515.027000   0.351102
515.028000   0.363218
515.029000   0.375227
515.030000   0.386486
515.031000   0.396497
515.032000   0.404967
515.033000   0.411845
515.034000   0.417298
515.035000   0.421609
515.036000   0.425017
515.037000   0.427638
515.038000   0.429524
515.039000   0.430760
515.040000   0.431511
515.041000   0.432018
515.042000   0.432585
515.043000   0.433557
515.044000   0.435282
515.045000   0.438051
515.046000   0.442007
515.047000   0.447116
515.048000   0.453192
515.049000   0.459956
515.050000   0.467085
515.051000   0.474270
515.052000   0.481258
515.053000   0.487887
515.054000   0.494072
515.055000   0.499724
515.056000   0.504631
515.057000   0.508430
515.058000   0.510701
515.059000   0.511117
515.060000   0.509543
515.061000   0.506087
515.062000   0.501094
515.063000   0.495085
515.064000   0.488638
515.065000   0.482251
515.066000   0.476274
515.067000   0.470923
515.068000   0.466342
515.069000   0.462637
515.070000   0.459882
515.071000   0.458127
515.072000   0.457401
515.073000   0.457712
515.074000   0.459009
515.075000   0.461122
515.076000   0.463715
515.077000   0.466302
515.078000   0.468338
515.079000   0.469330
515.080000   0.468920
515.081000   0.466938
515.082000   0.463414
515.083000   0.458523
515.084000   0.452469
515.085000   0.445369
515.086000   0.437202
515.087000   0.427882
515.088000   0.417362
515.089000   0.405696
515.090000   0.393057
515.091000   0.379715
515.092000   0.366015
515.093000   0.352329
515.094000   0.339008
515.095000   0.326320
515.096000   0.314426
515.097000   0.303374
515.098000   0.293133
515.099000   0.283624
515.100000   0.274733
515.101000   0.266340
515.102000   0.258342
515.103000   0.250671
515.104000   0.243295
515.105000   0.236181
515.106000   0.229261
515.107000   0.222427
515.108000   0.215568
515.109000   0.208620
515.110000   0.201607
515.111000   0.194663
515.112000   0.188040
515.113000   0.182086
515.114000   0.177199
515.115000   0.173768
515.116000   0.172126
515.117000   0.172525
515.118000   0.175141
515.119000   0.180073
515.120000   0.187344
515.121000   0.196904
515.122000   0.208633
515.123000   0.222353
515.124000   0.237835
515.125000   0.254794
515.126000   0.272869
515.127000   0.291606
515.128000   0.310470
515.129000   0.328893
515.130000   0.346342
515.131000   0.362395
515.132000   0.376796
515.133000   0.389469
515.134000   0.400500
515.135000   0.410075
515.136000   0.418408
515.137000   0.425708
515.138000   0.432185
515.139000   0.438063
515.140000   0.443588
515.141000   0.448998
515.142000   0.454496
515.143000   0.460230
515.144000   0.466274
515.145000   0.472620
515.146000   0.479175
515.147000   0.485761
515.148000   0.492131
515.149000   0.497985
515.150000   0.503004
515.151000   0.506877
515.152000   0.509327
515.153000   0.510137
515.154000   0.509153
515.155000   0.506256
515.156000   0.501333
515.157000   0.494275
515.158000   0.485038
515.159000   0.473720
515.160000   0.460605
515.161000   0.446141
515.162000   0.430894
515.163000   0.415471
515.164000   0.400444
515.165000   0.386290
515.166000   0.373359
515.167000   0.361885
515.168000   0.352032
515.169000   0.343937
515.170000   0.337735
515.171000   0.333544
515.172000   0.331458
515.173000   0.331520
515.174000   0.333711
515.175000   0.337914
515.176000   0.343871
515.177000   0.351159
515.178000   0.359249
515.179000   0.367604
515.180000   0.375768
515.181000   0.383418
515.182000   0.390386
515.183000   0.396661
515.184000   0.402343
515.185000   0.407543
515.186000   0.412256
515.187000   0.416292
515.188000   0.419346
515.189000   0.421151
515.190000   0.421595
515.191000   0.420762
515.192000   0.418920
515.193000   0.416477
515.194000   0.413905
515.195000   0.411640
515.196000   0.409974
515.197000   0.409009
515.198000   0.408700
515.199000   0.408925
515.200000   0.409536
515.201000   0.410394
515.202000   0.411393
515.203000   0.412487
515.204000   0.413688
515.205000   0.415021
515.206000   0.416408
515.207000   0.417550
515.208000   0.417926
515.209000   0.416932
515.210000   0.414051
515.211000   0.408993
515.212000   0.401770
515.213000   0.392710
515.214000   0.382392
515.215000   0.371493
515.216000   0.360578
515.217000   0.350005
515.218000   0.339973
515.219000   0.330656
515.220000   0.322267
515.221000   0.315068
515.222000   0.309352
515.223000   0.305409
515.224000   0.303505
515.225000   0.303832
515.226000   0.306435
515.227000   0.311142
515.228000   0.317577
515.229000   0.325246
515.230000   0.333642
515.231000   0.342323
515.232000   0.350970
515.233000   0.359428
515.234000   0.367698
515.235000   0.375828
515.236000   0.383724
515.237000   0.391058
515.238000   0.397402
515.239000   0.402443
515.240000   0.406114
515.241000   0.408609
515.242000   0.410339
515.243000   0.411861
515.244000   0.413768
515.245000   0.416547
515.246000   0.420450
515.247000   0.425476
515.248000   0.431471
515.249000   0.438236
515.250000   0.445599
515.251000   0.453427
515.252000   0.461651
515.253000   0.470270
515.254000   0.479345
515.255000   0.488887
515.256000   0.498697
515.257000   0.508279
515.258000   0.516978
515.259000   0.524189
515.260000   0.529501
515.261000   0.532753
515.262000   0.534049
515.263000   0.533728
515.264000   0.532273
515.265000   0.530134
515.266000   0.527532
515.267000   0.524430
515.268000   0.520677
515.269000   0.516155
515.270000   0.510834
515.271000   0.504771
515.272000   0.498123
515.273000   0.491159
515.274000   0.484224
515.275000   0.477613
515.276000   0.471397
515.277000   0.465383
515.278000   0.459243
515.279000   0.452666
515.280000   0.445448
515.281000   0.437548
515.282000   0.429135
515.283000   0.420586
515.284000   0.412384
515.285000   0.404884
515.286000   0.398108
515.287000   0.391798
515.288000   0.385654
515.289000   0.379506
515.290000   0.373370
515.291000   0.367433
515.292000   0.362032
515.293000   0.357601
515.294000   0.354571
515.295000   0.353188
515.296000   0.353402
515.297000   0.354921
515.298000   0.357375
515.299000   0.360437
515.300000   0.363880
515.301000   0.367605
515.302000   0.371665
515.303000   0.376253
515.304000   0.381606
515.305000   0.387794
515.306000   0.394555
515.307000   0.401352
515.308000   0.407602
515.309000   0.412851
515.310000   0.416851
515.311000   0.419581
515.312000   0.421246
515.313000   0.422231
515.314000   0.422941
515.315000   0.423563
515.316000   0.423998
515.317000   0.424046
515.318000   0.423597
515.319000   0.422694
515.320000   0.421494
515.321000   0.420232
515.322000   0.419187
515.323000   0.418644
515.324000   0.418819
515.325000   0.419751
515.326000   0.421258
515.327000   0.423024
515.328000   0.424720
515.329000   0.426096
515.330000   0.427007
515.331000   0.427447
515.332000   0.427570
515.333000   0.427662
515.334000   0.427973
515.335000   0.428485
515.336000   0.428891
515.337000   0.428832
515.338000   0.428100
515.339000   0.426697
515.340000   0.424818
515.341000   0.422826
515.342000   0.421211
515.343000   0.420488
515.344000   0.421034
515.345000   0.422983
515.346000   0.426308
515.347000   0.430959
515.348000   0.436914
515.349000   0.444152
515.350000   0.452623
515.351000   0.462259
515.352000   0.472983
515.353000   0.484702
515.354000   0.497190
515.355000   0.509977
515.356000   0.522399
515.357000   0.533780
515.358000   0.543579
515.359000   0.551455
515.360000   0.557305
515.361000   0.561277
515.362000   0.563750
515.363000   0.565188
515.364000   0.565889
515.365000   0.565823
515.366000   0.564745
515.367000   0.562437
515.368000   0.558829
515.369000   0.554022
515.370000   0.548260
515.371000   0.541908
515.372000   0.535403
515.373000   0.529120
515.374000   0.523174
515.375000   0.517351
515.376000   0.511245
515.377000   0.504445
515.378000   0.496630
515.379000   0.487601
515.380000   0.477315
515.381000   0.465912
515.382000   0.453704
515.383000   0.441025
515.384000   0.427953
515.385000   0.414198
515.386000   0.399323
515.387000   0.383030
515.388000   0.365301
515.389000   0.346404
515.390000   0.326870
515.391000   0.307461
515.392000   0.289052
515.393000   0.272395
515.394000   0.257856
515.395000   0.245452
515.396000   0.235096
515.397000   0.226782
515.398000   0.220624
515.399000   0.216842
515.400000   0.215748
515.401000   0.217719
515.402000   0.223133
515.403000   0.232226
515.404000   0.244912
515.405000   0.260724
515.406000   0.278937
515.407000   0.298749
515.408000   0.319421
515.409000   0.340367
515.410000   0.361229
515.411000   0.381899
515.412000   0.402424
515.413000   0.422711
515.414000   0.442308
515.415000   0.460524
515.416000   0.476738
515.417000   0.490600
515.418000   0.502057
515.419000   0.511303
515.420000   0.518715
515.421000   0.524753
515.422000   0.529822
515.423000   0.534123
515.424000   0.537625
515.425000   0.540172
515.426000   0.541621
515.427000   0.541882
515.428000   0.540920
515.429000   0.538744
515.430000   0.535435
515.431000   0.531171
515.432000   0.526158
515.433000   0.520454
515.434000   0.513820
515.435000   0.505827
515.436000   0.496077
515.437000   0.484375
515.438000   0.470788
515.439000   0.455671
515.440000   0.439656
515.441000   0.423570
515.442000   0.408192
515.443000   0.393933
515.444000   0.380760
515.445000   0.368447
515.446000   0.356842
515.447000   0.345953
515.448000   0.335931
515.449000   0.327028
515.450000   0.319572
515.451000   0.313914
515.452000   0.310293
515.453000   0.308670
515.454000   0.308703
515.455000   0.309901
515.456000   0.311793
515.457000   0.313998
515.458000   0.316272
515.459000   0.318557
515.460000   0.321027
515.461000   0.324047
515.462000   0.327960
515.463000   0.332801
515.464000   0.338237
515.465000   0.343768
515.466000   0.348936
515.467000   0.353421
515.468000   0.357089
515.469000   0.360016
515.470000   0.362497
515.471000   0.364929
515.472000   0.367557
515.473000   0.370272
515.474000   0.372719
515.475000   0.374549
515.476000   0.375576
515.477000   0.375785
515.478000   0.375330
515.479000   0.374523
515.480000   0.373815
515.481000   0.373695
515.482000   0.374478
515.483000   0.376160
515.484000   0.378480
515.485000   0.381093
515.486000   0.383698
515.487000   0.386099
515.488000   0.388252
515.489000   0.390294
515.490000   0.392529
515.491000   0.395270
515.492000   0.398555
515.493000   0.402008
515.494000   0.405040
515.495000   0.407136
515.496000   0.407990
515.497000   0.407535
515.498000   0.405924
515.499000   0.403511
515.500000   0.400755
515.501000   0.398031
515.501000   0.398031
515.502000   0.395478
515.503000   0.393070
515.504000   0.390786
515.505000   0.388672
515.506000   0.386829
515.507000   0.385389
515.508000   0.384518
515.509000   0.384422
515.510000   0.385321
515.511000   0.387314
515.512000   0.390219
515.513000   0.393562
515.514000   0.396751
515.515000   0.399298
515.516000   0.400941
515.517000   0.401686
515.518000   0.401802
515.519000   0.401762
515.520000   0.402106
515.521000   0.403208
515.522000   0.405139
515.523000   0.407736
515.524000   0.410797
515.525000   0.414186
515.526000   0.417853
515.527000   0.421807
515.528000   0.426091
515.529000   0.430758
515.530000   0.435792
515.531000   0.441000
515.532000   0.445972
515.533000   0.450193
515.534000   0.453224
515.535000   0.454806
515.536000   0.454887
515.537000   0.453617
515.538000   0.451316
515.539000   0.448395
515.540000   0.445197
515.541000   0.441868
515.542000   0.438353
515.543000   0.434542
515.544000   0.430429
515.545000   0.426168
515.546000   0.422058
515.547000   0.418490
515.548000   0.415885
515.549000   0.414619
515.550000   0.414927
515.551000   0.416818
515.552000   0.420052
515.553000   0.424246
515.554000   0.429020
515.555000   0.434106
515.556000   0.439377
515.557000   0.444842
515.558000   0.450599
515.559000   0.456750
515.560000   0.463285
515.561000   0.469970
515.562000   0.476344
515.563000   0.481866
515.564000   0.486103
515.565000   0.488828
515.566000   0.490035
515.567000   0.489909
515.568000   0.488751
515.569000   0.486893
515.570000   0.484593
515.571000   0.481949
515.572000   0.478896
515.573000   0.475321
515.574000   0.471174
515.575000   0.466500
515.576000   0.461420
515.577000   0.456104
515.578000   0.450736
515.579000   0.445474
515.580000   0.440415
515.581000   0.435528
515.582000   0.430639
515.583000   0.425526
515.584000   0.420040
515.585000   0.414160
515.586000   0.407984
515.587000   0.401713
515.588000   0.395611
515.589000   0.389962
515.590000   0.384956
515.591000   0.380558
515.592000   0.376533
515.593000   0.372651
515.594000   0.368847
515.595000   0.365251
515.596000   0.362135
515.597000   0.359833
515.598000   0.358657
515.599000   0.358835
515.600000   0.360473
515.601000   0.363571
515.602000   0.368087
515.603000   0.373992
515.604000   0.381275
515.605000   0.389905
515.606000   0.399808
515.607000   0.410857
515.608000   0.422885
515.609000   0.435708
515.610000   0.449109
515.611000   0.462762
515.612000   0.476205
515.613000   0.488935
515.614000   0.500524
515.615000   0.510697
515.616000   0.519343
515.617000   0.526499
515.618000   0.532301
515.619000   0.536908
515.620000   0.540397
515.621000   0.542681
515.622000   0.543547
515.623000   0.542795
515.624000   0.540338
515.625000   0.536238
515.626000   0.530696
515.627000   0.524032
515.628000   0.516655
515.629000   0.509000
515.630000   0.501429
515.631000   0.494131
515.632000   0.487139
515.633000   0.480407
515.634000   0.473859
515.635000   0.467403
515.636000   0.460924
515.637000   0.454311
515.638000   0.447490
515.639000   0.440443
515.640000   0.433158
515.641000   0.425560
515.642000   0.417501
515.643000   0.408810
515.644000   0.399344
515.645000   0.389027
515.646000   0.377915
515.647000   0.366252
515.648000   0.354496
515.649000   0.343256
515.650000   0.333131
515.651000   0.324587
515.652000   0.317957
515.653000   0.313496
515.654000   0.311381
515.655000   0.311701
515.656000   0.314473
515.657000   0.319680
515.658000   0.327290
515.659000   0.337217
515.660000   0.349268
515.661000   0.363118
515.662000   0.378323
515.663000   0.394315
515.664000   0.410448
515.665000   0.426095
515.666000   0.440785
515.667000   0.454269
515.668000   0.466467
515.669000   0.477333
515.670000   0.486816
515.671000   0.494912
515.672000   0.501692
515.673000   0.507276
515.674000   0.511817
515.675000   0.515513
515.676000   0.518608
515.677000   0.521347
515.678000   0.523919
515.679000   0.526424
515.680000   0.528900
515.681000   0.531309
515.682000   0.533485
515.683000   0.535123
515.684000   0.535846
515.685000   0.535311
515.686000   0.533297
515.687000   0.529714
515.688000   0.524543
515.689000   0.517778
515.690000   0.509438
515.691000   0.499597
515.692000   0.488380
515.693000   0.475980
515.694000   0.462701
515.695000   0.448971
515.696000   0.435308
515.697000   0.422232
515.698000   0.410180
515.699000   0.399475
515.700000   0.390321
515.701000   0.382772
515.702000   0.376722
515.703000   0.371961
515.704000   0.368268
515.705000   0.365478
515.706000   0.363502
515.707000   0.362290
515.708000   0.361774
515.709000   0.361835
515.710000   0.362301
515.711000   0.362966
515.712000   0.363639
515.713000   0.364221
515.714000   0.364754
515.715000   0.365420
515.716000   0.366481
515.717000   0.368200
515.718000   0.370798
515.719000   0.374430
515.720000   0.379151
515.721000   0.384887
515.722000   0.391474
515.723000   0.398750
515.724000   0.406622
515.725000   0.415062
515.726000   0.424091
515.727000   0.433736
515.728000   0.443999
515.729000   0.454812
515.730000   0.465986
515.731000   0.477214
515.732000   0.488148
515.733000   0.498494
515.734000   0.508055
515.735000   0.516729
515.736000   0.524485
515.737000   0.531338
515.738000   0.537313
515.739000   0.542390
515.740000   0.546435
515.741000   0.549214
515.742000   0.550490
515.743000   0.550113
515.744000   0.548049
515.745000   0.544380
515.746000   0.539286
515.747000   0.533025
515.748000   0.525884
515.749000   0.518078
515.750000   0.509676
515.751000   0.500633
515.752000   0.490888
515.753000   0.480432
515.754000   0.469335
515.755000   0.457744
515.756000   0.445892
515.757000   0.434079
515.758000   0.422580
515.759000   0.411490
515.760000   0.400650
515.761000   0.389762
515.762000   0.378570
515.763000   0.366970
515.764000   0.355031
515.765000   0.342977
515.766000   0.331152
515.767000   0.319949
515.768000   0.309703
515.769000   0.300573
515.770000   0.292550
515.771000   0.285576
515.772000   0.279657
515.773000   0.274888
515.774000   0.271430
515.775000   0.269488
515.776000   0.269305
515.777000   0.271107
515.778000   0.275001
515.779000   0.280852
515.780000   0.288327
515.781000   0.297050
515.782000   0.306726
515.783000   0.317180
515.784000   0.328357
515.785000   0.340317
515.786000   0.353213
515.787000   0.367194
515.788000   0.382240
515.789000   0.398062
515.790000   0.414201
515.791000   0.430196
515.792000   0.445683
515.793000   0.460426
515.794000   0.474326
515.795000   0.487424
515.796000   0.499858
515.797000   0.511745
515.798000   0.523017
515.799000   0.533396
515.800000   0.542547
515.801000   0.550213
515.802000   0.556253
515.803000   0.560632
515.804000   0.563418
515.805000   0.564777
515.806000   0.564958
515.807000   0.564213
515.808000   0.562697
515.809000   0.560430
515.810000   0.557346
515.811000   0.553349
515.812000   0.548346
515.813000   0.542295
515.814000   0.535260
515.815000   0.527450
515.816000   0.519192
515.817000   0.510792
515.818000   0.502360
515.819000   0.493771
515.820000   0.484769
515.821000   0.475110
515.822000   0.464673
515.823000   0.453536
515.824000   0.442010
515.825000   0.430612
515.826000   0.419965
515.827000   0.410624
515.828000   0.402951
515.829000   0.397105
515.830000   0.393089
515.831000   0.390792
515.832000   0.390059
515.833000   0.390748
515.834000   0.392777
515.835000   0.396137
515.836000   0.400842
515.837000   0.406831
515.838000   0.413891
515.839000   0.421633
515.840000   0.429521
515.841000   0.436976
515.842000   0.443531
515.843000   0.448940
515.844000   0.453218
515.845000   0.456600
515.846000   0.459416
515.847000   0.461944
515.848000   0.464321
515.849000   0.466564
515.850000   0.468631
515.851000   0.470509
515.852000   0.472260
515.853000   0.474020
515.854000   0.475972
515.855000   0.478276
515.856000   0.480981
515.857000   0.483973
515.858000   0.486965
515.859000   0.489508
515.860000   0.491027
515.861000   0.490924
515.862000   0.488698
515.863000   0.484032
515.864000   0.476838
515.865000   0.467231
515.866000   0.455440
515.867000   0.441701
515.868000   0.426176
515.869000   0.408991
515.870000   0.390361
515.871000   0.370688
515.872000   0.350550
515.873000   0.330632
515.874000   0.311621
515.875000   0.294097
515.876000   0.278452
515.877000   0.264873
515.878000   0.253412
515.879000   0.244074
515.880000   0.236882
515.881000   0.231890
515.882000   0.229166
515.883000   0.228780
515.884000   0.230786
515.885000   0.235150
515.886000   0.241632
515.887000   0.249763
515.888000   0.259015
515.889000   0.268971
515.890000   0.279396
515.891000   0.290215
515.892000   0.301470
515.893000   0.313294
515.894000   0.325850
515.895000   0.339216
515.896000   0.353290
515.897000   0.367824
515.898000   0.382564
515.899000   0.397334
515.900000   0.412030
515.901000   0.426580
515.902000   0.440932
515.903000   0.455049
515.904000   0.468899
515.905000   0.482383
515.906000   0.495233
515.907000   0.507013
515.908000   0.517241
515.909000   0.525523
515.910000   0.531624
515.911000   0.535511
515.912000   0.537367
515.913000   0.537585
515.914000   0.536667
515.915000   0.535016
515.916000   0.532735
515.917000   0.529640
515.918000   0.525473
515.919000   0.520064
515.920000   0.513392
515.921000   0.505586
515.922000   0.496903
515.923000   0.487694
515.924000   0.478312
515.925000   0.468966
515.926000   0.459634
515.927000   0.450127
515.928000   0.440228
515.929000   0.429781
515.930000   0.418734
515.931000   0.407150
515.932000   0.395217
515.933000   0.383232
515.934000   0.371552
515.935000   0.360462
515.936000   0.350019
515.937000   0.340042
515.938000   0.330252
515.939000   0.320443
515.940000   0.310578
515.941000   0.300833
515.942000   0.291592
515.943000   0.283406
515.944000   0.276863
515.945000   0.272349
515.946000   0.269903
515.947000   0.269326
515.948000   0.270401
515.949000   0.272999
515.950000   0.277091
515.951000   0.282706
515.952000   0.289901
515.953000   0.298705
515.954000   0.309027
515.955000   0.320531
515.956000   0.332622
515.957000   0.344570
515.958000   0.355665
515.959000   0.365307
515.960000   0.373058
515.961000   0.378663
515.962000   0.382093
515.963000   0.383529
515.964000   0.383261
515.965000   0.381484
515.966000   0.378221
515.967000   0.373440
515.968000   0.367216
515.969000   0.359803
515.970000   0.351630
515.971000   0.343266
515.972000   0.335379
515.973000   0.328651
515.974000   0.323630
515.975000   0.320581
515.976000   0.319482
515.977000   0.320145
515.978000   0.322333
515.979000   0.325813
515.980000   0.330389
515.981000   0.335937
515.982000   0.342428
515.983000   0.349878
515.984000   0.358181
515.985000   0.366962
515.986000   0.375651
515.987000   0.383669
515.988000   0.390571
515.989000   0.396116
515.990000   0.400293
515.991000   0.403325
515.992000   0.405622
515.993000   0.407630
515.994000   0.409631
515.995000   0.411689
515.996000   0.413747
515.997000   0.415747
515.998000   0.417675
515.999000   0.419565
516.000000   0.421495
516.001000   0.423599
516.001000   0.423599
516.002000   0.426070
516.003000   0.429118
516.004000   0.432870
516.005000   0.437297
516.006000   0.442246
516.007000   0.447519
516.008000   0.452934
516.009000   0.458359
516.010000   0.463745
516.011000   0.469143
516.012000   0.474659
516.013000   0.480297
516.014000   0.485792
516.015000   0.490606
516.016000   0.494097
516.017000   0.495706
516.018000   0.495054
516.019000   0.491998
516.020000   0.486661
516.021000   0.479406
516.022000   0.470721
516.023000   0.461039
516.024000   0.450630
516.025000   0.439671
516.026000   0.428369
516.027000   0.417021
516.028000   0.405999
516.029000   0.395720
516.030000   0.386626
516.031000   0.379151
516.032000   0.373646
516.033000   0.370250
516.034000   0.368800
516.035000   0.368897
516.036000   0.370051
516.037000   0.371794
516.038000   0.373734
516.039000   0.375593
516.040000   0.377243
516.041000   0.378698
516.042000   0.379998
516.043000   0.381017
516.044000   0.381410
516.045000   0.380772
516.046000   0.378844
516.047000   0.375601
516.048000   0.371239
516.049000   0.366122
516.050000   0.360728
516.051000   0.355564
516.052000   0.351053
516.053000   0.347421
516.054000   0.344679
516.055000   0.342720
516.056000   0.341429
516.057000   0.340726
516.058000   0.340562
516.059000   0.340920
516.060000   0.341825
516.061000   0.343308
516.062000   0.345290
516.063000   0.347443
516.064000   0.349210
516.065000   0.350000
516.066000   0.349404
516.067000   0.347285
516.068000   0.343792
516.069000   0.339314
516.070000   0.334387
516.071000   0.329521
516.072000   0.325021
516.073000   0.320925
516.074000   0.317142
516.075000   0.313621
516.076000   0.310415
516.077000   0.307658
516.078000   0.305517
516.079000   0.304156
516.080000   0.303713
516.081000   0.304263
516.082000   0.305740
516.083000   0.307856
516.084000   0.310133
516.085000   0.312065
516.086000   0.313272
516.087000   0.313587
516.088000   0.313093
516.089000   0.312137
516.090000   0.311282
516.091000   0.311143
516.092000   0.312120
516.093000   0.314255
516.094000   0.317365
516.095000   0.321289
516.096000   0.326019
516.097000   0.331699
516.098000   0.338581
516.099000   0.346960
516.100000   0.357077
516.101000   0.368998
516.102000   0.382509
516.103000   0.397131
516.104000   0.412256
516.105000   0.427281
516.106000   0.441685
516.107000   0.455065
516.108000   0.467165
516.109000   0.477887
516.110000   0.487268
516.111000   0.495379
516.112000   0.502165
516.113000   0.507359
516.114000   0.510587
516.115000   0.511531
516.116000   0.510047
516.117000   0.506197
516.118000   0.500268
516.119000   0.492753
516.120000   0.484282
516.121000   0.475429
516.122000   0.466489
516.123000   0.457445
516.124000   0.448163
516.125000   0.438571
516.126000   0.428725
516.127000   0.418813
516.128000   0.409153
516.129000   0.400163
516.130000   0.392263
516.131000   0.385722
516.132000   0.380538
516.133000   0.376490
516.134000   0.373270
516.135000   0.370581
516.136000   0.368167
516.137000   0.365839
516.138000   0.363496
516.139000   0.361124
516.140000   0.358752
516.141000   0.356322
516.142000   0.353590
516.143000   0.350182
516.144000   0.345771
516.145000   0.340206
516.146000   0.333557
516.147000   0.326112
516.148000   0.318325
516.149000   0.310734
516.150000   0.303820
516.151000   0.297881
516.152000   0.293039
516.153000   0.289363
516.154000   0.286953
516.155000   0.285938
516.156000   0.286432
516.157000   0.288512
516.158000   0.292210
516.159000   0.297530
516.160000   0.304405
516.161000   0.312598
516.162000   0.321659
516.163000   0.331035
516.164000   0.340201
516.165000   0.348743
516.166000   0.356391
516.167000   0.363054
516.168000   0.368844
516.169000   0.374018
516.170000   0.378770
516.171000   0.383005
516.172000   0.386429
516.173000   0.388818
516.174000   0.390135
516.175000   0.390506
516.176000   0.390139
516.177000   0.389275
516.178000   0.388151
516.179000   0.386967
516.180000   0.385835
516.181000   0.384765
516.182000   0.383722
516.183000   0.382692
516.184000   0.381685
516.185000   0.380729
516.186000   0.379863
516.187000   0.379161
516.188000   0.378770
516.189000   0.378889
516.190000   0.379627
516.191000   0.380865
516.192000   0.382323
516.193000   0.383748
516.194000   0.385008
516.195000   0.386094
516.196000   0.387110
516.197000   0.388257
516.198000   0.389792
516.199000   0.391913
516.200000   0.394622
516.201000   0.397730
516.202000   0.401004
516.203000   0.404262
516.204000   0.407392
516.205000   0.410336
516.206000   0.413082
516.207000   0.415676
516.208000   0.418193
516.209000   0.420671
516.210000   0.423022
516.211000   0.425071
516.212000   0.426658
516.213000   0.427705
516.214000   0.428226
516.215000   0.428319
516.216000   0.428167
516.217000   0.428043
516.218000   0.428244
516.219000   0.428942
516.220000   0.430067
516.221000   0.431375
516.222000   0.432597
516.223000   0.433541
516.224000   0.434137
516.225000   0.434451
516.226000   0.434687
516.227000   0.435141
516.228000   0.436098
516.229000   0.437681
516.230000   0.439815
516.231000   0.442318
516.232000   0.445015
516.233000   0.447786
516.234000   0.450559
516.235000   0.453309
516.236000   0.456043
516.237000   0.458790
516.238000   0.461524
516.239000   0.464062
516.240000   0.466036
516.241000   0.466989
516.242000   0.466502
516.243000   0.464285
516.244000   0.460256
516.245000   0.454598
516.246000   0.447775
516.247000   0.440428
516.248000   0.433162
516.249000   0.426350
516.250000   0.420146
516.251000   0.414618
516.252000   0.409834
516.253000   0.405904
516.254000   0.402993
516.255000   0.401321
516.256000   0.401135
516.257000   0.402632
516.258000   0.405843
516.259000   0.410557
516.260000   0.416349
516.261000   0.422636
516.262000   0.428772
516.263000   0.434136
516.264000   0.438239
516.265000   0.440795
516.266000   0.441750
516.267000   0.441204
516.268000   0.439254
516.269000   0.435892
516.270000   0.431015
516.271000   0.424493
516.272000   0.416247
516.273000   0.406325
516.274000   0.394957
516.275000   0.382564
516.276000   0.369721
516.277000   0.357064
516.278000   0.345186
516.279000   0.334556
516.280000   0.325476
516.281000   0.318066
516.282000   0.312307
516.283000   0.308119
516.284000   0.305446
516.285000   0.304305
516.286000   0.304768
516.287000   0.306860
516.288000   0.310437
516.289000   0.315167
516.290000   0.320596
516.291000   0.326250
516.292000   0.331738
516.293000   0.336833
516.294000   0.341504
516.295000   0.345889
516.296000   0.350204
516.297000   0.354643
516.298000   0.359331
516.299000   0.364351
516.300000   0.369774
516.301000   0.375678
516.302000   0.382159
516.303000   0.389336
516.304000   0.397344
516.305000   0.406319
516.306000   0.416372
516.307000   0.427528
516.308000   0.439682
516.309000   0.452587
516.310000   0.465878
516.311000   0.479148
516.312000   0.492039
516.313000   0.504289
516.314000   0.515741
516.315000   0.526316
516.316000   0.535955
516.317000   0.544533
516.318000   0.551803
516.319000   0.557399
516.320000   0.560919
516.321000   0.562059
516.322000   0.560691
516.323000   0.556875
516.324000   0.550818
516.325000   0.542807
516.326000   0.533113
516.327000   0.521924
516.328000   0.509327
516.329000   0.495362
516.330000   0.480094
516.331000   0.463657
516.332000   0.446267
516.333000   0.428199
516.334000   0.409763
516.335000   0.391281
516.336000   0.373067
516.337000   0.355415
516.338000   0.338563
516.339000   0.322685
516.340000   0.307942
516.341000   0.294551
516.342000   0.282810
516.343000   0.273079
516.344000   0.265739
516.345000   0.261127
516.346000   0.259465
516.347000   0.260780
516.348000   0.264884
516.349000   0.271453
516.350000   0.280150
516.351000   0.290696
516.352000   0.302878
516.353000   0.316529
516.354000   0.331483
516.355000   0.347547
516.356000   0.364468
516.357000   0.381917
516.358000   0.399500
516.359000   0.416819
516.360000   0.433554
516.361000   0.449508
516.362000   0.464609
516.363000   0.478889
516.364000   0.492430
516.365000   0.505323
516.366000   0.517594
516.367000   0.529139
516.368000   0.539709
516.369000   0.549013
516.370000   0.556832
516.371000   0.563059
516.372000   0.567669
516.373000   0.570673
516.374000   0.572087
516.375000   0.571923
516.376000   0.570177
516.377000   0.566825
516.378000   0.561837
516.379000   0.555214
516.380000   0.547021
516.381000   0.537398
516.382000   0.526540
516.383000   0.514684
516.384000   0.502094
516.385000   0.489031
516.386000   0.475707
516.387000   0.462225
516.388000   0.448576
516.389000   0.434702
516.390000   0.420577
516.391000   0.406258
516.392000   0.391903
516.393000   0.377770
516.394000   0.364202
516.395000   0.351570
516.396000   0.340207
516.397000   0.330351
516.398000   0.322176
516.399000   0.315847
516.400000   0.311551
516.401000   0.309471
516.402000   0.309760
516.403000   0.312496
516.404000   0.317658
516.405000   0.325109
516.406000   0.334592
516.407000   0.345738
516.408000   0.358119
516.409000   0.371288
516.410000   0.384821
516.411000   0.398334
516.412000   0.411497
516.413000   0.424055
516.414000   0.435824
516.415000   0.446658
516.416000   0.456379
516.417000   0.464742
516.418000   0.471467
516.419000   0.476316
516.420000   0.479153
516.421000   0.479977
516.422000   0.478939
516.423000   0.476327
516.424000   0.472516
516.425000   0.467881
516.426000   0.462717
516.427000   0.457236
516.428000   0.451607
516.429000   0.445989
516.430000   0.440534
516.431000   0.435384
516.432000   0.430671
516.433000   0.426520
516.434000   0.423030
516.435000   0.420231
516.436000   0.418047
516.437000   0.416297
516.438000   0.414725
516.439000   0.413040
516.440000   0.410968
516.441000   0.408302
516.442000   0.404948
516.443000   0.400942
516.444000   0.396410
516.445000   0.391508
516.446000   0.386359
516.447000   0.381036
516.448000   0.375572
516.449000   0.369981
516.450000   0.364292
516.451000   0.358588
516.452000   0.353036
516.453000   0.347904
516.454000   0.343529
516.455000   0.340265
516.456000   0.338436
516.457000   0.338287
516.458000   0.339959
516.459000   0.343475
516.460000   0.348758
516.461000   0.355671
516.462000   0.364061
516.463000   0.373768
516.464000   0.384598
516.465000   0.396284
516.466000   0.408493
516.467000   0.420851
516.468000   0.432950
516.469000   0.444356
516.470000   0.454654
516.471000   0.463514
516.472000   0.470735
516.473000   0.476256
516.474000   0.480102
516.475000   0.482339
516.476000   0.483057
516.477000   0.482366
516.478000   0.480405
516.479000   0.477340
516.480000   0.473369
516.481000   0.468726
516.482000   0.463658
516.483000   0.458374
516.484000   0.452994
516.485000   0.447535
516.486000   0.441952
516.487000   0.436161
516.488000   0.430041
516.489000   0.423431
516.490000   0.416155
516.491000   0.408073
516.492000   0.399124
516.493000   0.389359
516.494000   0.378948
516.495000   0.368197
516.496000   0.357521
516.497000   0.347367
516.498000   0.338130
516.499000   0.330133
516.500000   0.323649
516.501000   0.318937
516.501000   0.318937
516.502000   0.316245
516.503000   0.315782
516.504000   0.317669
516.505000   0.321906
516.506000   0.328337
516.507000   0.336638
516.508000   0.346340
516.509000   0.356891
516.510000   0.367746
516.511000   0.378427
516.512000   0.388550
516.513000   0.397824
516.514000   0.406043
516.515000   0.413082
516.516000   0.418882
516.517000   0.423419
516.518000   0.426705
516.519000   0.428804
516.520000   0.429873
516.521000   0.430161
516.522000   0.429989
516.523000   0.429715
516.524000   0.429698
516.525000   0.430244
516.526000   0.431542
516.527000   0.433606
516.528000   0.436271
516.529000   0.439248
516.530000   0.442191
516.531000   0.444742
516.532000   0.446565
516.533000   0.447363
516.534000   0.446884
516.535000   0.444906
516.536000   0.441224
516.537000   0.435674
516.538000   0.428204
516.539000   0.418933
516.540000   0.408157
516.541000   0.396274
516.542000   0.383713
516.543000   0.370882
516.544000   0.358143
516.545000   0.345814
516.546000   0.334170
516.547000   0.323464
516.548000   0.313957
516.549000   0.305919
516.550000   0.299595
516.551000   0.295164
516.552000   0.292725
516.553000   0.292318
516.554000   0.293928
516.555000   0.297461
516.556000   0.302702
516.557000   0.309313
516.558000   0.316912
516.559000   0.325167
516.560000   0.333838
516.561000   0.342786
516.562000   0.351962
516.563000   0.361387
516.564000   0.371082
516.565000   0.380973
516.566000   0.390858
516.567000   0.400475
516.568000   0.409610
516.569000   0.418134
516.570000   0.425992
516.571000   0.433191
516.572000   0.439804
516.573000   0.445967
516.574000   0.451828
516.575000   0.457479
516.576000   0.462927
516.577000   0.468135
516.578000   0.473073
516.579000   0.477744
516.580000   0.482189
516.581000   0.486488
516.582000   0.490770
516.583000   0.495178
516.584000   0.499799
516.585000   0.504562
516.586000   0.509197
516.587000   0.513290
516.588000   0.516372
516.589000   0.518017
516.590000   0.517915
516.591000   0.515945
516.592000   0.512191
516.593000   0.506881
516.594000   0.500246
516.595000   0.492387
516.596000   0.483280
516.597000   0.472866
516.598000   0.461135
516.599000   0.448149
516.600000   0.434054
516.601000   0.419079
516.602000   0.403525
516.603000   0.387729
516.604000   0.372001
516.605000   0.356588
516.606000   0.341665
516.607000   0.327348
516.608000   0.313703
516.609000   0.300779
516.610000   0.288651
516.611000   0.277455
516.612000   0.267404
516.613000   0.258735
516.614000   0.251620
516.615000   0.246080
516.616000   0.242007
516.617000   0.239241
516.618000   0.237659
516.619000   0.237220
516.620000   0.237986
516.621000   0.240097
516.622000   0.243725
516.623000   0.248983
516.624000   0.255864
516.625000   0.264228
516.626000   0.273854
516.627000   0.284492
516.628000   0.295894
516.629000   0.307838
516.630000   0.320154
516.631000   0.332724
516.632000   0.345484
516.633000   0.358402
516.634000   0.371433
516.635000   0.384492
516.636000   0.397429
516.637000   0.410041
516.638000   0.422119
516.639000   0.433499
516.640000   0.444100
516.641000   0.453935
516.642000   0.463083
516.643000   0.471643
516.644000   0.479688
516.645000   0.487225
516.646000   0.494181
516.647000   0.500444
516.648000   0.505927
516.649000   0.510613
516.650000   0.514550
516.651000   0.517814
516.652000   0.520463
516.653000   0.522492
516.654000   0.523825
516.655000   0.524344
516.656000   0.523908
516.657000   0.522364
516.658000   0.519581
516.659000   0.515477
516.660000   0.510048
516.661000   0.503377
516.662000   0.495634
516.663000   0.487063
516.664000   0.477931
516.665000   0.468427
516.666000   0.458579
516.667000   0.448290
516.668000   0.437453
516.669000   0.426051
516.670000   0.414195
516.671000   0.402116
516.672000   0.390100
516.673000   0.378426
516.674000   0.367299
516.675000   0.356826
516.676000   0.347065
516.677000   0.338105
516.678000   0.330119
516.679000   0.323338
516.680000   0.317983
516.681000   0.314191
516.682000   0.311968
516.683000   0.311209
516.684000   0.311717
516.685000   0.313220
516.686000   0.315392
516.687000   0.317902
516.688000   0.320471
516.689000   0.322885
516.690000   0.324997
516.691000   0.326712
516.692000   0.327972
516.693000   0.328715
516.694000   0.328815
516.695000   0.328094
516.696000   0.326416
516.697000   0.323787
516.698000   0.320384
516.699000   0.316512
516.700000   0.312549
516.701000   0.308884
516.702000   0.305868
516.703000   0.303752
516.704000   0.302670
516.705000   0.302685
516.706000   0.303860
516.707000   0.306289
516.708000   0.310060
516.709000   0.315210
516.710000   0.321685
516.711000   0.329324
516.712000   0.337858
516.713000   0.346921
516.714000   0.356075
516.715000   0.364871
516.716000   0.372928
516.717000   0.379971
516.718000   0.385835
516.719000   0.390448
516.720000   0.393829
516.721000   0.396063
516.722000   0.397262
516.723000   0.397490
516.724000   0.396749
516.725000   0.395044
516.726000   0.392458
516.727000   0.389177
516.728000   0.385469
516.729000   0.381657
516.730000   0.378080
516.731000   0.375044
516.732000   0.372738
516.733000   0.371190
516.734000   0.370306
516.735000   0.369955
516.736000   0.370028
516.737000   0.370432
516.738000   0.371085
516.739000   0.371906
516.740000   0.372824
516.741000   0.373773
516.742000   0.374663
516.743000   0.375355
516.744000   0.375674
516.745000   0.375464
516.746000   0.374618
516.747000   0.373103
516.748000   0.370974
516.749000   0.368391
516.750000   0.365604
516.751000   0.362901
516.752000   0.360496
516.753000   0.358467
516.754000   0.356785
516.755000   0.355390
516.756000   0.354260
516.757000   0.353450
516.758000   0.353124
516.759000   0.353574
516.760000   0.355183
516.761000   0.358315
516.762000   0.363178
516.763000   0.369767
516.764000   0.377914
516.765000   0.387346
516.766000   0.397739
516.767000   0.408768
516.768000   0.420164
516.769000   0.431741
516.770000   0.443360
516.771000   0.454855
516.772000   0.465983
516.773000   0.476454
516.774000   0.485977
516.775000   0.494289
516.776000   0.501192
516.777000   0.506596
516.778000   0.510547
516.779000   0.513210
516.780000   0.514807
516.781000   0.515507
516.782000   0.515340
516.783000   0.514204
516.784000   0.511919
516.785000   0.508311
516.786000   0.503282
516.787000   0.496868
516.788000   0.489256
516.789000   0.480725
516.790000   0.471515
516.791000   0.461710
516.792000   0.451257
516.793000   0.440068
516.794000   0.428099
516.795000   0.415385
516.796000   0.402074
516.797000   0.388437
516.798000   0.374855
516.799000   0.361750
516.800000   0.349490
516.801000   0.338355
516.802000   0.328543
516.803000   0.320172
516.804000   0.313273
516.805000   0.307788
516.806000   0.303609
516.807000   0.300606
516.808000   0.298655
516.809000   0.297632
516.810000   0.297399
516.811000   0.297790
516.812000   0.298598
516.813000   0.299554
516.814000   0.300319
516.815000   0.300541
516.816000   0.299918
516.817000   0.298267
516.818000   0.295549
516.819000   0.291856
516.820000   0.287368
516.821000   0.282310
516.822000   0.276908
516.823000   0.271361
516.824000   0.265873
516.825000   0.260713
516.826000   0.256236
516.827000   0.252860
516.828000   0.250993
516.829000   0.250955
516.830000   0.252953
516.831000   0.257088
516.832000   0.263345
516.833000   0.271592
516.834000   0.281613
516.835000   0.293153
516.836000   0.305953
516.837000   0.319766
516.838000   0.334340
516.839000   0.349405
516.840000   0.364676
516.841000   0.379817
516.842000   0.394425
516.843000   0.408072
516.844000   0.420406
516.845000   0.431225
516.846000   0.440478
516.847000   0.448200
516.848000   0.454421
516.849000   0.459123
516.850000   0.462254
516.851000   0.463761
516.852000   0.463634
516.853000   0.461976
516.854000   0.459042
516.855000   0.455241
516.856000   0.451070
516.857000   0.447015
516.858000   0.443480
516.859000   0.440764
516.860000   0.439056
516.861000   0.438421
516.862000   0.438827
516.863000   0.440209
516.864000   0.442533
516.865000   0.445816
516.866000   0.450080
516.867000   0.455298
516.868000   0.461340
516.869000   0.467936
516.870000   0.474640
516.871000   0.480862
516.872000   0.485986
516.873000   0.489547
516.874000   0.491332
516.875000   0.491390
516.876000   0.489950
516.877000   0.487316
516.878000   0.483775
516.879000   0.479545
516.880000   0.474749
516.881000   0.469459
516.882000   0.463787
516.883000   0.457960
516.884000   0.452326
516.885000   0.447285
516.886000   0.443192
516.887000   0.440289
516.888000   0.438687
516.889000   0.438335
516.890000   0.439003
516.891000   0.440298
516.892000   0.441757
516.893000   0.442948
516.894000   0.443530
516.895000   0.443274
516.896000   0.442071
516.897000   0.439931
516.898000   0.436937
516.899000   0.433140
516.900000   0.428482
516.901000   0.422869
516.902000   0.416300
516.903000   0.408932
516.904000   0.401048
516.905000   0.392995
516.906000   0.385131
516.907000   0.377790
516.908000   0.371241
516.909000   0.365623
516.910000   0.360936
516.911000   0.357106
516.912000   0.354070
516.913000   0.351797
516.914000   0.350276
516.915000   0.349492
516.916000   0.349446
516.917000   0.350177
516.918000   0.351716
516.919000   0.353972
516.920000   0.356689
516.921000   0.359534
516.922000   0.362230
516.923000   0.364610
516.924000   0.366627
516.925000   0.368369
516.926000   0.370070
516.927000   0.372071
516.928000   0.374691
516.929000   0.378130
516.930000   0.382473
516.931000   0.387747
516.932000   0.393931
516.933000   0.400946
516.934000   0.408659
516.935000   0.416918
516.936000   0.425594
516.937000   0.434553
516.938000   0.443587
516.939000   0.452383
516.940000   0.460581
516.941000   0.467846
516.942000   0.473910
516.943000   0.478579
516.944000   0.481747
516.945000   0.483424
516.946000   0.483731
516.947000   0.482828
516.948000   0.480840
516.949000   0.477907
516.950000   0.474268
516.951000   0.470273
516.952000   0.466336
516.953000   0.462865
516.954000   0.460255
516.955000   0.458882
516.956000   0.459060
516.957000   0.460968
516.958000   0.464627
516.959000   0.469952
516.960000   0.476800
516.961000   0.484986
516.962000   0.494276
516.963000   0.504401
516.964000   0.515078
516.965000   0.526004
516.966000   0.536801
516.967000   0.546961
516.968000   0.555886
516.969000   0.563017
516.970000   0.567938
516.971000   0.570418
516.972000   0.570405
516.973000   0.568023
516.974000   0.563547
516.975000   0.557325
516.976000   0.549641
516.977000   0.540652
516.978000   0.530487
516.979000   0.519373
516.980000   0.507679
516.981000   0.495871
516.982000   0.484455
516.983000   0.473922
516.984000   0.464700
516.985000   0.457076
516.986000   0.451146
516.987000   0.446827
516.988000   0.443945
516.989000   0.442299
516.990000   0.441672
516.991000   0.441821
516.992000   0.442483
516.993000   0.443391
516.994000   0.444278
516.995000   0.444812
516.996000   0.444534
516.997000   0.442905
516.998000   0.439448
516.999000   0.433860
517.000000   0.426048
517.001000   0.416126
517.001000   0.416126
517.002000   0.404407
517.003000   0.391362
517.004000   0.377513
517.005000   0.363300
517.006000   0.349072
517.007000   0.335186
517.008000   0.322070
517.009000   0.310182
517.010000   0.299941
517.011000   0.291688
517.012000   0.285703
517.013000   0.282213
517.014000   0.281373
517.015000   0.283219
517.016000   0.287669
517.017000   0.294552
517.018000   0.303610
517.019000   0.314475
517.020000   0.326687
517.021000   0.339752
517.022000   0.353216
517.023000   0.366655
517.024000   0.379584
517.025000   0.391404
517.026000   0.401477
517.027000   0.409270
517.028000   0.414437
517.029000   0.416855
517.030000   0.416644
517.031000   0.414182
517.032000   0.410038
517.033000   0.404823
517.034000   0.399015
517.035000   0.392925
517.036000   0.386803
517.037000   0.380913
517.038000   0.375513
517.039000   0.370823
517.040000   0.367034
517.041000   0.364350
517.042000   0.362998
517.043000   0.363192
517.044000   0.365115
517.045000   0.368918
517.046000   0.374711
517.047000   0.382473
517.048000   0.391986
517.049000   0.402878
517.050000   0.414755
517.051000   0.427310
517.052000   0.440313
517.053000   0.453500
517.054000   0.466482
517.055000   0.478776
517.056000   0.489886
517.057000   0.499368
517.058000   0.506897
517.059000   0.512328
517.060000   0.515728
517.061000   0.517302
517.062000   0.517248
517.063000   0.515616
517.064000   0.512335
517.065000   0.507353
517.066000   0.500723
517.067000   0.492589
517.068000   0.483156
517.069000   0.472676
517.070000   0.461467
517.071000   0.449886
517.072000   0.438267
517.073000   0.426886
517.074000   0.415988
517.075000   0.405807
517.076000   0.396520
517.077000   0.388214
517.078000   0.380914
517.079000   0.374653
517.080000   0.369523
517.081000   0.365622
517.082000   0.362979
517.083000   0.361530
517.084000   0.361160
517.085000   0.361715
517.086000   0.362986
517.087000   0.364721
517.088000   0.366670
517.089000   0.368647
517.090000   0.370497
517.091000   0.372017
517.092000   0.372903
517.093000   0.372836
517.094000   0.371597
517.095000   0.369112
517.096000   0.365442
517.097000   0.360767
517.098000   0.355394
517.099000   0.349711
517.100000   0.344078
517.101000   0.338731
517.102000   0.333802
517.103000   0.329435
517.104000   0.325834
517.105000   0.323237
517.106000   0.321858
517.107000   0.321875
517.108000   0.323428
517.109000   0.326592
517.110000   0.331322
517.111000   0.337454
517.112000   0.344779
517.113000   0.353102
517.114000   0.362224
517.115000   0.371903
517.116000   0.381856
517.117000   0.391810
517.118000   0.401523
517.119000   0.410749
517.120000   0.419209
517.121000   0.426636
517.122000   0.432856
517.123000   0.437806
517.124000   0.441495
517.125000   0.443989
517.126000   0.445445
517.127000   0.446127
517.128000   0.446353
517.129000   0.446381
517.130000   0.446352
517.131000   0.446349
517.132000   0.446464
517.133000   0.446819
517.134000   0.447542
517.135000   0.448768
517.136000   0.450653
517.137000   0.453344
517.138000   0.456884
517.139000   0.461138
517.140000   0.465844
517.141000   0.470728
517.142000   0.475548
517.143000   0.480093
517.144000   0.484176
517.145000   0.487685
517.146000   0.490610
517.147000   0.492968
517.148000   0.494689
517.149000   0.495593
517.150000   0.495500
517.151000   0.494323
517.152000   0.492099
517.153000   0.488991
517.154000   0.485294
517.155000   0.481430
517.156000   0.477874
517.157000   0.475007
517.158000   0.473032
517.159000   0.472014
517.160000   0.471972
517.161000   0.472891
517.162000   0.474691
517.163000   0.477222
517.164000   0.480315
517.165000   0.483855
517.166000   0.487776
517.167000   0.492010
517.168000   0.496458
517.169000   0.501011
517.170000   0.505573
517.171000   0.510022
517.172000   0.514192
517.173000   0.517916
517.174000   0.521080
517.175000   0.523599
517.176000   0.525294
517.177000   0.525793
517.178000   0.524587
517.179000   0.521148
517.180000   0.515036
517.181000   0.505942
517.182000   0.493743
517.183000   0.478536
517.184000   0.460616
517.185000   0.440359
517.186000   0.418083
517.187000   0.394025
517.188000   0.368458
517.189000   0.341773
517.190000   0.314480
517.191000   0.287162
517.192000   0.260459
517.193000   0.235067
517.194000   0.211702
517.195000   0.190995
517.196000   0.173422
517.197000   0.159333
517.198000   0.149003
517.199000   0.142605
517.200000   0.140150
517.201000   0.141493
517.202000   0.146415
517.203000   0.154715
517.204000   0.166187
517.205000   0.180535
517.206000   0.197326
517.207000   0.216039
517.208000   0.236148
517.209000   0.257178
517.210000   0.278740
517.211000   0.300586
517.212000   0.322621
517.213000   0.344816
517.214000   0.367021
517.215000   0.388816
517.216000   0.409580
517.217000   0.428715
517.218000   0.445814
517.219000   0.460715
517.220000   0.473473
517.221000   0.484323
517.222000   0.493617
517.223000   0.501696
517.224000   0.508772
517.225000   0.514912
517.226000   0.520158
517.227000   0.524623
517.228000   0.528481
517.229000   0.531887
517.230000   0.534930
517.231000   0.537646
517.232000   0.540038
517.233000   0.542063
517.234000   0.543627
517.235000   0.544607
517.236000   0.544909
517.237000   0.544466
517.238000   0.543180
517.239000   0.540895
517.240000   0.537448
517.241000   0.532744
517.242000   0.526756
517.243000   0.519447
517.244000   0.510731
517.245000   0.500529
517.246000   0.488859
517.247000   0.475867
517.248000   0.461819
517.249000   0.447117
517.250000   0.432289
517.251000   0.417923
517.252000   0.404503
517.253000   0.392299
517.254000   0.381408
517.255000   0.371889
517.256000   0.363843
517.257000   0.357416
517.258000   0.352776
517.259000   0.350109
517.260000   0.349618
517.261000   0.351438
517.262000   0.355526
517.263000   0.361617
517.264000   0.369315
517.265000   0.378206
517.266000   0.387911
517.267000   0.398106
517.268000   0.408570
517.269000   0.419237
517.270000   0.430171
517.271000   0.441448
517.272000   0.453009
517.273000   0.464642
517.274000   0.476086
517.275000   0.487105
517.276000   0.497480
517.277000   0.506999
517.278000   0.515508
517.279000   0.522963
517.280000   0.529420
517.281000   0.534997
517.282000   0.539825
517.283000   0.544043
517.284000   0.547792
517.285000   0.551157
517.286000   0.554133
517.287000   0.556660
517.288000   0.558683
517.289000   0.560183
517.290000   0.561137
517.291000   0.561466
517.292000   0.561015
517.293000   0.559579
517.294000   0.556921
517.295000   0.552750
517.296000   0.546733
517.297000   0.538585
517.298000   0.528141
517.299000   0.515366
517.300000   0.500317
517.301000   0.483112
517.302000   0.463947
517.303000   0.443106
517.304000   0.420914
517.305000   0.397685
517.306000   0.373760
517.307000   0.349576
517.308000   0.325678
517.309000   0.302659
517.310000   0.281092
517.311000   0.261502
517.312000   0.244377
517.313000   0.230132
517.314000   0.219025
517.315000   0.211128
517.316000   0.206409
517.317000   0.204796
517.318000   0.206173
517.319000   0.210333
517.320000   0.216976
517.321000   0.225763
517.322000   0.236374
517.323000   0.248486
517.324000   0.261722
517.325000   0.275708
517.326000   0.290177
517.327000   0.304989
517.328000   0.320066
517.329000   0.335328
517.330000   0.350694
517.331000   0.366132
517.332000   0.381643
517.333000   0.397184
517.334000   0.412623
517.335000   0.427797
517.336000   0.442565
517.337000   0.456809
517.338000   0.470388
517.339000   0.483127
517.340000   0.494846
517.341000   0.505405
517.342000   0.514694
517.343000   0.522589
517.344000   0.528965
517.345000   0.533764
517.346000   0.537009
517.347000   0.538777
517.348000   0.539152
517.349000   0.538243
517.350000   0.536223
517.351000   0.533287
517.352000   0.529549
517.353000   0.524982
517.354000   0.519500
517.355000   0.513052
517.356000   0.505625
517.357000   0.497222
517.358000   0.487865
517.359000   0.477617
517.360000   0.466573
517.361000   0.454800
517.362000   0.442285
517.363000   0.428985
517.364000   0.414905
517.365000   0.400122
517.366000   0.384759
517.367000   0.368955
517.368000   0.352883
517.369000   0.336768
517.370000   0.320869
517.371000   0.305408
517.372000   0.290536
517.373000   0.276360
517.374000   0.262974
517.375000   0.250425
517.376000   0.238682
517.377000   0.227653
517.378000   0.217250
517.379000   0.207435
517.380000   0.198199
517.381000   0.189542
517.382000   0.181484
517.383000   0.174088
517.384000   0.167434
517.385000   0.161556
517.386000   0.156459
517.387000   0.152171
517.388000   0.148812
517.389000   0.146579
517.390000   0.145662
517.391000   0.146188
517.392000   0.148226
517.393000   0.151806
517.394000   0.156892
517.395000   0.163384
517.396000   0.171154
517.397000   0.180110
517.398000   0.190201
517.399000   0.201360
517.400000   0.213445
517.401000   0.226268
517.402000   0.239650
517.403000   0.253417
517.404000   0.267378
517.405000   0.281354
517.406000   0.295263
517.407000   0.309158
517.408000   0.323192
517.409000   0.337533
517.410000   0.352323
517.411000   0.367684
517.412000   0.383673
517.413000   0.400208
517.414000   0.417050
517.415000   0.433870
517.416000   0.450331
517.417000   0.466118
517.418000   0.480924
517.419000   0.494431
517.420000   0.506324
517.421000   0.516288
517.422000   0.523970
517.423000   0.528966
517.424000   0.530903
517.425000   0.529574
517.426000   0.525024
517.427000   0.517546
517.428000   0.507576
517.429000   0.495617
517.430000   0.482202
517.431000   0.467869
517.432000   0.453100
517.433000   0.438297
517.434000   0.423816
517.435000   0.410009
517.436000   0.397203
517.437000   0.385650
517.438000   0.375502
517.439000   0.366838
517.440000   0.359695
517.441000   0.354032
517.442000   0.349684
517.443000   0.346398
517.444000   0.343927
517.445000   0.342103
517.446000   0.340839
517.447000   0.340084
517.448000   0.339788
517.449000   0.339894
517.450000   0.340313
517.451000   0.340886
517.452000   0.341394
517.453000   0.341657
517.454000   0.341614
517.455000   0.341341
517.456000   0.340996
517.457000   0.340751
517.458000   0.340784
517.459000   0.341261
517.460000   0.342291
517.461000   0.343891
517.462000   0.346025
517.463000   0.348668
517.464000   0.351841
517.465000   0.355587
517.466000   0.359919
517.467000   0.364820
517.468000   0.370273
517.469000   0.376264
517.470000   0.382763
517.471000   0.389736
517.472000   0.397185
517.473000   0.405144
517.474000   0.413637
517.475000   0.422597
517.476000   0.431857
517.477000   0.441189
517.478000   0.450337
517.479000   0.458984
517.480000   0.466744
517.481000   0.473215
517.482000   0.478068
517.483000   0.481088
517.484000   0.482164
517.485000   0.481239
517.486000   0.478297
517.487000   0.473355
517.488000   0.466460
517.489000   0.457694
517.490000   0.447235
517.491000   0.435415
517.492000   0.422721
517.493000   0.409709
517.494000   0.396879
517.495000   0.384595
517.496000   0.373110
517.497000   0.362622
517.498000   0.353299
517.499000   0.345271
517.500000   0.338636
517.501000   0.333465
517.501000   0.333465
517.502000   0.329797
517.503000   0.327623
517.504000   0.326888
517.505000   0.327522
517.506000   0.329447
517.507000   0.332493
517.508000   0.336326
517.509000   0.340481
517.510000   0.344515
517.511000   0.348121
517.512000   0.351174
517.513000   0.353719
517.514000   0.355939
517.515000   0.358110
517.516000   0.360505
517.517000   0.363288
517.518000   0.366512
517.519000   0.370233
517.520000   0.374608
517.521000   0.379894
517.522000   0.386390
517.523000   0.394360
517.524000   0.404011
517.525000   0.415483
517.526000   0.428831
517.527000   0.443993
517.528000   0.460819
517.529000   0.479118
517.530000   0.498667
517.531000   0.519167
517.532000   0.540201
517.533000   0.561231
517.534000   0.581643
517.535000   0.600783
517.536000   0.617911
517.537000   0.632193
517.538000   0.642798
517.539000   0.649079
517.540000   0.650691
517.541000   0.647642
517.542000   0.640266
517.543000   0.629167
517.544000   0.615090
517.545000   0.598764
517.546000   0.580789
517.547000   0.561647
517.548000   0.541789
517.549000   0.521670
517.550000   0.501732
517.551000   0.482367
517.552000   0.463883
517.553000   0.446491
517.554000   0.430319
517.555000   0.415415
517.556000   0.401754
517.557000   0.389273
517.558000   0.377920
517.559000   0.367679
517.560000   0.358578
517.561000   0.350694
517.562000   0.344163
