514.972000   0.668264
514.973000   0.673488
514.974000   0.678325
514.975000   0.682325
514.976000   0.685020
514.977000   0.686014
514.978000   0.685031
514.979000   0.681937
514.980000   0.676761
514.981000   0.669684
514.982000   0.660958
514.983000   0.650782
514.984000   0.639254
514.985000   0.626416
514.986000   0.612313
514.987000   0.597046
514.988000   0.580813
514.989000   0.563928
514.990000   0.546785
514.991000   0.529769
514.992000   0.513156
514.993000   0.497111
514.994000   0.481790
514.995000   0.467398
514.996000   0.454177
514.997000   0.442372
514.998000   0.432229
514.999000   0.424004
515.000000   0.417925
515.001000   0.414100
515.001000   0.414100
515.002000   0.412463
515.003000   0.412849
515.004000   0.415107
515.005000   0.419133
515.006000   0.424845
515.007000   0.432169
515.008000   0.441052
515.009000   0.451452
515.010000   0.463246
515.011000   0.476169
515.012000   0.489876
515.013000   0.504072
515.014000   0.518560
515.015000   0.533206
515.016000   0.547881
515.017000   0.562438
515.018000   0.576723
515.019000   0.590576
515.020000   0.603774
515.021000   0.616022
515.022000   0.627021
515.023000   0.636539
515.024000   0.644422
515.025000   0.650574
515.026000   0.654937
515.027000   0.657515
515.028000   0.658385
515.029000   0.657626
515.030000   0.655170
515.031000   0.650789
515.032000   0.644264
515.033000   0.635553
515.034000   0.624831
515.035000   0.612442
515.036000   0.598860
515.037000   0.584670
515.038000   0.570518
515.039000   0.556949
515.040000   0.544257
515.041000   0.532519
515.042000   0.521739
515.043000   0.511939
515.044000   0.503153
515.045000   0.495424
515.046000   0.488819
515.047000   0.483447
515.048000   0.479420
515.049000   0.476719
515.050000   0.475083
515.051000   0.474087
515.052000   0.473309
515.053000   0.472430
515.054000   0.471250
515.055000   0.469685
515.056000   0.467795
515.057000   0.465799
515.058000   0.464005
515.059000   0.462644
515.060000   0.461783
515.061000   0.461423
515.062000   0.461617
515.063000   0.462480
515.064000   0.464170
515.065000   0.466877
515.066000   0.470820
515.067000   0.476212
515.068000   0.483154
515.069000   0.491523
515.070000   0.500987
515.071000   0.511120
515.072000   0.521469
515.073000   0.531565
515.074000   0.540934
515.075000   0.549151
515.076000   0.555887
515.077000   0.560932
515.078000   0.564119
515.079000   0.565189
515.080000   0.563777
515.081000   0.559557
515.082000   0.552344
515.083000   0.542128
515.084000   0.529100
515.085000   0.513666
515.086000   0.496439
515.087000   0.478152
515.088000   0.459492
515.089000   0.440965
515.090000   0.422953
515.091000   0.405843
515.092000   0.390054
515.093000   0.376015
515.094000   0.364154
515.095000   0.354883
515.096000   0.348584
515.097000   0.345577
515.098000   0.346024
515.099000   0.349828
515.100000   0.356667
515.101000   0.366103
515.102000   0.377661
515.103000   0.390886
515.104000   0.405411
515.105000   0.421009
515.106000   0.437596
515.107000   0.455138
515.108000   0.473439
515.109000   0.492043
515.110000   0.510366
515.111000   0.527830
515.112000   0.543931
515.113000   0.558311
515.114000   0.570835
515.115000   0.581587
515.116000   0.590810
515.117000   0.598746
515.118000   0.605503
515.119000   0.611087
515.120000   0.615510
515.121000   0.618777
515.122000   0.620857
515.123000   0.621765
515.124000   0.621658
515.125000   0.620858
515.126000   0.619742
515.127000   0.618548
515.128000   0.617340
515.129000   0.616135
515.130000   0.614853
515.131000   0.613214
515.132000   0.610898
515.133000   0.607799
515.134000   0.604096
515.135000   0.600082
515.136000   0.595945
515.137000   0.591743
515.138000   0.587514
515.139000   0.583266
515.140000   0.578916
515.141000   0.574373
515.142000   0.569683
515.143000   0.565055
515.144000   0.560723
515.145000   0.556708
515.146000   0.552754
515.147000   0.548507
515.148000   0.543713
515.149000   0.538264
515.150000   0.532153
515.151000   0.525460
515.152000   0.518437
515.153000   0.511502
515.154000   0.505059
515.155000   0.499284
515.156000   0.494166
515.157000   0.489724
515.158000   0.486136
515.159000   0.483670
515.160000   0.482536
515.161000   0.482859
515.162000   0.484769
515.163000   0.488406
515.164000   0.493774
515.165000   0.500630
515.166000   0.508537
515.167000   0.517005
515.168000   0.525577
515.169000   0.533810
515.170000   0.541209
515.171000   0.547248
515.172000   0.551508
515.173000   0.553725
515.174000   0.553686
515.175000   0.551141
515.176000   0.545887
515.177000   0.537906
515.178000   0.527405
515.179000   0.514753
515.180000   0.500390
515.181000   0.484813
515.182000   0.468588
515.183000   0.452226
515.184000   0.436011
515.185000   0.419999
515.186000   0.404182
515.187000   0.388662
515.188000   0.373713
515.189000   0.359726
515.190000   0.347113
515.191000   0.336241
515.192000   0.327403
515.193000   0.320714
515.194000   0.316094
515.195000   0.313396
515.196000   0.312541
515.197000   0.313568
515.198000   0.316574
515.199000   0.321562
515.200000   0.328363
515.201000   0.336741
515.202000   0.346449
515.203000   0.357186
515.204000   0.368639
515.205000   0.380617
515.206000   0.393138
515.207000   0.406373
515.208000   0.420485
515.209000   0.435465
515.210000   0.451173
515.211000   0.467402
515.212000   0.483830
515.213000   0.500035
515.214000   0.515657
515.215000   0.530540
515.216000   0.544769
515.217000   0.558595
515.218000   0.572325
515.219000   0.586245
515.220000   0.600596
515.221000   0.615426
515.222000   0.630458
515.223000   0.645191
515.224000   0.659111
515.225000   0.671831
515.226000   0.683130
515.227000   0.692935
515.228000   0.701209
515.229000   0.707849
515.230000   0.712589
515.231000   0.714944
515.232000   0.714337
515.233000   0.710369
515.234000   0.702977
515.235000   0.692442
515.236000   0.679302
515.237000   0.664243
515.238000   0.647983
515.239000   0.631209
515.240000   0.614465
515.241000   0.598022
515.242000   0.581917
515.243000   0.566141
515.244000   0.550769
515.245000   0.536002
515.246000   0.522176
515.247000   0.509749
515.248000   0.499254
515.249000   0.491172
515.250000   0.485703
515.251000   0.482633
515.252000   0.481529
515.253000   0.482015
515.254000   0.483865
515.255000   0.486989
515.256000   0.491367
515.257000   0.497019
515.258000   0.504008
515.259000   0.512434
515.260000   0.522282
515.261000   0.533323
515.262000   0.545230
515.263000   0.557722
515.264000   0.570590
515.265000   0.583659
515.266000   0.596761
515.267000   0.609740
515.268000   0.622456
515.269000   0.634695
515.270000   0.645973
515.271000   0.655555
515.272000   0.662712
515.273000   0.666927
515.274000   0.667942
515.275000   0.665741
515.276000   0.660527
515.277000   0.652707
515.278000   0.642841
515.279000   0.631463
515.280000   0.618858
515.281000   0.605148
515.282000   0.590502
515.283000   0.575210
515.284000   0.559637
515.285000   0.544170
515.286000   0.529192
515.287000   0.515074
515.288000   0.502120
515.289000   0.490441
515.290000   0.479937
515.291000   0.470425
515.292000   0.461724
515.293000   0.453656
515.294000   0.446029
515.295000   0.438650
515.296000   0.431391
515.297000   0.424252
515.298000   0.417253
515.299000   0.410191
515.300000   0.402610
515.301000   0.394084
515.302000   0.384440
515.303000   0.373802
515.304000   0.362563
515.305000   0.351370
515.306000   0.341104
515.307000   0.332746
515.308000   0.327035
515.309000   0.324200
515.310000   0.324145
515.311000   0.326759
515.312000   0.332008
515.313000   0.339891
515.314000   0.350406
515.315000   0.363551
515.316000   0.379335
515.317000   0.397683
515.318000   0.418194
515.319000   0.440052
515.320000   0.462284
515.321000   0.484007
515.322000   0.504522
515.323000   0.523325
515.324000   0.540124
515.325000   0.554867
515.326000   0.567696
515.327000   0.578714
515.328000   0.587670
515.329000   0.594033
515.330000   0.597336
515.331000   0.597370
515.332000   0.594200
515.333000   0.588123
515.334000   0.579654
515.335000   0.569495
515.336000   0.558413
515.337000   0.546976
515.338000   0.535361
515.339000   0.523519
515.340000   0.511412
515.341000   0.499117
515.342000   0.486805
515.343000   0.474727
515.344000   0.463201
515.345000   0.452600
515.346000   0.443241
515.347000   0.435159
515.348000   0.428047
515.349000   0.421498
515.350000   0.415224
515.351000   0.409114
515.352000   0.403219
515.353000   0.397733
515.354000   0.393003
515.355000   0.389495
515.356000   0.387634
515.357000   0.387550
515.358000   0.389051
515.359000   0.391843
515.360000   0.395674
515.361000   0.400360
515.362000   0.405788
515.363000   0.411942
515.364000   0.418932
515.365000   0.426980
515.366000   0.436266
515.367000   0.446726
515.368000   0.458059
515.369000   0.469902
515.370000   0.481931
515.371000   0.493875
515.372000   0.505537
515.373000   0.516863
515.374000   0.527994
515.375000   0.539206
515.376000   0.550641
515.377000   0.562090
515.378000   0.573115
515.379000   0.583283
515.380000   0.592245
515.381000   0.599757
515.382000   0.605694
515.383000   0.610088
515.384000   0.613121
515.385000   0.615022
515.386000   0.615866
515.387000   0.615527
515.388000   0.613810
515.389000   0.610538
515.390000   0.605552
515.391000   0.598715
515.392000   0.589954
515.393000   0.579346
515.394000   0.567148
515.395000   0.553704
515.396000   0.539230
515.397000   0.523768
515.398000   0.507322
515.399000   0.489966
515.400000   0.471868
515.401000   0.453333
515.402000   0.434871
515.403000   0.417220
515.404000   0.401220
515.405000   0.387508
515.406000   0.376333
515.407000   0.367732
515.408000   0.361731
515.409000   0.358385
515.410000   0.357767
515.411000   0.359993
515.412000   0.365256
515.413000   0.373762
515.414000   0.385494
515.415000   0.400051
515.416000   0.416824
515.417000   0.435273
515.418000   0.455000
515.419000   0.475705
515.420000   0.497177
515.421000   0.519313
515.422000   0.542046
515.423000   0.565087
515.424000   0.587818
515.425000   0.609539
515.426000   0.629731
515.427000   0.648093
515.428000   0.664475
515.429000   0.678840
515.430000   0.691261
515.431000   0.701877
515.432000   0.710703
515.433000   0.717470
515.434000   0.721746
515.435000   0.723176
515.436000   0.721599
515.437000   0.717050
515.438000   0.709732
515.439000   0.700021
515.440000   0.688445
515.441000   0.675555
515.442000   0.661648
515.443000   0.646662
515.444000   0.630402
515.445000   0.612776
515.446000   0.593845
515.447000   0.573787
515.448000   0.552882
515.449000   0.531537
515.450000   0.510268
515.451000   0.489501
515.452000   0.469307
515.453000   0.449435
515.454000   0.429626
515.455000   0.409810
515.456000   0.390131
515.457000   0.370923
515.458000   0.352701
515.459000   0.336141
515.460000   0.321958
515.461000   0.310617
515.462000   0.302138
515.463000   0.296292
515.464000   0.292882
515.465000   0.291834
515.466000   0.293158
515.467000   0.296914
515.468000   0.303218
515.469000   0.312240
515.470000   0.324098
515.471000   0.338633
515.472000   0.355351
515.473000   0.373618
515.474000   0.392836
515.475000   0.412467
515.476000   0.432035
515.477000   0.451150
515.478000   0.469579
515.479000   0.487258
515.480000   0.504174
515.481000   0.520132
515.482000   0.534700
515.483000   0.547367
515.484000   0.557689
515.485000   0.565328
515.486000   0.570066
515.487000   0.571858
515.488000   0.570883
515.489000   0.567536
515.490000   0.562239
515.491000   0.555226
515.492000   0.546570
515.493000   0.536368
515.494000   0.524826
515.495000   0.512238
515.496000   0.498982
515.497000   0.485546
515.498000   0.472539
515.499000   0.460624
515.500000   0.450330
515.501000   0.441894
515.501000   0.441894
515.502000   0.435329
515.503000   0.430559
515.504000   0.427476
515.505000   0.425961
515.506000   0.425939
515.507000   0.427438
515.508000   0.430630
515.509000   0.435725
515.510000   0.442727
515.511000   0.451311
515.512000   0.461001
515.513000   0.471385
515.514000   0.482186
515.515000   0.493261
515.516000   0.504601
515.517000   0.516343
515.518000   0.528704
515.519000   0.541793
515.520000   0.555426
515.521000   0.569210
515.522000   0.582781
515.523000   0.595897
515.524000   0.608418
515.525000   0.620251
515.526000   0.631340
515.527000   0.641663
515.528000   0.651195
515.529000   0.659796
515.530000   0.667186
515.531000   0.673062
515.532000   0.677209
515.533000   0.679522
515.534000   0.679964
515.535000   0.678548
515.536000   0.675360
515.537000   0.670575
515.538000   0.664371
515.539000   0.656750
515.540000   0.647506
515.541000   0.636405
515.542000   0.623354
515.543000   0.608445
515.544000   0.591930
515.545000   0.574177
515.546000   0.555638
515.547000   0.536776
515.548000   0.517896
515.549000   0.499019
515.550000   0.480016
515.551000   0.460880
515.552000   0.441864
515.553000   0.423457
515.554000   0.406296
515.555000   0.391097
515.556000   0.378582
515.557000   0.369343
515.558000   0.363645
515.559000   0.361376
515.560000   0.362241
515.561000   0.365946
515.562000   0.372253
515.563000   0.380953
515.564000   0.391867
515.565000   0.404871
515.566000   0.419882
515.567000   0.436703
515.568000   0.454825
515.569000   0.473508
515.570000   0.492042
515.571000   0.509896
515.572000   0.526723
515.573000   0.542341
515.574000   0.556741
515.575000   0.570106
515.576000   0.582710
515.577000   0.594661
515.578000   0.605756
515.579000   0.615635
515.580000   0.623965
515.581000   0.630494
515.582000   0.635030
515.583000   0.637449
515.584000   0.637747
515.585000   0.636059
515.586000   0.632536
515.587000   0.627112
515.588000   0.619481
515.589000   0.609330
515.590000   0.596515
515.591000   0.581072
515.592000   0.563187
515.593000   0.543198
515.594000   0.521645
515.595000   0.499232
515.596000   0.476627
515.597000   0.454273
515.598000   0.432475
515.599000   0.411554
515.600000   0.391847
515.601000   0.373636
515.602000   0.357133
515.603000   0.342547
515.604000   0.330150
515.605000   0.320238
515.606000   0.312927
515.607000   0.308049
515.608000   0.305298
515.609000   0.304360
515.610000   0.304949
515.611000   0.306809
515.612000   0.309772
515.613000   0.313852
515.614000   0.319229
515.615000   0.325987
515.616000   0.333842
515.617000   0.342320
515.618000   0.351090
515.619000   0.360066
515.620000   0.369349
515.621000   0.379185
515.622000   0.389986
515.623000   0.402300
515.624000   0.416620
515.625000   0.433101
515.626000   0.451551
515.627000   0.471665
515.628000   0.493153
515.629000   0.515714
515.630000   0.539000
515.631000   0.562644
515.632000   0.586305
515.633000   0.609668
515.634000   0.632345
515.635000   0.653754
515.636000   0.673176
515.637000   0.689957
515.638000   0.703608
515.639000   0.713806
515.640000   0.720388
515.641000   0.723397
515.642000   0.723146
515.643000   0.720155
515.644000   0.714919
515.645000   0.707722
515.646000   0.698765
515.647000   0.688355
515.648000   0.676898
515.649000   0.664816
515.650000   0.652526
515.651000   0.640479
515.652000   0.629146
515.653000   0.618896
515.654000   0.609837
515.655000   0.601837
515.656000   0.594696
515.657000   0.588233
515.658000   0.582275
515.659000   0.576651
515.660000   0.571263
515.661000   0.566140
515.662000   0.561405
515.663000   0.557110
515.664000   0.553115
515.665000   0.549180
515.666000   0.545116
515.667000   0.540797
515.668000   0.536122
515.669000   0.531064
515.670000   0.525770
515.671000   0.520577
515.672000   0.515844
515.673000   0.511737
515.674000   0.508238
515.675000   0.505330
515.676000   0.503086
515.677000   0.501608
515.678000   0.501012
515.679000   0.501485
515.680000   0.503327
515.681000   0.506869
515.682000   0.512295
515.683000   0.519557
515.684000   0.528468
515.685000   0.538783
515.686000   0.550132
515.687000   0.561927
515.688000   0.573432
515.689000   0.583957
515.690000   0.592989
515.691000   0.600108
515.692000   0.604825
515.693000   0.606612
515.694000   0.605087
515.695000   0.600082
515.696000   0.591561
515.697000   0.579609
515.698000   0.564545
515.699000   0.546997
515.700000   0.527806
515.701000   0.507791
515.702000   0.487567
515.703000   0.467596
515.704000   0.448317
515.705000   0.430152
515.706000   0.413415
515.707000   0.398287
515.708000   0.384920
515.709000   0.373528
515.710000   0.364333
515.711000   0.357391
515.712000   0.352537
515.713000   0.349538
515.714000   0.348225
515.715000   0.348412
515.716000   0.349785
515.717000   0.352008
515.718000   0.354937
515.719000   0.358683
515.720000   0.363424
515.721000   0.369171
515.722000   0.375797
515.723000   0.383221
515.724000   0.391463
515.725000   0.400531
515.726000   0.410391
515.727000   0.421087
515.728000   0.432805
515.729000   0.445805
515.730000   0.460250
515.731000   0.476105
515.732000   0.493206
515.733000   0.511355
515.734000   0.530302
515.735000   0.549673
515.736000   0.569041
515.737000   0.588076
515.738000   0.606615
515.739000   0.624573
515.740000   0.641755
515.741000   0.657814
515.742000   0.672409
515.743000   0.685327
515.744000   0.696449
515.745000   0.705653
515.746000   0.712861
515.747000   0.718152
515.748000   0.721757
515.749000   0.723912
515.750000   0.724737
515.751000   0.724318
515.752000   0.722830
515.753000   0.720549
515.754000   0.717718
515.755000   0.714443
515.756000   0.710740
515.757000   0.706646
515.758000   0.702215
515.759000   0.697414
515.760000   0.692085
515.761000   0.686048
515.762000   0.679217
515.763000   0.671599
515.764000   0.663204
515.765000   0.654000
515.766000   0.643992
515.767000   0.633299
515.768000   0.622065
515.769000   0.610351
515.770000   0.598185
515.771000   0.585709
515.772000   0.573230
515.773000   0.561144
515.774000   0.549821
515.775000   0.539585
515.776000   0.530754
515.777000   0.523580
515.778000   0.518110
515.779000   0.514153
515.780000   0.511435
515.781000   0.509751
515.782000   0.509012
515.783000   0.509178
515.784000   0.510173
515.785000   0.511850
515.786000   0.514015
515.787000   0.516380
515.788000   0.518487
515.789000   0.519802
515.790000   0.519936
515.791000   0.518767
515.792000   0.516409
515.793000   0.513070
515.794000   0.508947
515.795000   0.504256
515.796000   0.499272
515.797000   0.494209
515.798000   0.489133
515.799000   0.484025
515.800000   0.478877
515.801000   0.473700
515.802000   0.468525
515.803000   0.463433
515.804000   0.458585
515.805000   0.454191
515.806000   0.450362
515.807000   0.446957
515.808000   0.443661
515.809000   0.440167
515.810000   0.436297
515.811000   0.432043
515.812000   0.427545
515.813000   0.423053
515.814000   0.418849
515.815000   0.415124
515.816000   0.411828
515.817000   0.408727
515.818000   0.405620
515.819000   0.402474
515.820000   0.399433
515.821000   0.396777
515.822000   0.394888
515.823000   0.394208
515.824000   0.395148
515.825000   0.397929
515.826000   0.402524
515.827000   0.408785
515.828000   0.416568
515.829000   0.425745
515.830000   0.436183
515.831000   0.447732
515.832000   0.460237
515.833000   0.473555
515.834000   0.487487
515.835000   0.501657
515.836000   0.515516
515.837000   0.528519
515.838000   0.540256
515.839000   0.550497
515.840000   0.559173
515.841000   0.566381
515.842000   0.572378
515.843000   0.577511
515.844000   0.581993
515.845000   0.585695
515.846000   0.588259
515.847000   0.589385
515.848000   0.588971
515.849000   0.587124
515.850000   0.584133
515.851000   0.580431
515.852000   0.576531
515.853000   0.572862
515.854000   0.569518
515.855000   0.566206
515.856000   0.562480
515.857000   0.557984
515.858000   0.552530
515.859000   0.546092
515.860000   0.538795
515.861000   0.530902
515.862000   0.522779
515.863000   0.514781
515.864000   0.507120
515.865000   0.499923
515.866000   0.493392
515.867000   0.487862
515.868000   0.483726
515.869000   0.481340
515.870000   0.480962
515.871000   0.482757
515.872000   0.486813
515.873000   0.493087
515.874000   0.501270
515.875000   0.510778
515.876000   0.520941
515.877000   0.531148
515.878000   0.540922
515.879000   0.549948
515.880000   0.558129
515.881000   0.565635
515.882000   0.572852
515.883000   0.580117
515.884000   0.587431
515.885000   0.594530
515.886000   0.601162
515.887000   0.607237
515.888000   0.612816
515.889000   0.618069
515.890000   0.623259
515.891000   0.628715
515.892000   0.634755
515.893000   0.641512
515.894000   0.648831
515.895000   0.656355
515.896000   0.663665
515.897000   0.670343
515.898000   0.675994
515.899000   0.680281
515.900000   0.682984
515.901000   0.684046
515.902000   0.683535
515.903000   0.681442
515.904000   0.677527
515.905000   0.671417
515.906000   0.662815
515.907000   0.651599
515.908000   0.637838
515.909000   0.621794
515.910000   0.603926
515.911000   0.584866
515.912000   0.565308
515.913000   0.545813
515.914000   0.526675
515.915000   0.508006
515.916000   0.489868
515.917000   0.472354
515.918000   0.455614
515.919000   0.439883
515.920000   0.425494
515.921000   0.412854
515.922000   0.402251
515.923000   0.393611
515.924000   0.386534
515.925000   0.380581
515.926000   0.375468
515.927000   0.371134
515.928000   0.367752
515.929000   0.365721
515.930000   0.365604
515.931000   0.367920
515.932000   0.372885
515.933000   0.380387
515.934000   0.390189
515.935000   0.402053
515.936000   0.415755
515.937000   0.431094
515.938000   0.447904
515.939000   0.466064
515.940000   0.485444
515.941000   0.505751
515.942000   0.526421
515.943000   0.546737
515.944000   0.566014
515.945000   0.583679
515.946000   0.599302
515.947000   0.612645
515.948000   0.623705
515.949000   0.632699
515.950000   0.639897
515.951000   0.645384
515.952000   0.649052
515.953000   0.650818
515.954000   0.650752
515.955000   0.649044
515.956000   0.645966
515.957000   0.641875
515.958000   0.637219
515.959000   0.632434
515.960000   0.627737
515.961000   0.623038
515.962000   0.618135
515.963000   0.612926
515.964000   0.607440
515.965000   0.601768
515.966000   0.596029
515.967000   0.590383
515.968000   0.585032
515.969000   0.580123
515.970000   0.575611
515.971000   0.571302
515.972000   0.567020
515.973000   0.562703
515.974000   0.558386
515.975000   0.554149
515.976000   0.550119
515.977000   0.546517
515.978000   0.543641
515.979000   0.541703
515.980000   0.540684
515.981000   0.540436
515.982000   0.540860
515.983000   0.541971
515.984000   0.543854
515.985000   0.546618
515.986000   0.550388
515.987000   0.555325
515.988000   0.561543
515.989000   0.568949
515.990000   0.577249
515.991000   0.586135
515.992000   0.595407
515.993000   0.604952
515.994000   0.614668
515.995000   0.624424
515.996000   0.634079
515.997000   0.643511
515.998000   0.652555
515.999000   0.660884
516.000000   0.668031
516.001000   0.673514
516.001000   0.673514
516.002000   0.676929
516.003000   0.677957
516.004000   0.676372
516.005000   0.672063
516.006000   0.665092
516.007000   0.655674
516.008000   0.644023
516.009000   0.630184
516.010000   0.614104
516.011000   0.595820
516.012000   0.575541
516.013000   0.553635
516.014000   0.530596
516.015000   0.507032
516.016000   0.483646
516.017000   0.461139
516.018000   0.440012
516.019000   0.420449
516.020000   0.402427
516.021000   0.385887
516.022000   0.370801
516.023000   0.357178
516.024000   0.345066
516.025000   0.334563
516.026000   0.325811
516.027000   0.318883
516.028000   0.313594
516.029000   0.309466
516.030000   0.305952
516.031000   0.302659
516.032000   0.299403
516.033000   0.296202
516.034000   0.293250
516.035000   0.290889
516.036000   0.289548
516.037000   0.289594
516.038000   0.291156
516.039000   0.294148
516.040000   0.298459
516.041000   0.304069
516.042000   0.311068
516.043000   0.319639
516.044000   0.330052
516.045000   0.342651
516.046000   0.357786
516.047000   0.375635
516.048000   0.396024
516.049000   0.418486
516.050000   0.442444
516.051000   0.467346
516.052000   0.492722
516.053000   0.518209
516.054000   0.543593
516.055000   0.568812
516.056000   0.593830
516.057000   0.618385
516.058000   0.641916
516.059000   0.663775
516.060000   0.683466
516.061000   0.700722
516.062000   0.715491
516.063000   0.727907
516.064000   0.738249
516.065000   0.746877
516.066000   0.754087
516.067000   0.759977
516.068000   0.764451
516.069000   0.767350
516.070000   0.768532
516.071000   0.767910
516.072000   0.765462
516.073000   0.761260
516.074000   0.755500
516.075000   0.748481
516.076000   0.740464
516.077000   0.731506
516.078000   0.721453
516.079000   0.710116
516.080000   0.697395
516.081000   0.683349
516.082000   0.668219
516.083000   0.652430
516.084000   0.636557
516.085000   0.621167
516.086000   0.606600
516.087000   0.592887
516.088000   0.579895
516.089000   0.567485
516.090000   0.555582
516.091000   0.544189
516.092000   0.533404
516.093000   0.523412
516.094000   0.514431
516.095000   0.506576
516.096000   0.499748
516.097000   0.493676
516.098000   0.488051
516.099000   0.482617
516.100000   0.477219
516.101000   0.471852
516.102000   0.466674
516.103000   0.461984
516.104000   0.458106
516.105000   0.455209
516.106000   0.453253
516.107000   0.452079
516.108000   0.451516
516.109000   0.451424
516.110000   0.451744
516.111000   0.452539
516.112000   0.454011
516.113000   0.456415
516.114000   0.459873
516.115000   0.464236
516.116000   0.469154
516.117000   0.474236
516.118000   0.479148
516.119000   0.483655
516.120000   0.487666
516.121000   0.491254
516.122000   0.494591
516.123000   0.497797
516.124000   0.500791
516.125000   0.503350
516.126000   0.505267
516.127000   0.506430
516.128000   0.506812
516.129000   0.506464
516.130000   0.505530
516.131000   0.504261
516.132000   0.502953
516.133000   0.501864
516.134000   0.501151
516.135000   0.500898
516.136000   0.501152
516.137000   0.501936
516.138000   0.503258
516.139000   0.505133
516.140000   0.507614
516.141000   0.510792
516.142000   0.514723
516.143000   0.519298
516.144000   0.524195
516.145000   0.529000
516.146000   0.533372
516.147000   0.537131
516.148000   0.540264
516.149000   0.542900
516.150000   0.545287
516.151000   0.547711
516.152000   0.550349
516.153000   0.553150
516.154000   0.555905
516.155000   0.558424
516.156000   0.560640
516.157000   0.562592
516.158000   0.564390
516.159000   0.566187
516.160000   0.568166
516.161000   0.570479
516.162000   0.573173
516.163000   0.576193
516.164000   0.579447
516.165000   0.582855
516.166000   0.586337
516.167000   0.589798
516.168000   0.593158
516.169000   0.596389
516.170000   0.599493
516.171000   0.602411
516.172000   0.604923
516.173000   0.606687
516.174000   0.607364
516.175000   0.606720
516.176000   0.604674
516.177000   0.601334
516.178000   0.596982
516.179000   0.591969
516.180000   0.586522
516.181000   0.580653
516.182000   0.574270
516.183000   0.567311
516.184000   0.559787
516.185000   0.551779
516.186000   0.543445
516.187000   0.535031
516.188000   0.526848
516.189000   0.519169
516.190000   0.512131
516.191000   0.505761
516.192000   0.500054
516.193000   0.495014
516.194000   0.490647
516.195000   0.486961
516.196000   0.484007
516.197000   0.481906
516.198000   0.480810
516.199000   0.480779
516.200000   0.481727
516.201000   0.483489
516.202000   0.485905
516.203000   0.488848
516.204000   0.492193
516.205000   0.495832
516.206000   0.499713
516.207000   0.503858
516.208000   0.508301
516.209000   0.513005
516.210000   0.517862
516.211000   0.522756
516.212000   0.527609
516.213000   0.532362
516.214000   0.536966
516.215000   0.541390
516.216000   0.545652
516.217000   0.549791
516.218000   0.553781
516.219000   0.557448
516.220000   0.560511
516.221000   0.562675
516.222000   0.563671
516.223000   0.563229
516.224000   0.561088
516.225000   0.557058
516.226000   0.551090
516.227000   0.543233
516.228000   0.533544
516.229000   0.522087
516.230000   0.509038
516.231000   0.494750
516.232000   0.479703
516.233000   0.464440
516.234000   0.449510
516.235000   0.435436
516.236000   0.422670
516.237000   0.411536
516.238000   0.402194
516.239000   0.394679
516.240000   0.388976
516.241000   0.385037
516.242000   0.382751
516.243000   0.381932
516.244000   0.382367
516.245000   0.383886
516.246000   0.386391
516.247000   0.389802
516.248000   0.393994
516.249000   0.398828
516.250000   0.404214
516.251000   0.410117
516.252000   0.416588
516.253000   0.423813
516.254000   0.432122
516.255000   0.441911
516.256000   0.453482
516.257000   0.466891
516.258000   0.481933
516.259000   0.498278
516.260000   0.515592
516.261000   0.533566
516.262000   0.551874
516.263000   0.570142
516.264000   0.587938
516.265000   0.604754
516.266000   0.619973
516.267000   0.632893
516.268000   0.642860
516.269000   0.649456
516.270000   0.652566
516.271000   0.652257
516.272000   0.648643
516.273000   0.641920
516.274000   0.632466
516.275000   0.620806
516.276000   0.607489
516.277000   0.593047
516.278000   0.578038
516.279000   0.563068
516.280000   0.548711
516.281000   0.535413
516.282000   0.523497
516.283000   0.513253
516.284000   0.504939
516.285000   0.498680
516.286000   0.494386
516.287000   0.491808
516.288000   0.490643
516.289000   0.490592
516.290000   0.491355
516.291000   0.492636
516.292000   0.494208
516.293000   0.495932
516.294000   0.497654
516.295000   0.499097
516.296000   0.499911
516.297000   0.499828
516.298000   0.498752
516.299000   0.496737
516.300000   0.493933
516.301000   0.490582
516.302000   0.487035
516.303000   0.483687
516.304000   0.480870
516.305000   0.478810
516.306000   0.477675
516.307000   0.477597
516.308000   0.478643
516.309000   0.480752
516.310000   0.483720
516.311000   0.487303
516.312000   0.491317
516.313000   0.495620
516.314000   0.500039
516.315000   0.504365
516.316000   0.508432
516.317000   0.512138
516.318000   0.515365
516.319000   0.517909
516.320000   0.519554
516.321000   0.520212
516.322000   0.519900
516.323000   0.518607
516.324000   0.516240
516.325000   0.512735
516.326000   0.508168
516.327000   0.502722
516.328000   0.496599
516.329000   0.490003
516.330000   0.483194
516.331000   0.476477
516.332000   0.470102
516.333000   0.464170
516.334000   0.458668
516.335000   0.453599
516.336000   0.449029
516.337000   0.445031
516.338000   0.441609
516.339000   0.438713
516.340000   0.436304
516.341000   0.434363
516.342000   0.432826
516.343000   0.431563
516.344000   0.430481
516.345000   0.429626
516.346000   0.429163
516.347000   0.429247
516.348000   0.429982
516.349000   0.431496
516.350000   0.433973
516.351000   0.437581
516.352000   0.442349
516.353000   0.448145
516.354000   0.454800
516.355000   0.462210
516.356000   0.470324
516.357000   0.479067
516.358000   0.488345
516.359000   0.498085
516.360000   0.508230
516.361000   0.518673
516.362000   0.529197
516.363000   0.539555
516.364000   0.549600
516.365000   0.559282
516.366000   0.568538
516.367000   0.577255
516.368000   0.585358
516.369000   0.592889
516.370000   0.599966
516.371000   0.606674
516.372000   0.613003
516.373000   0.618875
516.374000   0.624206
516.375000   0.628888
516.376000   0.632777
516.377000   0.635729
516.378000   0.637670
516.379000   0.638596
516.380000   0.638521
516.381000   0.637401
516.382000   0.635150
516.383000   0.631739
516.384000   0.627256
516.385000   0.621859
516.386000   0.615702
516.387000   0.608948
516.388000   0.601829
516.389000   0.594657
516.390000   0.587757
516.391000   0.581414
516.392000   0.575876
516.393000   0.571367
516.394000   0.568021
516.395000   0.565809
516.396000   0.564566
516.397000   0.564114
516.398000   0.564352
516.399000   0.565239
516.400000   0.566735
516.401000   0.568793
516.402000   0.571373
516.403000   0.574426
516.404000   0.577862
516.405000   0.581555
516.406000   0.585410
516.407000   0.589411
516.408000   0.593588
516.409000   0.597936
516.410000   0.602361
516.411000   0.606701
516.412000   0.610773
516.413000   0.614413
516.414000   0.617509
516.415000   0.620024
516.416000   0.622005
516.417000   0.623538
516.418000   0.624662
516.419000   0.625335
516.420000   0.625476
516.421000   0.625037
516.422000   0.624036
516.423000   0.622549
516.424000   0.620705
516.425000   0.618666
516.426000   0.616582
516.427000   0.614550
516.428000   0.612594
516.429000   0.610708
516.430000   0.608887
516.431000   0.607119
516.432000   0.605370
516.433000   0.603583
516.434000   0.601702
516.435000   0.599688
516.436000   0.597490
516.437000   0.594986
516.438000   0.591953
516.439000   0.588099
516.440000   0.583114
516.441000   0.576708
516.442000   0.568667
516.443000   0.558911
516.444000   0.547537
516.445000   0.534782
516.446000   0.520907
516.447000   0.506097
516.448000   0.490498
516.449000   0.474320
516.450000   0.457916
516.451000   0.441785
516.452000   0.426540
516.453000   0.412860
516.454000   0.401422
516.455000   0.392803
516.456000   0.387360
516.457000   0.385192
516.458000   0.386203
516.459000   0.390193
516.460000   0.396928
516.461000   0.406159
516.462000   0.417634
516.463000   0.431100
516.464000   0.446281
516.465000   0.462814
516.466000   0.480148
516.467000   0.497525
516.468000   0.514087
516.469000   0.529066
516.470000   0.541918
516.471000   0.552389
516.472000   0.560497
516.473000   0.566472
516.474000   0.570654
516.475000   0.573361
516.476000   0.574802
516.477000   0.575084
516.478000   0.574301
516.479000   0.572600
516.480000   0.570207
516.481000   0.567413
516.482000   0.564554
516.483000   0.561962
516.484000   0.559900
516.485000   0.558457
516.486000   0.557494
516.487000   0.556687
516.488000   0.555647
516.489000   0.554024
516.490000   0.551570
516.491000   0.548185
516.492000   0.543922
516.493000   0.538933
516.494000   0.533344
516.495000   0.527154
516.496000   0.520255
516.497000   0.512555
516.498000   0.504060
516.499000   0.494903
516.500000   0.485337
516.501000   0.475723
516.501000   0.475723
516.502000   0.466484
516.503000   0.458031
516.504000   0.450695
516.505000   0.444704
516.506000   0.440223
516.507000   0.437369
516.508000   0.436220
516.509000   0.436813
516.510000   0.439180
516.511000   0.443365
516.512000   0.449429
516.513000   0.457399
516.514000   0.467235
516.515000   0.478844
516.516000   0.492096
516.517000   0.506841
516.518000   0.522910
516.519000   0.540133
516.520000   0.558365
516.521000   0.577476
516.522000   0.597292
516.523000   0.617553
516.524000   0.637912
516.525000   0.657986
516.526000   0.677393
516.527000   0.695765
516.528000   0.712753
516.529000   0.728026
516.530000   0.741271
516.531000   0.752160
516.532000   0.760339
516.533000   0.765449
516.534000   0.767215
516.535000   0.765515
516.536000   0.760402
516.537000   0.752096
516.538000   0.740966
516.539000   0.727499
516.540000   0.712260
516.541000   0.695821
516.542000   0.678700
516.543000   0.661341
516.544000   0.644126
516.545000   0.627385
516.546000   0.611391
516.547000   0.596363
516.548000   0.582480
516.549000   0.569882
516.550000   0.558645
516.551000   0.548730
516.552000   0.539951
516.553000   0.532006
516.554000   0.524552
516.555000   0.517267
516.556000   0.509879
516.557000   0.502185
516.558000   0.494047
516.559000   0.485376
516.560000   0.476076
516.561000   0.466004
516.562000   0.454982
516.563000   0.442881
516.564000   0.429711
516.565000   0.415657
516.566000   0.401082
516.567000   0.386491
516.568000   0.372476
516.569000   0.359626
516.570000   0.348433
516.571000   0.339224
516.572000   0.332180
516.573000   0.327380
516.574000   0.324839
516.575000   0.324527
516.576000   0.326372
516.577000   0.330252
516.578000   0.335984
516.579000   0.343299
516.580000   0.351817
516.581000   0.361048
516.582000   0.370439
516.583000   0.379454
516.584000   0.387636
516.585000   0.394667
516.586000   0.400397
516.587000   0.404842
516.588000   0.408151
516.589000   0.410518
516.590000   0.412085
516.591000   0.412895
516.592000   0.412937
516.593000   0.412226
516.594000   0.410864
516.595000   0.409073
516.596000   0.407171
516.597000   0.405541
516.598000   0.404560
516.599000   0.404515
516.600000   0.405549
516.601000   0.407652
516.602000   0.410718
516.603000   0.414609
516.604000   0.419203
516.605000   0.424409
516.606000   0.430186
516.607000   0.436525
516.608000   0.443424
516.609000   0.450833
516.610000   0.458601
516.611000   0.466472
516.612000   0.474128
516.613000   0.481263
516.614000   0.487649
516.615000   0.493187
516.616000   0.497910
516.617000   0.501969
516.618000   0.505561
516.619000   0.508847
516.620000   0.511887
516.621000   0.514634
516.622000   0.516981
516.623000   0.518811
516.624000   0.520058
516.625000   0.520747
516.626000   0.521003
516.627000   0.521037
516.628000   0.521087
516.629000   0.521342
516.630000   0.521888
516.631000   0.522697
516.632000   0.523648
516.633000   0.524565
516.634000   0.525289
516.635000   0.525735
516.636000   0.525924
516.637000   0.525973
516.638000   0.526048
516.639000   0.526300
516.640000   0.526812
516.641000   0.527553
516.642000   0.528384
516.643000   0.529102
516.644000   0.529522
516.645000   0.529533
516.646000   0.529108
516.647000   0.528266
516.648000   0.527017
516.649000   0.525332
516.650000   0.523158
516.651000   0.520445
516.652000   0.517190
516.653000   0.513456
516.654000   0.509379
516.655000   0.505126
516.656000   0.500848
516.657000   0.496649
516.658000   0.492612
516.659000   0.488843
516.660000   0.485491
516.661000   0.482731
516.662000   0.480750
516.663000   0.479731
516.664000   0.479838
516.665000   0.481183
516.666000   0.483801
516.667000   0.487648
516.668000   0.492616
516.669000   0.498550
516.670000   0.505255
516.671000   0.512518
516.672000   0.520114
516.673000   0.527813
516.674000   0.535357
516.675000   0.542435
516.676000   0.548684
516.677000   0.553725
516.678000   0.557217
516.679000   0.558915
516.680000   0.558693
516.681000   0.556533
516.682000   0.552501
516.683000   0.546713
516.684000   0.539319
516.685000   0.530483
516.686000   0.520391
516.687000   0.509276
516.688000   0.497433
516.689000   0.485210
516.690000   0.472956
516.691000   0.460968
516.692000   0.449471
516.693000   0.438636
516.694000   0.428578
516.695000   0.419353
516.696000   0.410948
516.697000   0.403316
516.698000   0.396413
516.699000   0.390212
516.700000   0.384706
516.701000   0.379875
516.702000   0.375674
516.703000   0.372020
516.704000   0.368776
516.705000   0.365751
516.706000   0.362731
516.707000   0.359556
516.708000   0.356180
516.709000   0.352703
516.710000   0.349328
516.711000   0.346307
516.712000   0.343883
516.713000   0.342263
516.714000   0.341597
516.715000   0.341978
516.716000   0.343473
516.717000   0.346172
516.718000   0.350237
516.719000   0.355898
516.720000   0.363428
516.721000   0.373086
516.722000   0.385075
516.723000   0.399504
516.724000   0.416346
516.725000   0.435424
516.726000   0.456419
516.727000   0.478922
516.728000   0.502464
516.729000   0.526543
516.730000   0.550612
516.731000   0.574076
516.732000   0.596283
516.733000   0.616506
516.734000   0.633966
516.735000   0.647928
516.736000   0.657829
516.737000   0.663371
516.738000   0.664560
516.739000   0.661667
516.740000   0.655139
516.741000   0.645528
516.742000   0.633449
516.743000   0.619542
516.744000   0.604434
516.745000   0.588699
516.746000   0.572841
516.747000   0.557305
516.748000   0.542505
516.749000   0.528844
516.750000   0.516638
516.751000   0.506013
516.752000   0.496885
516.753000   0.489032
516.754000   0.482183
516.755000   0.476116
516.756000   0.470732
516.757000   0.466134
516.758000   0.462618
516.759000   0.460537
516.760000   0.460035
516.761000   0.460949
516.762000   0.463017
516.763000   0.466091
516.764000   0.470192
516.765000   0.475468
516.766000   0.482127
516.767000   0.490358
516.768000   0.500263
516.769000   0.511774
516.770000   0.524621
516.771000   0.538386
516.772000   0.552624
516.773000   0.566936
516.774000   0.580994
516.775000   0.594525
516.776000   0.607297
516.777000   0.619103
516.778000   0.629738
516.779000   0.638970
516.780000   0.646517
516.781000   0.652058
516.782000   0.655282
516.783000   0.655958
516.784000   0.654001
516.785000   0.649505
516.786000   0.642710
516.787000   0.633941
516.788000   0.623513
516.789000   0.611666
516.790000   0.598519
516.791000   0.584088
516.792000   0.568338
516.793000   0.551245
516.794000   0.532826
516.795000   0.513151
516.796000   0.492336
516.797000   0.470514
516.798000   0.447804
516.799000   0.424268
516.800000   0.399921
516.801000   0.374795
516.802000   0.349030
516.803000   0.322920
516.804000   0.296904
516.805000   0.271524
516.806000   0.247372
516.807000   0.225027
516.808000   0.204977
516.809000   0.187589
516.810000   0.173130
516.811000   0.161833
516.812000   0.153942
516.813000   0.149713
516.814000   0.149396
516.815000   0.153183
516.816000   0.161158
516.817000   0.173247
516.818000   0.189218
516.819000   0.208713
516.820000   0.231314
516.821000   0.256574
516.822000   0.284028
516.823000   0.313175
516.824000   0.343458
516.825000   0.374255
516.826000   0.404884
516.827000   0.434654
516.828000   0.462943
516.829000   0.489273
516.830000   0.513357
516.831000   0.535074
516.832000   0.554426
516.833000   0.571475
516.834000   0.586294
516.835000   0.598945
516.836000   0.609492
516.837000   0.618030
516.838000   0.624724
516.839000   0.629811
516.840000   0.633571
516.841000   0.636281
516.842000   0.638163
516.843000   0.639346
516.844000   0.639857
516.845000   0.639636
516.846000   0.638558
516.847000   0.636474
516.848000   0.633250
516.849000   0.628804
516.850000   0.623123
516.851000   0.616253
516.852000   0.608297
516.853000   0.599404
516.854000   0.589735
516.855000   0.579419
516.856000   0.568518
516.857000   0.557060
516.858000   0.545101
516.859000   0.532787
516.860000   0.520361
516.861000   0.508145
516.862000   0.496516
516.863000   0.485858
516.864000   0.476513
516.865000   0.468713
516.866000   0.462548
516.867000   0.457986
516.868000   0.454930
516.869000   0.453259
516.870000   0.452852
516.871000   0.453607
516.872000   0.455447
516.873000   0.458328
516.874000   0.462206
516.875000   0.466992
516.876000   0.472521
516.877000   0.478586
516.878000   0.484987
516.879000   0.491553
516.880000   0.498145
516.881000   0.504640
516.882000   0.510933
516.883000   0.516916
516.884000   0.522440
516.885000   0.527260
516.886000   0.531028
516.887000   0.533354
516.888000   0.533895
516.889000   0.532410
516.890000   0.528793
516.891000   0.523080
516.892000   0.515434
516.893000   0.506091
516.894000   0.495267
516.895000   0.483095
516.896000   0.469639
516.897000   0.454977
516.898000   0.439262
516.899000   0.422735
516.900000   0.405710
516.901000   0.388543
516.902000   0.371605
516.903000   0.355237
516.904000   0.339691
516.905000   0.325132
516.906000   0.311690
516.907000   0.299516
516.908000   0.288792
516.909000   0.279711
516.910000   0.272467
516.911000   0.267247
516.912000   0.264196
516.913000   0.263377
516.914000   0.264738
516.915000   0.268158
516.916000   0.273509
516.917000   0.280695
516.918000   0.289633
516.919000   0.300241
516.920000   0.312426
516.921000   0.326091
516.922000   0.341108
516.923000   0.357291
516.924000   0.374418
516.925000   0.392290
516.926000   0.410776
516.927000   0.429804
516.928000   0.449348
516.929000   0.469424
516.930000   0.490085
516.931000   0.511370
516.932000   0.533231
516.933000   0.555476
516.934000   0.577795
516.935000   0.599815
516.936000   0.621138
516.937000   0.641344
516.938000   0.660007
516.939000   0.676710
516.940000   0.691058
516.941000   0.702680
516.942000   0.711234
516.943000   0.716413
516.944000   0.717988
516.945000   0.715854
516.946000   0.710065
516.947000   0.700814
516.948000   0.688419
516.949000   0.673301
516.950000   0.655967
516.951000   0.636973
516.952000   0.616858
516.953000   0.596092
516.954000   0.575072
516.955000   0.554146
516.956000   0.533644
516.957000   0.513884
516.958000   0.495174
516.959000   0.477831
516.960000   0.462183
516.961000   0.448553
516.962000   0.437229
516.963000   0.428438
516.964000   0.422327
516.965000   0.418946
516.966000   0.418233
516.967000   0.420023
516.968000   0.424094
516.969000   0.430213
516.970000   0.438154
516.971000   0.447681
516.972000   0.458520
516.973000   0.470340
516.974000   0.482757
516.975000   0.495334
516.976000   0.507615
516.977000   0.519181
516.978000   0.529712
516.979000   0.539015
516.980000   0.546998
516.981000   0.553623
516.982000   0.558874
516.983000   0.562771
516.984000   0.565385
516.985000   0.566826
516.986000   0.567235
516.987000   0.566787
516.988000   0.565692
516.989000   0.564170
516.990000   0.562387
516.991000   0.560427
516.992000   0.558289
516.993000   0.555906
516.994000   0.553154
516.995000   0.549840
516.996000   0.545708
516.997000   0.540500
516.998000   0.534030
516.999000   0.526207
517.000000   0.517026
517.001000   0.506568
517.001000   0.506568
517.002000   0.495003
517.003000   0.482570
517.004000   0.469531
517.005000   0.456141
517.006000   0.442660
517.007000   0.429378
517.008000   0.416593
517.009000   0.404549
517.010000   0.393407
517.011000   0.383254
517.012000   0.374157
517.013000   0.366185
517.014000   0.359423
517.015000   0.353945
517.016000   0.349785
517.017000   0.346916
517.018000   0.345229
517.019000   0.344538
517.020000   0.344640
517.021000   0.345404
517.022000   0.346824
517.023000   0.349003
517.024000   0.352096
517.025000   0.356247
517.026000   0.361581
517.027000   0.368200
517.028000   0.376155
517.029000   0.385442
517.030000   0.396047
517.031000   0.407984
517.032000   0.421311
517.033000   0.436103
517.034000   0.452423
517.035000   0.470284
517.036000   0.489608
517.037000   0.510170
517.038000   0.531570
517.039000   0.553285
517.040000   0.574763
517.041000   0.595510
517.042000   0.615126
517.043000   0.633294
517.044000   0.649722
517.045000   0.664121
517.046000   0.676206
517.047000   0.685700
517.048000   0.692347
517.049000   0.695975
517.050000   0.696577
517.051000   0.694338
517.052000   0.689610
517.053000   0.682824
517.054000   0.674416
517.055000   0.664755
517.056000   0.654079
517.057000   0.642449
517.058000   0.629784
517.059000   0.615981
517.060000   0.601011
517.061000   0.584960
517.062000   0.568016
517.063000   0.550424
517.064000   0.532431
517.065000   0.514239
517.066000   0.495931
517.067000   0.477464
517.068000   0.458732
517.069000   0.439680
517.070000   0.420370
517.071000   0.400993
517.072000   0.381849
517.073000   0.363322
517.074000   0.345834
517.075000   0.329778
517.076000   0.315423
517.077000   0.302898
517.078000   0.292286
517.079000   0.283712
517.080000   0.277375
517.081000   0.273524
517.082000   0.272425
517.083000   0.274328
517.084000   0.279421
517.085000   0.287743
517.086000   0.299106
517.087000   0.313125
517.088000   0.329343
517.089000   0.347334
517.090000   0.366743
517.091000   0.387286
517.092000   0.408745
517.093000   0.430945
517.094000   0.453679
517.095000   0.476569
517.096000   0.499000
517.097000   0.520237
517.098000   0.539590
517.099000   0.556494
517.100000   0.570531
517.101000   0.581429
517.102000   0.589070
517.103000   0.593492
517.104000   0.594816
517.105000   0.593176
517.106000   0.588718
517.107000   0.581669
517.108000   0.572367
517.109000   0.561220
517.110000   0.548672
517.111000   0.535182
517.112000   0.521243
517.113000   0.507373
517.114000   0.494030
517.115000   0.481509
517.116000   0.469929
517.117000   0.459316
517.118000   0.449665
517.119000   0.440966
517.120000   0.433227
517.121000   0.426522
517.122000   0.421035
517.123000   0.417026
517.124000   0.414720
517.125000   0.414203
517.126000   0.415439
517.127000   0.418351
517.128000   0.422861
517.129000   0.428909
517.130000   0.436469
517.131000   0.445572
517.132000   0.456281
517.133000   0.468587
517.134000   0.482292
517.135000   0.497015
517.136000   0.512325
517.137000   0.527860
517.138000   0.543362
517.139000   0.558663
517.140000   0.573682
517.141000   0.588406
517.142000   0.602843
517.143000   0.616926
517.144000   0.630464
517.145000   0.643204
517.146000   0.654909
517.147000   0.665379
517.148000   0.674439
517.149000   0.681958
517.150000   0.687873
517.151000   0.692188
517.152000   0.694903
517.153000   0.695903
517.154000   0.694934
517.155000   0.691671
517.156000   0.685816
517.157000   0.677166
517.158000   0.665667
517.159000   0.651452
517.160000   0.634844
517.161000   0.616288
517.162000   0.596198
517.163000   0.574827
517.164000   0.552288
517.165000   0.528672
517.166000   0.504142
517.167000   0.478978
517.168000   0.453601
517.169000   0.428569
517.170000   0.404512
517.171000   0.382000
517.172000   0.361417
517.173000   0.342940
517.174000   0.326633
517.175000   0.312539
517.176000   0.300729
517.177000   0.291317
517.178000   0.284458
517.179000   0.280325
517.180000   0.279048
517.181000   0.280621
517.182000   0.284867
517.183000   0.291489
517.184000   0.300151
517.185000   0.310523
517.186000   0.322312
517.187000   0.335309
517.188000   0.349426
517.189000   0.364658
517.190000   0.380956
517.191000   0.398119
517.192000   0.415825
517.193000   0.433721
517.194000   0.451481
517.195000   0.468824
517.196000   0.485534
517.197000   0.501476
517.198000   0.516568
517.199000   0.530687
517.200000   0.543583
517.201000   0.554904
517.202000   0.564295
517.203000   0.571486
517.204000   0.576337
517.205000   0.578829
517.206000   0.579064
517.207000   0.577252
517.208000   0.573666
517.209000   0.568572
517.210000   0.562174
517.211000   0.554624
517.212000   0.546063
517.213000   0.536659
517.214000   0.526608
517.215000   0.516131
517.216000   0.505482
517.217000   0.494932
517.218000   0.484729
517.219000   0.475016
517.220000   0.465818
517.221000   0.457118
517.222000   0.448956
517.223000   0.441477
517.224000   0.434921
517.225000   0.429580
517.226000   0.425763
517.227000   0.423753
517.228000   0.423745
517.229000   0.425792
517.230000   0.429833
517.231000   0.435772
517.232000   0.443534
517.233000   0.453065
517.234000   0.464304
517.235000   0.477160
517.236000   0.491496
517.237000   0.507100
517.238000   0.523634
517.239000   0.540618
517.240000   0.557508
517.241000   0.573799
517.242000   0.589098
517.243000   0.603119
517.244000   0.615657
517.245000   0.626568
517.246000   0.635763
517.247000   0.643173
517.248000   0.648701
517.249000   0.652223
517.250000   0.653677
517.251000   0.653132
517.252000   0.650776
517.253000   0.646871
517.254000   0.641699
517.255000   0.635534
517.256000   0.628611
517.257000   0.621064
517.258000   0.612866
517.259000   0.603865
517.260000   0.593894
517.261000   0.582849
517.262000   0.570709
517.263000   0.557531
517.264000   0.543428
517.265000   0.528582
517.266000   0.513222
517.267000   0.497550
517.268000   0.481672
517.269000   0.465640
517.270000   0.449559
517.271000   0.433646
517.272000   0.418206
517.273000   0.403606
517.274000   0.390263
517.275000   0.378619
517.276000   0.369080
517.277000   0.361877
517.278000   0.357012
517.279000   0.354347
517.280000   0.353716
517.281000   0.354989
517.282000   0.358072
517.283000   0.362909
517.284000   0.369476
517.285000   0.377755
517.286000   0.387651
517.287000   0.398890
517.288000   0.411041
517.289000   0.423654
517.290000   0.436377
517.291000   0.448995
517.292000   0.461435
517.293000   0.473762
517.294000   0.486168
517.295000   0.498895
517.296000   0.512071
517.297000   0.525593
517.298000   0.539216
517.299000   0.552698
517.300000   0.565869
517.301000   0.578645
517.302000   0.591022
517.303000   0.603066
517.304000   0.614875
517.305000   0.626480
517.306000   0.637741
517.307000   0.648344
517.308000   0.657898
517.309000   0.666030
517.310000   0.672427
517.311000   0.676878
517.312000   0.679306
517.313000   0.679794
517.314000   0.678521
517.315000   0.675601
517.316000   0.670971
517.317000   0.664486
517.318000   0.656100
517.319000   0.645952
517.320000   0.634377
517.321000   0.621873
517.322000   0.609070
517.323000   0.596654
517.324000   0.585225
517.325000   0.575157
517.326000   0.566597
517.327000   0.559584
517.328000   0.554121
517.329000   0.550178
517.330000   0.547690
517.331000   0.546579
517.332000   0.546779
517.333000   0.548224
517.334000   0.550750
517.335000   0.554017
517.336000   0.557576
517.337000   0.561010
517.338000   0.564018
517.339000   0.566423
517.340000   0.568190
517.341000   0.569442
517.342000   0.570461
517.343000   0.571583
517.344000   0.573016
517.345000   0.574768
517.346000   0.576768
517.347000   0.578973
517.348000   0.581386
517.349000   0.584034
517.350000   0.586974
517.351000   0.590306
517.352000   0.594166
517.353000   0.598608
517.354000   0.603466
517.355000   0.608368
517.356000   0.612872
517.357000   0.616565
517.358000   0.619084
517.359000   0.620120
517.360000   0.619466
517.361000   0.617057
517.362000   0.612941
517.363000   0.607128
517.364000   0.599488
517.365000   0.589840
517.366000   0.578112
517.367000   0.564400
517.368000   0.548948
517.369000   0.532127
517.370000   0.514431
517.371000   0.496442
517.372000   0.478731
517.373000   0.461699
517.374000   0.445512
517.375000   0.430203
517.376000   0.415796
517.377000   0.402341
517.378000   0.389919
517.379000   0.378655
517.380000   0.368743
517.381000   0.360425
517.382000   0.353878
517.383000   0.349075
517.384000   0.345823
517.385000   0.343936
517.386000   0.343344
517.387000   0.344113
517.388000   0.346463
517.389000   0.350770
517.390000   0.357492
517.391000   0.366937
517.392000   0.379065
517.393000   0.393603
517.394000   0.410279
517.395000   0.428903
517.396000   0.449362
517.397000   0.471616
517.398000   0.495661
517.399000   0.521396
517.400000   0.548460
517.401000   0.576248
517.402000   0.604089
517.403000   0.631356
517.404000   0.657487
517.405000   0.681983
517.406000   0.704440
517.407000   0.724577
517.408000   0.742176
517.409000   0.756963
517.410000   0.768579
517.411000   0.776712
517.412000   0.781205
517.413000   0.782065
517.414000   0.779434
517.415000   0.773553
517.416000   0.764768
517.417000   0.753512
517.418000   0.740216
517.419000   0.725205
517.420000   0.708705
517.421000   0.690944
517.422000   0.672205
517.423000   0.652820
517.424000   0.633153
517.425000   0.613608
517.426000   0.594642
517.427000   0.576695
517.428000   0.560036
517.429000   0.544663
517.430000   0.530401
517.431000   0.517062
517.432000   0.504537
517.433000   0.492810
517.434000   0.481957
517.435000   0.472145
517.436000   0.463593
517.437000   0.456452
517.438000   0.450681
517.439000   0.446107
517.440000   0.442581
517.441000   0.440064
517.442000   0.438603
517.443000   0.438272
517.444000   0.439142
517.445000   0.441299
517.446000   0.444840
517.447000   0.449813
517.448000   0.456167
517.449000   0.463786
517.450000   0.472559
517.451000   0.482375
517.452000   0.493090
517.453000   0.504502
517.454000   0.516374
517.455000   0.528465
517.456000   0.540484
517.457000   0.551986
517.458000   0.562352
517.459000   0.570935
517.460000   0.577207
517.461000   0.580819
517.462000   0.581603
517.463000   0.579577
517.464000   0.574943
517.465000   0.568043
517.466000   0.559210
517.467000   0.548636
517.468000   0.536408
517.469000   0.522641
517.470000   0.507558
517.471000   0.491463
517.472000   0.474709
517.473000   0.457687
517.474000   0.440823
517.475000   0.424526
517.476000   0.409084
517.477000   0.394614
517.478000   0.381147
517.479000   0.368741
517.480000   0.357510
517.481000   0.347598
517.482000   0.339177
517.483000   0.332468
517.484000   0.327738
517.485000   0.325209
517.486000   0.324908
517.487000   0.326623
517.488000   0.330045
517.489000   0.334910
517.490000   0.341061
517.491000   0.348453
517.492000   0.357169
517.493000   0.367406
517.494000   0.379401
517.495000   0.393255
517.496000   0.408790
517.497000   0.425607
517.498000   0.443259
517.499000   0.461378
517.500000   0.479702
517.501000   0.498076
517.501000   0.498076
517.502000   0.516449
517.503000   0.534829
517.504000   0.553183
517.505000   0.571282
517.506000   0.588667
517.507000   0.604796
517.508000   0.619189
517.509000   0.631482
517.510000   0.641421
517.511000   0.648860
517.512000   0.653774
517.513000   0.656255
517.514000   0.656430
517.515000   0.654369
517.516000   0.650089
517.517000   0.643660
517.518000   0.635251
517.519000   0.625099
517.520000   0.613489
517.521000   0.600774
517.522000   0.587406
517.523000   0.573892
517.524000   0.560658
517.525000   0.547915
517.526000   0.535667
517.527000   0.523822
517.528000   0.512286
517.529000   0.500987
517.530000   0.489918
517.531000   0.479172
517.532000   0.468952
517.533000   0.459481
517.534000   0.450844
517.535000   0.442953
517.536000   0.435679
517.537000   0.428997
517.538000   0.423007
517.539000   0.417899
517.540000   0.413936
517.541000   0.411455
517.542000   0.410829
517.543000   0.412331
517.544000   0.416012
517.545000   0.421728
517.546000   0.429263
517.547000   0.438398
517.548000   0.448884
517.549000   0.460419
517.550000   0.472670
517.551000   0.485324
517.552000   0.498080
517.553000   0.510552
517.554000   0.522204
517.555000   0.532451
517.556000   0.540805
517.557000   0.546903
517.558000   0.550441
517.559000   0.551166
517.560000   0.548958
517.561000   0.543907
517.562000   0.536267
517.563000   0.526338
517.564000   0.514421
517.565000   0.500881
517.566000   0.486149
517.567000   0.470644
517.568000   0.454724
517.569000   0.438712
517.570000   0.422956
517.571000   0.407850
517.572000   0.393767
517.573000   0.380960
517.574000   0.369531
517.575000   0.359485
517.576000   0.350765
517.577000   0.343264
517.578000   0.336864
517.579000   0.331531
517.580000   0.327389
517.581000   0.324681
517.582000   0.323597
517.583000   0.324106
517.584000   0.326018
517.585000   0.329153
517.586000   0.333416
517.587000   0.338798
517.588000   0.345393
517.589000   0.353423
517.590000   0.363199
517.591000   0.374976
517.592000   0.388794
517.593000   0.404500
517.594000   0.421907
517.595000   0.440851
517.596000   0.461141
517.597000   0.482530
517.598000   0.504757
517.599000   0.527609
517.600000   0.550926
517.601000   0.574534
517.602000   0.598170
517.603000   0.621490
517.604000   0.644113
517.605000   0.665626
517.606000   0.685595
517.607000   0.703632
517.608000   0.719464
517.609000   0.732946
517.610000   0.743982
517.611000   0.752382
517.612000   0.757821
517.613000   0.759974
517.614000   0.758683
517.615000   0.754025
517.616000   0.746267
517.617000   0.735816
517.618000   0.723189
517.619000   0.708960
517.620000   0.693650
517.621000   0.677637
517.622000   0.661193
517.623000   0.644604
517.624000   0.628219
517.625000   0.612384
517.626000   0.597346
517.627000   0.583249
517.628000   0.570212
517.629000   0.558348
517.630000   0.547720
517.631000   0.538286
517.632000   0.529966
517.633000   0.522741
517.634000   0.516678
517.635000   0.511894
517.636000   0.508499
517.637000   0.506603
517.638000   0.506306
517.639000   0.507639
517.640000   0.510463
517.641000   0.514458
517.642000   0.519242
517.643000   0.524509
517.644000   0.530092
517.645000   0.535976
517.646000   0.542283
517.647000   0.549246
517.648000   0.557122
517.649000   0.566045
517.650000   0.575914
517.651000   0.586433
517.652000   0.597259
517.653000   0.608092
517.654000   0.618707
517.655000   0.628943
517.656000   0.638692
517.657000   0.647844
517.658000   0.656180
517.659000   0.663309
517.660000   0.668758
517.661000   0.672127
517.662000   0.673164
517.663000   0.671762
517.664000   0.667952
517.665000   0.661891
517.666000   0.653828
517.667000   0.644031
517.668000   0.632710
517.669000   0.620028
517.670000   0.606173
517.671000   0.591390
517.672000   0.575975
517.673000   0.560249
517.674000   0.544556
517.675000   0.529240
517.676000   0.514592
517.677000   0.500735
517.678000   0.487602
517.679000   0.475039
517.680000   0.462924
517.681000   0.451209
517.682000   0.439927
517.683000   0.429202
517.684000   0.419259
517.685000   0.410394
517.686000   0.402851
517.687000   0.396684
517.688000   0.391800
517.689000   0.388097
517.690000   0.385567
517.691000   0.384300
517.692000   0.384477
517.693000   0.386340
517.694000   0.390154
517.695000   0.396132
517.696000   0.404345
517.697000   0.414682
517.698000   0.426911
517.699000   0.440771
517.700000   0.456017
517.701000   0.472419
517.702000   0.489762
517.703000   0.507843
517.704000   0.526475
517.705000   0.545456
517.706000   0.564508
517.707000   0.583234
517.708000   0.601164
517.709000   0.617863
517.710000   0.632992
517.711000   0.646335
517.712000   0.657780
517.713000   0.667305
517.714000   0.674939
517.715000   0.680705
517.716000   0.684562
517.717000   0.686398
517.718000   0.686102
517.719000   0.683635
517.720000   0.679073
517.721000   0.672596
517.722000   0.664469
517.723000   0.655008
517.724000   0.644534
517.725000   0.633285
517.726000   0.621332
517.727000   0.608576
517.728000   0.594855
517.729000   0.580071
517.730000   0.564262
517.731000   0.547628
517.732000   0.530520
517.733000   0.513397
517.734000   0.496740
517.735000   0.480948
517.736000   0.466285
517.737000   0.452934
517.738000   0.441072
517.739000   0.430907
517.740000   0.422660
517.741000   0.416546
517.742000   0.412758
517.743000   0.411431
517.744000   0.412602
517.745000   0.416163
517.746000   0.421877
517.747000   0.429445
517.748000   0.438572
517.749000   0.449003
517.750000   0.460543
517.751000   0.473074
517.752000   0.486531
517.753000   0.500842
517.754000   0.515843
517.755000   0.531260
517.756000   0.546763
517.757000   0.562019
517.758000   0.576740
517.759000   0.590728
517.760000   0.603927
517.761000   0.616424
517.762000   0.628384
517.763000   0.639905
517.764000   0.650925
517.765000   0.661252
517.766000   0.670640
517.767000   0.678847
517.768000   0.685655
517.769000   0.690894
517.770000   0.694470
517.771000   0.696346
517.772000   0.696491
517.773000   0.694833
517.774000   0.691280
517.775000   0.685788
517.776000   0.678369
517.777000   0.669044
517.778000   0.657831
517.779000   0.644810
517.780000   0.630207
517.781000   0.614412
517.782000   0.597897
517.783000   0.581103
517.784000   0.564373
517.785000   0.547963
517.786000   0.532056
517.787000   0.516793
517.788000   0.502319
517.789000   0.488819
517.790000   0.476513
517.791000   0.465579
517.792000   0.456041
517.793000   0.447742
517.794000   0.440447
517.795000   0.433935
517.796000   0.428042
517.797000   0.422658
517.798000   0.417735
517.799000   0.413312
517.800000   0.409503
517.801000   0.406432
517.802000   0.404156
517.803000   0.402668
517.804000   0.401963
517.805000   0.402068
517.806000   0.403039
517.807000   0.404959
517.808000   0.407921
517.809000   0.412020
517.810000   0.417295
517.811000   0.423671
517.812000   0.430935
517.813000   0.438785
517.814000   0.446901
517.815000   0.454972
517.816000   0.462697
517.817000   0.469803
517.818000   0.476080
517.819000   0.481407
517.820000   0.485716
517.821000   0.488919
517.822000   0.490921
517.823000   0.491709
517.824000   0.491435
517.825000   0.490416
517.826000   0.489084
517.827000   0.487922
517.828000   0.487390
517.829000   0.487842
517.830000   0.489446
517.831000   0.492184
517.832000   0.495934
517.833000   0.500561
517.834000   0.505951
517.835000   0.511998
517.836000   0.518581
517.837000   0.525553
517.838000   0.532732
517.839000   0.539876
517.840000   0.546644
517.841000   0.552607
517.842000   0.557324
517.843000   0.560451
517.844000   0.561805
517.845000   0.561388
517.846000   0.559377
517.847000   0.556088
517.848000   0.551907
517.849000   0.547186
517.850000   0.542186
517.851000   0.537105
517.852000   0.532146
517.853000   0.527541
517.854000   0.523548
517.855000   0.520432
517.856000   0.518471
517.857000   0.517929
517.858000   0.518987
517.859000   0.521667
517.860000   0.525786
517.861000   0.531003
517.862000   0.536904
517.863000   0.543087
517.864000   0.549241
517.865000   0.555204
517.866000   0.560991
517.867000   0.566739
517.868000   0.572584
517.869000   0.578551
517.870000   0.584555
517.871000   0.590461
517.872000   0.596102
517.873000   0.601256
517.874000   0.605684
517.875000   0.609217
517.876000   0.611830
517.877000   0.613616
517.878000   0.614669
517.879000   0.614959
517.880000   0.614317
517.881000   0.612507
517.882000   0.609315
517.883000   0.604619
517.884000   0.598447
517.885000   0.590997
517.886000   0.582613
517.887000   0.573672
517.888000   0.564444
517.889000   0.555043
517.890000   0.545514
517.891000   0.535909
517.892000   0.526269
517.893000   0.516574
517.894000   0.506760
517.895000   0.496805
517.896000   0.486766
517.897000   0.476730
517.898000   0.466738
517.899000   0.456778
517.900000   0.446807
517.901000   0.436754
517.902000   0.426513
517.903000   0.415994
517.904000   0.405200
517.905000   0.394265
517.906000   0.383388
517.907000   0.372744
517.908000   0.362434
517.909000   0.352536
517.910000   0.343169
517.911000   0.334501
517.912000   0.326743
517.913000   0.320139
517.914000   0.314960
517.915000   0.311449
517.916000   0.309714
517.917000   0.309612
517.918000   0.310788
517.919000   0.312821
517.920000   0.315358
517.921000   0.318157
517.922000   0.321105
517.923000   0.324230
517.924000   0.327702
517.925000   0.331756
517.926000   0.336572
517.927000   0.342235
517.928000   0.348824
517.929000   0.356515
517.930000   0.365554
517.931000   0.376154
517.932000   0.388415
517.933000   0.402327
517.934000   0.417781
517.935000   0.434567
517.936000   0.452330
517.937000   0.470581
517.938000   0.488767
517.939000   0.506356
517.940000   0.522885
517.941000   0.538000
517.942000   0.551487
517.943000   0.563272
517.944000   0.573343
517.945000   0.581598
517.946000   0.587739
517.947000   0.591358
517.948000   0.592151
517.949000   0.590082
517.950000   0.585411
517.951000   0.578620
517.952000   0.570334
517.953000   0.561229
517.954000   0.551941
517.955000   0.542981
517.956000   0.534721
517.957000   0.527454
517.958000   0.521431
517.959000   0.516847
517.960000   0.513793
517.961000   0.512255
517.962000   0.512131
517.963000   0.513243
517.964000   0.515289
517.965000   0.517807
