514.504000   1.102319
514.505000   1.087236
514.506000   1.072599
514.507000   1.058683
514.508000   1.045818
514.509000   1.034364
514.510000   1.024690
514.511000   1.017128
514.512000   1.011900
514.513000   1.008978
514.514000   1.007997
514.515000   1.008418
514.516000   1.009770
514.517000   1.011731
514.518000   1.014106
514.519000   1.016789
514.520000   1.019719
514.521000   1.022842
514.522000   1.026129
514.523000   1.029559
514.524000   1.032982
514.525000   1.036028
514.526000   1.038287
514.527000   1.039486
514.528000   1.039500
514.529000   1.038315
514.530000   1.035978
514.531000   1.032594
514.532000   1.028373
514.533000   1.023673
514.534000   1.018883
514.535000   1.014156
514.536000   1.009395
514.537000   1.004507
514.538000   0.999548
514.539000   0.994698
514.540000   0.990171
514.541000   0.986146
514.542000   0.982752
514.543000   0.980136
514.544000   0.978447
514.545000   0.977644
514.546000   0.977391
514.547000   0.977276
514.548000   0.977000
514.549000   0.976383
514.550000   0.975312
514.551000   0.973727
514.552000   0.971671
514.553000   0.969363
514.554000   0.967146
514.555000   0.965234
514.556000   0.963507
514.557000   0.961718
514.558000   0.959754
514.559000   0.957642
514.560000   0.955438
514.561000   0.953162
514.562000   0.950843
514.563000   0.948620
514.564000   0.946811
514.565000   0.945789
514.566000   0.945778
514.567000   0.946856
514.568000   0.949118
514.569000   0.952675
514.570000   0.957602
514.571000   0.963942
514.572000   0.971778
514.573000   0.981281
514.574000   0.992726
514.575000   1.006397
514.576000   1.022392
514.577000   1.040519
514.578000   1.060335
514.579000   1.081212
514.580000   1.102389
514.581000   1.123035
514.582000   1.142333
514.583000   1.159581
514.584000   1.174301
514.585000   1.186291
514.586000   1.195523
514.587000   1.201957
514.588000   1.205467
514.589000   1.205954
514.590000   1.203468
514.591000   1.198244
514.592000   1.190687
514.593000   1.181342
514.594000   1.170870
514.595000   1.160014
514.596000   1.149522
514.597000   1.139995
514.598000   1.131719
514.599000   1.124677
514.600000   1.118744
514.601000   1.113862
514.602000   1.110104
514.603000   1.107651
514.604000   1.106760
514.605000   1.107721
514.606000   1.110806
514.607000   1.116191
514.608000   1.123883
514.609000   1.133647
514.610000   1.145053
514.611000   1.157663
514.612000   1.171137
514.613000   1.185227
514.614000   1.199700
514.615000   1.214283
514.616000   1.228609
514.617000   1.242235
514.618000   1.254724
514.619000   1.265743
514.620000   1.275004
514.621000   1.282140
514.622000   1.286751
514.623000   1.288573
514.624000   1.287573
514.625000   1.283930
514.626000   1.277968
514.627000   1.270091
514.628000   1.260766
514.629000   1.250509
514.630000   1.239820
514.631000   1.229090
514.632000   1.218596
514.633000   1.208568
514.634000   1.199218
514.635000   1.190690
514.636000   1.182989
514.637000   1.175956
514.638000   1.169346
514.639000   1.162930
514.640000   1.156583
514.641000   1.150275
514.642000   1.144021
514.643000   1.137854
514.644000   1.131856
514.645000   1.126161
514.646000   1.120936
514.647000   1.116376
514.648000   1.112744
514.649000   1.110379
514.650000   1.109639
514.651000   1.110807
514.652000   1.114040
514.653000   1.119387
514.654000   1.126821
514.655000   1.136237
514.656000   1.147413
514.657000   1.159986
514.658000   1.173465
514.659000   1.187302
514.660000   1.200953
514.661000   1.213914
514.662000   1.225744
514.663000   1.236101
514.664000   1.244772
514.665000   1.251656
514.666000   1.256656
514.667000   1.259611
514.668000   1.260366
514.669000   1.258902
514.670000   1.255412
514.671000   1.250278
514.672000   1.244012
514.673000   1.237191
514.674000   1.230385
514.675000   1.224089
514.676000   1.218664
514.677000   1.214316
514.678000   1.211121
514.679000   1.209034
514.680000   1.207915
514.681000   1.207546
514.682000   1.207669
514.683000   1.208010
514.684000   1.208289
514.685000   1.208201
514.686000   1.207378
514.687000   1.205388
514.688000   1.201807
514.689000   1.196323
514.690000   1.188830
514.691000   1.179469
514.692000   1.168616
514.693000   1.156795
514.694000   1.144545
514.695000   1.132321
514.696000   1.120490
514.697000   1.109428
514.698000   1.099594
514.699000   1.091536
514.700000   1.085849
514.701000   1.083110
514.702000   1.083816
514.703000   1.088315
514.704000   1.096735
514.705000   1.108936
514.706000   1.124530
514.707000   1.142963
514.708000   1.163594
514.709000   1.185762
514.710000   1.208813
514.711000   1.232134
514.712000   1.255155
514.713000   1.277333
514.714000   1.298093
514.715000   1.316788
514.716000   1.332729
514.717000   1.345307
514.718000   1.354095
514.719000   1.358919
514.720000   1.359855
514.721000   1.357197
514.722000   1.351391
514.723000   1.342962
514.724000   1.332455
514.725000   1.320425
514.726000   1.307425
514.727000   1.293959
514.728000   1.280396
514.729000   1.266950
514.730000   1.253730
514.731000   1.240791
514.732000   1.228167
514.733000   1.215908
514.734000   1.204102
514.735000   1.192898
514.736000   1.182475
514.737000   1.172935
514.738000   1.164193
514.739000   1.156017
514.740000   1.148185
514.741000   1.140582
514.742000   1.133179
514.743000   1.125951
514.744000   1.118825
514.745000   1.111715
514.746000   1.104587
514.747000   1.097505
514.748000   1.090636
514.749000   1.084220
514.750000   1.078532
514.751000   1.073830
514.752000   1.070278
514.753000   1.067911
514.754000   1.066638
514.755000   1.066309
514.756000   1.066769
514.757000   1.067917
514.758000   1.069735
514.759000   1.072257
514.760000   1.075436
514.761000   1.079030
514.762000   1.082676
514.763000   1.086002
514.764000   1.088692
514.765000   1.090529
514.766000   1.091446
514.767000   1.091552
514.768000   1.091118
514.769000   1.090524
514.770000   1.090148
514.771000   1.090254
514.772000   1.090972
514.773000   1.092342
514.774000   1.094360
514.775000   1.097006
514.776000   1.100248
514.777000   1.104039
514.778000   1.108331
514.779000   1.113111
514.780000   1.118410
514.781000   1.124234
514.782000   1.130393
514.783000   1.136426
514.784000   1.141744
514.785000   1.145827
514.786000   1.148341
514.787000   1.149164
514.788000   1.148393
514.789000   1.146357
514.790000   1.143592
514.791000   1.140754
514.792000   1.138419
514.793000   1.136875
514.794000   1.136118
514.795000   1.136065
514.796000   1.136730
514.797000   1.138244
514.798000   1.140806
514.799000   1.144626
514.800000   1.149866
514.801000   1.156602
514.802000   1.164794
514.803000   1.174224
514.804000   1.184399
514.805000   1.194647
514.806000   1.204347
514.807000   1.213058
514.808000   1.220524
514.809000   1.226604
514.810000   1.231212
514.811000   1.234268
514.812000   1.235718
514.813000   1.235568
514.814000   1.233855
514.815000   1.230585
514.816000   1.225751
514.817000   1.219427
514.818000   1.211809
514.819000   1.203162
514.820000   1.193754
514.821000   1.183824
514.822000   1.173613
514.823000   1.163445
514.824000   1.153756
514.825000   1.145031
514.826000   1.137678
514.827000   1.132007
514.828000   1.128273
514.829000   1.126702
514.830000   1.127437
514.831000   1.130516
514.832000   1.135893
514.833000   1.143491
514.834000   1.153254
514.835000   1.165143
514.836000   1.179060
514.837000   1.194722
514.838000   1.211622
514.839000   1.229100
514.840000   1.246432
514.841000   1.262900
514.842000   1.277855
514.843000   1.290784
514.844000   1.301366
514.845000   1.309529
514.846000   1.315417
514.847000   1.319256
514.848000   1.321167
514.849000   1.321164
514.850000   1.319263
514.851000   1.315532
514.852000   1.310058
514.853000   1.302922
514.854000   1.294193
514.855000   1.283979
514.856000   1.272493
514.857000   1.260104
514.858000   1.247280
514.859000   1.234388
514.860000   1.221549
514.861000   1.208729
514.862000   1.195917
514.863000   1.183197
514.864000   1.170763
514.865000   1.158900
514.866000   1.147982
514.867000   1.138462
514.868000   1.130811
514.869000   1.125363
514.870000   1.122115
514.871000   1.120721
514.872000   1.120663
514.873000   1.121410
514.874000   1.122487
514.875000   1.123491
514.876000   1.124108
514.877000   1.124132
514.878000   1.123484
514.879000   1.122208
514.880000   1.120408
514.881000   1.118094
514.882000   1.115069
514.883000   1.111061
514.884000   1.105969
514.885000   1.099982
514.886000   1.093531
514.887000   1.087174
514.888000   1.081462
514.889000   1.076819
514.890000   1.073484
514.891000   1.071560
514.892000   1.071101
514.893000   1.072141
514.894000   1.074674
514.895000   1.078694
514.896000   1.084236
514.897000   1.091356
514.898000   1.100041
514.899000   1.110120
514.900000   1.121251
514.901000   1.133014
514.902000   1.145049
514.903000   1.157099
514.904000   1.168901
514.905000   1.180080
514.906000   1.190177
514.907000   1.198740
514.908000   1.205336
514.909000   1.209523
514.910000   1.210870
514.911000   1.209036
514.912000   1.203850
514.913000   1.195360
514.914000   1.183833
514.915000   1.169717
514.916000   1.153573
514.917000   1.135985
514.918000   1.117501
514.919000   1.098601
514.920000   1.079711
514.921000   1.061221
514.922000   1.043511
514.923000   1.026962
514.924000   1.011956
514.925000   0.998886
514.926000   0.988146
514.927000   0.980095
514.928000   0.974968
514.929000   0.972822
514.930000   0.973576
514.931000   0.977094
514.932000   0.983246
514.933000   0.991918
514.934000   1.002997
514.935000   1.016347
514.936000   1.031803
514.937000   1.049141
514.938000   1.068050
514.939000   1.088123
514.940000   1.108868
514.941000   1.129750
514.942000   1.150218
514.943000   1.169712
514.944000   1.187689
514.945000   1.203671
514.946000   1.217295
514.947000   1.228335
514.948000   1.236686
514.949000   1.242327
514.950000   1.245338
514.951000   1.245944
514.952000   1.244548
514.953000   1.241709
514.954000   1.238074
514.955000   1.234301
514.956000   1.231010
514.957000   1.228726
514.958000   1.227824
514.959000   1.228492
514.960000   1.230759
514.961000   1.234547
514.962000   1.239708
514.963000   1.246061
514.964000   1.253401
514.965000   1.261491
514.966000   1.270021
514.967000   1.278584
514.968000   1.286676
514.969000   1.293747
514.970000   1.299276
514.971000   1.302847
514.972000   1.304196
514.973000   1.303241
514.974000   1.300084
514.975000   1.294950
514.976000   1.288052
514.977000   1.279472
514.978000   1.269165
514.979000   1.257097
514.980000   1.243394
514.981000   1.228407
514.982000   1.212701
514.983000   1.196982
514.984000   1.182006
514.985000   1.168472
514.986000   1.156944
514.987000   1.147808
514.988000   1.141207
514.989000   1.136996
514.990000   1.134820
514.991000   1.134248
514.992000   1.134867
514.993000   1.136290
514.994000   1.138121
514.995000   1.139900
514.996000   1.141105
514.997000   1.141242
514.998000   1.139934
514.999000   1.136914
515.000000   1.131993
515.001000   1.125130
515.001000   1.125130
515.002000   1.116510
515.003000   1.106517
515.004000   1.095622
515.005000   1.084279
515.006000   1.072914
515.007000   1.061981
515.008000   1.052009
515.009000   1.043570
515.010000   1.037193
515.011000   1.033276
515.012000   1.032085
515.013000   1.033766
515.014000   1.038292
515.015000   1.045421
515.016000   1.054735
515.017000   1.065745
515.018000   1.078002
515.019000   1.091167
515.020000   1.105004
515.021000   1.119280
515.022000   1.133668
515.023000   1.147741
515.024000   1.161016
515.025000   1.173023
515.026000   1.183404
515.027000   1.191974
515.028000   1.198750
515.029000   1.203934
515.030000   1.207863
515.031000   1.210907
515.032000   1.213318
515.033000   1.215121
515.034000   1.216140
515.035000   1.216132
515.036000   1.214910
515.037000   1.212402
515.038000   1.208657
515.039000   1.203830
515.040000   1.198175
515.041000   1.192017
515.042000   1.185672
515.043000   1.179325
515.044000   1.172967
515.045000   1.166464
515.046000   1.159695
515.047000   1.152627
515.048000   1.145328
515.049000   1.137966
515.050000   1.130808
515.051000   1.124196
515.052000   1.118484
515.053000   1.113920
515.054000   1.110579
515.055000   1.108366
515.056000   1.107075
515.057000   1.106474
515.058000   1.106364
515.059000   1.106623
515.060000   1.107233
515.061000   1.108303
515.062000   1.110062
515.063000   1.112805
515.064000   1.116798
515.065000   1.122175
515.066000   1.128883
515.067000   1.136720
515.068000   1.145435
515.069000   1.154805
515.070000   1.164685
515.071000   1.175024
515.072000   1.185836
515.073000   1.197130
515.074000   1.208854
515.075000   1.220833
515.076000   1.232731
515.077000   1.244102
515.078000   1.254533
515.079000   1.263775
515.080000   1.271767
515.081000   1.278580
515.082000   1.284314
515.083000   1.289022
515.084000   1.292694
515.085000   1.295267
515.086000   1.296581
515.087000   1.296345
515.088000   1.294223
515.089000   1.289974
515.090000   1.283535
515.091000   1.275030
515.092000   1.264750
515.093000   1.253110
515.094000   1.240600
515.095000   1.227682
515.096000   1.214628
515.097000   1.201467
515.098000   1.188137
515.099000   1.174672
515.100000   1.161268
515.101000   1.148212
515.102000   1.135766
515.103000   1.124067
515.104000   1.113140
515.105000   1.102978
515.106000   1.093579
515.107000   1.084928
515.108000   1.077034
515.109000   1.069993
515.110000   1.063982
515.111000   1.059195
515.112000   1.055754
515.113000   1.053695
515.114000   1.053041
515.115000   1.053875
515.116000   1.056312
515.117000   1.060396
515.118000   1.066068
515.119000   1.073230
515.120000   1.081783
515.121000   1.091589
515.122000   1.102418
515.123000   1.113954
515.124000   1.125873
515.125000   1.137905
515.126000   1.149817
515.127000   1.161307
515.128000   1.171979
515.129000   1.181455
515.130000   1.189473
515.131000   1.195874
515.132000   1.200529
515.133000   1.203355
515.134000   1.204391
515.135000   1.203858
515.136000   1.202143
515.137000   1.199706
515.138000   1.196957
515.139000   1.194201
515.140000   1.191621
515.141000   1.189248
515.142000   1.186988
515.143000   1.184731
515.144000   1.182436
515.145000   1.180173
515.146000   1.178105
515.147000   1.176440
515.148000   1.175342
515.149000   1.174861
515.150000   1.174913
515.151000   1.175307
515.152000   1.175816
515.153000   1.176262
515.154000   1.176574
515.155000   1.176797
515.156000   1.177082
515.157000   1.177654
515.158000   1.178723
515.159000   1.180358
515.160000   1.182433
515.161000   1.184687
515.162000   1.186845
515.163000   1.188713
515.164000   1.190185
515.165000   1.191230
515.166000   1.191874
515.167000   1.192192
515.168000   1.192294
515.169000   1.192258
515.170000   1.192048
515.171000   1.191502
515.172000   1.190414
515.173000   1.188630
515.174000   1.186116
515.175000   1.182970
515.176000   1.179443
515.177000   1.175946
515.178000   1.173017
515.179000   1.171208
515.180000   1.170941
515.181000   1.172432
515.182000   1.175720
515.183000   1.180728
515.184000   1.187298
515.185000   1.195204
515.186000   1.204169
515.187000   1.213889
515.188000   1.224035
515.189000   1.234220
515.190000   1.243939
515.191000   1.252555
515.192000   1.259347
515.193000   1.263612
515.194000   1.264770
515.195000   1.262457
515.196000   1.256597
515.197000   1.247419
515.198000   1.235416
515.199000   1.221245
515.200000   1.205602
515.201000   1.189168
515.202000   1.172611
515.203000   1.156607
515.204000   1.141832
515.205000   1.128962
515.206000   1.118660
515.207000   1.111553
515.208000   1.108150
515.209000   1.108727
515.210000   1.113212
515.211000   1.121206
515.212000   1.132091
515.213000   1.145137
515.214000   1.159589
515.215000   1.174733
515.216000   1.189968
515.217000   1.204848
515.218000   1.219038
515.219000   1.232211
515.220000   1.243983
515.221000   1.253961
515.222000   1.261833
515.223000   1.267417
515.224000   1.270670
515.225000   1.271688
515.226000   1.270701
515.227000   1.268035
515.228000   1.264002
515.229000   1.258778
515.230000   1.252367
515.231000   1.244703
515.232000   1.235781
515.233000   1.225730
515.234000   1.214824
515.235000   1.203474
515.236000   1.192195
515.237000   1.181524
515.238000   1.171884
515.239000   1.163504
515.240000   1.156490
515.241000   1.150959
515.242000   1.147107
515.243000   1.145187
515.244000   1.145467
515.245000   1.148183
515.246000   1.153481
515.247000   1.161340
515.248000   1.171489
515.249000   1.183423
515.250000   1.196505
515.251000   1.210065
515.252000   1.223456
515.253000   1.236088
515.254000   1.247461
515.255000   1.257191
515.256000   1.264994
515.257000   1.270609
515.258000   1.273722
515.259000   1.274026
515.260000   1.271367
515.261000   1.265857
515.262000   1.257886
515.263000   1.248084
515.264000   1.237253
515.265000   1.226265
515.266000   1.215929
515.267000   1.206851
515.268000   1.199402
515.269000   1.193795
515.270000   1.190175
515.271000   1.188641
515.272000   1.189220
515.273000   1.191830
515.274000   1.196283
515.275000   1.202292
515.276000   1.209460
515.277000   1.217213
515.278000   1.224779
515.279000   1.231273
515.280000   1.235840
515.281000   1.237769
515.282000   1.236566
515.283000   1.231994
515.284000   1.224097
515.285000   1.213179
515.286000   1.199704
515.287000   1.184152
515.288000   1.166952
515.289000   1.148538
515.290000   1.129397
515.291000   1.110071
515.292000   1.091148
515.293000   1.073270
515.294000   1.057126
515.295000   1.043397
515.296000   1.032663
515.297000   1.025304
515.298000   1.021465
515.299000   1.021075
515.300000   1.023866
515.301000   1.029392
515.302000   1.037081
515.303000   1.046311
515.304000   1.056475
515.305000   1.066991
515.306000   1.077268
515.307000   1.086665
515.308000   1.094541
515.309000   1.100368
515.310000   1.103791
515.311000   1.104620
515.312000   1.102851
515.313000   1.098727
515.314000   1.092741
515.315000   1.085517
515.316000   1.077645
515.317000   1.069603
515.318000   1.061806
515.319000   1.054677
515.320000   1.048644
515.321000   1.044093
515.322000   1.041346
515.323000   1.040659
515.324000   1.042205
515.325000   1.046017
515.326000   1.051931
515.327000   1.059588
515.328000   1.068521
515.329000   1.078242
515.330000   1.088305
515.331000   1.098301
515.332000   1.107871
515.333000   1.116742
515.334000   1.124731
515.335000   1.131657
515.336000   1.137221
515.337000   1.141052
515.338000   1.142868
515.339000   1.142603
515.340000   1.140445
515.341000   1.136809
515.342000   1.132282
515.343000   1.127528
515.344000   1.123152
515.345000   1.119559
515.346000   1.116937
515.347000   1.115342
515.348000   1.114798
515.349000   1.115342
515.350000   1.117041
515.351000   1.119992
515.352000   1.124325
515.353000   1.130156
515.354000   1.137512
515.355000   1.146254
515.356000   1.156084
515.357000   1.166626
515.358000   1.177506
515.359000   1.188394
515.360000   1.199042
515.361000   1.209318
515.362000   1.219215
515.363000   1.228811
515.364000   1.238152
515.365000   1.247156
515.366000   1.255650
515.367000   1.263484
515.368000   1.270621
515.369000   1.277143
515.370000   1.283235
515.371000   1.289159
515.372000   1.295219
515.373000   1.301703
515.374000   1.308788
515.375000   1.316472
515.376000   1.324587
515.377000   1.332865
515.378000   1.341004
515.379000   1.348707
515.380000   1.355723
515.381000   1.361889
515.382000   1.367158
515.383000   1.371594
515.384000   1.375296
515.385000   1.378308
515.386000   1.380583
515.387000   1.382015
515.388000   1.382500
515.389000   1.381965
515.390000   1.380409
515.391000   1.377925
515.392000   1.374703
515.393000   1.370979
515.394000   1.366952
515.395000   1.362723
515.396000   1.358331
515.397000   1.353801
515.398000   1.349171
515.399000   1.344491
515.400000   1.339827
515.401000   1.335291
515.402000   1.331050
515.403000   1.327294
515.404000   1.324155
515.405000   1.321654
515.406000   1.319720
515.407000   1.318236
515.408000   1.317052
515.409000   1.315990
515.410000   1.314878
515.411000   1.313598
515.412000   1.312088
515.413000   1.310256
515.414000   1.307884
515.415000   1.304655
515.416000   1.300284
515.417000   1.294627
515.418000   1.287702
515.419000   1.279662
515.420000   1.270773
515.421000   1.261384
515.422000   1.251858
515.423000   1.242480
515.424000   1.233408
515.425000   1.224737
515.426000   1.216564
515.427000   1.209008
515.428000   1.202196
515.429000   1.196235
515.430000   1.191180
515.431000   1.187016
515.432000   1.183628
515.433000   1.180784
515.434000   1.178168
515.435000   1.175476
515.436000   1.172495
515.437000   1.169152
515.438000   1.165533
515.439000   1.161889
515.440000   1.158598
515.441000   1.156040
515.442000   1.154430
515.443000   1.153736
515.444000   1.153773
515.445000   1.154344
515.446000   1.155324
515.447000   1.156689
515.448000   1.158507
515.449000   1.160918
515.450000   1.164047
515.451000   1.167877
515.452000   1.172174
515.453000   1.176565
515.454000   1.180694
515.455000   1.184314
515.456000   1.187320
515.457000   1.189736
515.458000   1.191693
515.459000   1.193378
515.460000   1.194929
515.461000   1.196331
515.462000   1.197409
515.463000   1.197949
515.464000   1.197800
515.465000   1.196908
515.466000   1.195297
515.467000   1.193050
515.468000   1.190279
515.469000   1.187087
515.470000   1.183495
515.471000   1.179384
515.472000   1.174540
515.473000   1.168770
515.474000   1.161983
515.475000   1.154216
515.476000   1.145617
515.477000   1.136421
515.478000   1.126911
515.479000   1.117348
515.480000   1.107869
515.481000   1.098461
515.482000   1.089055
515.483000   1.079651
515.484000   1.070368
515.485000   1.061429
515.486000   1.053124
515.487000   1.045765
515.488000   1.039647
515.489000   1.034999
515.490000   1.031936
515.491000   1.030473
515.492000   1.030594
515.493000   1.032300
515.494000   1.035616
515.495000   1.040568
515.496000   1.047159
515.497000   1.055341
515.498000   1.064970
515.499000   1.075763
515.500000   1.087256
515.501000   1.098853
515.501000   1.098853
515.502000   1.109932
515.503000   1.119942
515.504000   1.128448
515.505000   1.135158
515.506000   1.139936
515.507000   1.142809
515.508000   1.143944
515.509000   1.143575
515.510000   1.141917
515.511000   1.139145
515.512000   1.135440
515.513000   1.131041
515.514000   1.126267
515.515000   1.121499
515.516000   1.117173
515.517000   1.113767
515.518000   1.111758
515.519000   1.111522
515.520000   1.113227
515.521000   1.116811
515.522000   1.122042
515.523000   1.128598
515.524000   1.136123
515.525000   1.144278
515.526000   1.152796
515.527000   1.161519
515.528000   1.170375
515.529000   1.179274
515.530000   1.188005
515.531000   1.196207
515.532000   1.203442
515.533000   1.209291
515.534000   1.213427
515.535000   1.215652
515.536000   1.215917
515.537000   1.214313
515.538000   1.211018
515.539000   1.206207
515.540000   1.199970
515.541000   1.192310
515.542000   1.183209
515.543000   1.172716
515.544000   1.161001
515.545000   1.148388
515.546000   1.135358
515.547000   1.122519
515.548000   1.110497
515.549000   1.099771
515.550000   1.090575
515.551000   1.082928
515.552000   1.076754
515.553000   1.071998
515.554000   1.068692
515.555000   1.066970
515.556000   1.067032
515.557000   1.069074
515.558000   1.073189
515.559000   1.079280
515.560000   1.087037
515.561000   1.095982
515.562000   1.105554
515.563000   1.115200
515.564000   1.124422
515.565000   1.132800
515.566000   1.140004
515.567000   1.145775
515.568000   1.149908
515.569000   1.152224
515.570000   1.152586
515.571000   1.150949
515.572000   1.147405
515.573000   1.142208
515.574000   1.135772
515.575000   1.128646
515.576000   1.121459
515.577000   1.114859
515.578000   1.109458
515.579000   1.105808
515.580000   1.104400
515.581000   1.105637
515.582000   1.109780
515.583000   1.116915
515.584000   1.126961
515.585000   1.139700
515.586000   1.154804
515.587000   1.171838
515.588000   1.190247
515.589000   1.209366
515.590000   1.228467
515.591000   1.246817
515.592000   1.263726
515.593000   1.278579
515.594000   1.290880
515.595000   1.300275
515.596000   1.306550
515.597000   1.309598
515.598000   1.309407
515.599000   1.306079
515.600000   1.299868
515.601000   1.291167
515.602000   1.280436
515.603000   1.268113
515.604000   1.254581
515.605000   1.240182
515.606000   1.225248
515.607000   1.210125
515.608000   1.195205
515.609000   1.180946
515.610000   1.167866
515.611000   1.156469
515.612000   1.147133
515.613000   1.140035
515.614000   1.135178
515.615000   1.132474
515.616000   1.131792
515.617000   1.132945
515.618000   1.135656
515.619000   1.139555
515.620000   1.144238
515.621000   1.149333
515.622000   1.154552
515.623000   1.159703
515.624000   1.164681
515.625000   1.169428
515.626000   1.173891
515.627000   1.177963
515.628000   1.181498
515.629000   1.184389
515.630000   1.186655
515.631000   1.188489
515.632000   1.190227
515.633000   1.192276
515.634000   1.195021
515.635000   1.198781
515.636000   1.203779
515.637000   1.210118
515.638000   1.217769
515.639000   1.226577
515.640000   1.236301
515.641000   1.246648
515.642000   1.257300
515.643000   1.267923
515.644000   1.278151
515.645000   1.287560
515.646000   1.295647
515.647000   1.301809
515.648000   1.305417
515.649000   1.305945
515.650000   1.303095
515.651000   1.296865
515.652000   1.287550
515.653000   1.275677
515.654000   1.261902
515.655000   1.246892
515.656000   1.231237
515.657000   1.215429
515.658000   1.199891
515.659000   1.185006
515.660000   1.171115
515.661000   1.158495
515.662000   1.147338
515.663000   1.137741
515.664000   1.129700
515.665000   1.123101
515.666000   1.117696
515.667000   1.113104
515.668000   1.108862
515.669000   1.104511
515.670000   1.099687
515.671000   1.094182
515.672000   1.087988
515.673000   1.081303
515.674000   1.074481
515.675000   1.067914
515.676000   1.061885
515.677000   1.056522
515.678000   1.051870
515.679000   1.047974
515.680000   1.044911
515.681000   1.042766
515.682000   1.041601
515.683000   1.041432
515.684000   1.042227
515.685000   1.043919
515.686000   1.046413
515.687000   1.049603
515.688000   1.053347
515.689000   1.057459
515.690000   1.061702
515.691000   1.065824
515.692000   1.069589
515.693000   1.072830
515.694000   1.075464
515.695000   1.077467
515.696000   1.078802
515.697000   1.079381
515.698000   1.079076
515.699000   1.077751
515.700000   1.075294
515.701000   1.071669
515.702000   1.066970
515.703000   1.061449
515.704000   1.055476
515.705000   1.049470
515.706000   1.043839
515.707000   1.038962
515.708000   1.035188
515.709000   1.032807
515.710000   1.032020
515.711000   1.032917
515.712000   1.035501
515.713000   1.039697
515.714000   1.045338
515.715000   1.052137
515.716000   1.059677
515.717000   1.067452
515.718000   1.074919
515.719000   1.081539
515.720000   1.086780
515.721000   1.090126
515.722000   1.091152
515.723000   1.089606
515.724000   1.085451
515.725000   1.078833
515.726000   1.070057
515.727000   1.059591
515.728000   1.048066
515.729000   1.036235
515.730000   1.024899
515.731000   1.014837
515.732000   1.006781
515.733000   1.001384
515.734000   0.999158
515.735000   1.000383
515.736000   1.005049
515.737000   1.012881
515.738000   1.023426
515.739000   1.036142
515.740000   1.050452
515.741000   1.065776
515.742000   1.081536
515.743000   1.097194
515.744000   1.112268
515.745000   1.126284
515.746000   1.138769
515.747000   1.149341
515.748000   1.157830
515.749000   1.164336
515.750000   1.169198
515.751000   1.172913
515.752000   1.176032
515.753000   1.179075
515.754000   1.182471
515.755000   1.186533
515.756000   1.191477
515.757000   1.197452
515.758000   1.204548
515.759000   1.212778
515.760000   1.222069
515.761000   1.232257
515.762000   1.243105
515.763000   1.254308
515.764000   1.265473
515.765000   1.276104
515.766000   1.285645
515.767000   1.293592
515.768000   1.299618
515.769000   1.303644
515.770000   1.305872
515.771000   1.306750
515.772000   1.306893
515.773000   1.306924
515.774000   1.307333
515.775000   1.308451
515.776000   1.310508
515.777000   1.313685
515.778000   1.318104
515.779000   1.323808
515.780000   1.330739
515.781000   1.338757
515.782000   1.347644
515.783000   1.357084
515.784000   1.366625
515.785000   1.375658
515.786000   1.383474
515.787000   1.389365
515.788000   1.392713
515.789000   1.393071
515.790000   1.390208
515.791000   1.384140
515.792000   1.375108
515.793000   1.363470
515.794000   1.349593
515.795000   1.333826
515.796000   1.316600
515.797000   1.298522
515.798000   1.280377
515.799000   1.263053
515.800000   1.247429
515.801000   1.234283
515.802000   1.224212
515.803000   1.217584
515.804000   1.214530
515.805000   1.214979
515.806000   1.218695
515.807000   1.225298
515.808000   1.234315
515.809000   1.245233
515.810000   1.257532
515.811000   1.270708
515.812000   1.284280
515.813000   1.297780
515.814000   1.310749
515.815000   1.322711
515.816000   1.333166
515.817000   1.341676
515.818000   1.348000
515.819000   1.352162
515.820000   1.354390
515.821000   1.354972
515.822000   1.354118
515.823000   1.351922
515.824000   1.348414
515.825000   1.343649
515.826000   1.337739
515.827000   1.330819
515.828000   1.323018
515.829000   1.314466
515.830000   1.305309
515.831000   1.295683
515.832000   1.285708
515.833000   1.275524
515.834000   1.265347
515.835000   1.255518
515.836000   1.246486
515.837000   1.238694
515.838000   1.232431
515.839000   1.227796
515.840000   1.224776
515.841000   1.223258
515.842000   1.222980
515.843000   1.223509
515.844000   1.224284
515.845000   1.224685
515.846000   1.224136
515.847000   1.222199
515.848000   1.218642
515.849000   1.213419
515.850000   1.206555
515.851000   1.198053
515.852000   1.187932
515.853000   1.176317
515.854000   1.163498
515.855000   1.149927
515.856000   1.136196
515.857000   1.122998
515.858000   1.111101
515.859000   1.101275
515.860000   1.094160
515.861000   1.090101
515.862000   1.089067
515.863000   1.090750
515.864000   1.094719
515.865000   1.100501
515.866000   1.107622
515.867000   1.115635
515.868000   1.124166
515.869000   1.132955
515.870000   1.141853
515.871000   1.150736
515.872000   1.159342
515.873000   1.167229
515.874000   1.173929
515.875000   1.179115
515.876000   1.182659
515.877000   1.184617
515.878000   1.185175
515.879000   1.184584
515.880000   1.183084
515.881000   1.180862
515.882000   1.178054
515.883000   1.174735
515.884000   1.170916
515.885000   1.166611
515.886000   1.161916
515.887000   1.157035
515.888000   1.152254
515.889000   1.147871
515.890000   1.144147
515.891000   1.141296
515.892000   1.139515
515.893000   1.138925
515.894000   1.139404
515.895000   1.140561
515.896000   1.141965
515.897000   1.143325
515.898000   1.144490
515.899000   1.145377
515.900000   1.145921
515.901000   1.146113
515.902000   1.146036
515.903000   1.145799
515.904000   1.145417
515.905000   1.144802
515.906000   1.143872
515.907000   1.142594
515.908000   1.140951
515.909000   1.138896
515.910000   1.136374
515.911000   1.133396
515.912000   1.130102
515.913000   1.126757
515.914000   1.123616
515.915000   1.120809
515.916000   1.118359
515.917000   1.116249
515.918000   1.114450
515.919000   1.112924
515.920000   1.111678
515.921000   1.110808
515.922000   1.110522
515.923000   1.111075
515.924000   1.112614
515.925000   1.115063
515.926000   1.118178
515.927000   1.121665
515.928000   1.125244
515.929000   1.128667
515.930000   1.131741
515.931000   1.134344
515.932000   1.136450
515.933000   1.138136
515.934000   1.139529
515.935000   1.140677
515.936000   1.141436
515.937000   1.141513
515.938000   1.140603
515.939000   1.138509
515.940000   1.135209
515.941000   1.130878
515.942000   1.125885
515.943000   1.120760
515.944000   1.116094
515.945000   1.112364
515.946000   1.109795
515.947000   1.108406
515.948000   1.108139
515.949000   1.108944
515.950000   1.110812
515.951000   1.113783
515.952000   1.117950
515.953000   1.123456
515.954000   1.130474
515.955000   1.139111
515.956000   1.149294
515.957000   1.160736
515.958000   1.173019
515.959000   1.185699
515.960000   1.198379
515.961000   1.210756
515.962000   1.222653
515.963000   1.234056
515.964000   1.245086
515.965000   1.255854
515.966000   1.266242
515.967000   1.275863
515.968000   1.284223
515.969000   1.290893
515.970000   1.295579
515.971000   1.298121
515.972000   1.298497
515.973000   1.296816
515.974000   1.293305
515.975000   1.288201
515.976000   1.281590
515.977000   1.273333
515.978000   1.263204
515.979000   1.251095
515.980000   1.237134
515.981000   1.221701
515.982000   1.205390
515.983000   1.188958
515.984000   1.173240
515.985000   1.159006
515.986000   1.146774
515.987000   1.136724
515.988000   1.128775
515.989000   1.122750
515.990000   1.118491
515.991000   1.115896
515.992000   1.114923
515.993000   1.115585
515.994000   1.117916
515.995000   1.121898
515.996000   1.127372
515.997000   1.134005
515.998000   1.141341
515.999000   1.148910
516.000000   1.156337
516.001000   1.163410
516.001000   1.163410
516.002000   1.170099
516.003000   1.176516
516.004000   1.182844
516.005000   1.189238
516.006000   1.195775
516.007000   1.202454
516.008000   1.209157
516.009000   1.215624
516.010000   1.221519
516.011000   1.226556
516.012000   1.230559
516.013000   1.233463
516.014000   1.235254
516.015000   1.235931
516.016000   1.235499
516.017000   1.234015
516.018000   1.231600
516.019000   1.228375
516.020000   1.224429
516.021000   1.219873
516.022000   1.214931
516.023000   1.209927
516.024000   1.205192
516.025000   1.200952
516.026000   1.197322
516.027000   1.194375
516.028000   1.192181
516.029000   1.190771
516.030000   1.190069
516.031000   1.189897
516.032000   1.190067
516.033000   1.190422
516.034000   1.190824
516.035000   1.191143
516.036000   1.191293
516.037000   1.191285
516.038000   1.191245
516.039000   1.191361
516.040000   1.191755
516.041000   1.192386
516.042000   1.193071
516.043000   1.193568
516.044000   1.193623
516.045000   1.193010
516.046000   1.191589
516.047000   1.189366
516.048000   1.186516
516.049000   1.183357
516.050000   1.180231
516.051000   1.177355
516.052000   1.174766
516.053000   1.172363
516.054000   1.170007
516.055000   1.167624
516.056000   1.165271
516.057000   1.163150
516.058000   1.161591
516.059000   1.161027
516.060000   1.161904
516.061000   1.164546
516.062000   1.169041
516.063000   1.175241
516.064000   1.182871
516.065000   1.191616
516.066000   1.201174
516.067000   1.211257
516.068000   1.221601
516.069000   1.231975
516.070000   1.242180
516.071000   1.251984
516.072000   1.260999
516.073000   1.268626
516.074000   1.274171
516.075000   1.277034
516.076000   1.276850
516.077000   1.273545
516.078000   1.267337
516.079000   1.258713
516.080000   1.248347
516.081000   1.236966
516.082000   1.225181
516.083000   1.213377
516.084000   1.201722
516.085000   1.190295
516.086000   1.179220
516.087000   1.168729
516.088000   1.159160
516.089000   1.150913
516.090000   1.144376
516.091000   1.139843
516.092000   1.137442
516.093000   1.137097
516.094000   1.138534
516.095000   1.141327
516.096000   1.145027
516.097000   1.149265
516.098000   1.153773
516.099000   1.158332
516.100000   1.162680
516.101000   1.166445
516.102000   1.169191
516.103000   1.170551
516.104000   1.170296
516.105000   1.168293
516.106000   1.164471
516.107000   1.158881
516.108000   1.151770
516.109000   1.143564
516.110000   1.134772
516.111000   1.125899
516.112000   1.117443
516.113000   1.109930
516.114000   1.103893
516.115000   1.099764
516.116000   1.097749
516.117000   1.097822
516.118000   1.099838
516.119000   1.103600
516.120000   1.108832
516.121000   1.115127
516.122000   1.121989
516.123000   1.128914
516.124000   1.135438
516.125000   1.141115
516.126000   1.145513
516.127000   1.148269
516.128000   1.149180
516.129000   1.148179
516.130000   1.145207
516.131000   1.140179
516.132000   1.133074
516.133000   1.124038
516.134000   1.113420
516.135000   1.101717
516.136000   1.089491
516.137000   1.077292
516.138000   1.065629
516.139000   1.054928
516.140000   1.045494
516.141000   1.037524
516.142000   1.031155
516.143000   1.026492
516.144000   1.023614
516.145000   1.022579
516.146000   1.023441
516.147000   1.026226
516.148000   1.030879
516.149000   1.037172
516.150000   1.044639
516.151000   1.052625
516.152000   1.060437
516.153000   1.067480
516.154000   1.073327
516.155000   1.077765
516.156000   1.080806
516.157000   1.082649
516.158000   1.083545
516.159000   1.083616
516.160000   1.082812
516.161000   1.081068
516.162000   1.078452
516.163000   1.075197
516.164000   1.071645
516.165000   1.068178
516.166000   1.065177
516.167000   1.062997
516.168000   1.061939
516.169000   1.062152
516.170000   1.063545
516.171000   1.065810
516.172000   1.068560
516.173000   1.071439
516.174000   1.074193
516.175000   1.076694
516.176000   1.078983
516.177000   1.081304
516.178000   1.084042
516.179000   1.087523
516.180000   1.091795
516.181000   1.096663
516.182000   1.101915
516.183000   1.107487
516.184000   1.113516
516.185000   1.120311
516.186000   1.128309
516.187000   1.137972
516.188000   1.149632
516.189000   1.163347
516.190000   1.178897
516.191000   1.195865
516.192000   1.213722
516.193000   1.231904
516.194000   1.249885
516.195000   1.267219
516.196000   1.283554
516.197000   1.298611
516.198000   1.312121
516.199000   1.323765
516.200000   1.333159
516.201000   1.339894
516.202000   1.343606
516.203000   1.344114
516.204000   1.341507
516.205000   1.336155
516.206000   1.328609
516.207000   1.319448
516.208000   1.309105
516.209000   1.297856
516.210000   1.285956
516.211000   1.273727
516.212000   1.261531
516.213000   1.249715
516.214000   1.238613
516.215000   1.228560
516.216000   1.219838
516.217000   1.212555
516.218000   1.206574
516.219000   1.201596
516.220000   1.197329
516.221000   1.193600
516.222000   1.190324
516.223000   1.187433
516.224000   1.184864
516.225000   1.182608
516.226000   1.180676
516.227000   1.178972
516.228000   1.177268
516.229000   1.175323
516.230000   1.173006
516.231000   1.170346
516.232000   1.167519
516.233000   1.164816
516.234000   1.162557
516.235000   1.161008
516.236000   1.160310
516.237000   1.160461
516.238000   1.161363
516.239000   1.162896
516.240000   1.164975
516.241000   1.167563
516.242000   1.170686
516.243000   1.174455
516.244000   1.179063
516.245000   1.184707
516.246000   1.191435
516.247000   1.199044
516.248000   1.207132
516.249000   1.215228
516.250000   1.222896
516.251000   1.229779
516.252000   1.235636
516.253000   1.240361
516.254000   1.243967
516.255000   1.246488
516.256000   1.247832
516.257000   1.247722
516.258000   1.245763
516.259000   1.241543
516.260000   1.234755
516.261000   1.225293
516.262000   1.213296
516.263000   1.199122
516.264000   1.183291
516.265000   1.166367
516.266000   1.148866
516.267000   1.131231
516.268000   1.113830
516.269000   1.096950
516.270000   1.080808
516.271000   1.065626
516.272000   1.051672
516.273000   1.039269
516.274000   1.028747
516.275000   1.020334
516.276000   1.014073
516.277000   1.009861
516.278000   1.007537
516.279000   1.006894
516.280000   1.007651
516.281000   1.009539
516.282000   1.012442
516.283000   1.016445
516.284000   1.021717
516.285000   1.028356
516.286000   1.036349
516.287000   1.045669
516.288000   1.056338
516.289000   1.068372
516.290000   1.081681
516.291000   1.096091
516.292000   1.111430
516.293000   1.127554
516.294000   1.144271
516.295000   1.161209
516.296000   1.177785
516.297000   1.193297
516.298000   1.207083
516.299000   1.218651
516.300000   1.227707
516.301000   1.234103
516.302000   1.237819
516.303000   1.239010
516.304000   1.237932
516.305000   1.234765
516.306000   1.229576
516.307000   1.222476
516.308000   1.213760
516.309000   1.203932
516.310000   1.193648
516.311000   1.183603
516.312000   1.174401
516.313000   1.166469
516.314000   1.160005
516.315000   1.154961
516.316000   1.151127
516.317000   1.148246
516.318000   1.146083
516.319000   1.144452
516.320000   1.143234
516.321000   1.142385
516.322000   1.141895
516.323000   1.141677
516.324000   1.141435
516.325000   1.140648
516.326000   1.138748
516.327000   1.135322
516.328000   1.130207
516.329000   1.123503
516.330000   1.115538
516.331000   1.106820
516.332000   1.097916
516.333000   1.089280
516.334000   1.081127
516.335000   1.073506
516.336000   1.066464
516.337000   1.060124
516.338000   1.054673
516.339000   1.050330
516.340000   1.047336
516.341000   1.045941
516.342000   1.046360
516.343000   1.048645
516.344000   1.052573
516.345000   1.057679
516.346000   1.063411
516.347000   1.069255
516.348000   1.074797
516.349000   1.079753
516.350000   1.083971
516.351000   1.087417
516.352000   1.090083
516.353000   1.091863
516.354000   1.092532
516.355000   1.091862
516.356000   1.089758
516.357000   1.086306
516.358000   1.081735
516.359000   1.076390
516.360000   1.070705
516.361000   1.065180
516.362000   1.060282
516.363000   1.056336
516.364000   1.053509
516.365000   1.051899
516.366000   1.051585
516.367000   1.052640
516.368000   1.055139
516.369000   1.059189
516.370000   1.064951
516.371000   1.072608
516.372000   1.082258
516.373000   1.093819
516.374000   1.107032
516.375000   1.121542
516.376000   1.136957
516.377000   1.152884
516.378000   1.168967
516.379000   1.184919
516.380000   1.200548
516.381000   1.215723
516.382000   1.230264
516.383000   1.243861
516.384000   1.256118
516.385000   1.266661
516.386000   1.275210
516.387000   1.281631
516.388000   1.285976
516.389000   1.288524
516.390000   1.289749
516.391000   1.290177
516.392000   1.290187
516.393000   1.289953
516.394000   1.289577
516.395000   1.289205
516.396000   1.289029
516.397000   1.289251
516.398000   1.290085
516.399000   1.291785
516.400000   1.294608
516.401000   1.298708
516.402000   1.304032
516.403000   1.310317
516.404000   1.317198
516.405000   1.324297
516.406000   1.331264
516.407000   1.337757
516.408000   1.343430
516.409000   1.347977
516.410000   1.351165
516.411000   1.352765
516.412000   1.352463
516.413000   1.349918
516.414000   1.344961
516.415000   1.337727
516.416000   1.328624
516.417000   1.318195
516.418000   1.307007
516.419000   1.295638
516.420000   1.284665
516.421000   1.274566
516.422000   1.265663
516.423000   1.258184
516.424000   1.252364
516.425000   1.248465
516.426000   1.246769
516.427000   1.247521
516.428000   1.250863
516.429000   1.256776
516.430000   1.265041
516.431000   1.275184
516.432000   1.286503
516.433000   1.298222
516.434000   1.309643
516.435000   1.320239
516.436000   1.329692
516.437000   1.337864
516.438000   1.344718
516.439000   1.350205
516.440000   1.354173
516.441000   1.356336
516.442000   1.356368
516.443000   1.354057
516.444000   1.349373
516.445000   1.342456
516.446000   1.333593
516.447000   1.323197
516.448000   1.311784
516.449000   1.299861
516.450000   1.287769
516.451000   1.275607
516.452000   1.263326
516.453000   1.250866
516.454000   1.238232
516.455000   1.225491
516.456000   1.212773
516.457000   1.200308
516.458000   1.188445
516.459000   1.177568
516.460000   1.167859
516.461000   1.159129
516.462000   1.150948
516.463000   1.142894
516.464000   1.134666
516.465000   1.126083
516.466000   1.117053
516.467000   1.107584
516.468000   1.097797
516.469000   1.087899
516.470000   1.078071
516.471000   1.068373
516.472000   1.058744
516.473000   1.049079
516.474000   1.039334
516.475000   1.029588
516.476000   1.020055
516.477000   1.011082
516.478000   1.003121
516.479000   0.996665
516.480000   0.992125
516.481000   0.989745
516.482000   0.989558
516.483000   0.991364
516.484000   0.994812
516.485000   0.999561
516.486000   1.005362
516.487000   1.012069
516.488000   1.019557
516.489000   1.027578
516.490000   1.035711
516.491000   1.043503
516.492000   1.050627
516.493000   1.056862
516.494000   1.061987
516.495000   1.065819
516.496000   1.068338
516.497000   1.069727
516.498000   1.070267
516.499000   1.070195
516.500000   1.069661
516.501000   1.068806
516.501000   1.068806
516.502000   1.067850
516.503000   1.067086
516.504000   1.066784
516.505000   1.067085
516.506000   1.068026
516.507000   1.069644
516.508000   1.071975
516.509000   1.074952
516.510000   1.078355
516.511000   1.081904
516.512000   1.085400
516.513000   1.088809
516.514000   1.092279
516.515000   1.096073
516.516000   1.100456
516.517000   1.105616
516.518000   1.111611
516.519000   1.118349
516.520000   1.125661
516.521000   1.133406
516.522000   1.141515
516.523000   1.149973
516.524000   1.158794
516.525000   1.167994
516.526000   1.177537
516.527000   1.187261
516.528000   1.196850
516.529000   1.205844
516.530000   1.213713
516.531000   1.219955
516.532000   1.224178
516.533000   1.226134
516.534000   1.225751
516.535000   1.223166
516.536000   1.218755
516.537000   1.213068
516.538000   1.206600
516.539000   1.199525
516.540000   1.191710
516.541000   1.182981
516.542000   1.173326
516.543000   1.162924
516.544000   1.152100
516.545000   1.141286
516.546000   1.130991
516.547000   1.121745
516.548000   1.113970
516.549000   1.107848
516.550000   1.103302
516.551000   1.100087
516.552000   1.097908
516.553000   1.096474
516.554000   1.095519
516.555000   1.094821
516.556000   1.094238
516.557000   1.093730
516.558000   1.093300
516.559000   1.092876
516.560000   1.092254
516.561000   1.091125
516.562000   1.089176
516.563000   1.086235
516.564000   1.082362
516.565000   1.077872
516.566000   1.073283
516.567000   1.069194
516.568000   1.066118
516.569000   1.064413
516.570000   1.064319
516.571000   1.065976
516.572000   1.069459
516.573000   1.074849
516.574000   1.082261
516.575000   1.091825
516.576000   1.103623
516.577000   1.117624
516.578000   1.133603
516.579000   1.151129
516.580000   1.169619
516.581000   1.188354
516.582000   1.206485
516.583000   1.223136
516.584000   1.237558
516.585000   1.249248
516.586000   1.257945
516.587000   1.263504
516.588000   1.265766
516.589000   1.264610
516.590000   1.260145
516.591000   1.252778
516.592000   1.243099
516.593000   1.231756
516.594000   1.219454
516.595000   1.206976
516.596000   1.195095
516.597000   1.184426
516.598000   1.175331
516.599000   1.167968
516.600000   1.162393
516.601000   1.158632
516.602000   1.156688
516.603000   1.156500
516.604000   1.157899
516.605000   1.160614
516.606000   1.164286
516.607000   1.168412
516.608000   1.172310
516.609000   1.175220
516.610000   1.176469
516.611000   1.175587
516.612000   1.172376
516.613000   1.166934
516.614000   1.159630
516.615000   1.151004
516.616000   1.141577
516.617000   1.131728
516.618000   1.121726
516.619000   1.111834
516.620000   1.102347
516.621000   1.093566
516.622000   1.085764
516.623000   1.079181
516.624000   1.074018
516.625000   1.070405
516.626000   1.068336
516.627000   1.067642
516.628000   1.068063
516.629000   1.069340
516.630000   1.071192
516.631000   1.073260
516.632000   1.075154
516.633000   1.076601
516.634000   1.077503
516.635000   1.077842
516.636000   1.077526
516.637000   1.076340
516.638000   1.074066
516.639000   1.070592
516.640000   1.065948
516.641000   1.060290
516.642000   1.053892
516.643000   1.047124
516.644000   1.040362
516.645000   1.033858
516.646000   1.027661
516.647000   1.021709
516.648000   1.015951
516.649000   1.010446
516.650000   1.005391
516.651000   1.001125
516.652000   0.998089
516.653000   0.996716
516.654000   0.997299
516.655000   0.999893
516.656000   1.004367
516.657000   1.010551
516.658000   1.018336
516.659000   1.027692
516.660000   1.038634
516.661000   1.051204
516.662000   1.065438
516.663000   1.081308
516.664000   1.098588
516.665000   1.116742
516.666000   1.134993
516.667000   1.152500
516.668000   1.168519
516.669000   1.182477
516.670000   1.194013
516.671000   1.203002
516.672000   1.209558
516.673000   1.213965
516.674000   1.216510
516.675000   1.217339
516.676000   1.216506
516.677000   1.214127
516.678000   1.210447
516.679000   1.205835
516.680000   1.200766
516.681000   1.195814
516.682000   1.191628
516.683000   1.188847
516.684000   1.187921
516.685000   1.189002
516.686000   1.192015
516.687000   1.196797
516.688000   1.203150
516.689000   1.210824
516.690000   1.219541
516.691000   1.229059
516.692000   1.239250
516.693000   1.250058
516.694000   1.261344
516.695000   1.272767
516.696000   1.283873
516.697000   1.294246
516.698000   1.303566
516.699000   1.311586
516.700000   1.318113
516.701000   1.323033
516.702000   1.326351
516.703000   1.328153
516.704000   1.328492
516.705000   1.327322
516.706000   1.324574
516.707000   1.320261
516.708000   1.314510
516.709000   1.307537
516.710000   1.299618
516.711000   1.291100
516.712000   1.282416
516.713000   1.274013
516.714000   1.266199
516.715000   1.259077
516.716000   1.252674
516.717000   1.247075
516.718000   1.242449
516.719000   1.239015
516.720000   1.236996
516.721000   1.236608
516.722000   1.238018
516.723000   1.241228
516.724000   1.245934
516.725000   1.251561
516.726000   1.257463
516.727000   1.263069
516.728000   1.267932
516.729000   1.271729
516.730000   1.274253
516.731000   1.275409
516.732000   1.275169
516.733000   1.273454
516.734000   1.270043
516.735000   1.264665
516.736000   1.257164
516.737000   1.247592
516.738000   1.236224
516.739000   1.223526
516.740000   1.210118
516.741000   1.196713
516.742000   1.183987
516.743000   1.172403
516.744000   1.162118
516.745000   1.153101
516.746000   1.145311
516.747000   1.138781
516.748000   1.133623
516.749000   1.130000
516.750000   1.128087
516.751000   1.128015
516.752000   1.129745
516.753000   1.132937
516.754000   1.136979
516.755000   1.141210
516.756000   1.145105
516.757000   1.148329
516.758000   1.150725
516.759000   1.152293
516.760000   1.153171
516.761000   1.153565
516.762000   1.153601
516.763000   1.153192
516.764000   1.152109
516.765000   1.150155
516.766000   1.147265
516.767000   1.143520
516.768000   1.139133
516.769000   1.134449
516.770000   1.129903
516.771000   1.125919
516.772000   1.122762
516.773000   1.120492
516.774000   1.119061
516.775000   1.118386
516.776000   1.118385
516.777000   1.119018
516.778000   1.120332
516.779000   1.122489
516.780000   1.125703
516.781000   1.130078
516.782000   1.135490
516.783000   1.141655
516.784000   1.148270
516.785000   1.155074
516.786000   1.161845
516.787000   1.168428
516.788000   1.174788
516.789000   1.181006
516.790000   1.187160
516.791000   1.193138
516.792000   1.198611
516.793000   1.203221
516.794000   1.206738
516.795000   1.209096
516.796000   1.210358
516.797000   1.210692
516.798000   1.210380
516.799000   1.209800
516.800000   1.209327
516.801000   1.209196
516.802000   1.209506
516.803000   1.210312
516.804000   1.211678
516.805000   1.213664
516.806000   1.216287
516.807000   1.219517
516.808000   1.223295
516.809000   1.227551
516.810000   1.232158
516.811000   1.236829
516.812000   1.241106
516.813000   1.244469
516.814000   1.246455
516.815000   1.246733
516.816000   1.245147
516.817000   1.241737
516.818000   1.236732
516.819000   1.230442
516.820000   1.223083
516.821000   1.214639
516.822000   1.204954
516.823000   1.193910
516.824000   1.181541
516.825000   1.168048
516.826000   1.153780
516.827000   1.139205
516.828000   1.124860
516.829000   1.111264
516.830000   1.098820
516.831000   1.087780
516.832000   1.078295
516.833000   1.070477
516.834000   1.064418
516.835000   1.060181
516.836000   1.057793
516.837000   1.057252
516.838000   1.058519
516.839000   1.061484
516.840000   1.065870
516.841000   1.071196
516.842000   1.076855
516.843000   1.082224
516.844000   1.086747
516.845000   1.089986
516.846000   1.091666
516.847000   1.091717
516.848000   1.090244
516.849000   1.087396
516.850000   1.083226
516.851000   1.077738
516.852000   1.071062
516.853000   1.063525
516.854000   1.055607
516.855000   1.047863
516.856000   1.040871
516.857000   1.035184
516.858000   1.031264
516.859000   1.029408
516.860000   1.029708
516.861000   1.032094
516.862000   1.036374
516.863000   1.042243
516.864000   1.049282
516.865000   1.056973
516.866000   1.064761
516.867000   1.072123
516.868000   1.078584
516.869000   1.083637
516.870000   1.086686
516.871000   1.087132
516.872000   1.084544
516.873000   1.078756
516.874000   1.069874
516.875000   1.058250
516.876000   1.044448
516.877000   1.029179
516.878000   1.013178
516.879000   0.997096
516.880000   0.981492
516.881000   0.966892
516.882000   0.953808
516.883000   0.942705
516.884000   0.933953
516.885000   0.927802
516.886000   0.924379
516.887000   0.923688
516.888000   0.925555
516.889000   0.929585
516.890000   0.935217
516.891000   0.941859
516.892000   0.949009
516.893000   0.956313
516.894000   0.963598
516.895000   0.970891
516.896000   0.978393
516.897000   0.986336
516.898000   0.994772
516.899000   1.003516
516.900000   1.012313
516.901000   1.021009
516.902000   1.029597
516.903000   1.038201
516.904000   1.047030
516.905000   1.056334
516.906000   1.066340
516.907000   1.077154
516.908000   1.088659
516.909000   1.100540
516.910000   1.112401
516.911000   1.123889
516.912000   1.134755
516.913000   1.144890
516.914000   1.154329
516.915000   1.163242
516.916000   1.171880
516.917000   1.180454
516.918000   1.189003
516.919000   1.197369
516.920000   1.205313
516.921000   1.212624
516.922000   1.219189
516.923000   1.225009
516.924000   1.230208
516.925000   1.235002
516.926000   1.239626
516.927000   1.244201
516.928000   1.248654
516.929000   1.252760
516.930000   1.256265
516.931000   1.258983
516.932000   1.260837
516.933000   1.261872
516.934000   1.262245
516.935000   1.262205
516.936000   1.262032
516.937000   1.261971
516.938000   1.262194
516.939000   1.262814
516.940000   1.263887
516.941000   1.265394
516.942000   1.267248
516.943000   1.269337
516.944000   1.271585
516.945000   1.273979
516.946000   1.276527
516.947000   1.279157
516.948000   1.281695
516.949000   1.283945
516.950000   1.285743
516.951000   1.286964
516.952000   1.287550
516.953000   1.287569
516.954000   1.287258
516.955000   1.286957
516.956000   1.286973
516.957000   1.287473
516.958000   1.288517
516.959000   1.290126
516.960000   1.292301
516.961000   1.294976
516.962000   1.298007
516.963000   1.301200
516.964000   1.304377
516.965000   1.307370
516.966000   1.309956
516.967000   1.311821
516.968000   1.312644
516.969000   1.312215
516.970000   1.310481
516.971000   1.307498
516.972000   1.303370
516.973000   1.298267
516.974000   1.292465
516.975000   1.286296
516.976000   1.279996
516.977000   1.273665
516.978000   1.267372
516.979000   1.261259
516.980000   1.255544
516.981000   1.250473
516.982000   1.246282
516.983000   1.243174
516.984000   1.241299
516.985000   1.240654
516.986000   1.240976
516.987000   1.241776
516.988000   1.242503
516.989000   1.242666
516.990000   1.241895
516.991000   1.239971
516.992000   1.236839
516.993000   1.232564
516.994000   1.227217
516.995000   1.220714
516.996000   1.212772
516.997000   1.203081
516.998000   1.191509
516.999000   1.178167
517.000000   1.163385
517.001000   1.147653
517.001000   1.147653
517.002000   1.131554
517.003000   1.115659
517.004000   1.100384
517.005000   1.085885
517.006000   1.072126
517.007000   1.059036
517.008000   1.046608
517.009000   1.034901
517.010000   1.024020
517.011000   1.014106
517.012000   1.005330
517.013000   0.997844
517.014000   0.991641
517.015000   0.986444
517.016000   0.981799
517.017000   0.977273
517.018000   0.972578
517.019000   0.967612
517.020000   0.962447
517.021000   0.957303
517.022000   0.952488
517.023000   0.948255
517.024000   0.944643
517.025000   0.941472
517.026000   0.938525
517.027000   0.935698
517.028000   0.933029
517.029000   0.930686
517.030000   0.928939
517.031000   0.928135
517.032000   0.928651
517.033000   0.930770
517.034000   0.934562
517.035000   0.939910
517.036000   0.946614
517.037000   0.954484
517.038000   0.963361
517.039000   0.973133
517.040000   0.983729
517.041000   0.995113
517.042000   1.007213
517.043000   1.019782
517.044000   1.032332
517.045000   1.044233
517.046000   1.054894
517.047000   1.063873
517.048000   1.070936
517.049000   1.076089
517.050000   1.079575
517.051000   1.081820
517.052000   1.083281
517.053000   1.084260
517.054000   1.084868
517.055000   1.085154
517.056000   1.085198
517.057000   1.085109
517.058000   1.085017
517.059000   1.085102
517.060000   1.085632
517.061000   1.086943
517.062000   1.089327
517.063000   1.092883
517.064000   1.097520
517.065000   1.103092
517.066000   1.109474
517.067000   1.116557
517.068000   1.124237
517.069000   1.132467
517.070000   1.141336
517.071000   1.151072
517.072000   1.161878
517.073000   1.173725
517.074000   1.186323
517.075000   1.199276
517.076000   1.212231
517.077000   1.224931
517.078000   1.237214
517.079000   1.249007
517.080000   1.260337
517.081000   1.271309
517.082000   1.281958
517.083000   1.292110
517.084000   1.301436
517.085000   1.309657
517.086000   1.316684
517.087000   1.322624
517.088000   1.327736
517.089000   1.332387
517.090000   1.337035
517.091000   1.342163
517.092000   1.348099
517.093000   1.354845
517.094000   1.362114
517.095000   1.369511
517.096000   1.376649
517.097000   1.383176
517.098000   1.388797
517.099000   1.393301
517.100000   1.396574
517.101000   1.398513
517.102000   1.398811
517.103000   1.396834
517.104000   1.391816
517.105000   1.383153
517.106000   1.370562
517.107000   1.354120
517.108000   1.334262
517.109000   1.311730
517.110000   1.287454
517.111000   1.262294
517.112000   1.236810
517.113000   1.211317
517.114000   1.186123
517.115000   1.161650
517.116000   1.138424
517.117000   1.117021
517.118000   1.098029
517.119000   1.082024
517.120000   1.069499
517.121000   1.060717
517.122000   1.055577
517.123000   1.053664
517.124000   1.054429
517.125000   1.057328
517.126000   1.061903
517.127000   1.067865
517.128000   1.075150
517.129000   1.083913
517.130000   1.094311
517.131000   1.106165
517.132000   1.118926
517.133000   1.131965
517.134000   1.144793
517.135000   1.157088
517.136000   1.168684
517.137000   1.179566
517.138000   1.189858
517.139000   1.199743
517.140000   1.209313
517.141000   1.218493
517.142000   1.227129
517.143000   1.235083
517.144000   1.242242
517.145000   1.248496
517.146000   1.253733
517.147000   1.257878
517.148000   1.260915
517.149000   1.262818
517.150000   1.263426
517.151000   1.262403
517.152000   1.259396
517.153000   1.254184
517.154000   1.246735
517.155000   1.237214
517.156000   1.225977
517.157000   1.213581
517.158000   1.200713
517.159000   1.187998
517.160000   1.175804
517.161000   1.164274
517.162000   1.153514
517.163000   1.143695
517.164000   1.135033
517.165000   1.127740
517.166000   1.122013
517.167000   1.118039
517.168000   1.115938
517.169000   1.115664
517.170000   1.116995
517.171000   1.119688
517.172000   1.123618
517.173000   1.128761
517.174000   1.135113
517.175000   1.142624
517.176000   1.151211
517.177000   1.160795
517.178000   1.171288
517.179000   1.182471
517.180000   1.193930
517.181000   1.205150
517.182000   1.215650
517.183000   1.225062
517.184000   1.233154
517.185000   1.239832
517.186000   1.245155
517.187000   1.249302
517.188000   1.252458
517.189000   1.254690
517.190000   1.255965
517.191000   1.256294
517.192000   1.255829
517.193000   1.254852
517.194000   1.253730
517.195000   1.252872
517.196000   1.252707
517.197000   1.253622
517.198000   1.255845
517.199000   1.259322
517.200000   1.263745
517.201000   1.268684
517.202000   1.273672
517.203000   1.278252
517.204000   1.282003
517.205000   1.284594
517.206000   1.285834
517.207000   1.285650
517.208000   1.283966
517.209000   1.280598
517.210000   1.275330
517.211000   1.268067
517.212000   1.258909
517.213000   1.248152
517.214000   1.236275
517.215000   1.223915
517.216000   1.211814
517.217000   1.200707
517.218000   1.191157
517.219000   1.183438
517.220000   1.177554
517.221000   1.173346
517.222000   1.170582
517.223000   1.169018
517.224000   1.168442
517.225000   1.168708
517.226000   1.169749
517.227000   1.171516
517.228000   1.173843
517.229000   1.176344
517.230000   1.178500
517.231000   1.179838
517.232000   1.180049
517.233000   1.179018
517.234000   1.176831
517.235000   1.173752
517.236000   1.170173
517.237000   1.166475
517.238000   1.162863
517.239000   1.159322
517.240000   1.155748
517.241000   1.152077
517.242000   1.148326
517.243000   1.144580
517.244000   1.140958
517.245000   1.137586
517.246000   1.134575
517.247000   1.131978
517.248000   1.129731
517.249000   1.127638
517.250000   1.125442
517.251000   1.122913
517.252000   1.119911
517.253000   1.116423
517.254000   1.112600
517.255000   1.108765
517.256000   1.105338
517.257000   1.102646
517.258000   1.100768
517.259000   1.099611
517.260000   1.099095
517.261000   1.099227
517.262000   1.100069
517.263000   1.101710
517.264000   1.104271
517.265000   1.107918
517.266000   1.112828
517.267000   1.119105
517.268000   1.126697
517.269000   1.135395
517.270000   1.144912
517.271000   1.154929
517.272000   1.165113
517.273000   1.175125
517.274000   1.184658
517.275000   1.193488
517.276000   1.201468
517.277000   1.208453
517.278000   1.214207
517.279000   1.218412
517.280000   1.220771
517.281000   1.221109
517.282000   1.219400
517.283000   1.215759
517.284000   1.210433
517.285000   1.203796
517.286000   1.196288
517.287000   1.188308
517.288000   1.180159
517.289000   1.172067
517.290000   1.164225
517.291000   1.156816
517.292000   1.150026
517.293000   1.144049
517.294000   1.139101
517.295000   1.135395
517.296000   1.133063
517.297000   1.132073
517.298000   1.132232
517.299000   1.133273
517.300000   1.134951
517.301000   1.137114
517.302000   1.139741
517.303000   1.142932
517.304000   1.146776
517.305000   1.151191
517.306000   1.155923
517.307000   1.160729
517.308000   1.165511
517.309000   1.170347
517.310000   1.175457
517.311000   1.181146
517.312000   1.187719
517.313000   1.195365
517.314000   1.204073
517.315000   1.213657
517.316000   1.223810
517.317000   1.234157
517.318000   1.244280
517.319000   1.253755
517.320000   1.262193
517.321000   1.269273
517.322000   1.274754
517.323000   1.278432
517.324000   1.280082
517.325000   1.279454
517.326000   1.276323
517.327000   1.270562
517.328000   1.262197
517.329000   1.251440
517.330000   1.238682
517.331000   1.224428
517.332000   1.209181
517.333000   1.193317
517.334000   1.177095
517.335000   1.160764
517.336000   1.144666
517.337000   1.129222
517.338000   1.114876
517.339000   1.102029
517.340000   1.091009
517.341000   1.082066
517.342000   1.075327
517.343000   1.070745
517.344000   1.068095
517.345000   1.067062
517.346000   1.067335
517.347000   1.068677
517.348000   1.070923
517.349000   1.073917
517.350000   1.077440
517.351000   1.081213
517.352000   1.084919
517.353000   1.088195
517.354000   1.090658
517.355000   1.091984
517.356000   1.091997
517.357000   1.090711
517.358000   1.088328
517.359000   1.085190
517.360000   1.081701
517.361000   1.078228
517.362000   1.075039
517.363000   1.072260
517.364000   1.069906
517.365000   1.067952
517.366000   1.066410
517.367000   1.065363
517.368000   1.064996
517.369000   1.065598
517.370000   1.067496
517.371000   1.070908
517.372000   1.075807
517.373000   1.081935
517.374000   1.088911
517.375000   1.096363
517.376000   1.103985
517.377000   1.111566
517.378000   1.118993
517.379000   1.126257
517.380000   1.133428
517.381000   1.140536
517.382000   1.147425
517.383000   1.153701
517.384000   1.158880
517.385000   1.162570
517.386000   1.164564
517.387000   1.164846
517.388000   1.163579
517.389000   1.161102
517.390000   1.157909
517.391000   1.154546
517.392000   1.151435
517.393000   1.148773
517.394000   1.146586
517.395000   1.144852
517.396000   1.143577
517.397000   1.142819
517.398000   1.142711
517.399000   1.143489
517.400000   1.145487
517.401000   1.149031
517.402000   1.154235
517.403000   1.160860
517.404000   1.168425
517.405000   1.176426
517.406000   1.184468
517.407000   1.192307
517.408000   1.199862
517.409000   1.207198
517.410000   1.214481
517.411000   1.221849
517.412000   1.229246
517.413000   1.236365
517.414000   1.242749
517.415000   1.247937
517.416000   1.251532
517.417000   1.253226
517.418000   1.252802
517.419000   1.250147
517.420000   1.245251
517.421000   1.238169
517.422000   1.228958
517.423000   1.217617
517.424000   1.204095
517.425000   1.188413
517.426000   1.170767
517.427000   1.151563
517.428000   1.131397
517.429000   1.111001
517.430000   1.091147
517.431000   1.072522
517.432000   1.055609
517.433000   1.040641
517.434000   1.027690
517.435000   1.016795
517.436000   1.008028
517.437000   1.001483
517.438000   0.997230
517.439000   0.995261
517.440000   0.995445
517.441000   0.997516
517.442000   1.001110
517.443000   1.005801
517.444000   1.011161
517.445000   1.016828
517.446000   1.022546
517.447000   1.028164
517.448000   1.033601
517.449000   1.038796
517.450000   1.043691
517.451000   1.048276
517.452000   1.052653
517.453000   1.057002
517.454000   1.061495
517.455000   1.066256
517.456000   1.071400
517.457000   1.077048
517.458000   1.083299
517.459000   1.090186
517.460000   1.097677
517.461000   1.105713
517.462000   1.114258
517.463000   1.123282
517.464000   1.132658
517.465000   1.142092
517.466000   1.151185
517.467000   1.159544
517.468000   1.166819
517.469000   1.172667
517.470000   1.176733
517.471000   1.178704
517.472000   1.178394
517.473000   1.175778
517.474000   1.170947
517.475000   1.164020
517.476000   1.155114
517.477000   1.144371
517.478000   1.131976
517.479000   1.118153
517.480000   1.103185
517.481000   1.087455
517.482000   1.071454
517.483000   1.055750
517.484000   1.040922
517.485000   1.027492
517.486000   1.015871
517.487000   1.006346
517.488000   0.999074
517.489000   0.994096
517.490000   0.991362
517.491000   0.990776
517.492000   0.992214
517.493000   0.995543
517.494000   1.000643
517.495000   1.007425
517.496000   1.015800
517.497000   1.025587
517.498000   1.036392
