514.840000   1.523222
514.841000   1.524737
514.842000   1.524680
514.843000   1.522819
514.844000   1.518951
514.845000   1.512982
514.846000   1.504956
514.847000   1.495087
514.848000   1.483809
514.849000   1.471770
514.850000   1.459658
514.851000   1.447847
514.852000   1.436295
514.853000   1.424811
514.854000   1.413272
514.855000   1.401627
514.856000   1.389873
514.857000   1.378113
514.858000   1.366607
514.859000   1.355766
514.860000   1.345981
514.861000   1.337448
514.862000   1.330241
514.863000   1.324477
514.864000   1.320328
514.865000   1.317927
514.866000   1.317324
514.867000   1.318566
514.868000   1.321791
514.869000   1.327172
514.870000   1.334655
514.871000   1.343796
514.872000   1.353967
514.873000   1.364595
514.874000   1.375223
514.875000   1.385447
514.876000   1.394897
514.877000   1.403299
514.878000   1.410522
514.879000   1.416427
514.880000   1.420664
514.881000   1.422772
514.882000   1.422476
514.883000   1.419805
514.884000   1.415045
514.885000   1.408636
514.886000   1.401083
514.887000   1.392923
514.888000   1.384662
514.889000   1.376539
514.890000   1.368334
514.891000   1.359540
514.892000   1.349675
514.893000   1.338417
514.894000   1.325623
514.895000   1.311318
514.896000   1.295696
514.897000   1.279104
514.898000   1.261886
514.899000   1.244096
514.900000   1.225475
514.901000   1.205774
514.902000   1.184987
514.903000   1.163373
514.904000   1.141412
514.905000   1.119771
514.906000   1.099269
514.907000   1.080743
514.908000   1.064743
514.909000   1.051296
514.910000   1.040110
514.911000   1.030922
514.912000   1.023613
514.913000   1.018196
514.914000   1.014799
514.915000   1.013676
514.916000   1.015212
514.917000   1.019792
514.918000   1.027494
514.919000   1.037896
514.920000   1.050289
514.921000   1.063995
514.922000   1.078495
514.923000   1.093443
514.924000   1.108658
514.925000   1.124133
514.926000   1.139991
514.927000   1.156225
514.928000   1.172333
514.929000   1.187388
514.930000   1.200466
514.931000   1.210887
514.932000   1.218292
514.933000   1.222696
514.934000   1.224502
514.935000   1.224444
514.936000   1.223378
514.937000   1.221943
514.938000   1.220415
514.939000   1.218956
514.940000   1.217839
514.941000   1.217400
514.942000   1.217874
514.943000   1.219319
514.944000   1.221724
514.945000   1.225114
514.946000   1.229498
514.947000   1.234615
514.948000   1.239862
514.949000   1.244554
514.950000   1.248148
514.951000   1.250327
514.952000   1.251019
514.953000   1.250408
514.954000   1.248947
514.955000   1.247281
514.956000   1.245915
514.957000   1.244874
514.958000   1.243916
514.959000   1.242942
514.960000   1.242116
514.961000   1.241774
514.962000   1.242346
514.963000   1.244335
514.964000   1.248312
514.965000   1.254807
514.966000   1.263984
514.967000   1.275483
514.968000   1.288641
514.969000   1.302736
514.970000   1.317060
514.971000   1.330938
514.972000   1.343778
514.973000   1.355177
514.974000   1.365012
514.975000   1.373314
514.976000   1.379887
514.977000   1.384188
514.978000   1.385619
514.979000   1.383733
514.980000   1.378277
514.981000   1.369266
514.982000   1.357066
514.983000   1.342406
514.984000   1.326198
514.985000   1.309176
514.986000   1.291726
514.987000   1.274152
514.988000   1.256867
514.989000   1.240299
514.990000   1.224732
514.991000   1.210344
514.992000   1.197371
514.993000   1.186210
514.994000   1.177309
514.995000   1.170886
514.996000   1.166831
514.997000   1.164920
514.998000   1.164984
514.999000   1.166914
515.000000   1.170593
515.001000   1.175931
515.001000   1.175931
515.002000   1.182986
515.003000   1.191981
515.004000   1.202954
515.005000   1.215431
515.006000   1.228669
515.007000   1.242086
515.008000   1.255398
515.009000   1.268551
515.010000   1.281622
515.011000   1.294810
515.012000   1.308466
515.013000   1.322889
515.014000   1.337957
515.015000   1.353161
515.016000   1.367972
515.017000   1.382035
515.018000   1.395152
515.019000   1.407203
515.020000   1.418064
515.021000   1.427582
515.022000   1.435599
515.023000   1.441902
515.024000   1.446102
515.025000   1.447724
515.026000   1.446428
515.027000   1.442115
515.028000   1.434925
515.029000   1.425196
515.030000   1.413428
515.031000   1.400298
515.032000   1.386525
515.033000   1.372411
515.034000   1.357657
515.035000   1.341859
515.036000   1.324926
515.037000   1.307110
515.038000   1.288894
515.039000   1.270902
515.040000   1.253863
515.041000   1.238563
515.042000   1.225617
515.043000   1.215192
515.044000   1.207124
515.045000   1.201253
515.046000   1.197539
515.047000   1.196022
515.048000   1.196774
515.049000   1.199884
515.050000   1.205470
515.051000   1.213626
515.052000   1.224145
515.053000   1.236323
515.054000   1.249247
515.055000   1.262166
515.056000   1.274602
515.057000   1.286330
515.058000   1.297352
515.059000   1.307919
515.060000   1.318537
515.061000   1.329770
515.062000   1.341812
515.063000   1.354393
515.064000   1.367165
515.065000   1.379940
515.066000   1.392668
515.067000   1.405379
515.068000   1.418157
515.069000   1.431158
515.070000   1.444573
515.071000   1.458413
515.072000   1.472215
515.073000   1.485158
515.074000   1.496417
515.075000   1.505334
515.076000   1.511438
515.077000   1.514468
515.078000   1.514456
515.079000   1.511796
515.080000   1.507169
515.081000   1.501098
515.082000   1.493542
515.083000   1.484148
515.084000   1.472678
515.085000   1.459138
515.086000   1.443762
515.087000   1.427000
515.088000   1.409555
515.089000   1.392348
515.090000   1.376296
515.091000   1.361914
515.092000   1.349266
515.093000   1.338314
515.094000   1.329095
515.095000   1.321706
515.096000   1.316268
515.097000   1.312947
515.098000   1.312014
515.099000   1.313857
515.100000   1.318790
515.101000   1.326691
515.102000   1.336979
515.103000   1.348913
515.104000   1.361798
515.105000   1.375023
515.106000   1.388101
515.107000   1.400712
515.108000   1.412768
515.109000   1.424366
515.110000   1.435471
515.111000   1.445643
515.112000   1.454273
515.113000   1.460892
515.114000   1.465236
515.115000   1.467261
515.116000   1.467182
515.117000   1.465501
515.118000   1.462939
515.119000   1.460177
515.120000   1.457444
515.121000   1.454498
515.122000   1.450999
515.123000   1.446753
515.124000   1.441722
515.125000   1.435955
515.126000   1.429539
515.127000   1.422653
515.128000   1.415589
515.129000   1.408559
515.130000   1.401379
515.131000   1.393608
515.132000   1.384918
515.133000   1.375240
515.134000   1.364756
515.135000   1.353833
515.136000   1.342994
515.137000   1.332906
515.138000   1.324237
515.139000   1.317232
515.140000   1.311534
515.141000   1.306609
515.142000   1.302129
515.143000   1.298025
515.144000   1.294424
515.145000   1.291591
515.146000   1.289903
515.147000   1.289801
515.148000   1.291567
515.149000   1.294986
515.150000   1.299408
515.151000   1.304152
515.152000   1.308737
515.153000   1.312891
515.154000   1.316519
515.155000   1.319694
515.156000   1.322689
515.157000   1.325895
515.158000   1.329446
515.159000   1.332830
515.160000   1.335155
515.161000   1.335648
515.162000   1.333843
515.163000   1.329564
515.164000   1.322894
515.165000   1.314181
515.166000   1.304047
515.167000   1.293243
515.168000   1.282265
515.169000   1.271162
515.170000   1.259826
515.171000   1.248235
515.172000   1.236461
515.173000   1.224629
515.174000   1.212909
515.175000   1.201558
515.176000   1.190943
515.177000   1.181445
515.178000   1.173183
515.179000   1.165921
515.180000   1.159301
515.181000   1.153001
515.182000   1.146740
515.183000   1.140288
515.184000   1.133536
515.185000   1.126619
515.186000   1.119973
515.187000   1.114076
515.188000   1.108974
515.189000   1.104310
515.190000   1.099772
515.191000   1.095275
515.192000   1.090902
515.193000   1.086847
515.194000   1.083437
515.195000   1.081193
515.196000   1.080740
515.197000   1.082468
515.198000   1.086346
515.199000   1.092178
515.200000   1.099823
515.201000   1.109162
515.202000   1.120012
515.203000   1.132098
515.204000   1.145147
515.205000   1.158988
515.206000   1.173477
515.207000   1.188142
515.208000   1.202108
515.209000   1.214426
515.210000   1.224341
515.211000   1.231365
515.212000   1.235274
515.213000   1.236134
515.214000   1.234344
515.215000   1.230536
515.216000   1.225145
515.217000   1.218150
515.218000   1.209469
515.219000   1.199316
515.220000   1.188194
515.221000   1.176787
515.222000   1.165858
515.223000   1.156203
515.224000   1.148593
515.225000   1.143603
515.226000   1.141344
515.227000   1.141500
515.228000   1.143648
515.229000   1.147418
515.230000   1.152506
515.231000   1.158676
515.232000   1.165796
515.233000   1.173899
515.234000   1.183194
515.235000   1.193796
515.236000   1.205325
515.237000   1.217024
515.238000   1.228211
515.239000   1.238499
515.240000   1.247809
515.241000   1.256343
515.242000   1.264576
515.243000   1.273234
515.244000   1.283097
515.245000   1.294561
515.246000   1.307487
515.247000   1.321579
515.248000   1.336622
515.249000   1.352451
515.250000   1.368910
515.251000   1.385870
515.252000   1.403269
515.253000   1.421138
515.254000   1.439520
515.255000   1.458243
515.256000   1.476857
515.257000   1.494869
515.258000   1.511895
515.259000   1.527635
515.260000   1.541819
515.261000   1.554277
515.262000   1.565083
515.263000   1.574604
515.264000   1.583190
515.265000   1.590657
515.266000   1.596376
515.267000   1.599795
515.268000   1.600687
515.269000   1.599124
515.270000   1.595376
515.271000   1.589846
515.272000   1.583088
515.273000   1.575774
515.274000   1.568437
515.275000   1.561262
515.276000   1.554272
515.277000   1.547568
515.278000   1.541351
515.279000   1.535869
515.280000   1.531381
515.281000   1.528103
515.282000   1.526172
515.283000   1.525618
515.284000   1.526200
515.285000   1.527332
515.286000   1.528330
515.287000   1.528635
515.288000   1.527869
515.289000   1.525844
515.290000   1.522587
515.291000   1.518357
515.292000   1.513605
515.293000   1.508695
515.294000   1.503509
515.295000   1.497571
515.296000   1.490506
515.297000   1.482195
515.298000   1.472731
515.299000   1.462355
515.300000   1.451469
515.301000   1.440643
515.302000   1.430526
515.303000   1.421524
515.304000   1.413592
515.305000   1.406483
515.306000   1.400030
515.307000   1.394194
515.308000   1.389028
515.309000   1.384664
515.310000   1.381361
515.311000   1.379566
515.312000   1.379815
515.313000   1.382298
515.314000   1.386628
515.315000   1.392135
515.316000   1.398174
515.317000   1.404237
515.318000   1.409978
515.319000   1.415255
515.320000   1.420166
515.321000   1.425024
515.322000   1.430033
515.323000   1.434886
515.324000   1.438929
515.325000   1.441643
515.326000   1.442806
515.327000   1.442426
515.328000   1.440696
515.329000   1.438017
515.330000   1.435033
515.331000   1.432499
515.332000   1.430851
515.333000   1.429930
515.334000   1.429287
515.335000   1.428538
515.336000   1.427456
515.337000   1.425946
515.338000   1.424012
515.339000   1.421783
515.340000   1.419530
515.341000   1.417470
515.342000   1.415308
515.343000   1.412225
515.344000   1.407393
515.345000   1.400290
515.346000   1.390752
515.347000   1.378946
515.348000   1.365365
515.349000   1.350815
515.350000   1.336245
515.351000   1.322258
515.352000   1.308802
515.353000   1.295535
515.354000   1.282262
515.355000   1.269005
515.356000   1.255929
515.357000   1.243278
515.358000   1.231370
515.359000   1.220608
515.360000   1.211370
515.361000   1.203706
515.362000   1.197238
515.363000   1.191418
515.364000   1.185767
515.365000   1.179952
515.366000   1.173828
515.367000   1.167474
515.368000   1.161247
515.369000   1.155748
515.370000   1.151489
515.371000   1.148491
515.372000   1.146463
515.373000   1.145245
515.374000   1.144878
515.375000   1.145486
515.376000   1.147228
515.377000   1.150332
515.378000   1.155124
515.379000   1.161928
515.380000   1.170743
515.381000   1.181078
515.382000   1.192266
515.383000   1.203770
515.384000   1.215204
515.385000   1.226218
515.386000   1.236438
515.387000   1.245585
515.388000   1.253596
515.389000   1.260444
515.390000   1.265682
515.391000   1.268450
515.392000   1.268006
515.393000   1.264078
515.394000   1.256896
515.395000   1.247095
515.396000   1.235540
515.397000   1.223204
515.398000   1.211079
515.399000   1.199930
515.400000   1.190000
515.401000   1.181182
515.402000   1.173360
515.403000   1.166505
515.404000   1.160660
515.405000   1.155933
515.406000   1.152522
515.407000   1.150703
515.408000   1.150697
515.409000   1.152329
515.410000   1.154892
515.411000   1.157542
515.412000   1.159663
515.413000   1.160945
515.414000   1.161352
515.415000   1.161110
515.416000   1.160746
515.417000   1.161080
515.418000   1.162969
515.419000   1.166768
515.420000   1.172199
515.421000   1.178797
515.422000   1.186210
515.423000   1.194227
515.424000   1.202745
515.425000   1.211779
515.426000   1.221496
515.427000   1.232183
515.428000   1.243996
515.429000   1.256655
515.430000   1.269581
515.431000   1.282227
515.432000   1.294142
515.433000   1.304960
515.434000   1.314447
515.435000   1.322608
515.436000   1.329763
515.437000   1.336488
515.438000   1.343305
515.439000   1.350364
515.440000   1.357541
515.441000   1.364679
515.442000   1.371646
515.443000   1.378328
515.444000   1.384665
515.445000   1.390727
515.446000   1.396787
515.447000   1.403152
515.448000   1.409720
515.449000   1.415878
515.450000   1.420944
515.451000   1.424467
515.452000   1.426252
515.453000   1.426330
515.454000   1.424974
515.455000   1.422746
515.456000   1.420420
515.457000   1.418625
515.458000   1.417498
515.459000   1.416875
515.460000   1.416614
515.461000   1.416647
515.462000   1.416930
515.463000   1.417430
515.464000   1.418151
515.465000   1.419173
515.466000   1.420593
515.467000   1.422308
515.468000   1.423904
515.469000   1.424848
515.470000   1.424672
515.471000   1.423009
515.472000   1.419605
515.473000   1.414379
515.474000   1.407527
515.475000   1.399543
515.476000   1.390950
515.477000   1.381839
515.478000   1.371913
515.479000   1.360945
515.480000   1.348977
515.481000   1.336270
515.482000   1.323216
515.483000   1.310303
515.484000   1.298113
515.485000   1.287247
515.486000   1.278115
515.487000   1.270779
515.488000   1.265129
515.489000   1.261085
515.490000   1.258638
515.491000   1.257819
515.492000   1.258679
515.493000   1.261316
515.494000   1.265901
515.495000   1.272594
515.496000   1.281235
515.497000   1.291191
515.498000   1.301636
515.499000   1.311850
515.500000   1.321314
515.501000   1.329727
515.501000   1.329727
515.502000   1.337042
515.503000   1.343506
515.504000   1.349642
515.505000   1.355973
515.506000   1.362659
515.507000   1.369551
515.508000   1.376500
515.509000   1.383476
515.510000   1.390533
515.511000   1.397789
515.512000   1.405410
515.513000   1.413615
515.514000   1.422600
515.515000   1.432332
515.516000   1.442397
515.517000   1.452152
515.518000   1.460948
515.519000   1.468189
515.520000   1.473338
515.521000   1.475986
515.522000   1.475957
515.523000   1.473378
515.524000   1.468565
515.525000   1.461641
515.526000   1.452357
515.527000   1.440447
515.528000   1.425949
515.529000   1.409210
515.530000   1.390730
515.531000   1.371110
515.532000   1.351127
515.533000   1.331727
515.534000   1.313755
515.535000   1.297626
515.536000   1.283409
515.537000   1.271149
515.538000   1.260989
515.539000   1.253144
515.540000   1.247828
515.541000   1.245213
515.542000   1.245443
515.543000   1.248641
515.544000   1.254692
515.545000   1.262965
515.546000   1.272482
515.547000   1.282278
515.548000   1.291584
515.549000   1.299881
515.550000   1.306925
515.551000   1.312764
515.552000   1.317665
515.553000   1.321852
515.554000   1.325129
515.555000   1.326959
515.556000   1.326939
515.557000   1.325051
515.558000   1.321611
515.559000   1.317154
515.560000   1.312355
515.561000   1.307980
515.562000   1.304834
515.563000   1.303539
515.564000   1.304238
515.565000   1.306646
515.566000   1.310364
515.567000   1.315017
515.568000   1.320245
515.569000   1.325715
515.570000   1.331194
515.571000   1.336663
515.572000   1.342282
515.573000   1.348000
515.574000   1.353133
515.575000   1.356646
515.576000   1.357742
515.577000   1.356075
515.578000   1.351666
515.579000   1.344758
515.580000   1.335751
515.581000   1.325231
515.582000   1.313852
515.583000   1.302035
515.584000   1.289882
515.585000   1.277437
515.586000   1.264846
515.587000   1.252344
515.588000   1.240211
515.589000   1.228748
515.590000   1.218238
515.591000   1.208904
515.592000   1.200854
515.593000   1.193932
515.594000   1.187694
515.595000   1.181651
515.596000   1.175475
515.597000   1.169060
515.598000   1.162539
515.599000   1.156349
515.600000   1.151285
515.601000   1.148411
515.602000   1.148543
515.603000   1.151722
515.604000   1.157453
515.605000   1.165232
515.606000   1.174737
515.607000   1.185794
515.608000   1.198320
515.609000   1.212311
515.610000   1.227832
515.611000   1.244910
515.612000   1.263282
515.613000   1.282340
515.614000   1.301365
515.615000   1.319656
515.616000   1.336523
515.617000   1.351333
515.618000   1.363607
515.619000   1.373094
515.620000   1.379816
515.621000   1.384016
515.622000   1.385943
515.623000   1.385714
515.624000   1.383447
515.625000   1.379373
515.626000   1.373783
515.627000   1.366963
515.628000   1.359243
515.629000   1.351097
515.630000   1.343162
515.631000   1.336004
515.632000   1.329779
515.633000   1.324309
515.634000   1.319425
515.635000   1.315112
515.636000   1.311470
515.637000   1.308652
515.638000   1.306870
515.639000   1.306433
515.640000   1.307681
515.641000   1.310727
515.642000   1.315285
515.643000   1.320893
515.644000   1.327182
515.645000   1.333916
515.646000   1.340931
515.647000   1.348084
515.648000   1.355289
515.649000   1.362577
515.650000   1.370073
515.651000   1.377781
515.652000   1.385450
515.653000   1.392741
515.654000   1.399411
515.655000   1.405342
515.656000   1.410529
515.657000   1.415079
515.658000   1.419244
515.659000   1.423408
515.660000   1.427901
515.661000   1.432702
515.662000   1.437485
515.663000   1.441895
515.664000   1.445681
515.665000   1.448678
515.666000   1.450785
515.667000   1.451988
515.668000   1.452416
515.669000   1.452321
515.670000   1.451864
515.671000   1.450922
515.672000   1.449221
515.673000   1.446545
515.674000   1.442775
515.675000   1.437860
515.676000   1.431823
515.677000   1.424818
515.678000   1.417183
515.679000   1.409373
515.680000   1.401690
515.681000   1.394145
515.682000   1.386662
515.683000   1.379285
515.684000   1.372173
515.685000   1.365544
515.686000   1.359656
515.687000   1.354868
515.688000   1.351681
515.689000   1.350538
515.690000   1.351456
515.691000   1.354054
515.692000   1.357925
515.693000   1.362839
515.694000   1.368727
515.695000   1.375596
515.696000   1.383482
515.697000   1.392469
515.698000   1.402679
515.699000   1.414038
515.700000   1.426094
515.701000   1.438237
515.702000   1.449952
515.703000   1.460881
515.704000   1.470790
515.705000   1.479566
515.706000   1.487226
515.707000   1.493930
515.708000   1.499825
515.709000   1.504664
515.710000   1.507745
515.711000   1.508345
515.712000   1.506065
515.713000   1.500912
515.714000   1.493286
515.715000   1.483960
515.716000   1.474030
515.717000   1.464725
515.718000   1.456943
515.719000   1.450895
515.720000   1.446367
515.721000   1.443130
515.722000   1.441062
515.723000   1.440119
515.724000   1.440330
515.725000   1.441823
515.726000   1.444856
515.727000   1.449644
515.728000   1.455925
515.729000   1.462807
515.730000   1.469160
515.731000   1.473976
515.732000   1.476510
515.733000   1.476324
515.734000   1.473335
515.735000   1.467860
515.736000   1.460584
515.737000   1.452299
515.738000   1.443498
515.739000   1.434338
515.740000   1.424867
515.741000   1.415139
515.742000   1.405285
515.743000   1.395563
515.744000   1.386383
515.745000   1.378315
515.746000   1.371982
515.747000   1.367767
515.748000   1.365575
515.749000   1.365000
515.750000   1.365542
515.751000   1.366661
515.752000   1.367845
515.753000   1.368729
515.754000   1.369180
515.755000   1.369288
515.756000   1.369139
515.757000   1.368406
515.758000   1.366318
515.759000   1.362126
515.760000   1.355414
515.761000   1.346055
515.762000   1.334102
515.763000   1.319801
515.764000   1.303639
515.765000   1.286262
515.766000   1.268180
515.767000   1.249574
515.768000   1.230512
515.769000   1.211218
515.770000   1.192141
515.771000   1.173878
515.772000   1.157025
515.773000   1.142030
515.774000   1.129194
515.775000   1.118728
515.776000   1.110650
515.777000   1.104698
515.778000   1.100512
515.779000   1.097822
515.780000   1.096494
515.781000   1.096510
515.782000   1.097961
515.783000   1.101051
515.784000   1.106053
515.785000   1.113045
515.786000   1.121632
515.787000   1.131145
515.788000   1.141051
515.789000   1.151091
515.790000   1.161225
515.791000   1.171560
515.792000   1.182328
515.793000   1.193881
515.794000   1.206622
515.795000   1.220782
515.796000   1.236274
515.797000   1.252848
515.798000   1.270258
515.799000   1.288276
515.800000   1.306668
515.801000   1.325182
515.802000   1.343595
515.803000   1.361758
515.804000   1.379558
515.805000   1.396704
515.806000   1.412607
515.807000   1.426562
515.808000   1.437948
515.809000   1.446273
515.810000   1.451183
515.811000   1.452536
515.812000   1.450505
515.813000   1.445581
515.814000   1.438351
515.815000   1.429137
515.816000   1.418000
515.817000   1.405051
515.818000   1.390605
515.819000   1.375113
515.820000   1.359033
515.821000   1.342805
515.822000   1.326926
515.823000   1.311968
515.824000   1.298409
515.825000   1.286422
515.826000   1.275956
515.827000   1.266942
515.828000   1.259363
515.829000   1.253241
515.830000   1.248628
515.831000   1.245648
515.832000   1.244564
515.833000   1.245713
515.834000   1.249174
515.835000   1.254583
515.836000   1.261381
515.837000   1.269096
515.838000   1.277442
515.839000   1.286336
515.840000   1.295905
515.841000   1.306474
515.842000   1.318457
515.843000   1.332046
515.844000   1.346927
515.845000   1.362448
515.846000   1.377990
515.847000   1.393117
515.848000   1.407584
515.849000   1.421315
515.850000   1.434412
515.851000   1.447130
515.852000   1.459744
515.853000   1.472257
515.854000   1.484279
515.855000   1.495240
515.856000   1.504628
515.857000   1.512067
515.858000   1.517345
515.859000   1.520438
515.860000   1.521551
515.861000   1.521110
515.862000   1.519581
515.863000   1.517093
515.864000   1.513358
515.865000   1.507989
515.866000   1.500755
515.867000   1.491651
515.868000   1.480898
515.869000   1.468929
515.870000   1.456373
515.871000   1.443925
515.872000   1.431963
515.873000   1.420261
515.874000   1.408294
515.875000   1.395664
515.876000   1.382230
515.877000   1.368068
515.878000   1.353425
515.879000   1.338706
515.880000   1.324464
515.881000   1.311248
515.882000   1.299250
515.883000   1.288211
515.884000   1.277757
515.885000   1.267680
515.886000   1.257941
515.887000   1.248615
515.888000   1.239870
515.889000   1.232023
515.890000   1.225516
515.891000   1.220639
515.892000   1.217150
515.893000   1.214409
515.894000   1.211847
515.895000   1.209168
515.896000   1.206328
515.897000   1.203458
515.898000   1.200819
515.899000   1.198782
515.900000   1.197711
515.901000   1.197639
515.902000   1.198100
515.903000   1.198415
515.904000   1.198005
515.905000   1.196475
515.906000   1.193603
515.907000   1.189336
515.908000   1.183811
515.909000   1.177337
515.910000   1.170190
515.911000   1.162313
515.912000   1.153364
515.913000   1.143070
515.914000   1.131413
515.915000   1.118624
515.916000   1.105125
515.917000   1.091509
515.918000   1.078546
515.919000   1.067121
515.920000   1.057954
515.921000   1.051298
515.922000   1.047041
515.923000   1.045006
515.924000   1.045064
515.925000   1.047130
515.926000   1.051174
515.927000   1.057291
515.928000   1.065740
515.929000   1.076781
515.930000   1.090289
515.931000   1.105644
515.932000   1.122102
515.933000   1.139066
515.934000   1.156096
515.935000   1.172883
515.936000   1.189280
515.937000   1.205364
515.938000   1.221398
515.939000   1.237608
515.940000   1.253938
515.941000   1.270121
515.942000   1.285890
515.943000   1.301036
515.944000   1.315386
515.945000   1.328792
515.946000   1.341166
515.947000   1.352545
515.948000   1.363050
515.949000   1.372646
515.950000   1.381011
515.951000   1.387762
515.952000   1.392682
515.953000   1.395785
515.954000   1.397284
515.955000   1.397567
515.956000   1.397176
515.957000   1.396776
515.958000   1.396939
515.959000   1.397838
515.960000   1.399302
515.961000   1.401091
515.962000   1.403044
515.963000   1.405089
515.964000   1.407231
515.965000   1.409563
515.966000   1.412242
515.967000   1.415393
515.968000   1.418908
515.969000   1.422363
515.970000   1.425264
515.971000   1.427278
515.972000   1.428284
515.973000   1.428356
515.974000   1.427744
515.975000   1.426860
515.976000   1.426227
515.977000   1.426329
515.978000   1.427408
515.979000   1.429435
515.980000   1.432298
515.981000   1.435931
515.982000   1.440324
515.983000   1.445485
515.984000   1.451443
515.985000   1.458302
515.986000   1.466295
515.987000   1.475632
515.988000   1.486144
515.989000   1.497252
515.990000   1.508300
515.991000   1.518806
515.992000   1.528502
515.993000   1.537300
515.994000   1.545294
515.995000   1.552787
515.996000   1.560219
515.997000   1.567840
515.998000   1.575436
515.999000   1.582509
516.000000   1.588541
516.001000   1.593111
516.001000   1.593111
516.002000   1.595956
516.003000   1.596982
516.004000   1.596260
516.005000   1.594020
516.006000   1.590591
516.007000   1.586258
516.008000   1.581181
516.009000   1.575455
516.010000   1.569100
516.011000   1.562013
516.012000   1.554058
516.013000   1.545183
516.014000   1.535490
516.015000   1.525265
516.016000   1.514850
516.017000   1.504298
516.018000   1.493262
516.019000   1.481329
516.020000   1.468246
516.021000   1.453870
516.022000   1.438135
516.023000   1.421168
516.024000   1.403404
516.025000   1.385523
516.026000   1.368093
516.027000   1.351207
516.028000   1.334674
516.029000   1.318410
516.030000   1.302536
516.031000   1.287275
516.032000   1.272828
516.033000   1.259359
516.034000   1.247077
516.035000   1.236218
516.036000   1.226828
516.037000   1.218634
516.038000   1.211240
516.039000   1.204328
516.040000   1.197715
516.041000   1.191347
516.042000   1.185290
516.043000   1.179764
516.044000   1.175181
516.045000   1.171989
516.046000   1.170216
516.047000   1.169350
516.048000   1.168771
516.049000   1.168095
516.050000   1.167241
516.051000   1.166406
516.052000   1.166041
516.053000   1.166799
516.054000   1.169386
516.055000   1.174218
516.056000   1.181137
516.057000   1.189589
516.058000   1.198974
516.059000   1.208769
516.060000   1.218548
516.061000   1.228000
516.062000   1.236968
516.063000   1.245484
516.064000   1.253703
516.065000   1.261580
516.066000   1.268581
516.067000   1.273922
516.068000   1.276943
516.069000   1.277278
516.070000   1.274892
516.071000   1.270097
516.072000   1.263574
516.073000   1.256334
516.074000   1.249414
516.075000   1.243337
516.076000   1.238052
516.077000   1.233404
516.078000   1.229407
516.079000   1.226233
516.080000   1.224145
516.081000   1.223468
516.082000   1.224589
516.083000   1.227879
516.084000   1.233423
516.085000   1.240786
516.086000   1.249217
516.087000   1.258015
516.088000   1.266674
516.089000   1.274893
516.090000   1.282525
516.091000   1.289555
516.092000   1.296104
516.093000   1.302397
516.094000   1.308514
516.095000   1.314228
516.096000   1.319239
516.097000   1.323442
516.098000   1.326971
516.099000   1.330132
516.100000   1.333360
516.101000   1.337211
516.102000   1.342339
516.103000   1.349268
516.104000   1.358008
516.105000   1.368058
516.106000   1.378825
516.107000   1.389872
516.108000   1.400925
516.109000   1.411825
516.110000   1.422540
516.111000   1.433212
516.112000   1.444125
516.113000   1.455415
516.114000   1.466773
516.115000   1.477607
516.116000   1.487405
516.117000   1.495865
516.118000   1.502867
516.119000   1.508431
516.120000   1.512712
516.121000   1.516017
516.122000   1.518724
516.123000   1.521058
516.124000   1.522956
516.125000   1.524223
516.126000   1.524627
516.127000   1.523941
516.128000   1.522028
516.129000   1.518931
516.130000   1.514937
516.131000   1.510569
516.132000   1.506396
516.133000   1.502690
516.134000   1.499407
516.135000   1.496494
516.136000   1.494007
516.137000   1.492001
516.138000   1.490479
516.139000   1.489494
516.140000   1.489241
516.141000   1.489988
516.142000   1.491782
516.143000   1.494179
516.144000   1.496424
516.145000   1.497849
516.146000   1.498023
516.147000   1.496690
516.148000   1.493646
516.149000   1.488758
516.150000   1.482100
516.151000   1.473959
516.152000   1.464591
516.153000   1.454041
516.154000   1.442336
516.155000   1.429705
516.156000   1.416605
516.157000   1.403623
516.158000   1.391341
516.159000   1.380281
516.160000   1.370956
516.161000   1.363837
516.162000   1.359087
516.163000   1.356486
516.164000   1.355698
516.165000   1.356452
516.166000   1.358578
516.167000   1.361990
516.168000   1.366683
516.169000   1.372744
516.170000   1.380355
516.171000   1.389563
516.172000   1.399898
516.173000   1.410467
516.174000   1.420389
516.175000   1.429023
516.176000   1.435989
516.177000   1.441154
516.178000   1.444627
516.179000   1.446731
516.180000   1.447874
516.181000   1.448253
516.182000   1.447707
516.183000   1.445954
516.184000   1.442867
516.185000   1.438516
516.186000   1.433111
516.187000   1.426965
516.188000   1.420508
516.189000   1.414313
516.190000   1.409018
516.191000   1.404975
516.192000   1.401948
516.193000   1.399304
516.194000   1.396375
516.195000   1.392658
516.196000   1.387866
516.197000   1.381954
516.198000   1.375157
516.199000   1.367976
516.200000   1.360963
516.201000   1.354292
516.202000   1.347665
516.203000   1.340653
516.204000   1.332950
516.205000   1.324440
516.206000   1.315189
516.207000   1.305436
516.208000   1.295574
516.209000   1.286099
516.210000   1.277407
516.211000   1.269529
516.212000   1.262153
516.213000   1.254929
516.214000   1.247632
516.215000   1.240156
516.216000   1.232501
516.217000   1.224836
516.218000   1.217582
516.219000   1.211393
516.220000   1.206859
516.221000   1.204130
516.222000   1.202984
516.223000   1.203158
516.224000   1.204499
516.225000   1.206960
516.226000   1.210585
516.227000   1.215513
516.228000   1.221968
516.229000   1.230133
516.230000   1.239829
516.231000   1.250350
516.232000   1.260724
516.233000   1.270006
516.234000   1.277398
516.235000   1.282301
516.236000   1.284374
516.237000   1.283606
516.238000   1.280335
516.239000   1.275097
516.240000   1.268293
516.241000   1.260033
516.242000   1.250340
516.243000   1.239350
516.244000   1.227353
516.245000   1.214763
516.246000   1.202121
516.247000   1.190130
516.248000   1.179629
516.249000   1.171363
516.250000   1.165633
516.251000   1.162333
516.252000   1.161241
516.253000   1.162117
516.254000   1.164710
516.255000   1.168808
516.256000   1.174325
516.257000   1.181354
516.258000   1.190099
516.259000   1.200584
516.260000   1.212408
516.261000   1.224929
516.262000   1.237557
516.263000   1.249818
516.264000   1.261307
516.265000   1.271671
516.266000   1.280673
516.267000   1.288274
516.268000   1.294577
516.269000   1.299565
516.270000   1.302950
516.271000   1.304416
516.272000   1.303894
516.273000   1.301629
516.274000   1.298127
516.275000   1.294062
516.276000   1.290203
516.277000   1.287364
516.278000   1.286265
516.279000   1.287235
516.280000   1.290164
516.281000   1.294804
516.282000   1.300977
516.283000   1.308585
516.284000   1.317582
516.285000   1.327962
516.286000   1.339756
516.287000   1.353000
516.288000   1.367555
516.289000   1.382888
516.290000   1.398154
516.291000   1.412510
516.292000   1.425294
516.293000   1.436064
516.294000   1.444610
516.295000   1.450989
516.296000   1.455560
516.297000   1.458928
516.298000   1.461649
516.299000   1.463836
516.300000   1.465175
516.301000   1.465308
516.302000   1.464063
516.303000   1.461496
516.304000   1.457873
516.305000   1.453646
516.306000   1.449437
516.307000   1.445944
516.308000   1.443663
516.309000   1.442656
516.310000   1.442684
516.311000   1.443483
516.312000   1.444885
516.313000   1.446841
516.314000   1.449406
516.315000   1.452737
516.316000   1.457120
516.317000   1.462873
516.318000   1.470036
516.319000   1.478145
516.320000   1.486437
516.321000   1.494140
516.322000   1.500585
516.323000   1.505262
516.324000   1.507880
516.325000   1.508426
516.326000   1.507164
516.327000   1.504417
516.328000   1.500247
516.329000   1.494503
516.330000   1.487172
516.331000   1.478466
516.332000   1.468730
516.333000   1.458378
516.334000   1.447934
516.335000   1.438035
516.336000   1.429335
516.337000   1.422232
516.338000   1.416678
516.339000   1.412358
516.340000   1.408974
516.341000   1.406337
516.342000   1.404302
516.343000   1.402696
516.344000   1.401380
516.345000   1.400370
516.346000   1.399783
516.347000   1.399508
516.348000   1.399091
516.349000   1.398025
516.350000   1.396019
516.351000   1.393055
516.352000   1.389357
516.353000   1.385329
516.354000   1.381492
516.355000   1.378380
516.356000   1.376290
516.357000   1.375077
516.358000   1.374347
516.359000   1.373786
516.360000   1.373261
516.361000   1.372785
516.362000   1.372496
516.363000   1.372660
516.364000   1.373672
516.365000   1.375941
516.366000   1.379582
516.367000   1.384209
516.368000   1.389127
516.369000   1.393635
516.370000   1.397170
516.371000   1.399345
516.372000   1.399980
516.373000   1.399142
516.374000   1.397131
516.375000   1.394250
516.376000   1.390431
516.377000   1.385242
516.378000   1.378214
516.379000   1.369059
516.380000   1.357730
516.381000   1.344451
516.382000   1.329716
516.383000   1.314257
516.384000   1.298901
516.385000   1.284270
516.386000   1.270607
516.387000   1.257979
516.388000   1.246477
516.389000   1.236206
516.390000   1.227243
516.391000   1.219694
516.392000   1.213788
516.393000   1.209870
516.394000   1.208222
516.395000   1.208781
516.396000   1.211133
516.397000   1.214776
516.398000   1.219293
516.399000   1.224341
516.400000   1.229624
516.401000   1.234933
516.402000   1.240228
516.403000   1.245609
516.404000   1.251015
516.405000   1.255981
516.406000   1.259848
516.407000   1.262102
516.408000   1.262498
516.409000   1.261051
516.410000   1.257973
516.411000   1.253606
516.412000   1.248364
516.413000   1.242614
516.414000   1.236515
516.415000   1.230057
516.416000   1.223268
516.417000   1.216314
516.418000   1.209489
516.419000   1.203159
516.420000   1.197711
516.421000   1.193524
516.422000   1.190938
516.423000   1.190073
516.424000   1.190556
516.425000   1.191622
516.426000   1.192504
516.427000   1.192675
516.428000   1.191905
516.429000   1.190253
516.430000   1.188063
516.431000   1.185908
516.432000   1.184374
516.433000   1.183675
516.434000   1.183559
516.435000   1.183683
516.436000   1.183879
516.437000   1.184171
516.438000   1.184701
516.439000   1.185685
516.440000   1.187395
516.441000   1.190139
516.442000   1.194103
516.443000   1.199103
516.444000   1.204586
516.445000   1.209892
516.446000   1.214464
516.447000   1.217912
516.448000   1.220032
516.449000   1.220837
516.450000   1.220616
516.451000   1.219892
516.452000   1.219129
516.453000   1.218359
516.454000   1.217298
516.455000   1.215693
516.456000   1.213462
516.457000   1.210683
516.458000   1.207580
516.459000   1.204529
516.460000   1.202054
516.461000   1.200677
516.462000   1.200608
516.463000   1.201609
516.464000   1.203212
516.465000   1.204902
516.466000   1.206157
516.467000   1.206470
516.468000   1.205441
516.469000   1.202895
516.470000   1.198949
516.471000   1.193907
516.472000   1.187968
516.473000   1.181131
516.474000   1.173415
516.475000   1.164960
516.476000   1.155991
516.477000   1.146821
516.478000   1.137915
516.479000   1.129955
516.480000   1.123777
516.481000   1.120050
516.482000   1.118911
516.483000   1.120099
516.484000   1.123301
516.485000   1.128237
516.486000   1.134587
516.487000   1.141988
516.488000   1.150142
516.489000   1.158930
516.490000   1.168360
516.491000   1.178273
516.492000   1.188168
516.493000   1.197436
516.494000   1.205641
516.495000   1.212566
516.496000   1.218132
516.497000   1.222374
516.498000   1.225513
516.499000   1.227988
516.500000   1.230241
516.501000   1.232322
516.501000   1.232322
516.502000   1.233916
516.503000   1.234726
516.504000   1.234679
516.505000   1.233914
516.506000   1.232703
516.507000   1.231400
516.508000   1.230444
516.509000   1.230304
516.510000   1.231215
516.511000   1.232962
516.512000   1.235103
516.513000   1.237287
516.514000   1.239364
516.515000   1.241359
516.516000   1.243434
516.517000   1.245857
516.518000   1.248957
516.519000   1.252976
516.520000   1.257761
516.521000   1.262696
516.522000   1.267028
516.523000   1.270164
516.524000   1.271760
516.525000   1.271727
516.526000   1.270232
516.527000   1.267728
516.528000   1.264890
516.529000   1.262340
516.530000   1.260278
516.531000   1.258558
516.532000   1.257054
516.533000   1.255822
516.534000   1.255090
516.535000   1.255204
516.536000   1.256626
516.537000   1.259933
516.538000   1.265724
516.539000   1.274343
516.540000   1.285660
516.541000   1.299211
516.542000   1.314442
516.543000   1.330780
516.544000   1.347634
516.545000   1.364425
516.546000   1.380660
516.547000   1.396014
516.548000   1.410270
516.549000   1.423044
516.550000   1.433645
516.551000   1.441331
516.552000   1.445584
516.553000   1.446207
516.554000   1.443323
516.555000   1.437379
516.556000   1.429131
516.557000   1.419543
516.558000   1.409486
516.559000   1.399407
516.560000   1.389385
516.561000   1.379417
516.562000   1.369557
516.563000   1.359923
516.564000   1.350697
516.565000   1.342158
516.566000   1.334707
516.567000   1.328781
516.568000   1.324607
516.569000   1.322051
516.570000   1.320790
516.571000   1.320518
516.572000   1.320986
516.573000   1.321981
516.574000   1.323353
516.575000   1.325069
516.576000   1.327234
516.577000   1.329943
516.578000   1.333014
516.579000   1.335981
516.580000   1.338371
516.581000   1.339888
516.582000   1.340424
516.583000   1.340018
516.584000   1.338852
516.585000   1.337283
516.586000   1.335827
516.587000   1.334966
516.588000   1.334894
516.589000   1.335537
516.590000   1.336773
516.591000   1.338570
516.592000   1.341000
516.593000   1.344214
516.594000   1.348431
516.595000   1.353936
516.596000   1.361005
516.597000   1.369680
516.598000   1.379582
516.599000   1.390081
516.600000   1.400581
516.601000   1.410629
516.602000   1.419920
516.603000   1.428281
516.604000   1.435671
516.605000   1.442170
516.606000   1.447869
516.607000   1.452659
516.608000   1.456204
516.609000   1.458179
516.610000   1.458459
516.611000   1.457120
516.612000   1.454377
516.613000   1.450532
516.614000   1.445948
516.615000   1.441038
516.616000   1.436147
516.617000   1.431380
516.618000   1.426614
516.619000   1.421708
516.620000   1.416618
516.621000   1.411395
516.622000   1.406157
516.623000   1.401086
516.624000   1.396462
516.625000   1.392623
516.626000   1.389744
516.627000   1.387621
516.628000   1.385814
516.629000   1.383945
516.630000   1.381815
516.631000   1.379384
516.632000   1.376738
516.633000   1.374081
516.634000   1.371742
516.635000   1.370058
516.636000   1.369147
516.637000   1.368830
516.638000   1.368836
516.639000   1.368971
516.640000   1.369123
516.641000   1.369229
516.642000   1.369283
516.643000   1.369396
516.644000   1.369795
516.645000   1.370672
516.646000   1.371937
516.647000   1.373265
516.648000   1.374354
516.649000   1.375066
516.650000   1.375419
516.651000   1.375561
516.652000   1.375787
516.653000   1.376549
516.654000   1.378371
516.655000   1.381569
516.656000   1.386059
516.657000   1.391504
516.658000   1.397522
516.659000   1.403756
516.660000   1.409891
516.661000   1.415687
516.662000   1.421062
516.663000   1.426131
516.664000   1.431054
516.665000   1.435710
516.666000   1.439632
516.667000   1.442305
516.668000   1.443383
516.669000   1.442732
516.670000   1.440425
516.671000   1.436759
516.672000   1.432281
516.673000   1.427703
516.674000   1.423633
516.675000   1.420322
516.676000   1.417762
516.677000   1.415915
516.678000   1.414785
516.679000   1.414416
516.680000   1.414892
516.681000   1.416352
516.682000   1.418972
516.683000   1.422809
516.684000   1.427543
516.685000   1.432424
516.686000   1.436542
516.687000   1.439076
516.688000   1.439410
516.689000   1.437179
516.690000   1.432326
516.691000   1.425116
516.692000   1.416071
516.693000   1.405701
516.694000   1.394266
516.695000   1.381872
516.696000   1.368702
516.697000   1.355075
516.698000   1.341409
516.699000   1.328200
516.700000   1.316013
516.701000   1.305460
516.702000   1.297082
516.703000   1.291141
516.704000   1.287525
516.705000   1.285915
516.706000   1.285962
516.707000   1.287340
516.708000   1.289746
516.709000   1.292941
516.710000   1.296822
516.711000   1.301435
516.712000   1.306804
516.713000   1.312639
516.714000   1.318347
516.715000   1.323342
516.716000   1.327268
516.717000   1.330019
516.718000   1.331665
516.719000   1.332396
516.720000   1.332495
516.721000   1.332270
516.722000   1.331876
516.723000   1.331202
516.724000   1.330056
516.725000   1.328389
516.726000   1.326357
516.727000   1.324278
516.728000   1.322573
516.729000   1.321691
516.730000   1.322035
516.731000   1.323856
516.732000   1.327107
516.733000   1.331397
516.734000   1.336178
516.735000   1.340962
516.736000   1.345395
516.737000   1.349247
516.738000   1.352434
516.739000   1.355052
516.740000   1.357357
516.741000   1.359553
516.742000   1.361459
516.743000   1.362477
516.744000   1.361932
516.745000   1.359337
516.746000   1.354471
516.747000   1.347360
516.748000   1.338280
516.749000   1.327765
516.750000   1.316549
516.751000   1.305341
516.752000   1.294563
516.753000   1.284362
516.754000   1.274788
516.755000   1.265881
516.756000   1.257686
516.757000   1.250270
516.758000   1.243785
516.759000   1.238526
516.760000   1.234955
516.761000   1.233557
516.762000   1.234546
516.763000   1.237767
516.764000   1.242837
516.765000   1.249298
516.766000   1.256728
516.767000   1.264830
516.768000   1.273509
516.769000   1.282916
516.770000   1.293392
516.771000   1.305234
516.772000   1.318395
516.773000   1.332464
516.774000   1.346855
516.775000   1.360953
516.776000   1.374186
516.777000   1.386085
516.778000   1.396358
516.779000   1.404948
516.780000   1.411988
516.781000   1.417585
516.782000   1.421643
516.783000   1.423965
516.784000   1.424418
516.785000   1.422981
516.786000   1.419776
516.787000   1.415109
516.788000   1.409504
516.789000   1.403669
516.790000   1.398298
516.791000   1.393768
516.792000   1.390117
516.793000   1.387308
516.794000   1.385357
516.795000   1.384317
516.796000   1.384257
516.797000   1.385278
516.798000   1.387521
516.799000   1.391132
516.800000   1.396147
516.801000   1.402326
516.802000   1.409159
516.803000   1.416066
516.804000   1.422538
516.805000   1.428139
516.806000   1.432495
516.807000   1.435343
516.808000   1.436594
516.809000   1.436354
516.810000   1.434746
516.811000   1.431648
516.812000   1.426747
516.813000   1.419904
516.814000   1.411353
516.815000   1.401618
516.816000   1.391353
516.817000   1.381259
516.818000   1.372071
516.819000   1.364535
516.820000   1.359259
516.821000   1.356572
516.822000   1.356545
516.823000   1.359133
516.824000   1.364229
516.825000   1.371640
516.826000   1.381031
516.827000   1.391929
516.828000   1.403787
516.829000   1.416059
516.830000   1.428095
516.831000   1.438991
516.832000   1.447702
516.833000   1.453343
516.834000   1.455375
516.835000   1.453644
516.836000   1.448351
516.837000   1.439988
516.838000   1.429255
516.839000   1.416936
516.840000   1.403732
516.841000   1.390206
516.842000   1.376866
516.843000   1.364212
516.844000   1.352694
516.845000   1.342669
516.846000   1.334393
516.847000   1.328065
516.848000   1.323851
516.849000   1.321815
516.850000   1.321771
516.851000   1.323231
516.852000   1.325552
516.853000   1.328107
516.854000   1.330382
516.855000   1.332037
516.856000   1.332965
516.857000   1.333338
516.858000   1.333545
516.859000   1.333903
516.860000   1.334314
516.861000   1.334306
516.862000   1.333346
516.863000   1.331036
516.864000   1.327147
516.865000   1.321612
516.866000   1.314514
516.867000   1.306088
516.868000   1.296650
516.869000   1.286465
516.870000   1.275637
516.871000   1.264176
516.872000   1.252105
516.873000   1.239512
516.874000   1.226555
516.875000   1.213490
516.876000   1.200694
516.877000   1.188676
516.878000   1.178003
516.879000   1.169098
516.880000   1.162035
516.881000   1.156605
516.882000   1.152525
516.883000   1.149565
516.884000   1.147587
516.885000   1.146574
516.886000   1.146655
516.887000   1.148084
516.888000   1.151046
516.889000   1.155342
516.890000   1.160377
516.891000   1.165479
516.892000   1.170160
516.893000   1.174179
516.894000   1.177550
516.895000   1.180524
516.896000   1.183549
516.897000   1.187131
516.898000   1.191605
516.899000   1.197006
516.900000   1.203172
516.901000   1.209909
516.902000   1.217067
516.903000   1.224541
516.904000   1.232266
516.905000   1.240223
516.906000   1.248440
516.907000   1.256956
516.908000   1.265709
516.909000   1.274444
516.910000   1.282756
516.911000   1.290225
516.912000   1.296526
516.913000   1.301511
516.914000   1.305253
516.915000   1.308065
516.916000   1.310469
516.917000   1.313002
516.918000   1.315936
516.919000   1.319206
516.920000   1.322613
516.921000   1.326003
516.922000   1.329321
516.923000   1.332625
516.924000   1.336091
516.925000   1.340016
516.926000   1.344756
516.927000   1.350570
516.928000   1.357484
516.929000   1.365364
516.930000   1.374042
516.931000   1.383318
516.932000   1.392915
516.933000   1.402502
516.934000   1.411776
516.935000   1.420523
516.936000   1.428586
516.937000   1.435757
516.938000   1.441741
516.939000   1.446263
516.940000   1.449114
516.941000   1.450106
516.942000   1.449033
516.943000   1.445753
516.944000   1.440299
516.945000   1.432925
516.946000   1.423985
516.947000   1.413772
516.948000   1.402498
516.949000   1.390421
516.950000   1.377904
516.951000   1.365365
516.952000   1.353181
516.953000   1.341674
516.954000   1.331158
516.955000   1.321929
516.956000   1.314130
516.957000   1.307702
516.958000   1.302514
516.959000   1.298519
516.960000   1.295777
516.961000   1.294398
516.962000   1.294460
516.963000   1.295962
516.964000   1.298852
516.965000   1.303019
516.966000   1.308210
516.967000   1.314026
516.968000   1.320054
516.969000   1.325972
516.970000   1.331578
516.971000   1.336783
516.972000   1.341616
516.973000   1.346200
516.974000   1.350660
516.975000   1.354998
516.976000   1.358999
516.977000   1.362332
516.978000   1.364711
516.979000   1.365995
516.980000   1.366192
516.981000   1.365458
516.982000   1.364100
516.983000   1.362577
516.984000   1.361416
516.985000   1.360978
516.986000   1.361239
516.987000   1.361862
516.988000   1.362435
516.989000   1.362652
516.990000   1.362374
516.991000   1.361642
516.992000   1.360678
516.993000   1.359833
516.994000   1.359446
516.995000   1.359598
516.996000   1.360023
516.997000   1.360251
516.998000   1.359802
516.999000   1.358313
517.000000   1.355620
517.001000   1.351771
517.001000   1.351771
517.002000   1.346996
517.003000   1.341620
517.004000   1.335899
517.005000   1.329900
517.006000   1.323546
517.007000   1.316762
517.008000   1.309517
517.009000   1.301806
517.010000   1.293672
517.011000   1.285272
517.012000   1.276911
517.013000   1.268996
517.014000   1.261898
517.015000   1.255828
517.016000   1.250890
517.017000   1.247206
517.018000   1.244939
517.019000   1.244219
517.020000   1.245105
517.021000   1.247639
517.022000   1.251873
517.023000   1.257747
517.024000   1.264921
517.025000   1.272846
517.026000   1.280999
517.027000   1.289017
517.028000   1.296710
517.029000   1.304034
517.030000   1.311070
517.031000   1.318008
517.032000   1.325084
517.033000   1.332450
517.034000   1.340027
517.035000   1.347530
517.036000   1.354591
517.037000   1.360865
517.038000   1.366058
517.039000   1.369965
517.040000   1.372532
517.041000   1.373907
517.042000   1.374394
517.043000   1.374239
517.044000   1.373442
517.045000   1.371820
517.046000   1.369179
517.047000   1.365412
517.048000   1.360549
517.049000   1.354781
517.050000   1.348482
517.051000   1.342188
517.052000   1.336485
517.053000   1.331853
517.054000   1.328608
517.055000   1.326901
517.056000   1.326669
517.057000   1.327630
517.058000   1.329389
517.059000   1.331565
517.060000   1.333853
517.061000   1.336014
517.062000   1.337770
517.063000   1.338724
517.064000   1.338415
517.065000   1.336482
517.066000   1.332726
517.067000   1.327070
517.068000   1.319567
517.069000   1.310491
517.070000   1.300379
517.071000   1.289892
517.072000   1.279583
517.073000   1.269787
517.074000   1.260728
517.075000   1.252670
517.076000   1.245936
517.077000   1.240814
517.078000   1.237437
517.079000   1.235773
517.080000   1.235685
517.081000   1.236933
517.082000   1.239119
517.083000   1.241742
517.084000   1.244343
517.085000   1.246623
517.086000   1.248466
517.087000   1.249796
517.088000   1.250419
517.089000   1.250094
517.090000   1.248709
517.091000   1.246235
517.092000   1.242585
517.093000   1.237658
517.094000   1.231518
517.095000   1.224484
517.096000   1.217081
517.097000   1.209908
517.098000   1.203517
517.099000   1.198398
517.100000   1.194956
517.101000   1.193393
517.102000   1.193677
517.103000   1.195668
517.104000   1.199244
517.105000   1.204361
517.106000   1.211053
517.107000   1.219407
517.108000   1.229526
517.109000   1.241494
517.110000   1.255235
517.111000   1.270317
517.112000   1.285968
517.113000   1.301336
517.114000   1.315717
517.115000   1.328663
517.116000   1.340025
517.117000   1.349902
517.118000   1.358508
517.119000   1.365980
517.120000   1.372193
517.121000   1.376722
517.122000   1.379080
517.123000   1.378985
517.124000   1.376468
517.125000   1.371855
517.126000   1.365721
517.127000   1.358808
517.128000   1.351885
517.129000   1.345536
517.130000   1.339930
517.131000   1.334817
517.132000   1.329768
517.133000   1.324405
517.134000   1.318477
517.135000   1.311863
517.136000   1.304581
517.137000   1.296812
517.138000   1.288894
517.139000   1.281161
517.140000   1.273626
517.141000   1.265892
517.142000   1.257413
517.143000   1.247797
517.144000   1.236916
517.145000   1.224899
517.146000   1.212108
517.147000   1.199110
517.148000   1.186613
517.149000   1.175272
517.150000   1.165487
517.151000   1.157405
517.152000   1.151086
517.153000   1.146600
517.154000   1.144034
517.155000   1.143471
517.156000   1.144995
517.157000   1.148718
517.158000   1.154770
517.159000   1.163174
517.160000   1.173672
517.161000   1.185695
517.162000   1.198479
517.163000   1.211176
517.164000   1.222961
517.165000   1.233143
517.166000   1.241257
517.167000   1.247090
517.168000   1.250568
517.169000   1.251540
517.170000   1.249730
517.171000   1.244936
517.172000   1.237192
517.173000   1.226768
517.174000   1.214107
517.175000   1.199789
517.176000   1.184506
517.177000   1.169021
517.178000   1.154047
517.179000   1.140088
517.180000   1.127408
517.181000   1.116127
517.182000   1.106315
517.183000   1.097999
517.184000   1.091153
517.185000   1.085766
517.186000   1.081923
517.187000   1.079815
517.188000   1.079539
517.189000   1.080867
517.190000   1.083328
517.191000   1.086482
517.192000   1.090053
517.193000   1.093933
517.194000   1.098146
517.195000   1.102839
517.196000   1.108251
517.197000   1.114600
517.198000   1.121901
517.199000   1.129907
517.200000   1.138253
517.201000   1.146604
517.202000   1.154693
517.203000   1.162315
517.204000   1.169318
517.205000   1.175613
517.206000   1.181181
517.207000   1.186006
517.208000   1.189969
517.209000   1.192847
517.210000   1.194484
517.211000   1.194914
517.212000   1.194374
517.213000   1.193248
517.214000   1.192028
517.215000   1.191301
517.216000   1.191693
517.217000   1.193675
517.218000   1.197392
517.219000   1.202736
517.220000   1.209555
517.221000   1.217766
517.222000   1.227357
517.223000   1.238364
517.224000   1.250856
517.225000   1.264911
517.226000   1.280500
517.227000   1.297302
517.228000   1.314666
517.229000   1.331831
517.230000   1.348162
517.231000   1.363227
517.232000   1.376808
517.233000   1.388878
517.234000   1.399592
517.235000   1.409237
517.236000   1.418068
517.237000   1.426128
517.238000   1.433268
517.239000   1.439324
517.240000   1.444234
517.241000   1.448043
517.242000   1.450902
517.243000   1.453060
517.244000   1.454862
517.245000   1.456671
517.246000   1.458684
517.247000   1.460809
517.248000   1.462791
517.249000   1.464408
517.250000   1.465555
517.251000   1.466251
517.252000   1.466632
517.253000   1.466964
517.254000   1.467620
517.255000   1.468939
517.256000   1.470968
517.257000   1.473399
517.258000   1.475755
517.259000   1.477579
517.260000   1.478501
517.261000   1.478265
517.262000   1.476750
517.263000   1.473995
517.264000   1.470145
517.265000   1.465295
517.266000   1.459380
517.267000   1.452271
517.268000   1.443920
517.269000   1.434411
517.270000   1.423945
517.271000   1.412836
517.272000   1.401534
517.273000   1.390612
517.274000   1.380686
517.275000   1.372231
517.276000   1.365477
517.277000   1.360457
517.278000   1.357099
517.279000   1.355249
517.280000   1.354690
517.281000   1.355177
517.282000   1.356494
517.283000   1.358477
517.284000   1.360915
517.285000   1.363394
517.286000   1.365327
517.287000   1.366162
517.288000   1.365537
517.289000   1.363316
517.290000   1.359591
517.291000   1.354677
517.292000   1.349080
517.293000   1.343351
517.294000   1.337827
517.295000   1.332531
517.296000   1.327343
517.297000   1.322192
517.298000   1.317106
517.299000   1.312181
517.300000   1.307536
517.301000   1.303285
517.302000   1.299519
517.303000   1.296230
517.304000   1.293205
517.305000   1.290022
517.306000   1.286183
517.307000   1.281255
517.308000   1.274937
517.309000   1.267096
517.310000   1.257784
517.311000   1.247235
517.312000   1.235778
517.313000   1.223586
517.314000   1.210461
517.315000   1.196002
517.316000   1.179951
517.317000   1.162382
517.318000   1.143698
517.319000   1.124586
517.320000   1.105931
517.321000   1.088710
517.322000   1.073804
517.323000   1.061768
517.324000   1.052769
517.325000   1.046733
517.326000   1.043504
517.327000   1.042911
517.328000   1.044796
517.329000   1.049043
517.330000   1.055604
517.331000   1.064480
517.332000   1.075566
517.333000   1.088426
517.334000   1.102311
517.335000   1.116391
517.336000   1.129933
517.337000   1.142375
517.338000   1.153349
517.339000   1.162733
517.340000   1.170657
517.341000   1.177406
517.342000   1.183168
517.343000   1.187882
517.344000   1.191400
517.345000   1.193707
517.346000   1.194979
517.347000   1.195529
517.348000   1.195743
517.349000   1.196052
517.350000   1.196871
517.351000   1.198471
517.352000   1.200829
517.353000   1.203686
517.354000   1.206774
517.355000   1.209941
517.356000   1.213155
517.357000   1.216437
517.358000   1.219850
517.359000   1.223528
517.360000   1.227696
517.361000   1.232523
517.362000   1.237960
517.363000   1.243788
517.364000   1.249808
517.365000   1.255932
517.366000   1.262176
517.367000   1.268650
517.368000   1.275550
517.369000   1.283141
517.370000   1.291601
517.371000   1.300771
517.372000   1.310114
517.373000   1.319012
517.374000   1.327024
517.375000   1.333971
517.376000   1.339924
517.377000   1.345183
517.378000   1.350225
517.379000   1.355611
517.380000   1.361808
517.381000   1.369017
517.382000   1.377215
517.383000   1.386307
517.384000   1.396212
517.385000   1.406850
517.386000   1.418124
517.387000   1.429923
517.388000   1.442144
517.389000   1.454666
517.390000   1.467208
517.391000   1.479197
517.392000   1.489862
517.393000   1.498468
517.394000   1.504468
517.395000   1.507574
517.396000   1.507798
517.397000   1.505480
517.398000   1.501267
517.399000   1.495929
517.400000   1.490049
517.401000   1.483895
517.402000   1.477595
517.403000   1.471278
517.404000   1.465076
517.405000   1.459121
517.406000   1.453590
517.407000   1.448734
517.408000   1.444848
517.409000   1.442144
517.410000   1.440623
517.411000   1.440109
517.412000   1.440424
517.413000   1.441463
517.414000   1.443150
517.415000   1.445361
517.416000   1.447945
517.417000   1.450846
517.418000   1.454170
517.419000   1.458008
517.420000   1.462145
517.421000   1.466080
517.422000   1.469287
517.423000   1.471397
517.424000   1.472254
517.425000   1.471915
517.426000   1.470619
517.427000   1.468748
517.428000   1.466739
517.429000   1.464910
517.430000   1.463365
517.431000   1.462123
517.432000   1.461275
517.433000   1.461017
517.434000   1.461612
517.435000   1.463373
517.436000   1.466656
517.437000   1.471821
517.438000   1.479082
517.439000   1.488262
517.440000   1.498700
517.441000   1.509450
517.442000   1.519526
517.443000   1.528020
517.444000   1.534172
517.445000   1.537436
517.446000   1.537567
517.447000   1.534656
517.448000   1.528999
517.449000   1.520841
517.450000   1.510283
517.451000   1.497423
517.452000   1.482523
517.453000   1.466046
517.454000   1.448592
517.455000   1.430795
517.456000   1.413250
517.457000   1.396443
517.458000   1.380655
517.459000   1.365938
517.460000   1.352252
517.461000   1.339573
517.462000   1.327838
517.463000   1.316918
517.464000   1.306713
517.465000   1.297250
517.466000   1.288719
517.467000   1.281407
517.468000   1.275492
517.469000   1.270911
517.470000   1.267492
517.471000   1.265138
517.472000   1.263833
517.473000   1.263557
517.474000   1.264263
517.475000   1.265965
517.476000   1.268755
517.477000   1.272663
517.478000   1.277466
517.479000   1.282743
517.480000   1.288102
517.481000   1.293297
517.482000   1.298222
517.483000   1.302834
517.484000   1.307111
517.485000   1.311078
517.486000   1.314829
517.487000   1.318418
517.488000   1.321735
517.489000   1.324573
517.490000   1.326771
517.491000   1.328253
517.492000   1.329023
517.493000   1.329165
517.494000   1.328864
517.495000   1.328392
517.496000   1.327963
517.497000   1.327521
517.498000   1.326740
517.499000   1.325240
517.500000   1.322759
517.501000   1.319198
517.501000   1.319198
517.502000   1.314613
517.503000   1.309220
517.504000   1.303408
517.505000   1.297689
517.506000   1.292539
517.507000   1.288245
517.508000   1.284923
517.509000   1.282614
517.510000   1.281288
517.511000   1.280845
517.512000   1.281184
517.513000   1.282289
517.514000   1.284256
517.515000   1.287185
517.516000   1.291011
517.517000   1.295470
517.518000   1.300274
517.519000   1.305250
517.520000   1.310379
517.521000   1.315749
517.522000   1.321521
517.523000   1.327927
517.524000   1.335252
517.525000   1.343685
517.526000   1.353160
517.527000   1.363400
517.528000   1.374067
517.529000   1.384856
517.530000   1.395511
517.531000   1.405845
517.532000   1.415749
517.533000   1.425174
517.534000   1.434045
517.535000   1.442150
517.536000   1.449085
517.537000   1.454345
517.538000   1.457475
517.539000   1.458164
517.540000   1.456305
517.541000   1.452027
517.542000   1.445746
517.543000   1.438159
517.544000   1.430091
517.545000   1.422165
517.546000   1.414588
517.547000   1.407276
517.548000   1.400111
517.549000   1.393116
517.550000   1.386501
517.551000   1.380640
517.552000   1.376023
517.553000   1.373164
517.554000   1.372465
517.555000   1.374096
517.556000   1.378029
517.557000   1.384112
517.558000   1.392055
517.559000   1.401426
517.560000   1.411767
517.561000   1.422708
517.562000   1.433998
517.563000   1.445433
517.564000   1.456706
517.565000   1.467294
517.566000   1.476559
517.567000   1.483996
517.568000   1.489394
517.569000   1.492815
517.570000   1.494422
517.571000   1.494392
517.572000   1.493014
517.573000   1.490713
517.574000   1.487893
517.575000   1.484817
517.576000   1.481692
517.577000   1.478777
517.578000   1.476435
517.579000   1.475136
517.580000   1.475398
517.581000   1.477612
517.582000   1.481870
517.583000   1.487939
517.584000   1.495278
517.585000   1.503109
517.586000   1.510605
517.587000   1.517047
517.588000   1.521883
517.589000   1.524782
517.590000   1.525673
517.591000   1.524742
517.592000   1.522281
517.593000   1.518408
517.594000   1.512946
517.595000   1.505624
517.596000   1.496359
517.597000   1.485345
517.598000   1.472998
517.599000   1.459874
517.600000   1.446607
517.601000   1.433856
517.602000   1.422215
517.603000   1.412051
517.604000   1.403420
517.605000   1.396150
517.606000   1.390004
517.607000   1.384825
517.608000   1.380590
517.609000   1.377409
517.610000   1.375496
517.611000   1.375142
517.612000   1.376626
517.613000   1.380061
517.614000   1.385347
517.615000   1.392239
517.616000   1.400381
517.617000   1.409321
517.618000   1.418577
517.619000   1.427711
517.620000   1.436369
517.621000   1.444229
517.622000   1.450863
517.623000   1.455629
517.624000   1.457810
517.625000   1.456897
517.626000   1.452798
517.627000   1.445852
517.628000   1.436682
517.629000   1.426021
517.630000   1.414645
517.631000   1.403354
517.632000   1.392841
517.633000   1.383535
517.634000   1.375610
517.635000   1.369088
517.636000   1.363928
517.637000   1.360100
517.638000   1.357642
517.639000   1.356674
517.640000   1.357308
517.641000   1.359475
517.642000   1.362849
517.643000   1.366944
517.644000   1.371321
517.645000   1.375713
517.646000   1.380039
517.647000   1.384370
517.648000   1.388924
517.649000   1.394068
517.650000   1.400295
517.651000   1.408073
517.652000   1.417594
517.653000   1.428637
517.654000   1.440691
517.655000   1.453194
517.656000   1.465669
517.657000   1.477766
517.658000   1.489269
517.659000   1.500116
517.660000   1.510390
517.661000   1.520231
517.662000   1.529781
517.663000   1.539163
517.664000   1.548361
517.665000   1.557172
517.666000   1.565409
517.667000   1.573082
517.668000   1.580402
517.669000   1.587645
517.670000   1.594959
517.671000   1.602239
517.672000   1.609218
517.673000   1.615634
517.674000   1.621213
517.675000   1.625489
517.676000   1.627840
517.677000   1.627732
517.678000   1.624855
517.679000   1.619108
517.680000   1.610493
517.681000   1.599049
517.682000   1.584908
517.683000   1.568416
517.684000   1.550161
517.685000   1.530792
517.686000   1.510765
517.687000   1.490348
517.688000   1.469806
517.689000   1.449454
517.690000   1.429546
517.691000   1.410245
517.692000   1.391743
517.693000   1.374368
517.694000   1.358629
517.695000   1.345126
517.696000   1.334353
517.697000   1.326525
517.698000   1.321656
517.699000   1.319674
517.700000   1.320382
517.701000   1.323403
517.702000   1.328243
517.703000   1.334382
517.704000   1.341348
517.705000   1.348785
517.706000   1.356476
517.707000   1.364229
517.708000   1.371726
517.709000   1.378441
517.710000   1.383685
517.711000   1.386781
517.712000   1.387274
517.713000   1.385028
517.714000   1.380249
517.715000   1.373473
517.716000   1.365522
517.717000   1.357326
517.718000   1.349633
517.719000   1.342779
517.720000   1.336771
517.721000   1.331490
517.722000   1.326812
517.723000   1.322604
517.724000   1.318714
517.725000   1.315000
517.726000   1.311387
517.727000   1.307886
517.728000   1.304427
517.729000   1.300588
517.730000   1.295547
517.731000   1.288400
517.732000   1.278473
517.733000   1.265475
517.734000   1.249522
517.735000   1.231128
517.736000   1.211152
517.737000   1.190644
517.738000   1.170554
517.739000   1.151484
517.740000   1.133728
517.741000   1.117433
517.742000   1.102754
517.743000   1.089952
517.744000   1.079397
517.745000   1.071509
517.746000   1.066688
517.747000   1.065220
517.748000   1.067193
517.749000   1.072487
517.750000   1.080846
517.751000   1.091890
517.752000   1.105059
517.753000   1.119647
517.754000   1.134951
517.755000   1.150413
517.756000   1.165648
517.757000   1.180312
517.758000   1.193876
517.759000   1.205587
517.760000   1.214725
517.761000   1.220856
517.762000   1.223901
517.763000   1.224046
517.764000   1.221656
517.765000   1.217247
517.766000   1.211442
517.767000   1.204835
517.768000   1.197864
517.769000   1.190828
517.770000   1.183976
517.771000   1.177562
517.772000   1.171876
517.773000   1.167230
517.774000   1.163917
517.775000   1.162142
517.776000   1.161964
517.777000   1.163254
517.778000   1.165676
517.779000   1.168798
517.780000   1.172255
517.781000   1.175840
517.782000   1.179533
517.783000   1.183508
517.784000   1.188114
517.785000   1.193808
517.786000   1.200971
517.787000   1.209716
517.788000   1.219891
517.789000   1.231255
517.790000   1.243615
517.791000   1.256850
517.792000   1.270879
517.793000   1.285619
517.794000   1.300976
517.795000   1.316808
517.796000   1.332860
517.797000   1.348695
517.798000   1.363720
517.799000   1.377305
517.800000   1.388918
517.801000   1.398227
517.802000   1.405150
517.803000   1.409853
517.804000   1.412710
517.805000   1.414179
517.806000   1.414630
517.807000   1.414244
517.808000   1.413090
517.809000   1.411246
517.810000   1.408845
517.811000   1.406071
517.812000   1.403158
517.813000   1.400368
517.814000   1.397912
517.815000   1.395820
517.816000   1.393825
517.817000   1.391433
517.818000   1.388128
517.819000   1.383535
517.820000   1.377479
517.821000   1.370001
517.822000   1.361336
517.823000   1.351891
517.824000   1.342163
517.825000   1.332621
517.826000   1.323608
517.827000   1.315363
517.828000   1.308106
517.829000   1.302081
517.830000   1.297541
517.831000   1.294709
517.832000   1.293746
517.833000   1.294718
