538.347000   2.356331
538.348000   2.364984
538.349000   2.372531
538.350000   2.379014
538.351000   2.384566
538.352000   2.389167
538.353000   2.392476
538.354000   2.393978
538.355000   2.393215
538.356000   2.389887
538.357000   2.383883
538.358000   2.375340
538.359000   2.364700
538.360000   2.352692
538.361000   2.340139
538.362000   2.327650
538.363000   2.315515
538.364000   2.303904
538.365000   2.293027
538.366000   2.283150
538.367000   2.274542
538.368000   2.267443
538.369000   2.262077
538.370000   2.258645
538.371000   2.257245
538.372000   2.257711
538.373000   2.259591
538.374000   2.262312
538.375000   2.265325
538.376000   2.268168
538.377000   2.270494
538.378000   2.272095
538.379000   2.272933
538.380000   2.273133
538.381000   2.272838
538.382000   2.271987
538.383000   2.270306
538.384000   2.267548
538.385000   2.263652
538.386000   2.258754
538.387000   2.253149
538.388000   2.247259
538.389000   2.241619
538.390000   2.236824
538.391000   2.233358
538.392000   2.231406
538.393000   2.230850
538.394000   2.231441
538.395000   2.232897
538.396000   2.234918
538.397000   2.237191
538.398000   2.239433
538.399000   2.241457
538.400000   2.243185
538.401000   2.244520
538.402000   2.245163
538.403000   2.244621
538.404000   2.242392
538.405000   2.238101
538.406000   2.231563
538.407000   2.222826
538.408000   2.212204
538.409000   2.200268
538.410000   2.187753
538.411000   2.175345
538.412000   2.163505
538.413000   2.152512
538.414000   2.142586
538.415000   2.133936
538.416000   2.126767
538.417000   2.121293
538.418000   2.117772
538.419000   2.116525
538.420000   2.117863
538.421000   2.121890
538.422000   2.128367
538.423000   2.136807
538.424000   2.146669
538.425000   2.157429
538.426000   2.168583
538.427000   2.179697
538.428000   2.190476
538.429000   2.200818
538.430000   2.210724
538.431000   2.220084
538.432000   2.228573
538.433000   2.235794
538.434000   2.241460
538.435000   2.245438
538.436000   2.247738
538.437000   2.248516
538.438000   2.248099
538.439000   2.246982
538.440000   2.245715
538.441000   2.244710
538.442000   2.244148
538.443000   2.244100
538.444000   2.244633
538.445000   2.245823
538.446000   2.247736
538.447000   2.250434
538.448000   2.254036
538.449000   2.258721
538.450000   2.264579
538.451000   2.271376
538.452000   2.278571
538.453000   2.285588
538.454000   2.292010
538.455000   2.297618
538.456000   2.302368
538.457000   2.306382
538.458000   2.309935
538.459000   2.313377
538.460000   2.316958
538.461000   2.320710
538.462000   2.324533
538.463000   2.328342
538.464000   2.332110
538.465000   2.335848
538.466000   2.339596
538.467000   2.343452
538.468000   2.347600
538.469000   2.352266
538.470000   2.357568
538.471000   2.363393
538.472000   2.369478
538.473000   2.375554
538.474000   2.381410
538.475000   2.386904
538.476000   2.391980
538.477000   2.396703
538.478000   2.401244
538.479000   2.405730
538.480000   2.410033
538.481000   2.413782
538.482000   2.416585
538.483000   2.418171
538.484000   2.418411
538.485000   2.417295
538.486000   2.414929
538.487000   2.411531
538.488000   2.407361
538.489000   2.402580
538.490000   2.397158
538.491000   2.390950
538.492000   2.383838
538.493000   2.375770
538.494000   2.366736
538.495000   2.356762
538.496000   2.345942
538.497000   2.334472
538.498000   2.322611
538.499000   2.310544
538.500000   2.298292
538.501000   2.285820
538.501000   2.285820
538.502000   2.273186
538.503000   2.260583
538.504000   2.248317
538.505000   2.236777
538.506000   2.226446
538.507000   2.217880
538.508000   2.211591
538.509000   2.207872
538.510000   2.206749
538.511000   2.208086
538.512000   2.211680
538.513000   2.217293
538.514000   2.224646
538.515000   2.233428
538.516000   2.243309
538.517000   2.253936
538.518000   2.264847
538.519000   2.275366
538.520000   2.284674
538.521000   2.292008
538.522000   2.296814
538.523000   2.298818
538.524000   2.298044
538.525000   2.294814
538.526000   2.289714
538.527000   2.283454
538.528000   2.276635
538.529000   2.269617
538.530000   2.262605
538.531000   2.255787
538.532000   2.249395
538.533000   2.243689
538.534000   2.238954
538.535000   2.235495
538.536000   2.233623
538.537000   2.233554
538.538000   2.235253
538.539000   2.238379
538.540000   2.242399
538.541000   2.246719
538.542000   2.250783
538.543000   2.254136
538.544000   2.256488
538.545000   2.257743
538.546000   2.257958
538.547000   2.257208
538.548000   2.255460
538.549000   2.252618
538.550000   2.248643
538.551000   2.243576
538.552000   2.237530
538.553000   2.230733
538.554000   2.223576
538.555000   2.216604
538.556000   2.210420
538.557000   2.205544
538.558000   2.202349
538.559000   2.201138
538.560000   2.202197
538.561000   2.205727
538.562000   2.211811
538.563000   2.220468
538.564000   2.231721
538.565000   2.245558
538.566000   2.261813
538.567000   2.280034
538.568000   2.299495
538.569000   2.319376
538.570000   2.338922
538.571000   2.357467
538.572000   2.374380
538.573000   2.389088
538.574000   2.401167
538.575000   2.410360
538.576000   2.416447
538.577000   2.419157
538.578000   2.418281
538.579000   2.413890
538.580000   2.406437
538.581000   2.396694
538.582000   2.385562
538.583000   2.373863
538.584000   2.362287
538.585000   2.351413
538.586000   2.341663
538.587000   2.333250
538.588000   2.326236
538.589000   2.320624
538.590000   2.316415
538.591000   2.313621
538.592000   2.312252
538.593000   2.312247
538.594000   2.313398
538.595000   2.315306
538.596000   2.317335
538.597000   2.318668
538.598000   2.318529
538.599000   2.316372
538.600000   2.311962
538.601000   2.305394
538.602000   2.297063
538.603000   2.287579
538.604000   2.277591
538.605000   2.267588
538.606000   2.257862
538.607000   2.248635
538.608000   2.240200
538.609000   2.232935
538.610000   2.227237
538.611000   2.223462
538.612000   2.221917
538.613000   2.222863
538.614000   2.226489
538.615000   2.232781
538.616000   2.241369
538.617000   2.251581
538.618000   2.262632
538.619000   2.273795
538.620000   2.284482
538.621000   2.294279
538.622000   2.302995
538.623000   2.310678
538.624000   2.317524
538.625000   2.323609
538.626000   2.328674
538.627000   2.332246
538.628000   2.333913
538.629000   2.333472
538.630000   2.330953
538.631000   2.326598
538.632000   2.320819
538.633000   2.314131
538.634000   2.307034
538.635000   2.299859
538.636000   2.292758
538.637000   2.285821
538.638000   2.279139
538.639000   2.272755
538.640000   2.266626
538.641000   2.260683
538.642000   2.254937
538.643000   2.249532
538.644000   2.244671
538.645000   2.240446
538.646000   2.236771
538.647000   2.233514
538.648000   2.230623
538.649000   2.228150
538.650000   2.226209
538.651000   2.224953
538.652000   2.224616
538.653000   2.225519
538.654000   2.227909
538.655000   2.231761
538.656000   2.236783
538.657000   2.242629
538.658000   2.249034
538.659000   2.255853
538.660000   2.263037
538.661000   2.270575
538.662000   2.278449
538.663000   2.286577
538.664000   2.294730
538.665000   2.302518
538.666000   2.309533
538.667000   2.315497
538.668000   2.320304
538.669000   2.324015
538.670000   2.326845
538.671000   2.329114
538.672000   2.331108
538.673000   2.332849
538.674000   2.334047
538.675000   2.334320
538.676000   2.333416
538.677000   2.331285
538.678000   2.328080
538.679000   2.324150
538.680000   2.320021
538.681000   2.316291
538.682000   2.313388
538.683000   2.311370
538.684000   2.310014
538.685000   2.309068
538.686000   2.308379
538.687000   2.307908
538.688000   2.307709
538.689000   2.307917
538.690000   2.308739
538.691000   2.310377
538.692000   2.312857
538.693000   2.315920
538.694000   2.319149
538.695000   2.322169
538.696000   2.324767
538.697000   2.326911
538.698000   2.328757
538.699000   2.330646
538.700000   2.333092
538.701000   2.336661
538.702000   2.341746
538.703000   2.348427
538.704000   2.356561
538.705000   2.365940
538.706000   2.376372
538.707000   2.387699
538.708000   2.399796
538.709000   2.412559
538.710000   2.425895
538.711000   2.439654
538.712000   2.453521
538.713000   2.466943
538.714000   2.479212
538.715000   2.489592
538.716000   2.497424
538.717000   2.502203
538.718000   2.503647
538.719000   2.501741
538.720000   2.496741
538.721000   2.489091
538.722000   2.479259
538.723000   2.467631
538.724000   2.454572
538.725000   2.440496
538.726000   2.425844
538.727000   2.411035
538.728000   2.396448
538.729000   2.382456
538.730000   2.369432
538.731000   2.357648
538.732000   2.347130
538.733000   2.337667
538.734000   2.328997
538.735000   2.320958
538.736000   2.313525
538.737000   2.306800
538.738000   2.300976
538.739000   2.296331
538.740000   2.293168
538.741000   2.291684
538.742000   2.291832
538.743000   2.293360
538.744000   2.295950
538.745000   2.299304
538.746000   2.303176
538.747000   2.307379
538.748000   2.311797
538.749000   2.316357
538.750000   2.320950
538.751000   2.325274
538.752000   2.328766
538.753000   2.330726
538.754000   2.330538
538.755000   2.327807
538.756000   2.322424
538.757000   2.314583
538.758000   2.304778
538.759000   2.293719
538.760000   2.282133
538.761000   2.270492
538.762000   2.258916
538.763000   2.247322
538.764000   2.235611
538.765000   2.223766
538.766000   2.211864
538.767000   2.200072
538.768000   2.188640
538.769000   2.177866
538.770000   2.167956
538.771000   2.158835
538.772000   2.150088
538.773000   2.141144
538.774000   2.131491
538.775000   2.120827
538.776000   2.109120
538.777000   2.096621
538.778000   2.083817
538.779000   2.071296
538.780000   2.059519
538.781000   2.048678
538.782000   2.038801
538.783000   2.029931
538.784000   2.022191
538.785000   2.015780
538.786000   2.010964
538.787000   2.008083
538.788000   2.007515
538.789000   2.009549
538.790000   2.014190
538.791000   2.021112
538.792000   2.029849
538.793000   2.039995
538.794000   2.051319
538.795000   2.063772
538.796000   2.077454
538.797000   2.092549
538.798000   2.109225
538.799000   2.127462
538.800000   2.146860
538.801000   2.166687
538.802000   2.186124
538.803000   2.204459
538.804000   2.221165
538.805000   2.235931
538.806000   2.248691
538.807000   2.259614
538.808000   2.268992
538.809000   2.277011
538.810000   2.283569
538.811000   2.288370
538.812000   2.291170
538.813000   2.291923
538.814000   2.290820
538.815000   2.288266
538.816000   2.284861
538.817000   2.281349
538.818000   2.278510
538.819000   2.276946
538.820000   2.276891
538.821000   2.278240
538.822000   2.280703
538.823000   2.283963
538.824000   2.287784
538.825000   2.292055
538.826000   2.296806
538.827000   2.302168
538.828000   2.308239
538.829000   2.314864
538.830000   2.321533
538.831000   2.327583
538.832000   2.332466
538.833000   2.335879
538.834000   2.337747
538.835000   2.338154
538.836000   2.337339
538.837000   2.335739
538.838000   2.333892
538.839000   2.332232
538.840000   2.331012
538.841000   2.330428
538.842000   2.330707
538.843000   2.332104
538.844000   2.334890
538.845000   2.339344
538.846000   2.345737
538.847000   2.354245
538.848000   2.364760
538.849000   2.376748
538.850000   2.389353
538.851000   2.401650
538.852000   2.412813
538.853000   2.422180
538.854000   2.429304
538.855000   2.434019
538.856000   2.436464
538.857000   2.436946
538.858000   2.435647
538.859000   2.432515
538.860000   2.427431
538.861000   2.420399
538.862000   2.411603
538.863000   2.401414
538.864000   2.390371
538.865000   2.379148
538.866000   2.368474
538.867000   2.358964
538.868000   2.350994
538.869000   2.344739
538.870000   2.340273
538.871000   2.337537
538.872000   2.336279
538.873000   2.336129
538.874000   2.336732
538.875000   2.337859
538.876000   2.339370
538.877000   2.341027
538.878000   2.342365
538.879000   2.342836
538.880000   2.342016
538.881000   2.339683
538.882000   2.335788
538.883000   2.330425
538.884000   2.323833
538.885000   2.316355
538.886000   2.308245
538.887000   2.299521
538.888000   2.290071
538.889000   2.279869
538.890000   2.269043
538.891000   2.257843
538.892000   2.246616
538.893000   2.235778
538.894000   2.225789
538.895000   2.217062
538.896000   2.209820
538.897000   2.204027
538.898000   2.199495
538.899000   2.196029
538.900000   2.193478
538.901000   2.191741
538.902000   2.190791
538.903000   2.190724
538.904000   2.191791
538.905000   2.194272
538.906000   2.198173
538.907000   2.203071
538.908000   2.208342
538.909000   2.213457
538.910000   2.218128
538.911000   2.222332
538.912000   2.226295
538.913000   2.230460
538.914000   2.235387
538.915000   2.241572
538.916000   2.249245
538.917000   2.258385
538.918000   2.268859
538.919000   2.280479
538.920000   2.293018
538.921000   2.306240
538.922000   2.319927
538.923000   2.333891
538.924000   2.347913
538.925000   2.361595
538.926000   2.374290
538.927000   2.385259
538.928000   2.393871
538.929000   2.399680
538.930000   2.402406
538.931000   2.401946
538.932000   2.398451
538.933000   2.392347
538.934000   2.384213
538.935000   2.374548
538.936000   2.363678
538.937000   2.351894
538.938000   2.339578
538.939000   2.327183
538.940000   2.315151
538.941000   2.303840
538.942000   2.293521
538.943000   2.284379
538.944000   2.276473
538.945000   2.269637
538.946000   2.263460
538.947000   2.257414
538.948000   2.250994
538.949000   2.243799
538.950000   2.235577
538.951000   2.226281
538.952000   2.216105
538.953000   2.205453
538.954000   2.194787
538.955000   2.184391
538.956000   2.174315
538.957000   2.164536
538.958000   2.155092
538.959000   2.146108
538.960000   2.137773
538.961000   2.130334
538.962000   2.124088
538.963000   2.119344
538.964000   2.116290
538.965000   2.114875
538.966000   2.114858
538.967000   2.115935
538.968000   2.117786
538.969000   2.120107
538.970000   2.122665
538.971000   2.125361
538.972000   2.128263
538.973000   2.131542
538.974000   2.135288
538.975000   2.139377
538.976000   2.143577
538.977000   2.147707
538.978000   2.151672
538.979000   2.155429
538.980000   2.158983
538.981000   2.162422
538.982000   2.165942
538.983000   2.169735
538.984000   2.173797
538.985000   2.177857
538.986000   2.181521
538.987000   2.184427
538.988000   2.186305
538.989000   2.186989
538.990000   2.186421
538.991000   2.184668
538.992000   2.181904
538.993000   2.178310
538.994000   2.173917
538.995000   2.168599
538.996000   2.162226
538.997000   2.154779
538.998000   2.146361
538.999000   2.137172
539.000000   2.127511
539.001000   2.117791
539.001000   2.117791
539.002000   2.108516
539.003000   2.100137
539.004000   2.092837
539.005000   2.086532
539.006000   2.081064
539.007000   2.076346
539.008000   2.072413
539.009000   2.069419
539.010000   2.067656
539.011000   2.067556
539.012000   2.069626
539.013000   2.074231
539.014000   2.081410
539.015000   2.090948
539.016000   2.102548
539.017000   2.115895
539.018000   2.130642
539.019000   2.146415
539.020000   2.162867
539.021000   2.179711
539.022000   2.196655
539.023000   2.213209
539.024000   2.228616
539.025000   2.242056
539.026000   2.252899
539.027000   2.260772
539.028000   2.265530
539.029000   2.267250
539.030000   2.266264
539.031000   2.263142
539.032000   2.258501
539.033000   2.252767
539.034000   2.246197
539.035000   2.239070
539.036000   2.231769
539.037000   2.224703
539.038000   2.218214
539.039000   2.212550
539.040000   2.207905
539.041000   2.204424
539.042000   2.202085
539.043000   2.200587
539.044000   2.199451
539.045000   2.198210
539.046000   2.196528
539.047000   2.194212
539.048000   2.191202
539.049000   2.187581
539.050000   2.183581
539.051000   2.179496
539.052000   2.175459
539.053000   2.171360
539.054000   2.167035
539.055000   2.162462
539.056000   2.157791
539.057000   2.153284
539.058000   2.149267
539.059000   2.146117
539.060000   2.144228
539.061000   2.143885
539.062000   2.145105
539.063000   2.147683
539.064000   2.151385
539.065000   2.156049
539.066000   2.161569
539.067000   2.167862
539.068000   2.174876
539.069000   2.182630
539.070000   2.191210
539.071000   2.200661
539.072000   2.210805
539.073000   2.221261
539.074000   2.231626
539.075000   2.241589
539.076000   2.250958
539.077000   2.259668
539.078000   2.267801
539.079000   2.275601
539.080000   2.283383
539.081000   2.291267
539.082000   2.298994
539.083000   2.306109
539.084000   2.312245
539.085000   2.317219
539.086000   2.321020
539.087000   2.323772
539.088000   2.325734
539.089000   2.327297
539.090000   2.328894
539.091000   2.330820
539.092000   2.333151
539.093000   2.335871
539.094000   2.338977
539.095000   2.342471
539.096000   2.346329
539.097000   2.350503
539.098000   2.354965
539.099000   2.359738
539.100000   2.364836
539.101000   2.370082
539.102000   2.375003
539.103000   2.378980
539.104000   2.381452
539.105000   2.382006
539.106000   2.380422
539.107000   2.376699
539.108000   2.371097
539.109000   2.364123
539.110000   2.356369
539.111000   2.348232
539.112000   2.339810
539.113000   2.331088
539.114000   2.322100
539.115000   2.312959
539.116000   2.303831
539.117000   2.294931
539.118000   2.286544
539.119000   2.279020
539.120000   2.272677
539.121000   2.267625
539.122000   2.263727
539.123000   2.260741
539.124000   2.258444
539.125000   2.256670
539.126000   2.255330
539.127000   2.254447
539.128000   2.254195
539.129000   2.254887
539.130000   2.256826
539.131000   2.260048
539.132000   2.264256
539.133000   2.269040
539.134000   2.274093
539.135000   2.279267
539.136000   2.284553
539.137000   2.290076
539.138000   2.296100
539.139000   2.303010
539.140000   2.311170
539.141000   2.320728
539.142000   2.331610
539.143000   2.343703
539.144000   2.356949
539.145000   2.371321
539.146000   2.386772
539.147000   2.403213
539.148000   2.420534
539.149000   2.438612
539.150000   2.457225
539.151000   2.475904
539.152000   2.493947
539.153000   2.510582
539.154000   2.525101
539.155000   2.536929
539.156000   2.545670
539.157000   2.551171
539.158000   2.553575
539.159000   2.553251
539.160000   2.550513
539.161000   2.545413
539.162000   2.537926
539.163000   2.528200
539.164000   2.516620
539.165000   2.503753
539.166000   2.490307
539.167000   2.477094
539.168000   2.464937
539.169000   2.454429
539.170000   2.445765
539.171000   2.438857
539.172000   2.433552
539.173000   2.429694
539.174000   2.427118
539.175000   2.425662
539.176000   2.425219
539.177000   2.425756
539.178000   2.427142
539.179000   2.428879
539.180000   2.430157
539.181000   2.430178
539.182000   2.428360
539.183000   2.424396
539.184000   2.418274
539.185000   2.410307
539.186000   2.401123
539.187000   2.391460
539.188000   2.381797
539.189000   2.372250
539.190000   2.362855
539.191000   2.353783
539.192000   2.345344
539.193000   2.337934
539.194000   2.331992
539.195000   2.327991
539.196000   2.326391
539.197000   2.327443
539.198000   2.330936
539.199000   2.336245
539.200000   2.342603
539.201000   2.349263
539.202000   2.355536
539.203000   2.360815
539.204000   2.364645
539.205000   2.366794
539.206000   2.367226
539.207000   2.365858
539.208000   2.362336
539.209000   2.356183
539.210000   2.347092
539.211000   2.335018
539.212000   2.320138
539.213000   2.302791
539.214000   2.283471
539.215000   2.262817
539.216000   2.241546
539.217000   2.220227
539.218000   2.199099
539.219000   2.178196
539.220000   2.157591
539.221000   2.137473
539.222000   2.118113
539.223000   2.099822
539.224000   2.082944
539.225000   2.067886
539.226000   2.055055
539.227000   2.044630
539.228000   2.036374
539.229000   2.029800
539.230000   2.024450
539.231000   2.020005
539.232000   2.016271
539.233000   2.013147
539.234000   2.010637
539.235000   2.008870
539.236000   2.008004
539.237000   2.007945
539.238000   2.008226
539.239000   2.008288
539.240000   2.007762
539.241000   2.006511
539.242000   2.004580
539.243000   2.002156
539.244000   1.999553
539.245000   1.997188
539.246000   1.995468
539.247000   1.994552
539.248000   1.994279
539.249000   1.994364
539.250000   1.994579
539.251000   1.994793
539.252000   1.994968
539.253000   1.995166
539.254000   1.995575
539.255000   1.996492
539.256000   1.998144
539.257000   2.000395
539.258000   2.002749
539.259000   2.004699
539.260000   2.005969
539.261000   2.006535
539.262000   2.006554
539.263000   2.006321
539.264000   2.006252
539.265000   2.006827
539.266000   2.008383
539.267000   2.010885
539.268000   2.013985
539.269000   2.017262
539.270000   2.020340
539.271000   2.022936
539.272000   2.024891
539.273000   2.026197
539.274000   2.027026
539.275000   2.027649
539.276000   2.028219
539.277000   2.028610
539.278000   2.028552
539.279000   2.027840
539.280000   2.026392
539.281000   2.024258
539.282000   2.021648
539.283000   2.018967
539.284000   2.016770
539.285000   2.015570
539.286000   2.015538
539.287000   2.016470
539.288000   2.018050
539.289000   2.020024
539.290000   2.022195
539.291000   2.024367
539.292000   2.026370
539.293000   2.028130
539.294000   2.029676
539.295000   2.031016
539.296000   2.031985
539.297000   2.032303
539.298000   2.031757
539.299000   2.030323
539.300000   2.028168
539.301000   2.025602
539.302000   2.023032
539.303000   2.020985
539.304000   2.020071
539.305000   2.020783
539.306000   2.023283
539.307000   2.027463
539.308000   2.033172
539.309000   2.040339
539.310000   2.048992
539.311000   2.059207
539.312000   2.071053
539.313000   2.084559
539.314000   2.099624
539.315000   2.115882
539.316000   2.132721
539.317000   2.149498
539.318000   2.165697
539.319000   2.180978
539.320000   2.195182
539.321000   2.208290
539.322000   2.220350
539.323000   2.231387
539.324000   2.241329
539.325000   2.249959
539.326000   2.256947
539.327000   2.261954
539.328000   2.264730
539.329000   2.265163
539.330000   2.263314
539.331000   2.259454
539.332000   2.254082
539.333000   2.247870
539.334000   2.241453
539.335000   2.235186
539.336000   2.229120
539.337000   2.223229
539.338000   2.217586
539.339000   2.212388
539.340000   2.207937
539.341000   2.204625
539.342000   2.202925
539.343000   2.203306
539.344000   2.206027
539.345000   2.210926
539.346000   2.217447
539.347000   2.224852
539.348000   2.232384
539.349000   2.239352
539.350000   2.245173
539.351000   2.249428
539.352000   2.251915
539.353000   2.252646
539.354000   2.251718
539.355000   2.249125
539.356000   2.244741
539.357000   2.238495
539.358000   2.230501
539.359000   2.221082
539.360000   2.210722
539.361000   2.200009
539.362000   2.189583
539.363000   2.180070
539.364000   2.171981
539.365000   2.165603
539.366000   2.161009
539.367000   2.158117
539.368000   2.156752
539.369000   2.156698
539.370000   2.157765
539.371000   2.159835
539.372000   2.162907
539.373000   2.167104
539.374000   2.172577
539.375000   2.179349
539.376000   2.187258
539.377000   2.196049
539.378000   2.205466
539.379000   2.215274
539.380000   2.225265
539.381000   2.235273
539.382000   2.245198
539.383000   2.254989
539.384000   2.264549
539.385000   2.273663
539.386000   2.282042
539.387000   2.289447
539.388000   2.295736
539.389000   2.300828
539.390000   2.304645
539.391000   2.307106
539.392000   2.308161
539.393000   2.307814
539.394000   2.306067
539.395000   2.302844
539.396000   2.298032
539.397000   2.291598
539.398000   2.283667
539.399000   2.274501
539.400000   2.264415
539.401000   2.253720
539.402000   2.242746
539.403000   2.231836
539.404000   2.221235
539.405000   2.210999
539.406000   2.201048
539.407000   2.191299
539.408000   2.181755
539.409000   2.172494
539.410000   2.163627
539.411000   2.155280
539.412000   2.147609
539.413000   2.140772
539.414000   2.134811
539.415000   2.129580
539.416000   2.124838
539.417000   2.120405
539.418000   2.116253
539.419000   2.112539
539.420000   2.109558
539.421000   2.107658
539.422000   2.107137
539.423000   2.108207
539.424000   2.110979
539.425000   2.115441
539.426000   2.121493
539.427000   2.128994
539.428000   2.137777
539.429000   2.147659
539.430000   2.158437
539.431000   2.169903
539.432000   2.181811
539.433000   2.193806
539.434000   2.205344
539.435000   2.215732
539.436000   2.224287
539.437000   2.230492
539.438000   2.234081
539.439000   2.235057
539.440000   2.233691
539.441000   2.230500
539.442000   2.226174
539.443000   2.221443
539.444000   2.216896
539.445000   2.212851
539.446000   2.209358
539.447000   2.206299
539.448000   2.203493
539.449000   2.200774
539.450000   2.198043
539.451000   2.195300
539.452000   2.192647
539.453000   2.190241
539.454000   2.188227
539.455000   2.186693
539.456000   2.185688
539.457000   2.185251
539.458000   2.185442
539.459000   2.186377
539.460000   2.188233
539.461000   2.191224
539.462000   2.195529
539.463000   2.201198
539.464000   2.208077
539.465000   2.215814
539.466000   2.223965
539.467000   2.232081
539.468000   2.239737
539.469000   2.246540
539.470000   2.252197
539.471000   2.256582
539.472000   2.259735
539.473000   2.261786
539.474000   2.262877
539.475000   2.263160
539.476000   2.262863
539.477000   2.262328
539.478000   2.261990
539.479000   2.262321
539.480000   2.263755
539.481000   2.266622
539.482000   2.271062
539.483000   2.276957
539.484000   2.283910
539.485000   2.291331
539.486000   2.298567
539.487000   2.305012
539.488000   2.310177
539.489000   2.313735
539.490000   2.315557
539.491000   2.315710
539.492000   2.314387
539.493000   2.311788
539.494000   2.308047
539.495000   2.303277
539.496000   2.297652
539.497000   2.291446
539.498000   2.285020
539.499000   2.278783
539.500000   2.273162
539.501000   2.268552
539.501000   2.268552
539.502000   2.265250
539.503000   2.263377
539.504000   2.262876
539.505000   2.263609
539.506000   2.265449
539.507000   2.268298
539.508000   2.272084
539.509000   2.276757
539.510000   2.282332
539.511000   2.288883
539.512000   2.296473
539.513000   2.305033
539.514000   2.314328
539.515000   2.324055
539.516000   2.333957
539.517000   2.343887
539.518000   2.353823
539.519000   2.363846
539.520000   2.374099
539.521000   2.384680
539.522000   2.395509
539.523000   2.406227
539.524000   2.416235
539.525000   2.424840
539.526000   2.431393
539.527000   2.435384
539.528000   2.436506
539.529000   2.434690
539.530000   2.430105
539.531000   2.423095
539.532000   2.414052
539.533000   2.403329
539.534000   2.391248
539.535000   2.378138
539.536000   2.364342
539.537000   2.350235
539.538000   2.336240
539.539000   2.322828
539.540000   2.310474
539.541000   2.299550
539.542000   2.290203
539.543000   2.282312
539.544000   2.275557
539.545000   2.269525
539.546000   2.263756
539.547000   2.257790
539.548000   2.251252
539.549000   2.243950
539.550000   2.235893
539.551000   2.227188
539.552000   2.217905
539.553000   2.208047
539.554000   2.197661
539.555000   2.186921
539.556000   2.176111
539.557000   2.165552
539.558000   2.155566
539.559000   2.146476
539.560000   2.138603
539.561000   2.132202
539.562000   2.127376
539.563000   2.124052
539.564000   2.122042
539.565000   2.121129
539.566000   2.121103
539.567000   2.121756
539.568000   2.122878
539.569000   2.124304
539.570000   2.125968
539.571000   2.127864
539.572000   2.129952
539.573000   2.132156
539.574000   2.134466
539.575000   2.137011
539.576000   2.140057
539.577000   2.143960
539.578000   2.149107
539.579000   2.155852
539.580000   2.164404
539.581000   2.174703
539.582000   2.186390
539.583000   2.198924
539.584000   2.211748
539.585000   2.224398
539.586000   2.236558
539.587000   2.248072
539.588000   2.258938
539.589000   2.269232
539.590000   2.278990
539.591000   2.288114
539.592000   2.296425
539.593000   2.303814
539.594000   2.310329
539.595000   2.316181
539.596000   2.321693
539.597000   2.327232
539.598000   2.333146
539.599000   2.339695
539.600000   2.346952
539.601000   2.354720
539.602000   2.362571
539.603000   2.369971
539.604000   2.376396
539.605000   2.381391
539.606000   2.384629
539.607000   2.385954
539.608000   2.385409
539.609000   2.383193
539.610000   2.379534
539.611000   2.374602
539.612000   2.368550
539.613000   2.361630
539.614000   2.354245
539.615000   2.346924
539.616000   2.340265
539.617000   2.334875
539.618000   2.331303
539.619000   2.329943
539.620000   2.330921
539.621000   2.334052
539.622000   2.338904
539.623000   2.344905
539.624000   2.351425
539.625000   2.357867
539.626000   2.363754
539.627000   2.368793
539.628000   2.372874
539.629000   2.375989
539.630000   2.378151
539.631000   2.379390
539.632000   2.379831
539.633000   2.379736
539.634000   2.379473
539.635000   2.379485
539.636000   2.380273
539.637000   2.382366
539.638000   2.386231
539.639000   2.392114
539.640000   2.399943
539.641000   2.409370
539.642000   2.419907
539.643000   2.431055
539.644000   2.442364
539.645000   2.453453
539.646000   2.464022
539.647000   2.473865
539.648000   2.482838
539.649000   2.490775
539.650000   2.497438
539.651000   2.502576
539.652000   2.506054
539.653000   2.507926
539.654000   2.508444
539.655000   2.508017
539.656000   2.507130
539.657000   2.506235
539.658000   2.505613
539.659000   2.505246
539.660000   2.504776
539.661000   2.503596
539.662000   2.501003
539.663000   2.496323
539.664000   2.489003
539.665000   2.478677
539.666000   2.465232
539.667000   2.448854
539.668000   2.429999
539.669000   2.409248
539.670000   2.387114
539.671000   2.363954
539.672000   2.340071
539.673000   2.315836
539.674000   2.291722
539.675000   2.268235
539.676000   2.245849
539.677000   2.224962
539.678000   2.205841
539.679000   2.188581
539.680000   2.173139
539.681000   2.159443
539.682000   2.147466
539.683000   2.137206
539.684000   2.128667
539.685000   2.121886
539.686000   2.116994
539.687000   2.114213
539.688000   2.113755
539.689000   2.115696
539.690000   2.119921
539.691000   2.126179
539.692000   2.134157
539.693000   2.143525
539.694000   2.153952
539.695000   2.165128
539.696000   2.176777
539.697000   2.188652
539.698000   2.200484
539.699000   2.211938
539.700000   2.222641
539.701000   2.232251
539.702000   2.240516
539.703000   2.247311
539.704000   2.252672
539.705000   2.256824
539.706000   2.260168
539.707000   2.263176
539.708000   2.266221
539.709000   2.269439
539.710000   2.272722
539.711000   2.275804
539.712000   2.278355
539.713000   2.280050
539.714000   2.280624
539.715000   2.279901
539.716000   2.277797
539.717000   2.274271
539.718000   2.269277
539.719000   2.262746
539.720000   2.254614
539.721000   2.244868
539.722000   2.233595
539.723000   2.221026
539.724000   2.207537
539.725000   2.193594
539.726000   2.179649
539.727000   2.166031
539.728000   2.152921
539.729000   2.140432
539.730000   2.128687
539.731000   2.117818
539.732000   2.107917
539.733000   2.099051
539.734000   2.091318
539.735000   2.084869
539.736000   2.079873
539.737000   2.076449
539.738000   2.074643
539.739000   2.074438
539.740000   2.075775
539.741000   2.078548
539.742000   2.082585
539.743000   2.087647
539.744000   2.093454
539.745000   2.099712
539.746000   2.106098
539.747000   2.112251
539.748000   2.117824
539.749000   2.122587
539.750000   2.126517
539.751000   2.129821
539.752000   2.132871
539.753000   2.136100
539.754000   2.139909
539.755000   2.144627
539.756000   2.150479
539.757000   2.157575
539.758000   2.165917
539.759000   2.175429
539.760000   2.185982
539.761000   2.197406
539.762000   2.209490
539.763000   2.221985
539.764000   2.234602
539.765000   2.247001
539.766000   2.258777
539.767000   2.269478
539.768000   2.278688
539.769000   2.286122
539.770000   2.291682
539.771000   2.295464
539.772000   2.297753
539.773000   2.298983
539.774000   2.299691
539.775000   2.300409
539.776000   2.301552
539.777000   2.303356
539.778000   2.305891
539.779000   2.309122
539.780000   2.312949
539.781000   2.317225
539.782000   2.321777
539.783000   2.326419
539.784000   2.330955
539.785000   2.335171
539.786000   2.338810
539.787000   2.341579
539.788000   2.343170
539.789000   2.343300
539.790000   2.341750
539.791000   2.338418
539.792000   2.333378
539.793000   2.326894
539.794000   2.319372
539.795000   2.311256
539.796000   2.302921
539.797000   2.294643
539.798000   2.286659
539.799000   2.279230
539.800000   2.272646
539.801000   2.267184
539.802000   2.263059
539.803000   2.260435
539.804000   2.259415
539.805000   2.260017
539.806000   2.262136
539.807000   2.265581
539.808000   2.270142
539.809000   2.275652
539.810000   2.282015
539.811000   2.289191
539.812000   2.297166
539.813000   2.305949
539.814000   2.315541
539.815000   2.325870
539.816000   2.336734
539.817000   2.347827
539.818000   2.358808
539.819000   2.369374
539.820000   2.379309
539.821000   2.388507
539.822000   2.396966
539.823000   2.404719
539.824000   2.411738
539.825000   2.417871
539.826000   2.422873
539.827000   2.426512
539.828000   2.428662
539.829000   2.429329
539.830000   2.428630
539.831000   2.426743
539.832000   2.423845
539.833000   2.420049
539.834000   2.415359
539.835000   2.409658
539.836000   2.402759
539.837000   2.394466
539.838000   2.384626
539.839000   2.373157
539.840000   2.360065
539.841000   2.345454
539.842000   2.329526
539.843000   2.312544
539.844000   2.294788
539.845000   2.276502
539.846000   2.257900
539.847000   2.239215
539.848000   2.220739
539.849000   2.202816
539.850000   2.185813
539.851000   2.170120
539.852000   2.156146
539.853000   2.144297
539.854000   2.134893
539.855000   2.128115
539.856000   2.123994
539.857000   2.122435
539.858000   2.123260
539.859000   2.126234
539.860000   2.131102
539.861000   2.137626
539.862000   2.145599
539.863000   2.154818
539.864000   2.165030
539.865000   2.175924
539.866000   2.187197
539.867000   2.198638
539.868000   2.210163
539.869000   2.221806
539.870000   2.233675
539.871000   2.245898
539.872000   2.258550
539.873000   2.271579
539.874000   2.284756
539.875000   2.297711
539.876000   2.310022
539.877000   2.321286
539.878000   2.331165
539.879000   2.339378
539.880000   2.345685
539.881000   2.349907
539.882000   2.351935
539.883000   2.351691
539.884000   2.349093
539.885000   2.344065
539.886000   2.336599
539.887000   2.326815
539.888000   2.314998
539.889000   2.301598
539.890000   2.287177
539.891000   2.272293
539.892000   2.257388
539.893000   2.242723
539.894000   2.228428
539.895000   2.214577
539.896000   2.201256
539.897000   2.188591
539.898000   2.176747
539.899000   2.165921
539.900000   2.156293
539.901000   2.147970
539.902000   2.140942
539.903000   2.135108
539.904000   2.130343
539.905000   2.126554
539.906000   2.123700
539.907000   2.121812
539.908000   2.121013
539.909000   2.121488
539.910000   2.123415
539.911000   2.126881
539.912000   2.131823
539.913000   2.138060
539.914000   2.145346
539.915000   2.153434
539.916000   2.162087
539.917000   2.171069
539.918000   2.180131
539.919000   2.189000
539.920000   2.197353
539.921000   2.204789
539.922000   2.210864
539.923000   2.215178
539.924000   2.217475
539.925000   2.217699
539.926000   2.216003
539.927000   2.212688
539.928000   2.208098
539.929000   2.202519
539.930000   2.196154
539.931000   2.189151
539.932000   2.181646
539.933000   2.173787
539.934000   2.165739
539.935000   2.157673
539.936000   2.149747
539.937000   2.142084
539.938000   2.134746
539.939000   2.127705
539.940000   2.120792
539.941000   2.113686
539.942000   2.105986
539.943000   2.097351
539.944000   2.087610
539.945000   2.076830
539.946000   2.065310
539.947000   2.053564
539.948000   2.042261
539.949000   2.032132
539.950000   2.023861
539.951000   2.017957
539.952000   2.014690
539.953000   2.014082
539.954000   2.015942
539.955000   2.019911
539.956000   2.025512
539.957000   2.032198
539.958000   2.039400
539.959000   2.046554
539.960000   2.053117
539.961000   2.058578
539.962000   2.062492
539.963000   2.064526
539.964000   2.064521
539.965000   2.062560
539.966000   2.058989
539.967000   2.054400
539.968000   2.049535
539.969000   2.045156
539.970000   2.041899
539.971000   2.040179
539.972000   2.040161
539.973000   2.041823
539.974000   2.045043
539.975000   2.049685
539.976000   2.055650
539.977000   2.062883
539.978000   2.071341
539.979000   2.080961
539.980000   2.091611
539.981000   2.103076
539.982000   2.115075
539.983000   2.127309
539.984000   2.139512
539.985000   2.151498
539.986000   2.163169
539.987000   2.174483
539.988000   2.185373
539.989000   2.195646
539.990000   2.204901
539.991000   2.212543
539.992000   2.217875
539.993000   2.220224
539.994000   2.219060
539.995000   2.214077
539.996000   2.205227
539.997000   2.192717
539.998000   2.176946
539.999000   2.158455
540.000000   2.137885
540.001000   2.115974
540.001000   2.115974
540.002000   2.093526
540.003000   2.071312
540.004000   2.049986
540.005000   2.030053
540.006000   2.011881
540.007000   1.995667
540.008000   1.981374
540.009000   1.968697
540.010000   1.957111
540.011000   1.946004
540.012000   1.934818
540.013000   1.923156
540.014000   1.910841
540.015000   1.897916
540.016000   1.884591
540.017000   1.871154
540.018000   1.857910
540.019000   1.845190
540.020000   1.833389
540.021000   1.822986
540.022000   1.814498
540.023000   1.808402
540.024000   1.805060
540.025000   1.804683
540.026000   1.807323
540.027000   1.812891
540.028000   1.821164
540.029000   1.831770
540.030000   1.844185
540.031000   1.857784
540.032000   1.871944
540.033000   1.886126
540.034000   1.899926
540.035000   1.913094
540.036000   1.925530
540.037000   1.937260
540.038000   1.948405
540.039000   1.959159
540.040000   1.969753
540.041000   1.980363
540.042000   1.991013
540.043000   2.001571
540.044000   2.011819
540.045000   2.021506
540.046000   2.030378
540.047000   2.038175
540.048000   2.044664
540.049000   2.049674
540.050000   2.053153
540.051000   2.055177
540.052000   2.055908
540.053000   2.055509
540.054000   2.054124
540.055000   2.051922
540.056000   2.049148
540.057000   2.046096
540.058000   2.043019
540.059000   2.040068
540.060000   2.037275
540.061000   2.034597
540.062000   2.031973
540.063000   2.029346
540.064000   2.026622
540.065000   2.023637
540.066000   2.020184
540.067000   2.016088
540.068000   2.011252
540.069000   2.005666
540.070000   1.999420
540.071000   1.992712
540.072000   1.985860
540.073000   1.979303
540.074000   1.973574
540.075000   1.969203
540.076000   1.966610
540.077000   1.966047
540.078000   1.967615
540.079000   1.971319
540.080000   1.977122
540.081000   1.984989
540.082000   1.994933
540.083000   2.007043
540.084000   2.021478
540.085000   2.038368
540.086000   2.057655
540.087000   2.079021
540.088000   2.101984
540.089000   2.126053
540.090000   2.150841
540.091000   2.176100
540.092000   2.201729
540.093000   2.227742
540.094000   2.254211
540.095000   2.281141
540.096000   2.308315
540.097000   2.335226
540.098000   2.361185
540.099000   2.385508
540.100000   2.407645
540.101000   2.427236
540.102000   2.444122
540.103000   2.458333
540.104000   2.470057
540.105000   2.479563
540.106000   2.487130
540.107000   2.492962
540.108000   2.497133
540.109000   2.499625
540.110000   2.500437
540.111000   2.499676
540.112000   2.497560
540.113000   2.494359
540.114000   2.490314
540.115000   2.485586
540.116000   2.480285
540.117000   2.474539
540.118000   2.468514
540.119000   2.462363
540.120000   2.456159
540.121000   2.449915
540.122000   2.443648
540.123000   2.437387
540.124000   2.431115
540.125000   2.424716
540.126000   2.417991
540.127000   2.410748
540.128000   2.402901
540.129000   2.394525
540.130000   2.385869
540.131000   2.377302
540.132000   2.369234
540.133000   2.362031
540.134000   2.355974
540.135000   2.351258
540.136000   2.348041
540.137000   2.346480
540.138000   2.346744
540.139000   2.348997
540.140000   2.353385
540.141000   2.360019
540.142000   2.368941
540.143000   2.380062
540.144000   2.393091
540.145000   2.407534
540.146000   2.422786
540.147000   2.438242
540.148000   2.453355
540.149000   2.467661
540.150000   2.480777
540.151000   2.492409
540.152000   2.502334
540.153000   2.510349
540.154000   2.516221
540.155000   2.519690
540.156000   2.520538
540.157000   2.518667
540.158000   2.514143
540.159000   2.507190
540.160000   2.498165
540.161000   2.487508
540.162000   2.475672
540.163000   2.463039
540.164000   2.449872
540.165000   2.436333
540.166000   2.422552
540.167000   2.408682
540.168000   2.394952
540.169000   2.381704
540.170000   2.369402
540.171000   2.358594
540.172000   2.349813
540.173000   2.343481
540.174000   2.339852
540.175000   2.339013
540.176000   2.340920
540.177000   2.345422
540.178000   2.352275
540.179000   2.361164
540.180000   2.371720
540.181000   2.383526
540.182000   2.396076
540.183000   2.408749
540.184000   2.420823
540.185000   2.431549
540.186000   2.440239
540.187000   2.446335
540.188000   2.449457
540.189000   2.449431
540.190000   2.446288
540.191000   2.440217
540.192000   2.431502
540.193000   2.420472
540.194000   2.407505
540.195000   2.393059
540.196000   2.377682
540.197000   2.362003
540.198000   2.346708
540.199000   2.332509
540.200000   2.320109
540.201000   2.310143
540.202000   2.303114
540.203000   2.299342
540.204000   2.298973
540.205000   2.301990
540.206000   2.308220
540.207000   2.317338
540.208000   2.328886
540.209000   2.342311
540.210000   2.357024
540.211000   2.372407
540.212000   2.387815
540.213000   2.402593
540.214000   2.416168
540.215000   2.428143
540.216000   2.438327
540.217000   2.446726
540.218000   2.453499
540.219000   2.458880
540.220000   2.463067
540.221000   2.466119
540.222000   2.467954
540.223000   2.468459
540.224000   2.467595
540.225000   2.465452
540.226000   2.462255
540.227000   2.458344
540.228000   2.454110
540.229000   2.449894
540.230000   2.445862
540.231000   2.441948
540.232000   2.437919
540.233000   2.433490
540.234000   2.428419
540.235000   2.422545
540.236000   2.415809
540.237000   2.408242
540.238000   2.399922
540.239000   2.390879
540.240000   2.381010
540.241000   2.370079
540.242000   2.357818
540.243000   2.344028
540.244000   2.328660
540.245000   2.311866
540.246000   2.294010
540.247000   2.275640
540.248000   2.257377
540.249000   2.239774
540.250000   2.223225
540.251000   2.207983
540.252000   2.194235
540.253000   2.182145
540.254000   2.171888
540.255000   2.163675
540.256000   2.157749
540.257000   2.154360
540.258000   2.153670
540.259000   2.155674
540.260000   2.160165
540.261000   2.166786
540.262000   2.175097
540.263000   2.184632
540.264000   2.194948
540.265000   2.205681
540.266000   2.216594
540.267000   2.227573
540.268000   2.238523
540.269000   2.249244
540.270000   2.259387
540.271000   2.268542
540.272000   2.276349
540.273000   2.282580
540.274000   2.287174
540.275000   2.290231
540.276000   2.291989
540.277000   2.292771
540.278000   2.292912
540.279000   2.292695
540.280000   2.292339
540.281000   2.292021
540.282000   2.291898
540.283000   2.292126
540.284000   2.292863
540.285000   2.294268
540.286000   2.296450
540.287000   2.299373
540.288000   2.302750
540.289000   2.306024
540.290000   2.308460
540.291000   2.309317
540.292000   2.307985
540.293000   2.304065
540.294000   2.297409
540.295000   2.288136
540.296000   2.276592
540.297000   2.263253
540.298000   2.248583
540.299000   2.232956
540.300000   2.216700
540.301000   2.200194
540.302000   2.183896
540.303000   2.168309
540.304000   2.153922
540.305000   2.141181
540.306000   2.130479
540.307000   2.122143
540.308000   2.116382
540.309000   2.113236
540.310000   2.112569
540.311000   2.114118
540.312000   2.117589
540.313000   2.122729
540.314000   2.129361
540.315000   2.137389
540.316000   2.146782
540.317000   2.157497
540.318000   2.169381
540.319000   2.182093
540.320000   2.195083
540.321000   2.207616
540.322000   2.218890
540.323000   2.228165
540.324000   2.234862
540.325000   2.238612
540.326000   2.239249
540.327000   2.236766
540.328000   2.231291
540.329000   2.223104
540.330000   2.212647
540.331000   2.200476
540.332000   2.187199
540.333000   2.173448
540.334000   2.159874
540.335000   2.147106
540.336000   2.135646
540.337000   2.125746
540.338000   2.117378
540.339000   2.110329
540.340000   2.104343
540.341000   2.099216
540.342000   2.094807
540.343000   2.091017
540.344000   2.087764
540.345000   2.084969
540.346000   2.082500
540.347000   2.080139
540.348000   2.077638
540.349000   2.074808
540.350000   2.071585
540.351000   2.068041
540.352000   2.064366
540.353000   2.060831
540.354000   2.057726
540.355000   2.055248
540.356000   2.053394
540.357000   2.051934
540.358000   2.050484
540.359000   2.048619
540.360000   2.045974
540.361000   2.042302
540.362000   2.037531
540.363000   2.031792
540.364000   2.025401
540.365000   2.018766
540.366000   2.012226
540.367000   2.005956
540.368000   2.000011
540.369000   1.994431
540.370000   1.989326
540.371000   1.984893
540.372000   1.981408
540.373000   1.979185
540.374000   1.978517
540.375000   1.979583
540.376000   1.982348
540.377000   1.986520
540.378000   1.991585
540.379000   1.996930
540.380000   2.001988
540.381000   2.006349
540.382000   2.009813
540.383000   2.012394
540.384000   2.014276
540.385000   2.015719
540.386000   2.016963
540.387000   2.018183
540.388000   2.019472
540.389000   2.020863
540.390000   2.022381
540.391000   2.024100
540.392000   2.026164
540.393000   2.028750
540.394000   2.032002
540.395000   2.035953
540.396000   2.040514
540.397000   2.045540
540.398000   2.050883
540.399000   2.056353
540.400000   2.061660
540.401000   2.066445
540.402000   2.070390
540.403000   2.073284
540.404000   2.075019
540.405000   2.075524
540.406000   2.074693
540.407000   2.072399
540.408000   2.068556
540.409000   2.063166
540.410000   2.056329
540.411000   2.048238
540.412000   2.039211
540.413000   2.029697
540.414000   2.020220
540.415000   2.011265
540.416000   2.003196
540.417000   1.996271
540.418000   1.990705
540.419000   1.986710
540.420000   1.984502
540.421000   1.984271
540.422000   1.986167
540.423000   1.990297
540.424000   1.996694
540.425000   2.005279
540.426000   2.015838
540.427000   2.028046
540.428000   2.041507
540.429000   2.055774
540.430000   2.070351
540.431000   2.084706
540.432000   2.098284
540.433000   2.110525
540.434000   2.120868
540.435000   2.128735
540.436000   2.133570
540.437000   2.134933
540.438000   2.132604
540.439000   2.126652
540.440000   2.117458
540.441000   2.105696
540.442000   2.092265
540.443000   2.078146
540.444000   2.064215
540.445000   2.051146
540.446000   2.039464
540.447000   2.029660
540.448000   2.022235
540.449000   2.017668
540.450000   2.016374
540.451000   2.018662
540.452000   2.024709
540.453000   2.034515
540.454000   2.047832
540.455000   2.064120
540.456000   2.082576
540.457000   2.102252
540.458000   2.122194
540.459000   2.141562
540.460000   2.159709
540.461000   2.176223
540.462000   2.190900
540.463000   2.203623
540.464000   2.214231
540.465000   2.222493
540.466000   2.228218
540.467000   2.231370
540.468000   2.232142
540.469000   2.230978
540.470000   2.228547
540.471000   2.225653
540.472000   2.223101
540.473000   2.221529
540.474000   2.221342
540.475000   2.222756
540.476000   2.225897
540.477000   2.230863
540.478000   2.237751
540.479000   2.246692
540.480000   2.257860
540.481000   2.271429
540.482000   2.287463
540.483000   2.305802
540.484000   2.326066
540.485000   2.347735
540.486000   2.370225
540.487000   2.392914
540.488000   2.415159
540.489000   2.436339
540.490000   2.455887
540.491000   2.473280
540.492000   2.487989
540.493000   2.499501
540.494000   2.507404
540.495000   2.511481
540.496000   2.511732
540.497000   2.508368
540.498000   2.501782
540.499000   2.492512
540.500000   2.481163
540.501000   2.468307
540.501000   2.468307
540.502000   2.454420
540.503000   2.439938
540.504000   2.425365
540.505000   2.411336
540.506000   2.398586
540.507000   2.387898
540.508000   2.380027
540.509000   2.375630
540.510000   2.375154
540.511000   2.378715
540.512000   2.386040
540.513000   2.396527
540.514000   2.409373
540.515000   2.423699
540.516000   2.438647
540.517000   2.453440
540.518000   2.467410
540.519000   2.479986
540.520000   2.490643
540.521000   2.498875
540.522000   2.504225
540.523000   2.506386
540.524000   2.505274
540.525000   2.501047
540.526000   2.494066
540.527000   2.484852
540.528000   2.474040
540.529000   2.462319
540.530000   2.450341
540.531000   2.438619
540.532000   2.427485
540.533000   2.417132
540.534000   2.407708
540.535000   2.399377
540.536000   2.392345
540.537000   2.386860
540.538000   2.383195
540.539000   2.381612
540.540000   2.382294
540.541000   2.385269
540.542000   2.390390
540.543000   2.397384
540.544000   2.405912
540.545000   2.415635
540.546000   2.426250
540.547000   2.437523
540.548000   2.449284
540.549000   2.461365
540.550000   2.473510
540.551000   2.485306
540.552000   2.496224
540.553000   2.505718
540.554000   2.513309
540.555000   2.518638
540.556000   2.521498
540.557000   2.521838
540.558000   2.519761
540.559000   2.515463
540.560000   2.509168
540.561000   2.501088
540.562000   2.491412
540.563000   2.480328
540.564000   2.468066
540.565000   2.454935
540.566000   2.441314
540.567000   2.427608
540.568000   2.414183
540.569000   2.401295
540.570000   2.389046
540.571000   2.377398
540.572000   2.366218
540.573000   2.355327
540.574000   2.344522
540.575000   2.333624
540.576000   2.322515
540.577000   2.311173
540.578000   2.299630
540.579000   2.287898
540.580000   2.275909
540.581000   2.263576
540.582000   2.250916
540.583000   2.238124
540.584000   2.225586
540.585000   2.213846
540.586000   2.203569
540.587000   2.195482
540.588000   2.190254
540.589000   2.188382
540.590000   2.190171
540.591000   2.195778
540.592000   2.205251
540.593000   2.218514
540.594000   2.235345
540.595000   2.255341
540.596000   2.277888
540.597000   2.302128
540.598000   2.326930
540.599000   2.350932
540.600000   2.372669
540.601000   2.390751
540.602000   2.404023
540.603000   2.411673
540.604000   2.413310
540.605000   2.408974
540.606000   2.399076
540.607000   2.384250
540.608000   2.365220
540.609000   2.342771
540.610000   2.317796
540.611000   2.291331
540.612000   2.264519
540.613000   2.238531
540.614000   2.214486
540.615000   2.193381
540.616000   2.176027
540.617000   2.162971
540.618000   2.154416
540.619000   2.150214
540.620000   2.149956
540.621000   2.153083
540.622000   2.158963
540.623000   2.166942
540.624000   2.176381
540.625000   2.186705
540.626000   2.197408
540.627000   2.208004
540.628000   2.217944
540.629000   2.226581
540.630000   2.233227
540.631000   2.237254
540.632000   2.238192
540.633000   2.235802
540.634000   2.230127
540.635000   2.221493
540.636000   2.210446
540.637000   2.197641
540.638000   2.183716
540.639000   2.169216
540.640000   2.154595
540.641000   2.140238
540.642000   2.126505
540.643000   2.113763
540.644000   2.102423
540.645000   2.092932
540.646000   2.085739
540.647000   2.081211
540.648000   2.079558
540.649000   2.080819
540.650000   2.084917
540.651000   2.091716
540.652000   2.101093
540.653000   2.112964
540.654000   2.127298
540.655000   2.144064
540.656000   2.163116
540.657000   2.184070
540.658000   2.206252
540.659000   2.228801
540.660000   2.250839
540.661000   2.271592
540.662000   2.290449
540.663000   2.306984
540.664000   2.320949
540.665000   2.332270
540.666000   2.341013
540.667000   2.347362
540.668000   2.351609
540.669000   2.354158
540.670000   2.355515
540.671000   2.356232
540.672000   2.356812
540.673000   2.357602
540.674000   2.358724
540.675000   2.360088
540.676000   2.361456
540.677000   2.362497
540.678000   2.362802
540.679000   2.361896
540.680000   2.359300
540.681000   2.354646
540.682000   2.347781
540.683000   2.338807
540.684000   2.328057
540.685000   2.316040
540.686000   2.303330
540.687000   2.290463
540.688000   2.277869
540.689000   2.265866
540.690000   2.254652
540.691000   2.244294
540.692000   2.234749
540.693000   2.225922
540.694000   2.217707
540.695000   2.209988
540.696000   2.202607
540.697000   2.195404
540.698000   2.188309
540.699000   2.181453
540.700000   2.175182
540.701000   2.169891
540.702000   2.165767
540.703000   2.162799
540.704000   2.161024
540.705000   2.160624
540.706000   2.161857
540.707000   2.164961
540.708000   2.170093
540.709000   2.177299
540.710000   2.186494
540.711000   2.197454
540.712000   2.209784
540.713000   2.222882
540.714000   2.235955
540.715000   2.248106
540.716000   2.258459
540.717000   2.266295
540.718000   2.271144
540.719000   2.272838
540.720000   2.271547
540.721000   2.267781
540.722000   2.262306
540.723000   2.255903
540.724000   2.249108
540.725000   2.242134
540.726000   2.234964
540.727000   2.227463
540.728000   2.219454
540.729000   2.210785
540.730000   2.201393
540.731000   2.191324
540.732000   2.180717
540.733000   2.169728
540.734000   2.158409
540.735000   2.146609
540.736000   2.134004
540.737000   2.120253
540.738000   2.105149
540.739000   2.088690
540.740000   2.071085
540.741000   2.052701
540.742000   2.033964
540.743000   2.015205
540.744000   1.996532
540.745000   1.977827
540.746000   1.958880
540.747000   1.939528
540.748000   1.919791
540.749000   1.899937
540.750000   1.880474
540.751000   1.862047
540.752000   1.845312
540.753000   1.830815
540.754000   1.818939
540.755000   1.809940
540.756000   1.804010
540.757000   1.801294
540.758000   1.801867
540.759000   1.805736
540.760000   1.812875
540.761000   1.823227
540.762000   1.836628
540.763000   1.852702
540.764000   1.870830
540.765000   1.890220
540.766000   1.910020
540.767000   1.929401
540.768000   1.947596
540.769000   1.963919
540.770000   1.977793
540.771000   1.988783
540.772000   1.996601
540.773000   2.001091
540.774000   2.002261
540.775000   2.000347
540.776000   1.995843
540.777000   1.989450
540.778000   1.981962
540.779000   1.974142
540.780000   1.966619
540.781000   1.959837
540.782000   1.954062
540.783000   1.949453
540.784000   1.946147
540.785000   1.944302
540.786000   1.944067
540.787000   1.945513
540.788000   1.948600
540.789000   1.953168
540.790000   1.958955
540.791000   1.965597
540.792000   1.972602
540.793000   1.979343
540.794000   1.985105
540.795000   1.989159
540.796000   1.990832
540.797000   1.989581
540.798000   1.985076
540.799000   1.977256
540.800000   1.966329
540.801000   1.952692
540.802000   1.936877
540.803000   1.919554
540.804000   1.901534
540.805000   1.883710
540.806000   1.866961
540.807000   1.852079
540.808000   1.839725
540.809000   1.830411
540.810000   1.824467
540.811000   1.821968
540.812000   1.822695
540.813000   1.826193
540.814000   1.831897
540.815000   1.839275
540.816000   1.847912
540.817000   1.857555
540.818000   1.868109
540.819000   1.879557
540.820000   1.891829
540.821000   1.904696
540.822000   1.917792
540.823000   1.930753
540.824000   1.943302
540.825000   1.955298
540.826000   1.966757
540.827000   1.977880
540.828000   1.989021
540.829000   2.000537
540.830000   2.012647
540.831000   2.025383
540.832000   2.038617
540.833000   2.052093
540.834000   2.065485
540.835000   2.078455
540.836000   2.090688
540.837000   2.101882
540.838000   2.111708
540.839000   2.119814
540.840000   2.125891
540.841000   2.129747
540.842000   2.131362
540.843000   2.130904
540.844000   2.128755
540.845000   2.125500
540.846000   2.121851
540.847000   2.118468
540.848000   2.115776
540.849000   2.113905
540.850000   2.112762
540.851000   2.112152
540.852000   2.111901
540.853000   2.111932
540.854000   2.112311
540.855000   2.113228
540.856000   2.114906
540.857000   2.117492
540.858000   2.120986
540.859000   2.125274
540.860000   2.130207
540.861000   2.135674
540.862000   2.141662
540.863000   2.148285
540.864000   2.155790
540.865000   2.164484
540.866000   2.174596
540.867000   2.186107
540.868000   2.198708
540.869000   2.211914
540.870000   2.225248
540.871000   2.238359
540.872000   2.251065
540.873000   2.263342
540.874000   2.275279
540.875000   2.287018
540.876000   2.298685
540.877000   2.310340
540.878000   2.321984
540.879000   2.333611
540.880000   2.345261
540.881000   2.357066
540.882000   2.369266
540.883000   2.382178
540.884000   2.396100
540.885000   2.411161
540.886000   2.427197
540.887000   2.443737
540.888000   2.460131
540.889000   2.475740
540.890000   2.490053
540.891000   2.502716
540.892000   2.513503
540.893000   2.522305
540.894000   2.529131
540.895000   2.534091
540.896000   2.537359
540.897000   2.539119
540.898000   2.539582
540.899000   2.539022
540.900000   2.537773
540.901000   2.536150
540.902000   2.534344
540.903000   2.532363
540.904000   2.530038
540.905000   2.527078
540.906000   2.523130
540.907000   2.517842
540.908000   2.510954
540.909000   2.502373
540.910000   2.492185
540.911000   2.480623
540.912000   2.468018
540.913000   2.454763
540.914000   2.441286
540.915000   2.428005
540.916000   2.415251
540.917000   2.403208
540.918000   2.391947
540.919000   2.381509
540.920000   2.371975
540.921000   2.363513
540.922000   2.356382
540.923000   2.350932
540.924000   2.347538
540.925000   2.346500
540.926000   2.347930
540.927000   2.351724
540.928000   2.357602
540.929000   2.365163
540.930000   2.373926
540.931000   2.383376
540.932000   2.393035
540.933000   2.402518
540.934000   2.411545
540.935000   2.419881
540.936000   2.427247
540.937000   2.433275
540.938000   2.437531
540.939000   2.439576
540.940000   2.439055
540.941000   2.435775
540.942000   2.429761
540.943000   2.421243
540.944000   2.410588
540.945000   2.398208
540.946000   2.384522
540.947000   2.369987
540.948000   2.355123
540.949000   2.340506
540.950000   2.326728
540.951000   2.314377
540.952000   2.304031
540.953000   2.296216
540.954000   2.291273
540.955000   2.289208
540.956000   2.289649
540.957000   2.291969
540.958000   2.295459
540.959000   2.299480
540.960000   2.303520
540.961000   2.307211
540.962000   2.310284
540.963000   2.312499
540.964000   2.313549
540.965000   2.313043
540.966000   2.310594
540.967000   2.305958
540.968000   2.299128
540.969000   2.290365
540.970000   2.280170
540.971000   2.269206
540.972000   2.258161
540.973000   2.247603
540.974000   2.237902
540.975000   2.229271
540.976000   2.221863
540.977000   2.215846
540.978000   2.211431
540.979000   2.208853
540.980000   2.208337
540.981000   2.210037
540.982000   2.213958
540.983000   2.219894
540.984000   2.227443
540.985000   2.236099
540.986000   2.245366
540.987000   2.254853
540.988000   2.264348
540.989000   2.273816
540.990000   2.283307
540.991000   2.292820
540.992000   2.302232
540.993000   2.311358
540.994000   2.320061
540.995000   2.328316
540.996000   2.336194
540.997000   2.343789
540.998000   2.351164
540.999000   2.358312
541.000000   2.365151
541.001000   2.371519
541.001000   2.371519
541.002000   2.377187
541.003000   2.381907
541.004000   2.385469
541.005000   2.387757
541.006000   2.388760
541.007000   2.388577
541.008000   2.387388
541.009000   2.385422
541.010000   2.382893
541.011000   2.379930
541.012000   2.376579
541.013000   2.372879
541.014000   2.368936
541.015000   2.364952
541.016000   2.361186
541.017000   2.357907
541.018000   2.355345
541.019000   2.353653
541.020000   2.352865
541.021000   2.352861
541.022000   2.353383
541.023000   2.354099
541.024000   2.354684
541.025000   2.354866
541.026000   2.354459
541.027000   2.353400
541.028000   2.351759
541.029000   2.349715
541.030000   2.347487
541.031000   2.345267
541.032000   2.343224
541.033000   2.341539
541.034000   2.340428
541.035000   2.340125
541.036000   2.340846
541.037000   2.342742
541.038000   2.345872
541.039000   2.350207
541.040000   2.355634
541.041000   2.361977
541.042000   2.369031
541.043000   2.376608
541.044000   2.384548
541.045000   2.392730
541.046000   2.401091
541.047000   2.409622
541.048000   2.418318
541.049000   2.427079
541.050000   2.435642
541.051000   2.443608
541.052000   2.450527
541.053000   2.456002
541.054000   2.459743
541.055000   2.461622
541.056000   2.461709
541.057000   2.460297
541.058000   2.457859
541.059000   2.454919
541.060000   2.451863
541.061000   2.448801
541.062000   2.445560
541.063000   2.441797
541.064000   2.437170
541.065000   2.431492
541.066000   2.424815
541.067000   2.417439
541.068000   2.409825
541.069000   2.402467
541.070000   2.395772
541.071000   2.390009
541.072000   2.385322
541.073000   2.381777
541.074000   2.379421
541.075000   2.378329
541.076000   2.378612
541.077000   2.380369
541.078000   2.383582
541.079000   2.388008
541.080000   2.393172
541.081000   2.398498
541.082000   2.403475
541.083000   2.407738
541.084000   2.411079
541.085000   2.413422
541.086000   2.414805
541.087000   2.415345
541.088000   2.415190
541.089000   2.414467
541.090000   2.413288
541.091000   2.411792
541.092000   2.410160
541.093000   2.408606
541.094000   2.407356
541.095000   2.406659
541.096000   2.406769
541.097000   2.407895
541.098000   2.410102
541.099000   2.413286
541.100000   2.417220
541.101000   2.421651
541.102000   2.426349
541.103000   2.431101
541.104000   2.435688
541.105000   2.439884
541.106000   2.443467
541.107000   2.446215
541.108000   2.447891
541.109000   2.448298
541.110000   2.447373
541.111000   2.445263
541.112000   2.442295
541.113000   2.438864
541.114000   2.435282
541.115000   2.431664
541.116000   2.427909
541.117000   2.423761
541.118000   2.418930
541.119000   2.413210
541.120000   2.406534
541.121000   2.398952
541.122000   2.390570
541.123000   2.381487
541.124000   2.371773
541.125000   2.361489
541.126000   2.350736
541.127000   2.339676
541.128000   2.328514
541.129000   2.317456
541.130000   2.306657
541.131000   2.296168
541.132000   2.285926
541.133000   2.275797
541.134000   2.265630
541.135000   2.255285
541.136000   2.244608
541.137000   2.233416
541.138000   2.221557
541.139000   2.208981
541.140000   2.195788
541.141000   2.182216
541.142000   2.168608
541.143000   2.155362
541.144000   2.142893
541.145000   2.131593
541.146000   2.121778
541.147000   2.113664
541.148000   2.107368
541.149000   2.102925
541.150000   2.100327
541.151000   2.099562
541.152000   2.100636
541.153000   2.103570
541.154000   2.108359
541.155000   2.114913
541.156000   2.123002
541.157000   2.132253
541.158000   2.142204
541.159000   2.152378
541.160000   2.162340
541.161000   2.171752
541.162000   2.180448
541.163000   2.188492
541.164000   2.196141
541.165000   2.203690
541.166000   2.211293
541.167000   2.218883
541.168000   2.226218
541.169000   2.232988
541.170000   2.238940
541.171000   2.243926
541.172000   2.247874
541.173000   2.250714
541.174000   2.252337
541.175000   2.252586
541.176000   2.251252
541.177000   2.248084
541.178000   2.242843
541.179000   2.235363
541.180000   2.225610
541.181000   2.213700
541.182000   2.199848
541.183000   2.184249
541.184000   2.166964
541.185000   2.147889
541.186000   2.126829
541.187000   2.103658
541.188000   2.078497
541.189000   2.051784
541.190000   2.024257
541.191000   1.996869
541.192000   1.970681
541.193000   1.946737
541.194000   1.925925
541.195000   1.908848
541.196000   1.895779
541.197000   1.886734
541.198000   1.881595
541.199000   1.880184
541.200000   1.882307
541.201000   1.887767
541.202000   1.896369
541.203000   1.907915
541.204000   1.922151
541.205000   1.938677
541.206000   1.956888
541.207000   1.976022
541.208000   1.995288
541.209000   2.013975
541.210000   2.031493
541.211000   2.047379
541.212000   2.061320
541.213000   2.073186
541.214000   2.083053
541.215000   2.091183
541.216000   2.097969
541.217000   2.103870
541.218000   2.109341
541.219000   2.114740
541.220000   2.120243
541.221000   2.125795
541.222000   2.131155
541.223000   2.135982
541.224000   2.139927
541.225000   2.142692
541.226000   2.144076
541.227000   2.144001
541.228000   2.142463
541.229000   2.139446
541.230000   2.134920
541.231000   2.128927
541.232000   2.121675
541.233000   2.113561
541.234000   2.105079
541.235000   2.096680
541.236000   2.088644
541.237000   2.081038
541.238000   2.073748
541.239000   2.066524
541.240000   2.059050
541.241000   2.051027
541.242000   2.042273
541.243000   2.032762
541.244000   2.022595
541.245000   2.011965
541.246000   2.001146
541.247000   1.990511
541.248000   1.980536
541.249000   1.971781
541.250000   1.964840
541.251000   1.960294
541.252000   1.958699
541.253000   1.960539
541.254000   1.966115
541.255000   1.975442
541.256000   1.988245
541.257000   2.004045
541.258000   2.022273
541.259000   2.042372
541.260000   2.063838
541.261000   2.086193
541.262000   2.108889
541.263000   2.131239
541.264000   2.152436
541.265000   2.171678
541.266000   2.188323
541.267000   2.202040
541.268000   2.212902
541.269000   2.221402
541.270000   2.228348
541.271000   2.234606
541.272000   2.240771
541.273000   2.246928
541.274000   2.252639
541.275000   2.257171
541.276000   2.259784
541.277000   2.259933
541.278000   2.257353
541.279000   2.252058
541.280000   2.244292
541.281000   2.234480
541.282000   2.223161
541.283000   2.210920
541.284000   2.198352
541.285000   2.186073
541.286000   2.174759
541.287000   2.165161
541.288000   2.158037
541.289000   2.153986
541.290000   2.153262
541.291000   2.155688
541.292000   2.160720
541.293000   2.167643
541.294000   2.175750
541.295000   2.184420
541.296000   2.193075
541.297000   2.201153
541.298000   2.208134
541.299000   2.213601
541.300000   2.217294
541.301000   2.219122
541.302000   2.219153
541.303000   2.217582
541.304000   2.214719
541.305000   2.210947
541.306000   2.206614
541.307000   2.201931
541.308000   2.196945
541.309000   2.191610
541.310000   2.185861
541.311000   2.179642
541.312000   2.172927
541.313000   2.165756
541.314000   2.158315
541.315000   2.150960
541.316000   2.144167
541.317000   2.138415
541.318000   2.134082
541.319000   2.131449
541.320000   2.130775
541.321000   2.132323
541.322000   2.136331
541.323000   2.142947
541.324000   2.152178
541.325000   2.163832
541.326000   2.177502
541.327000   2.192612
541.328000   2.208504
541.329000   2.224510
541.330000   2.239992
541.331000   2.254348
541.332000   2.267034
541.333000   2.277599
541.334000   2.285740
541.335000   2.291335
541.336000   2.294480
541.337000   2.295507
541.338000   2.295005
541.339000   2.293768
541.340000   2.292657
