558.311000   2.610694
558.312000   2.590415
558.313000   2.568888
558.314000   2.546908
558.315000   2.525064
558.316000   2.503786
558.317000   2.483410
558.318000   2.464224
558.319000   2.446481
558.320000   2.430388
558.321000   2.416088
558.322000   2.403646
558.323000   2.393047
558.324000   2.384211
558.325000   2.377009
558.326000   2.371303
558.327000   2.367000
558.328000   2.364103
558.329000   2.362717
558.330000   2.363009
558.331000   2.365133
558.332000   2.369158
558.333000   2.375030
558.334000   2.382583
558.335000   2.391585
558.336000   2.401799
558.337000   2.413026
558.338000   2.425121
558.339000   2.437973
558.340000   2.451474
558.341000   2.465510
558.342000   2.479964
558.343000   2.494733
558.344000   2.509738
558.345000   2.524938
558.346000   2.540313
558.347000   2.555835
558.348000   2.571413
558.349000   2.586825
558.350000   2.601696
558.351000   2.615514
558.352000   2.627709
558.353000   2.637725
558.354000   2.645084
558.355000   2.649427
558.356000   2.650563
558.357000   2.648499
558.358000   2.643458
558.359000   2.635871
558.360000   2.626352
558.361000   2.615664
558.362000   2.604662
558.363000   2.594218
558.364000   2.585124
558.365000   2.577972
558.366000   2.573052
558.367000   2.570328
558.368000   2.569492
558.369000   2.570067
558.370000   2.571520
558.371000   2.573345
558.372000   2.575119
558.373000   2.576514
558.374000   2.577296
558.375000   2.577305
558.376000   2.576441
558.377000   2.574653
558.378000   2.571948
558.379000   2.568426
558.380000   2.564324
558.381000   2.560012
558.382000   2.555929
558.383000   2.552493
558.384000   2.550012
558.385000   2.548645
558.386000   2.548415
558.387000   2.549264
558.388000   2.551120
558.389000   2.553925
558.390000   2.557608
558.391000   2.562057
558.392000   2.567116
558.393000   2.572613
558.394000   2.578383
558.395000   2.584272
558.396000   2.590154
558.397000   2.595948
558.398000   2.601637
558.399000   2.607268
558.400000   2.612916
558.401000   2.618623
558.402000   2.624324
558.403000   2.629802
558.404000   2.634680
558.405000   2.638464
558.406000   2.640657
558.407000   2.640891
558.408000   2.639011
558.409000   2.635088
558.410000   2.629378
558.411000   2.622269
558.412000   2.614237
558.413000   2.605815
558.414000   2.597583
558.415000   2.590141
558.416000   2.584030
558.417000   2.579635
558.418000   2.577108
558.419000   2.576356
558.420000   2.577051
558.421000   2.578668
558.422000   2.580551
558.423000   2.582007
558.424000   2.582410
558.425000   2.581284
558.426000   2.578344
558.427000   2.573512
558.428000   2.566900
558.429000   2.558763
558.430000   2.549438
558.431000   2.539297
558.432000   2.528750
558.433000   2.518290
558.434000   2.508500
558.435000   2.499995
558.436000   2.493309
558.437000   2.488796
558.438000   2.486556
558.439000   2.486447
558.440000   2.488143
558.441000   2.491214
558.442000   2.495189
558.443000   2.499564
558.444000   2.503812
558.445000   2.507434
558.446000   2.510038
558.447000   2.511403
558.448000   2.511485
558.449000   2.510398
558.450000   2.508374
558.451000   2.505725
558.452000   2.502814
558.453000   2.500038
558.454000   2.497782
558.455000   2.496362
558.456000   2.495950
558.457000   2.496564
558.458000   2.498119
558.459000   2.500485
558.460000   2.503523
558.461000   2.507100
558.462000   2.511100
558.463000   2.515436
558.464000   2.520070
558.465000   2.525040
558.466000   2.530463
558.467000   2.536506
558.468000   2.543309
558.469000   2.550925
558.470000   2.559296
558.471000   2.568260
558.472000   2.577549
558.473000   2.586806
558.474000   2.595628
558.475000   2.603622
558.476000   2.610468
558.477000   2.615956
558.478000   2.619992
558.479000   2.622580
558.480000   2.623771
558.481000   2.623608
558.482000   2.622114
558.483000   2.619344
558.484000   2.615447
558.485000   2.610678
558.486000   2.605353
558.487000   2.599777
558.488000   2.594159
558.489000   2.588551
558.490000   2.582832
558.491000   2.576754
558.492000   2.570032
558.493000   2.562415
558.494000   2.553717
558.495000   2.543811
558.496000   2.532635
558.497000   2.520226
558.498000   2.506755
558.499000   2.492517
558.500000   2.477904
558.501000   2.463374
558.502000   2.449444
558.503000   2.436675
558.504000   2.425661
558.505000   2.416989
558.506000   2.411177
558.507000   2.408590
558.508000   2.409363
558.509000   2.413388
558.510000   2.420362
558.511000   2.429862
558.512000   2.441404
558.513000   2.454500
558.514000   2.468684
558.515000   2.483554
558.516000   2.498777
558.517000   2.514080
558.518000   2.529160
558.519000   2.543598
558.520000   2.556864
558.521000   2.568446
558.522000   2.577986
558.523000   2.585306
558.524000   2.590367
558.525000   2.593192
558.526000   2.593814
558.527000   2.592269
558.528000   2.588616
558.529000   2.582985
558.530000   2.575604
558.531000   2.566781
558.532000   2.556884
558.533000   2.546327
558.534000   2.535561
558.535000   2.525058
558.536000   2.515263
558.537000   2.506569
558.538000   2.499296
558.539000   2.493691
558.540000   2.489947
558.541000   2.488208
558.542000   2.488526
558.543000   2.490774
558.544000   2.494607
558.545000   2.499538
558.546000   2.505034
558.547000   2.510572
558.548000   2.515654
558.549000   2.519833
558.550000   2.522753
558.551000   2.524202
558.552000   2.524147
558.553000   2.522734
558.554000   2.520258
558.555000   2.517109
558.556000   2.513726
558.557000   2.510552
558.558000   2.507985
558.559000   2.506353
558.560000   2.505908
558.561000   2.506837
558.562000   2.509302
558.563000   2.513475
558.564000   2.519554
558.565000   2.527696
558.566000   2.537902
558.567000   2.549934
558.568000   2.563328
558.569000   2.577509
558.570000   2.591886
558.571000   2.605924
558.572000   2.619184
558.573000   2.631354
558.574000   2.642239
558.575000   2.651734
558.576000   2.659755
558.577000   2.666157
558.578000   2.670676
558.579000   2.672933
558.580000   2.672522
558.581000   2.669136
558.582000   2.662673
558.583000   2.653267
558.584000   2.641275
558.585000   2.627226
558.586000   2.611759
558.587000   2.595564
558.588000   2.579309
558.589000   2.563561
558.590000   2.548738
558.591000   2.535173
558.592000   2.523191
558.593000   2.513124
558.594000   2.505239
558.595000   2.499664
558.596000   2.496349
558.597000   2.495086
558.598000   2.495592
558.599000   2.497591
558.600000   2.500861
558.601000   2.505220
558.602000   2.510485
558.603000   2.516467
558.604000   2.522984
558.605000   2.529868
558.606000   2.536964
558.607000   2.544135
558.608000   2.551280
558.609000   2.558346
558.610000   2.565333
558.611000   2.572262
558.612000   2.579131
558.613000   2.585862
558.614000   2.592267
558.615000   2.598054
558.616000   2.602872
558.617000   2.606366
558.618000   2.608213
558.619000   2.608149
558.620000   2.605982
558.621000   2.601615
558.622000   2.595065
558.623000   2.586491
558.624000   2.576204
558.625000   2.564663
558.626000   2.552415
558.627000   2.540026
558.628000   2.528010
558.629000   2.516806
558.630000   2.506778
558.631000   2.498200
558.632000   2.491238
558.633000   2.485931
558.634000   2.482200
558.635000   2.479862
558.636000   2.478668
558.637000   2.478350
558.638000   2.478663
558.639000   2.479411
558.640000   2.480444
558.641000   2.481640
558.642000   2.482902
558.643000   2.484188
558.644000   2.485528
558.645000   2.486987
558.646000   2.488595
558.647000   2.490278
558.648000   2.491837
558.649000   2.492980
558.650000   2.493392
558.651000   2.492812
558.652000   2.491079
558.653000   2.488130
558.654000   2.483938
558.655000   2.478447
558.656000   2.471562
558.657000   2.463203
558.658000   2.453386
558.659000   2.442278
558.660000   2.430222
558.661000   2.417720
558.662000   2.405391
558.663000   2.393894
558.664000   2.383842
558.665000   2.375720
558.666000   2.369834
558.667000   2.366306
558.668000   2.365090
558.669000   2.366019
558.670000   2.368841
558.671000   2.373247
558.672000   2.378874
558.673000   2.385295
558.674000   2.392013
558.675000   2.398490
558.676000   2.404222
558.677000   2.408829
558.678000   2.412117
558.679000   2.414092
558.680000   2.414943
558.681000   2.415022
558.682000   2.414794
558.683000   2.414753
558.684000   2.415315
558.685000   2.416756
558.686000   2.419197
558.687000   2.422639
558.688000   2.427013
558.689000   2.432233
558.690000   2.438224
558.691000   2.444919
558.692000   2.452220
558.693000   2.459955
558.694000   2.467842
558.695000   2.475518
558.696000   2.482590
558.697000   2.488709
558.698000   2.493614
558.699000   2.497144
558.700000   2.499231
558.701000   2.499877
558.702000   2.499120
558.703000   2.496997
558.704000   2.493516
558.705000   2.488676
558.706000   2.482509
558.707000   2.475129
558.708000   2.466749
558.709000   2.457668
558.710000   2.448239
558.711000   2.438843
558.712000   2.429846
558.713000   2.421578
558.714000   2.414298
558.715000   2.408184
558.716000   2.403319
558.717000   2.399692
558.718000   2.397189
558.719000   2.395610
558.720000   2.394691
558.721000   2.394145
558.722000   2.393696
558.723000   2.393095
558.724000   2.392126
558.725000   2.390613
558.726000   2.388457
558.727000   2.385668
558.728000   2.382382
558.729000   2.378868
558.730000   2.375513
558.731000   2.372816
558.732000   2.371348
558.733000   2.371701
558.734000   2.374424
558.735000   2.379984
558.736000   2.388749
558.737000   2.400984
558.738000   2.416830
558.739000   2.436272
558.740000   2.459113
558.741000   2.484953
558.742000   2.513186
558.743000   2.542989
558.744000   2.573349
558.745000   2.603114
558.746000   2.631094
558.747000   2.656151
558.748000   2.677292
558.749000   2.693738
558.750000   2.704968
558.751000   2.710736
558.752000   2.711047
558.753000   2.706111
558.754000   2.696305
558.755000   2.682172
558.756000   2.664423
558.757000   2.643928
558.758000   2.621681
558.759000   2.598753
558.760000   2.576231
558.761000   2.555143
558.762000   2.536383
558.763000   2.520647
558.764000   2.508405
558.765000   2.499921
558.766000   2.495283
558.767000   2.494444
558.768000   2.497255
558.769000   2.503495
558.770000   2.512888
558.771000   2.525086
558.772000   2.539641
558.773000   2.555982
558.774000   2.573446
558.775000   2.591361
558.776000   2.609109
558.777000   2.626171
558.778000   2.642143
558.779000   2.656747
558.780000   2.669831
558.781000   2.681353
558.782000   2.691361
558.783000   2.700005
558.784000   2.707549
558.785000   2.714359
558.786000   2.720843
558.787000   2.727367
558.788000   2.734215
558.789000   2.741594
558.790000   2.749622
558.791000   2.758278
558.792000   2.767352
558.793000   2.776456
558.794000   2.785103
558.795000   2.792800
558.796000   2.799113
558.797000   2.803692
558.798000   2.806255
558.799000   2.806570
558.800000   2.804438
558.801000   2.799702
558.801000   2.799702
558.802000   2.792294
558.803000   2.782285
558.804000   2.769934
558.805000   2.755680
558.806000   2.740111
558.807000   2.723909
558.808000   2.707772
558.809000   2.692339
558.810000   2.678129
558.811000   2.665523
558.812000   2.654785
558.813000   2.646121
558.814000   2.639713
558.815000   2.635723
558.816000   2.634283
558.817000   2.635470
558.818000   2.639287
558.819000   2.645649
558.820000   2.654365
558.821000   2.665142
558.822000   2.677603
558.823000   2.691332
558.824000   2.705904
558.825000   2.720912
558.826000   2.735979
558.827000   2.750767
558.828000   2.764948
558.829000   2.778149
558.830000   2.789906
558.831000   2.799705
558.832000   2.807070
558.833000   2.811672
558.834000   2.813393
558.835000   2.812317
558.836000   2.808685
558.837000   2.802824
558.838000   2.795094
558.839000   2.785864
558.840000   2.775510
558.841000   2.764394
558.842000   2.752850
558.843000   2.741172
558.844000   2.729607
558.845000   2.718373
558.846000   2.707686
558.847000   2.697781
558.848000   2.688891
558.849000   2.681187
558.850000   2.674701
558.851000   2.669305
558.852000   2.664757
558.853000   2.660791
558.854000   2.657179
558.855000   2.653786
558.856000   2.650603
558.857000   2.647758
558.858000   2.645497
558.859000   2.644096
558.860000   2.643766
558.861000   2.644591
558.862000   2.646537
558.863000   2.649510
558.864000   2.653427
558.865000   2.658254
558.866000   2.664032
558.867000   2.670871
558.868000   2.678914
558.869000   2.688281
558.870000   2.698985
558.871000   2.710886
558.872000   2.723681
558.873000   2.736946
558.874000   2.750207
558.875000   2.763007
558.876000   2.774950
558.877000   2.785710
558.878000   2.794991
558.879000   2.802487
558.880000   2.807899
558.881000   2.811024
558.882000   2.811834
558.883000   2.810489
558.884000   2.807289
558.885000   2.802624
558.886000   2.796914
558.887000   2.790542
558.888000   2.783782
558.889000   2.776756
558.890000   2.769460
558.891000   2.761821
558.892000   2.753769
558.893000   2.745264
558.894000   2.736286
558.895000   2.726813
558.896000   2.716831
558.897000   2.706335
558.898000   2.695310
558.899000   2.683704
558.900000   2.671450
558.901000   2.658534
558.902000   2.645067
558.903000   2.631318
558.904000   2.617708
558.905000   2.604754
558.906000   2.592994
558.907000   2.582918
558.908000   2.574937
558.909000   2.569369
558.910000   2.566454
558.911000   2.566375
558.912000   2.569266
558.913000   2.575221
558.914000   2.584282
558.915000   2.596416
558.916000   2.611454
558.917000   2.629013
558.918000   2.648412
558.919000   2.668677
558.920000   2.688625
558.921000   2.706998
558.922000   2.722603
558.923000   2.734435
558.924000   2.741771
558.925000   2.744244
558.926000   2.741843
558.927000   2.734860
558.928000   2.723766
558.929000   2.709100
558.930000   2.691422
558.931000   2.671317
558.932000   2.649428
558.933000   2.626450
558.934000   2.603103
558.935000   2.580109
558.936000   2.558148
558.937000   2.537826
558.938000   2.519624
558.939000   2.503866
558.940000   2.490693
558.941000   2.480051
558.942000   2.471719
558.943000   2.465392
558.944000   2.460783
558.945000   2.457688
558.946000   2.455992
558.947000   2.455607
558.948000   2.456396
558.949000   2.458132
558.950000   2.460535
558.951000   2.463361
558.952000   2.466471
558.953000   2.469848
558.954000   2.473570
558.955000   2.477765
558.956000   2.482570
558.957000   2.488097
558.958000   2.494395
558.959000   2.501443
558.960000   2.509170
558.961000   2.517482
558.962000   2.526292
558.963000   2.535512
558.964000   2.545040
558.965000   2.554706
558.966000   2.564238
558.967000   2.573218
558.968000   2.581079
558.969000   2.587161
558.970000   2.590840
558.971000   2.591651
558.972000   2.589385
558.973000   2.584127
558.974000   2.576247
558.975000   2.566327
558.976000   2.555042
558.977000   2.543019
558.978000   2.530756
558.979000   2.518614
558.980000   2.506881
558.981000   2.495843
558.982000   2.485824
558.983000   2.477170
558.984000   2.470188
558.985000   2.465070
558.986000   2.461841
558.987000   2.460377
558.988000   2.460467
558.989000   2.461874
558.990000   2.464336
558.991000   2.467554
558.992000   2.471219
558.993000   2.475070
558.994000   2.478943
558.995000   2.482770
558.996000   2.486538
558.997000   2.490272
558.998000   2.494038
558.999000   2.497983
559.000000   2.502347
559.001000   2.507442
559.002000   2.513586
559.003000   2.521025
559.004000   2.529883
559.005000   2.540161
559.006000   2.551755
559.007000   2.564498
559.008000   2.578199
559.009000   2.592668
559.010000   2.607702
559.011000   2.623074
559.012000   2.638499
559.013000   2.653597
559.014000   2.667881
559.015000   2.680783
559.016000   2.691748
559.017000   2.700305
559.018000   2.706099
559.019000   2.708879
559.020000   2.708481
559.021000   2.704831
559.022000   2.697987
559.023000   2.688181
559.024000   2.675804
559.025000   2.661341
559.026000   2.645287
559.027000   2.628141
559.028000   2.610439
559.029000   2.592787
559.030000   2.575838
559.031000   2.560256
559.032000   2.546692
559.033000   2.535766
559.034000   2.528055
559.035000   2.524036
559.036000   2.524017
559.037000   2.528069
559.038000   2.536011
559.039000   2.547462
559.040000   2.561926
559.041000   2.578892
559.042000   2.597912
559.043000   2.618635
559.044000   2.640795
559.045000   2.664148
559.046000   2.688401
559.047000   2.713166
559.048000   2.737989
559.049000   2.762403
559.050000   2.785970
559.051000   2.808306
559.052000   2.829113
559.053000   2.848189
559.054000   2.865387
559.055000   2.880503
559.056000   2.893171
559.057000   2.902901
559.058000   2.909260
559.059000   2.912065
559.060000   2.911479
559.061000   2.907982
559.062000   2.902266
559.063000   2.895122
559.064000   2.887337
559.065000   2.879606
559.066000   2.872452
559.067000   2.866208
559.068000   2.861056
559.069000   2.857082
559.070000   2.854337
559.071000   2.852865
559.072000   2.852698
559.073000   2.853775
559.074000   2.855810
559.075000   2.858193
559.076000   2.860068
559.077000   2.860556
559.078000   2.858973
559.079000   2.854948
559.080000   2.848452
559.081000   2.839783
559.082000   2.829501
559.083000   2.818308
559.084000   2.806923
559.085000   2.796014
559.086000   2.786211
559.087000   2.778136
559.088000   2.772396
559.089000   2.769538
559.090000   2.769995
559.091000   2.774023
559.092000   2.781660
559.093000   2.792699
559.094000   2.806690
559.095000   2.822976
559.096000   2.840734
559.097000   2.859011
559.098000   2.876774
559.099000   2.892992
559.100000   2.906729
559.101000   2.917228
559.102000   2.923933
559.103000   2.926478
559.104000   2.924666
559.105000   2.918499
559.106000   2.908227
559.107000   2.894332
559.108000   2.877432
559.109000   2.858174
559.110000   2.837165
559.111000   2.814964
559.112000   2.792094
559.113000   2.769035
559.114000   2.746215
559.115000   2.724015
559.116000   2.702760
559.117000   2.682719
559.118000   2.664098
559.119000   2.647025
559.120000   2.631545
559.121000   2.617651
559.122000   2.605353
559.123000   2.594714
559.124000   2.585776
559.125000   2.578476
559.126000   2.572611
559.127000   2.567867
559.128000   2.563895
559.129000   2.560376
559.130000   2.557081
559.131000   2.553873
559.132000   2.550674
559.133000   2.547407
559.134000   2.543962
559.135000   2.540226
559.136000   2.536145
559.137000   2.531790
559.138000   2.527391
559.139000   2.523359
559.140000   2.520270
559.141000   2.518805
559.142000   2.519603
559.143000   2.523039
559.144000   2.529104
559.145000   2.537477
559.146000   2.547698
559.147000   2.559276
559.148000   2.571713
559.149000   2.584483
559.150000   2.597020
559.151000   2.608707
559.152000   2.618847
559.153000   2.626634
559.154000   2.631217
559.155000   2.631870
559.156000   2.628199
559.157000   2.620254
559.158000   2.608517
559.159000   2.593788
559.160000   2.577025
559.161000   2.559164
559.162000   2.540987
559.163000   2.523097
559.164000   2.505996
559.165000   2.490166
559.166000   2.476048
559.167000   2.464000
559.168000   2.454319
559.169000   2.447274
559.170000   2.443095
559.171000   2.441880
559.172000   2.443501
559.173000   2.447629
559.174000   2.453858
559.175000   2.461832
559.176000   2.471351
559.177000   2.482413
559.178000   2.495194
559.179000   2.509919
559.180000   2.526693
559.181000   2.545399
559.182000   2.565748
559.183000   2.587381
559.184000   2.609931
559.185000   2.633014
559.186000   2.656199
559.187000   2.679001
559.188000   2.700908
559.189000   2.721408
559.190000   2.739975
559.191000   2.756031
559.192000   2.768928
559.193000   2.778010
559.194000   2.782735
559.195000   2.782810
559.196000   2.778254
559.197000   2.769384
559.198000   2.756754
559.199000   2.741078
559.200000   2.723119
559.201000   2.703625
559.202000   2.683377
559.203000   2.663264
559.204000   2.644231
559.205000   2.627098
559.206000   2.612431
559.207000   2.600575
559.208000   2.591745
559.209000   2.586083
559.210000   2.583640
559.211000   2.584342
559.212000   2.588010
559.213000   2.594433
559.214000   2.603432
559.215000   2.614834
559.216000   2.628389
559.217000   2.643714
559.218000   2.660370
559.219000   2.677957
559.220000   2.696115
559.221000   2.714479
559.222000   2.732665
559.223000   2.750322
559.224000   2.767187
559.225000   2.783110
559.226000   2.798059
559.227000   2.812089
559.228000   2.825309
559.229000   2.837816
559.230000   2.849590
559.231000   2.860434
559.232000   2.870005
559.233000   2.877937
559.234000   2.883969
559.235000   2.888030
559.236000   2.890274
559.237000   2.891029
559.238000   2.890679
559.239000   2.889486
559.240000   2.887452
559.241000   2.884311
559.242000   2.879656
559.243000   2.873118
559.244000   2.864506
559.245000   2.853865
559.246000   2.841480
559.247000   2.827821
559.248000   2.813437
559.249000   2.798823
559.250000   2.784290
559.251000   2.769931
559.252000   2.755678
559.253000   2.741401
559.254000   2.726991
559.255000   2.712414
559.256000   2.697739
559.257000   2.683136
559.258000   2.668849
559.259000   2.655135
559.260000   2.642218
559.261000   2.630269
559.262000   2.619437
559.263000   2.609862
559.264000   2.601689
559.265000   2.595081
559.266000   2.590234
559.267000   2.587346
559.268000   2.586559
559.269000   2.587883
559.270000   2.591170
559.271000   2.596138
559.272000   2.602467
559.273000   2.609870
559.274000   2.618099
559.275000   2.626914
559.276000   2.636051
559.277000   2.645243
559.278000   2.654240
559.279000   2.662783
559.280000   2.670570
559.281000   2.677307
559.282000   2.682803
559.283000   2.687022
559.284000   2.690062
559.285000   2.692088
559.286000   2.693286
559.287000   2.693807
559.288000   2.693733
559.289000   2.693032
559.290000   2.691557
559.291000   2.689074
559.292000   2.685312
559.293000   2.679991
559.294000   2.672862
559.295000   2.663747
559.296000   2.652584
559.297000   2.639462
559.298000   2.624595
559.299000   2.608234
559.300000   2.590553
559.301000   2.571613
559.301000   2.571613
559.302000   2.551420
559.303000   2.530063
559.304000   2.507824
559.305000   2.485252
559.306000   2.463161
559.307000   2.442547
559.308000   2.424460
559.309000   2.409861
559.310000   2.399520
559.311000   2.393969
559.312000   2.393497
559.313000   2.398176
559.314000   2.407902
559.315000   2.422449
559.316000   2.441506
559.317000   2.464675
559.318000   2.491382
559.319000   2.520757
559.320000   2.551540
559.321000   2.582110
559.322000   2.610638
559.323000   2.635316
559.324000   2.654584
559.325000   2.667333
559.326000   2.673034
559.327000   2.671771
559.328000   2.664163
559.329000   2.651211
559.330000   2.634136
559.331000   2.614251
559.332000   2.592883
559.333000   2.571300
559.334000   2.550671
559.335000   2.532020
559.336000   2.516175
559.337000   2.503708
559.338000   2.494883
559.339000   2.489660
559.340000   2.487752
559.341000   2.488709
559.342000   2.491991
559.343000   2.497014
559.344000   2.503197
559.345000   2.509995
559.346000   2.516923
559.347000   2.523554
559.348000   2.529504
559.349000   2.534428
559.350000   2.538053
559.351000   2.540212
559.352000   2.540877
559.353000   2.540137
559.354000   2.538160
559.355000   2.535106
559.356000   2.531050
559.357000   2.525935
559.358000   2.519611
559.359000   2.511947
559.360000   2.502945
559.361000   2.492817
559.362000   2.481997
559.363000   2.471097
559.364000   2.460813
559.365000   2.451802
559.366000   2.444605
559.367000   2.439628
559.368000   2.437164
559.369000   2.437398
559.370000   2.440375
559.371000   2.445974
559.372000   2.453874
559.373000   2.463548
559.374000   2.474304
559.375000   2.485341
559.376000   2.495794
559.377000   2.504747
559.378000   2.511268
559.379000   2.514554
559.380000   2.514113
559.381000   2.509863
559.382000   2.502125
559.383000   2.491556
559.384000   2.479070
559.385000   2.465755
559.386000   2.452770
559.387000   2.441226
559.388000   2.432043
559.389000   2.425824
559.390000   2.422814
559.391000   2.422914
559.392000   2.425736
559.393000   2.430676
559.394000   2.437006
559.395000   2.443963
559.396000   2.450837
559.397000   2.457032
559.398000   2.462098
559.399000   2.465720
559.400000   2.467640
559.401000   2.467653
559.402000   2.465730
559.403000   2.462163
559.404000   2.457582
559.405000   2.452838
559.406000   2.448825
559.407000   2.446308
559.408000   2.445806
559.409000   2.447578
559.410000   2.451658
559.411000   2.457870
559.412000   2.465829
559.413000   2.474978
559.414000   2.484672
559.415000   2.494229
559.416000   2.502968
559.417000   2.510227
559.418000   2.515435
559.419000   2.518209
559.420000   2.518458
559.421000   2.516418
559.422000   2.512544
559.423000   2.507326
559.424000   2.501188
559.425000   2.494503
559.426000   2.487580
559.427000   2.480636
559.428000   2.473790
559.429000   2.467118
559.430000   2.460713
559.431000   2.454716
559.432000   2.449336
559.433000   2.444810
559.434000   2.441351
559.435000   2.439089
559.436000   2.438063
559.437000   2.438269
559.438000   2.439702
559.439000   2.442396
559.440000   2.446425
559.441000   2.451898
559.442000   2.458936
559.443000   2.467638
559.444000   2.478056
559.445000   2.490165
559.446000   2.503851
559.447000   2.518939
559.448000   2.535237
559.449000   2.552568
559.450000   2.570751
559.451000   2.589580
559.452000   2.608788
559.453000   2.628034
559.454000   2.646891
559.455000   2.664852
559.456000   2.681349
559.457000   2.695809
559.458000   2.707728
559.459000   2.716715
559.460000   2.722499
559.461000   2.724925
559.462000   2.723951
559.463000   2.719666
559.464000   2.712304
559.465000   2.702247
559.466000   2.690023
559.467000   2.676288
559.468000   2.661781
559.469000   2.647260
559.470000   2.633418
559.471000   2.620810
559.472000   2.609815
559.473000   2.600623
559.474000   2.593246
559.475000   2.587538
559.476000   2.583231
559.477000   2.580010
559.478000   2.577592
559.479000   2.575779
559.480000   2.574495
559.481000   2.573773
559.482000   2.573728
559.483000   2.574498
559.484000   2.576182
559.485000   2.578819
559.486000   2.582389
559.487000   2.586846
559.488000   2.592126
559.489000   2.598151
559.490000   2.604821
559.491000   2.612034
559.492000   2.619678
559.493000   2.627587
559.494000   2.635457
559.495000   2.642803
559.496000   2.649010
559.497000   2.653470
559.498000   2.655696
559.499000   2.655413
559.500000   2.652620
559.501000   2.647618
559.502000   2.640959
559.503000   2.633295
559.504000   2.625217
559.505000   2.617176
559.506000   2.609507
559.507000   2.602462
559.508000   2.596185
559.509000   2.590686
559.510000   2.585850
559.511000   2.581473
559.512000   2.577314
559.513000   2.573110
559.514000   2.568573
559.515000   2.563399
559.516000   2.557330
559.517000   2.550237
559.518000   2.542191
559.519000   2.533468
559.520000   2.524515
559.521000   2.515879
559.522000   2.508103
559.523000   2.501601
559.524000   2.496570
559.525000   2.493007
559.526000   2.490798
559.527000   2.489810
559.528000   2.489951
559.529000   2.491214
559.530000   2.493694
559.531000   2.497566
559.532000   2.503033
559.533000   2.510246
559.534000   2.519269
559.535000   2.530091
559.536000   2.542629
559.537000   2.556653
559.538000   2.571714
559.539000   2.587163
559.540000   2.602268
559.541000   2.616322
559.542000   2.628699
559.543000   2.638863
559.544000   2.646375
559.545000   2.650917
559.546000   2.652326
559.547000   2.650612
559.548000   2.645980
559.549000   2.638827
559.550000   2.629706
559.551000   2.619248
559.552000   2.608089
559.553000   2.596825
559.554000   2.586019
559.555000   2.576233
559.556000   2.568035
559.557000   2.561933
559.558000   2.558273
559.559000   2.557172
559.560000   2.558541
559.561000   2.562150
559.562000   2.567684
559.563000   2.574798
559.564000   2.583171
559.565000   2.592578
559.566000   2.602896
559.567000   2.614052
559.568000   2.625962
559.569000   2.638546
559.570000   2.651757
559.571000   2.665570
559.572000   2.679929
559.573000   2.694704
559.574000   2.709687
559.575000   2.724621
559.576000   2.739212
559.577000   2.753117
559.578000   2.765952
559.579000   2.777353
559.580000   2.787035
559.581000   2.794815
559.582000   2.800551
559.583000   2.804100
559.584000   2.805334
559.585000   2.804218
559.586000   2.800893
559.587000   2.795688
559.588000   2.789090
559.589000   2.781654
559.590000   2.773908
559.591000   2.766272
559.592000   2.758994
559.593000   2.752130
559.594000   2.745572
559.595000   2.739102
559.596000   2.732447
559.597000   2.725348
559.598000   2.717619
559.599000   2.709193
559.600000   2.700114
559.601000   2.690462
559.602000   2.680243
559.603000   2.669336
559.604000   2.657538
559.605000   2.644664
559.606000   2.630629
559.607000   2.615506
559.608000   2.599538
559.609000   2.583116
559.610000   2.566726
559.611000   2.550871
559.612000   2.535980
559.613000   2.522364
559.614000   2.510239
559.615000   2.499809
559.616000   2.491321
559.617000   2.485083
559.618000   2.481408
559.619000   2.480536
559.620000   2.482556
559.621000   2.487365
559.622000   2.494671
559.623000   2.504033
559.624000   2.514924
559.625000   2.526800
559.626000   2.539156
559.627000   2.551545
559.628000   2.563587
559.629000   2.574949
559.630000   2.585344
559.631000   2.594534
559.632000   2.602348
559.633000   2.608708
559.634000   2.613631
559.635000   2.617185
559.636000   2.619417
559.637000   2.620292
559.638000   2.619669
559.639000   2.617328
559.640000   2.613030
559.641000   2.606600
559.642000   2.598011
559.643000   2.587433
559.644000   2.575237
559.645000   2.561916
559.646000   2.547977
559.647000   2.533866
559.648000   2.519988
559.649000   2.506756
559.650000   2.494605
559.651000   2.483959
559.652000   2.475183
559.653000   2.468537
559.654000   2.464132
559.655000   2.461888
559.656000   2.461490
559.657000   2.462374
559.658000   2.463793
559.659000   2.464954
559.660000   2.465152
559.661000   2.463831
559.662000   2.460629
559.663000   2.455390
559.664000   2.448191
559.665000   2.439352
559.666000   2.429425
559.667000   2.419126
559.668000   2.409256
559.669000   2.400649
559.670000   2.394101
559.671000   2.390216
559.672000   2.389259
559.673000   2.391091
559.674000   2.395232
559.675000   2.401016
559.676000   2.407741
559.677000   2.414726
559.678000   2.421256
559.679000   2.426536
559.680000   2.429732
559.681000   2.430091
559.682000   2.427053
559.683000   2.420364
559.684000   2.410149
559.685000   2.396924
559.686000   2.381534
559.687000   2.364982
559.688000   2.348206
559.689000   2.331864
559.690000   2.316246
559.691000   2.301296
559.692000   2.286702
559.693000   2.272041
559.694000   2.256911
559.695000   2.241042
559.696000   2.224355
559.697000   2.206983
559.698000   2.189226
559.699000   2.171447
559.700000   2.153974
559.701000   2.137089
559.702000   2.121075
559.703000   2.106296
559.704000   2.093241
559.705000   2.082507
559.706000   2.074745
559.707000   2.070570
559.708000   2.070451
559.709000   2.074599
559.710000   2.082877
559.711000   2.094825
559.712000   2.109756
559.713000   2.126860
559.714000   2.145255
559.715000   2.164026
559.716000   2.182274
559.717000   2.199190
559.718000   2.214133
559.719000   2.226651
559.720000   2.236442
559.721000   2.243335
559.722000   2.247337
559.723000   2.248633
559.724000   2.247495
559.725000   2.244170
559.726000   2.238828
559.727000   2.231619
559.728000   2.222758
559.729000   2.212553
559.730000   2.201338
559.731000   2.189396
559.732000   2.176955
559.733000   2.164237
559.734000   2.151489
559.735000   2.139008
559.736000   2.127164
559.737000   2.116432
559.738000   2.107416
559.739000   2.100807
559.740000   2.097234
559.741000   2.097057
559.742000   2.100250
559.743000   2.106439
559.744000   2.115041
559.745000   2.125406
559.746000   2.136939
559.747000   2.149169
559.748000   2.161787
559.749000   2.174617
559.750000   2.187538
559.751000   2.200381
559.752000   2.212887
559.753000   2.224760
559.754000   2.235762
559.755000   2.245786
559.756000   2.254892
559.757000   2.263300
559.758000   2.271358
559.759000   2.279467
559.760000   2.287989
559.761000   2.297127
559.762000   2.306876
559.763000   2.317084
559.764000   2.327577
559.765000   2.338269
559.766000   2.349173
559.767000   2.360365
559.768000   2.371925
559.769000   2.383880
559.770000   2.396161
559.771000   2.408567
559.772000   2.420771
559.773000   2.432396
559.774000   2.443135
559.775000   2.452838
559.776000   2.461498
559.777000   2.469176
559.778000   2.475923
559.779000   2.481733
559.780000   2.486534
559.781000   2.490227
559.782000   2.492757
559.783000   2.494170
559.784000   2.494633
559.785000   2.494458
559.786000   2.494091
559.787000   2.494073
559.788000   2.494980
559.789000   2.497361
559.790000   2.501700
559.791000   2.508392
559.792000   2.517707
559.793000   2.529723
559.794000   2.544261
559.795000   2.560865
559.796000   2.578844
559.797000   2.597354
559.798000   2.615501
559.799000   2.632416
559.800000   2.647309
559.801000   2.659514
559.801000   2.659514
559.802000   2.668542
559.803000   2.674124
559.804000   2.676256
559.805000   2.675222
559.806000   2.671598
559.807000   2.666188
559.808000   2.659926
559.809000   2.653764
559.810000   2.648576
559.811000   2.645104
559.812000   2.643907
559.813000   2.645335
559.814000   2.649495
559.815000   2.656260
559.816000   2.665302
559.817000   2.676149
559.818000   2.688229
559.819000   2.700891
559.820000   2.713425
559.821000   2.725085
559.822000   2.735137
559.823000   2.742914
559.824000   2.747880
559.825000   2.749697
559.826000   2.748271
559.827000   2.743763
559.828000   2.736524
559.829000   2.726991
559.830000   2.715599
559.831000   2.702746
559.832000   2.688809
559.833000   2.674195
559.834000   2.659385
559.835000   2.644957
559.836000   2.631571
559.837000   2.619912
559.838000   2.610615
559.839000   2.604189
559.840000   2.600950
559.841000   2.601000
559.842000   2.604240
559.843000   2.610444
559.844000   2.619331
559.845000   2.630640
559.846000   2.644140
559.847000   2.659573
559.848000   2.676562
559.849000   2.694537
559.850000   2.712729
559.851000   2.730241
559.852000   2.746141
559.853000   2.759565
559.854000   2.769774
559.855000   2.776206
559.856000   2.778490
559.857000   2.776458
559.858000   2.770142
559.859000   2.759778
559.860000   2.745816
559.861000   2.728931
559.862000   2.709991
559.863000   2.689976
559.864000   2.669861
559.865000   2.650506
559.866000   2.632618
559.867000   2.616756
559.868000   2.603373
559.869000   2.592840
559.870000   2.585442
559.871000   2.581348
559.872000   2.580565
559.873000   2.582890
559.874000   2.587907
559.875000   2.595012
559.876000   2.603478
559.877000   2.612506
559.878000   2.621287
559.879000   2.629081
559.880000   2.635313
559.881000   2.639647
559.882000   2.641983
559.883000   2.642388
559.884000   2.641011
559.885000   2.638009
559.886000   2.633525
559.887000   2.627687
559.888000   2.620658
559.889000   2.612690
559.890000   2.604171
559.891000   2.595611
559.892000   2.587591
559.893000   2.580695
559.894000   2.575465
559.895000   2.572371
559.896000   2.571784
559.897000   2.573954
559.898000   2.578977
559.899000   2.586781
559.900000   2.597120
559.901000   2.609567
559.902000   2.623550
559.903000   2.638411
559.904000   2.653472
559.905000   2.668075
559.906000   2.681567
559.907000   2.693280
559.908000   2.702562
559.909000   2.708839
559.910000   2.711708
559.911000   2.711007
559.912000   2.706866
559.913000   2.699712
559.914000   2.690218
559.915000   2.679192
559.916000   2.667429
559.917000   2.655585
559.918000   2.644120
559.919000   2.633316
559.920000   2.623318
559.921000   2.614203
559.922000   2.606030
559.923000   2.598879
559.924000   2.592861
559.925000   2.588092
559.926000   2.584651
559.927000   2.582557
559.928000   2.581778
559.929000   2.582261
559.930000   2.583965
559.931000   2.586900
559.932000   2.591155
559.933000   2.596885
559.934000   2.604239
559.935000   2.613250
559.936000   2.623754
559.937000   2.635374
559.938000   2.647572
559.939000   2.659725
559.940000   2.671213
559.941000   2.681483
559.942000   2.690113
559.943000   2.696828
559.944000   2.701488
559.945000   2.704059
559.946000   2.704610
559.947000   2.703325
559.948000   2.700515
559.949000   2.696604
559.950000   2.692086
559.951000   2.687458
559.952000   2.683142
559.953000   2.679385
559.954000   2.676190
559.955000   2.673298
559.956000   2.670277
559.957000   2.666644
559.958000   2.661994
559.959000   2.656066
559.960000   2.648762
559.961000   2.640122
559.962000   2.630285
559.963000   2.619449
559.964000   2.607836
559.965000   2.595689
559.966000   2.583292
559.967000   2.570999
559.968000   2.559249
559.969000   2.548518
559.970000   2.539238
559.971000   2.531710
559.972000   2.526032
559.973000   2.522075
559.974000   2.519502
559.975000   2.517848
559.976000   2.516625
559.977000   2.515426
559.978000   2.513956
559.979000   2.512027
559.980000   2.509520
559.981000   2.506376
559.982000   2.502608
559.983000   2.498318
559.984000   2.493691
559.985000   2.488993
559.986000   2.484564
559.987000   2.480791
559.988000   2.478046
559.989000   2.476583
559.990000   2.476455
559.991000   2.477471
559.992000   2.479219
559.993000   2.481141
559.994000   2.482601
559.995000   2.482951
559.996000   2.481603
559.997000   2.478093
559.998000   2.472154
559.999000   2.463781
560.000000   2.453260
560.001000   2.441151
560.002000   2.428185
560.003000   2.415145
560.004000   2.402766
560.005000   2.391659
560.006000   2.382233
560.007000   2.374641
560.008000   2.368811
560.009000   2.364563
560.010000   2.361742
560.011000   2.360284
560.012000   2.360160
560.013000   2.361244
560.014000   2.363261
560.015000   2.365862
560.016000   2.368728
560.017000   2.371653
560.018000   2.374601
560.019000   2.377764
560.020000   2.381586
560.021000   2.386718
560.022000   2.393852
560.023000   2.403453
560.024000   2.415526
560.025000   2.429591
560.026000   2.444850
560.027000   2.460381
560.028000   2.475310
560.029000   2.488930
560.030000   2.500758
560.031000   2.510557
560.032000   2.518311
560.033000   2.524184
560.034000   2.528414
560.035000   2.531183
560.036000   2.532592
560.037000   2.532768
560.038000   2.531986
560.039000   2.530667
560.040000   2.529282
560.041000   2.528215
560.042000   2.527653
560.043000   2.527567
560.044000   2.527795
560.045000   2.528146
560.046000   2.528407
560.047000   2.528256
560.048000   2.527294
560.049000   2.525207
560.050000   2.521872
560.051000   2.517342
560.052000   2.511796
560.053000   2.505487
560.054000   2.498718
560.055000   2.491854
560.056000   2.485359
560.057000   2.479786
560.058000   2.475649
560.059000   2.473215
560.060000   2.472401
560.061000   2.472865
560.062000   2.474150
560.063000   2.475790
560.064000   2.477394
560.065000   2.478719
560.066000   2.479720
560.067000   2.480547
560.068000   2.481496
560.069000   2.482909
560.070000   2.485102
560.071000   2.488353
560.072000   2.492938
560.073000   2.499122
560.074000   2.507096
560.075000   2.516891
560.076000   2.528312
560.077000   2.540913
560.078000   2.554038
560.079000   2.566932
560.080000   2.578830
560.081000   2.588987
560.082000   2.596661
560.083000   2.601165
560.084000   2.602002
560.085000   2.598990
560.086000   2.592309
560.087000   2.582470
560.088000   2.570258
560.089000   2.556650
560.090000   2.542719
560.091000   2.529518
560.092000   2.517941
560.093000   2.508591
560.094000   2.501715
560.095000   2.497210
560.096000   2.494698
560.097000   2.493643
560.098000   2.493480
560.099000   2.493719
560.100000   2.493998
560.101000   2.494081
560.102000   2.493802
560.103000   2.493022
560.104000   2.491656
560.105000   2.489726
560.106000   2.487407
560.107000   2.485048
560.108000   2.483202
560.109000   2.482605
560.110000   2.484065
560.111000   2.488268
560.112000   2.495582
560.113000   2.505974
560.114000   2.519082
560.115000   2.534388
560.116000   2.551352
560.117000   2.569457
560.118000   2.588144
560.119000   2.606751
560.120000   2.624543
560.121000   2.640793
560.122000   2.654850
560.123000   2.666206
560.124000   2.674589
560.125000   2.680031
560.126000   2.682864
560.127000   2.683604
560.128000   2.682756
560.129000   2.680658
560.130000   2.677422
560.131000   2.672948
560.132000   2.666992
560.133000   2.659305
560.134000   2.649772
560.135000   2.638486
560.136000   2.625745
560.137000   2.611988
560.138000   2.597726
560.139000   2.583450
560.140000   2.569542
560.141000   2.556222
560.142000   2.543593
560.143000   2.531746
560.144000   2.520835
560.145000   2.511097
560.146000   2.502799
560.147000   2.496192
560.148000   2.491484
560.149000   2.488817
560.150000   2.488233
560.151000   2.489622
560.152000   2.492735
560.153000   2.497241
560.154000   2.502795
560.155000   2.509073
560.156000   2.515783
560.157000   2.522676
560.158000   2.529568
560.159000   2.536354
560.160000   2.543008
560.161000   2.549523
560.162000   2.555844
560.163000   2.561823
560.164000   2.567232
560.165000   2.571809
560.166000   2.575322
560.167000   2.577625
560.168000   2.578705
560.169000   2.578672
560.170000   2.577699
560.171000   2.575920
560.172000   2.573350
560.173000   2.569861
560.174000   2.565232
560.175000   2.559239
560.176000   2.551765
560.177000   2.542876
560.178000   2.532830
560.179000   2.522023
560.180000   2.510868
560.181000   2.499661
560.182000   2.488524
560.183000   2.477428
560.184000   2.466281
560.185000   2.455031
560.186000   2.443739
560.187000   2.432618
560.188000   2.422021
560.189000   2.412368
560.190000   2.404054
560.191000   2.397377
560.192000   2.392524
560.193000   2.389588
560.194000   2.388595
560.195000   2.389550
560.196000   2.392472
560.197000   2.397409
560.198000   2.404415
560.199000   2.413468
560.200000   2.424404
560.201000   2.436916
560.202000   2.450624
560.203000   2.465173
560.204000   2.480298
560.205000   2.495844
560.206000   2.511745
560.207000   2.527994
560.208000   2.544594
560.209000   2.561501
560.210000   2.578579
560.211000   2.595613
560.212000   2.612359
560.213000   2.628599
560.214000   2.644185
560.215000   2.659050
560.216000   2.673177
560.217000   2.686541
560.218000   2.699027
560.219000   2.710385
560.220000   2.720250
560.221000   2.728241
560.222000   2.734071
560.223000   2.737611
560.224000   2.738898
560.225000   2.738105
560.226000   2.735499
560.227000   2.731392
560.228000   2.726094
560.229000   2.719873
560.230000   2.712943
560.231000   2.705481
560.232000   2.697670
560.233000   2.689719
560.234000   2.681853
560.235000   2.674275
560.236000   2.667138
560.237000   2.660524
560.238000   2.654459
560.239000   2.648934
560.240000   2.643932
560.241000   2.639447
560.242000   2.635494
560.243000   2.632102
560.244000   2.629315
560.245000   2.627191
560.246000   2.625806
560.247000   2.625257
560.248000   2.625656
560.249000   2.627113
560.250000   2.629728
560.251000   2.633572
560.252000   2.638667
560.253000   2.644974
560.254000   2.652392
560.255000   2.660759
560.256000   2.669833
560.257000   2.679269
560.258000   2.688612
560.259000   2.697334
560.260000   2.704892
560.261000   2.710784
560.262000   2.714594
560.263000   2.716038
560.264000   2.715009
560.265000   2.711584
560.266000   2.705993
560.267000   2.698547
560.268000   2.689574
560.269000   2.679384
560.270000   2.668254
560.271000   2.656430
560.272000   2.644144
560.273000   2.631670
560.274000   2.619368
560.275000   2.607705
560.276000   2.597196
560.277000   2.588256
560.278000   2.581045
560.279000   2.575442
560.280000   2.571154
560.281000   2.567860
560.282000   2.565310
560.283000   2.563386
560.284000   2.562132
560.285000   2.561740
560.286000   2.562463
560.287000   2.564466
560.288000   2.567697
560.289000   2.571871
560.290000   2.576557
560.291000   2.581286
560.292000   2.585627
560.293000   2.589235
560.294000   2.591877
560.295000   2.593427
560.296000   2.593849
560.297000   2.593160
560.298000   2.591385
560.299000   2.588516
560.300000   2.584526
560.301000   2.579455
560.301000   2.579455
560.302000   2.573498
560.303000   2.567031
560.304000   2.560553
560.305000   2.554587
560.306000   2.549578
560.307000   2.545848
560.308000   2.543594
560.309000   2.542895
560.310000   2.543705
560.311000   2.545839
560.312000   2.548987
560.313000   2.552740
560.314000   2.556624
560.315000   2.560125
560.316000   2.562716
560.317000   2.563902
560.318000   2.563291
560.319000   2.560655
560.320000   2.555964
560.321000   2.549378
560.322000   2.541226
560.323000   2.531983
560.324000   2.522211
560.325000   2.512469
560.326000   2.503259
560.327000   2.495029
560.328000   2.488213
560.329000   2.483251
560.330000   2.480565
560.331000   2.480502
560.332000   2.483272
560.333000   2.488901
560.334000   2.497225
560.335000   2.507905
560.336000   2.520467
560.337000   2.534384
560.338000   2.549161
560.339000   2.564411
560.340000   2.579880
560.341000   2.595417
560.342000   2.610878
560.343000   2.626028
560.344000   2.640512
560.345000   2.653903
560.346000   2.665762
560.347000   2.675697
560.348000   2.683401
560.349000   2.688664
560.350000   2.691382
560.351000   2.691558
560.352000   2.689312
560.353000   2.684854
560.354000   2.678440
560.355000   2.670306
560.356000   2.660620
560.357000   2.649492
560.358000   2.637008
560.359000   2.623301
560.360000   2.608639
560.361000   2.593511
560.362000   2.578656
560.363000   2.564965
560.364000   2.553287
560.365000   2.544227
560.366000   2.538086
560.367000   2.534926
560.368000   2.534661
560.369000   2.537117
560.370000   2.542072
560.371000   2.549291
560.372000   2.558544
560.373000   2.569589
560.374000   2.582107
560.375000   2.595602
560.376000   2.609349
560.377000   2.622455
560.378000   2.634005
560.379000   2.643208
560.380000   2.649503
560.381000   2.652631
560.382000   2.652664
560.383000   2.649983
560.384000   2.645203
560.385000   2.639053
560.386000   2.632288
560.387000   2.625650
560.388000   2.619855
560.389000   2.615574
560.390000   2.613414
560.391000   2.613902
560.392000   2.617456
560.393000   2.624321
560.394000   2.634465
560.395000   2.647489
560.396000   2.662646
560.397000   2.678983
560.398000   2.695515
560.399000   2.711330
560.400000   2.725650
560.401000   2.737870
560.402000   2.747580
560.403000   2.754550
560.404000   2.758672
560.405000   2.759961
560.406000   2.758611
560.407000   2.755047
560.408000   2.749890
560.409000   2.743865
560.410000   2.737682
560.411000   2.731923
560.412000   2.726946
560.413000   2.722838
560.414000   2.719438
560.415000   2.716445
560.416000   2.713537
560.417000   2.710442
560.418000   2.706970
560.419000   2.703024
560.420000   2.698604
560.421000   2.693804
560.422000   2.688765
560.423000   2.683617
560.424000   2.678451
560.425000   2.673375
560.426000   2.668576
560.427000   2.664333
560.428000   2.660990
560.429000   2.658892
560.430000   2.658324
560.431000   2.659431
560.432000   2.662159
560.433000   2.666245
560.434000   2.671268
560.435000   2.676753
560.436000   2.682232
560.437000   2.687270
560.438000   2.691464
560.439000   2.694460
560.440000   2.696011
560.441000   2.696028
560.442000   2.694573
560.443000   2.691798
560.444000   2.687881
560.445000   2.683010
560.446000   2.677386
560.447000   2.671206
560.448000   2.664635
560.449000   2.657793
560.450000   2.650733
560.451000   2.643434
560.452000   2.635775
560.453000   2.627545
560.454000   2.618506
560.455000   2.608483
560.456000   2.597430
560.457000   2.585440
560.458000   2.572748
560.459000   2.559708
560.460000   2.546768
560.461000   2.534411
560.462000   2.523076
560.463000   2.513048
560.464000   2.504394
560.465000   2.496963
560.466000   2.490443
560.467000   2.484455
560.468000   2.478669
560.469000   2.472884
560.470000   2.467070
560.471000   2.461344
560.472000   2.455902
560.473000   2.450939
560.474000   2.446606
560.475000   2.443000
560.476000   2.440174
560.477000   2.438171
560.478000   2.437083
560.479000   2.437079
560.480000   2.438374
560.481000   2.441120
560.482000   2.445300
560.483000   2.450658
560.484000   2.456750
560.485000   2.463043
560.486000   2.468981
560.487000   2.473983
560.488000   2.477475
560.489000   2.478978
560.490000   2.478191
560.491000   2.475010
560.492000   2.469500
560.493000   2.461823
560.494000   2.452206
560.495000   2.440960
560.496000   2.428511
560.497000   2.415378
560.498000   2.402089
560.499000   2.389115
560.500000   2.376892
560.501000   2.365814
560.502000   2.356188
560.503000   2.348179
560.504000   2.341843
560.505000   2.337220
560.506000   2.334406
560.507000   2.333534
560.508000   2.334643
560.509000   2.337551
560.510000   2.341880
560.511000   2.347206
560.512000   2.353128
560.513000   2.359244
560.514000   2.365109
560.515000   2.370248
560.516000   2.374220
560.517000   2.376679
560.518000   2.377412
560.519000   2.376244
560.520000   2.372901
560.521000   2.367045
560.522000   2.358443
560.523000   2.347063
560.524000   2.333103
560.525000   2.317054
560.526000   2.299734
560.527000   2.282272
560.528000   2.265985
560.529000   2.252151
560.530000   2.241782
560.531000   2.235558
560.532000   2.233834
560.533000   2.236634
560.534000   2.243671
560.535000   2.254456
560.536000   2.268421
560.537000   2.285012
560.538000   2.303743
560.539000   2.324170
560.540000   2.345762
560.541000   2.367723
560.542000   2.388971
560.543000   2.408312
560.544000   2.424704
560.545000   2.437467
560.546000   2.446369
560.547000   2.451619
560.548000   2.453789
560.549000   2.453705
560.550000   2.452300
560.551000   2.450444
560.552000   2.448812
560.553000   2.447854
560.554000   2.447840
560.555000   2.448926
560.556000   2.451196
560.557000   2.454690
560.558000   2.459435
560.559000   2.465471
560.560000   2.472848
560.561000   2.481589
560.562000   2.491619
560.563000   2.502719
560.564000   2.514525
560.565000   2.526606
560.566000   2.538604
560.567000   2.550352
560.568000   2.561903
560.569000   2.573449
560.570000   2.585174
560.571000   2.597079
560.572000   2.608904
560.573000   2.620180
560.574000   2.630365
560.575000   2.638968
560.576000   2.645622
560.577000   2.650127
560.578000   2.652441
560.579000   2.652646
560.580000   2.650884
560.581000   2.647309
560.582000   2.642078
560.583000   2.635393
560.584000   2.627545
560.585000   2.618920
560.586000   2.609973
560.587000   2.601193
560.588000   2.593073
560.589000   2.586049
560.590000   2.580396
560.591000   2.576125
560.592000   2.573008
560.593000   2.570697
560.594000   2.568843
560.595000   2.567155
560.596000   2.565414
560.597000   2.563466
560.598000   2.561228
560.599000   2.558678
560.600000   2.555820
560.601000   2.552649
560.602000   2.549159
560.603000   2.545396
560.604000   2.541444
560.605000   2.537382
560.606000   2.533348
560.607000   2.529650
560.608000   2.526802
560.609000   2.525472
560.610000   2.526349
560.611000   2.530028
560.612000   2.536960
560.613000   2.547461
560.614000   2.561693
560.615000   2.579594
560.616000   2.600806
560.617000   2.624694
560.618000   2.650455
560.619000   2.677216
560.620000   2.704013
560.621000   2.729770
560.622000   2.753344
560.623000   2.773647
560.624000   2.789750
560.625000   2.800976
560.626000   2.806954
560.627000   2.807631
560.628000   2.803224
560.629000   2.794146
560.630000   2.780966
560.631000   2.764432
560.632000   2.745486
560.633000   2.725220
560.634000   2.704759
560.635000   2.685148
560.636000   2.667276
560.637000   2.651845
560.638000   2.639351
560.639000   2.630032
560.640000   2.623844
560.641000   2.620526
560.642000   2.619738
560.643000   2.621170
560.644000   2.624569
560.645000   2.629739
560.646000   2.636531
560.647000   2.644829
560.648000   2.654483
560.649000   2.665215
560.650000   2.676578
560.651000   2.688035
560.652000   2.699078
560.653000   2.709296
560.654000   2.718399
560.655000   2.726226
560.656000   2.732723
560.657000   2.737866
560.658000   2.741548
560.659000   2.743495
560.660000   2.743375
560.661000   2.740993
560.662000   2.736451
560.663000   2.730163
560.664000   2.722777
560.665000   2.715079
560.666000   2.707892
560.667000   2.701978
560.668000   2.697918
560.669000   2.696044
560.670000   2.696467
560.671000   2.699159
560.672000   2.704028
560.673000   2.710952
560.674000   2.719802
560.675000   2.730430
560.676000   2.742644
560.677000   2.756110
560.678000   2.770260
560.679000   2.784269
560.680000   2.797180
560.681000   2.808075
560.682000   2.816202
560.683000   2.821039
560.684000   2.822324
560.685000   2.820043
560.686000   2.814381
560.687000   2.805611
560.688000   2.794024
560.689000   2.779945
560.690000   2.763814
560.691000   2.746222
560.692000   2.727866
560.693000   2.709466
560.694000   2.691689
560.695000   2.675118
560.696000   2.660227
560.697000   2.647363
560.698000   2.636737
560.699000   2.628456
560.700000   2.622580
560.701000   2.619139
560.702000   2.618098
560.703000   2.619339
560.704000   2.622676
560.705000   2.627910
560.706000   2.634849
560.707000   2.643248
560.708000   2.652712
560.709000   2.662743
560.710000   2.672886
560.711000   2.682830
560.712000   2.692411
560.713000   2.701584
560.714000   2.710381
560.715000   2.718872
560.716000   2.727094
560.717000   2.734954
560.718000   2.742191
560.719000   2.748465
560.720000   2.753480
560.721000   2.757056
560.722000   2.759145
560.723000   2.759821
560.724000   2.759296
560.725000   2.757901
560.726000   2.756003
560.727000   2.753821
560.728000   2.751334
560.729000   2.748387
560.730000   2.744865
560.731000   2.740782
560.732000   2.736279
560.733000   2.731594
560.734000   2.727022
560.735000   2.722839
560.736000   2.719183
560.737000   2.715938
560.738000   2.712773
560.739000   2.709275
560.740000   2.705084
560.741000   2.699973
560.742000   2.693911
560.743000   2.687091
560.744000   2.679897
560.745000   2.672759
560.746000   2.665937
560.747000   2.659416
560.748000   2.653049
560.749000   2.646721
560.750000   2.640420
560.751000   2.634236
560.752000   2.628356
560.753000   2.623033
560.754000   2.618479
560.755000   2.614706
560.756000   2.611460
560.757000   2.608343
560.758000   2.605021
560.759000   2.601328
560.760000   2.597294
560.761000   2.593117
560.762000   2.589109
560.763000   2.585651
560.764000   2.583095
560.765000   2.581616
560.766000   2.581111
560.767000   2.581277
560.768000   2.581763
560.769000   2.582285
560.770000   2.582675
560.771000   2.582901
560.772000   2.583032
560.773000   2.583166
560.774000   2.583337
560.775000   2.583432
560.776000   2.583152
560.777000   2.582120
560.778000   2.580065
560.779000   2.576939
560.780000   2.572947
560.781000   2.568522
560.782000   2.564260
560.783000   2.560818
560.784000   2.558756
560.785000   2.558384
560.786000   2.559722
560.787000   2.562631
560.788000   2.566965
560.789000   2.572622
560.790000   2.579533
560.791000   2.587616
560.792000   2.596758
560.793000   2.606817
560.794000   2.617616
560.795000   2.628883
560.796000   2.640155
560.797000   2.650770
560.798000   2.659990
560.799000   2.667173
560.800000   2.671868
560.801000   2.673827
560.801000   2.673827
560.802000   2.672981
560.803000   2.669405
560.804000   2.663248
560.805000   2.654658
560.806000   2.643836
560.807000   2.631156
560.808000   2.617195
560.809000   2.602632
560.810000   2.588124
560.811000   2.574270
560.812000   2.561645
560.813000   2.550825
560.814000   2.542307
560.815000   2.536331
560.816000   2.532745
560.817000   2.531047
560.818000   2.530550
560.819000   2.530532
560.820000   2.530335
560.821000   2.529416
560.822000   2.527381
560.823000   2.524044
560.824000   2.519370
560.825000   2.513300
560.826000   2.505712
560.827000   2.496624
560.828000   2.486350
560.829000   2.475507
560.830000   2.464948
560.831000   2.455701
560.832000   2.448892
560.833000   2.445632
560.834000   2.446808
560.835000   2.452854
560.836000   2.463696
560.837000   2.478893
560.838000   2.497810
560.839000   2.519713
560.840000   2.543796
560.841000   2.569194
560.842000   2.595016
560.843000   2.620400
560.844000   2.644495
560.845000   2.666369
560.846000   2.684996
560.847000   2.699413
560.848000   2.708926
560.849000   2.713252
560.850000   2.712601
560.851000   2.707644
560.852000   2.699372
560.853000   2.688849
560.854000   2.676874
560.855000   2.663806
560.856000   2.649725
560.857000   2.634761
560.858000   2.619278
560.859000   2.603847
560.860000   2.589095
560.861000   2.575563
560.862000   2.563670
560.863000   2.553704
560.864000   2.545772
560.865000   2.539821
560.866000   2.535744
560.867000   2.533457
560.868000   2.532892
560.869000   2.533957
560.870000   2.536485
560.871000   2.540147
560.872000   2.544346
560.873000   2.548169
560.874000   2.550540
560.875000   2.550526
560.876000   2.547548
560.877000   2.541455
560.878000   2.532509
560.879000   2.521360
560.880000   2.508989
560.881000   2.496568
560.882000   2.485237
560.883000   2.475933
560.884000   2.469409
560.885000   2.466302
560.886000   2.467124
560.887000   2.472171
560.888000   2.481453
560.889000   2.494684
560.890000   2.511349
560.891000   2.530753
560.892000   2.552023
560.893000   2.574117
560.894000   2.595890
560.895000   2.616210
560.896000   2.634058
560.897000   2.648648
560.898000   2.659521
560.899000   2.666612
560.900000   2.670258
560.901000   2.671088
560.902000   2.669828
560.903000   2.667143
560.904000   2.663598
560.905000   2.659655
560.906000   2.655622
560.907000   2.651639
560.908000   2.647714
560.909000   2.643830
560.910000   2.640028
560.911000   2.636410
560.912000   2.633072
560.913000   2.630047
560.914000   2.627329
560.915000   2.624932
560.916000   2.622904
560.917000   2.621343
560.918000   2.620421
560.919000   2.620401
560.920000   2.621634
560.921000   2.624456
560.922000   2.628979
560.923000   2.634937
560.924000   2.641718
560.925000   2.648530
560.926000   2.654565
560.927000   2.659114
560.928000   2.661659
560.929000   2.661913
560.930000   2.659827
560.931000   2.655529
560.932000   2.649217
560.933000   2.641100
560.934000   2.631403
560.935000   2.620415
560.936000   2.608520
560.937000   2.596210
560.938000   2.584052
560.939000   2.572629
560.940000   2.562424
560.941000   2.553694
560.942000   2.546353
560.943000   2.540031
560.944000   2.534284
560.945000   2.528799
560.946000   2.523464
560.947000   2.518368
560.948000   2.513792
560.949000   2.510176
560.950000   2.508017
560.951000   2.507697
560.952000   2.509398
560.953000   2.513175
560.954000   2.519072
560.955000   2.527167
560.956000   2.537545
560.957000   2.550226
560.958000   2.565086
560.959000   2.581763
560.960000   2.599584
560.961000   2.617596
560.962000   2.634737
560.963000   2.650036
560.964000   2.662748
560.965000   2.672410
560.966000   2.678865
560.967000   2.682252
560.968000   2.682952
560.969000   2.681452
560.970000   2.678198
560.971000   2.673538
560.972000   2.667772
560.973000   2.661187
560.974000   2.654063
560.975000   2.646671
560.976000   2.639283
560.977000   2.632154
560.978000   2.625466
560.979000   2.619268
560.980000   2.613498
560.981000   2.608079
560.982000   2.602990
560.983000   2.598249
560.984000   2.593839
560.985000   2.589694
560.986000   2.585737
560.987000   2.581938
560.988000   2.578325
560.989000   2.574927
560.990000   2.571737
560.991000   2.568704
560.992000   2.565762
560.993000   2.562825
560.994000   2.559800
560.995000   2.556632
560.996000   2.553352
560.997000   2.550107
560.998000   2.547108
560.999000   2.544574
561.000000   2.542725
561.001000   2.541808
561.002000   2.542090
561.003000   2.543807
561.004000   2.547124
561.005000   2.552130
561.006000   2.558868
561.007000   2.567354
561.008000   2.577554
561.009000   2.589314
561.010000   2.602301
561.011000   2.615986
561.012000   2.629680
561.013000   2.642612
561.014000   2.654042
561.015000   2.663365
561.016000   2.670186
561.017000   2.674319
561.018000   2.675727
561.019000   2.674448
561.020000   2.670596
561.021000   2.664420
561.022000   2.656341
561.023000   2.646906
561.024000   2.636726
561.025000   2.626413
561.026000   2.616563
561.027000   2.607712
561.028000   2.600252
561.029000   2.594378
561.030000   2.590129
561.031000   2.587486
561.032000   2.586428
561.033000   2.586928
561.034000   2.588897
561.035000   2.592127
561.036000   2.596262
561.037000   2.600791
561.038000   2.605039
561.039000   2.608186
561.040000   2.609378
561.041000   2.607886
561.042000   2.603256
561.043000   2.595411
561.044000   2.584698
561.045000   2.571820
561.046000   2.557625
561.047000   2.542823
561.048000   2.527851
561.049000   2.512999
561.050000   2.498578
561.051000   2.485004
561.052000   2.472787
561.053000   2.462486
561.054000   2.454664
561.055000   2.449844
561.056000   2.448452
561.057000   2.450670
561.058000   2.456216
561.059000   2.464289
561.060000   2.473806
561.061000   2.483745
561.062000   2.493344
561.063000   2.502166
561.064000   2.510090
561.065000   2.517253
561.066000   2.523956
561.067000   2.530517
561.068000   2.537089
561.069000   2.543515
561.070000   2.549352
561.071000   2.554140
561.072000   2.557611
561.073000   2.559730
561.074000   2.560640
561.075000   2.560611
561.076000   2.559975
561.077000   2.559063
561.078000   2.558158
561.079000   2.557419
561.080000   2.556798
561.081000   2.556091
561.082000   2.555148
561.083000   2.554014
561.084000   2.552927
561.085000   2.552240
561.086000   2.552320
561.087000   2.553483
561.088000   2.556015
561.089000   2.560161
561.090000   2.565915
561.091000   2.572821
561.092000   2.580164
561.093000   2.587324
561.094000   2.593920
561.095000   2.599788
561.096000   2.604913
561.097000   2.609382
561.098000   2.613398
561.099000   2.617264
561.100000   2.621262
561.101000   2.625425
561.102000   2.629518
561.103000   2.633229
561.104000   2.636311
561.105000   2.638587
561.106000   2.639921
561.107000   2.640207
561.108000   2.639415
561.109000   2.637653
561.110000   2.635146
561.111000   2.632030
561.112000   2.628171
561.113000   2.623321
561.114000   2.617416
561.115000   2.610652
561.116000   2.603401
561.117000   2.596121
561.118000   2.589344
561.119000   2.583701
561.120000   2.579858
561.121000   2.578338
561.122000   2.579326
561.123000   2.582679
561.124000   2.588067
561.125000   2.595046
561.126000   2.603045
561.127000   2.611388
561.128000   2.619366
561.129000   2.626353
561.130000   2.631897
561.131000   2.635724
561.132000   2.637627
561.133000   2.637347
561.134000   2.634632
561.135000   2.629319
561.136000   2.621339
561.137000   2.610765
561.138000   2.597956
561.139000   2.583668
561.140000   2.569038
561.141000   2.555377
561.142000   2.543804
561.143000   2.535020
561.144000   2.529392
561.145000   2.527103
561.146000   2.528171
561.147000   2.532397
561.148000   2.539352
561.149000   2.548416
561.150000   2.558847
561.151000   2.569859
561.152000   2.580634
561.153000   2.590275
561.154000   2.597793
561.155000   2.602197
561.156000   2.602584
561.157000   2.598240
561.158000   2.588790
561.159000   2.574320
561.160000   2.555430
561.161000   2.533205
561.162000   2.509110
561.163000   2.484752
561.164000   2.461579
561.165000   2.440714
561.166000   2.423020
561.167000   2.409218
561.168000   2.399913
561.169000   2.395540
561.170000   2.396288
561.171000   2.402066
561.172000   2.412542
561.173000   2.427217
561.174000   2.445482
561.175000   2.466547
561.176000   2.489296
561.177000   2.512331
561.178000   2.534260
561.179000   2.553944
561.180000   2.570615
561.181000   2.583899
561.182000   2.593796
561.183000   2.600597
561.184000   2.604765
561.185000   2.606829
561.186000   2.607333
561.187000   2.606694
561.188000   2.605087
561.189000   2.602539
561.190000   2.599124
561.191000   2.595031
561.192000   2.590536
561.193000   2.585940
561.194000   2.581502
561.195000   2.577410
561.196000   2.573795
561.197000   2.570782
561.198000   2.568495
561.199000   2.566951
561.200000   2.565982
561.201000   2.565378
561.202000   2.565057
561.203000   2.565042
561.204000   2.565335
561.205000   2.565808
561.206000   2.566195
561.207000   2.566169
561.208000   2.565458
561.209000   2.563932
561.210000   2.561592
561.211000   2.558462
561.212000   2.554535
561.213000   2.549858
561.214000   2.544610
561.215000   2.539103
561.216000   2.533753
561.217000   2.529053
561.218000   2.525540
561.219000   2.523768
561.220000   2.524244
561.221000   2.527287
561.222000   2.532850
561.223000   2.540470
561.224000   2.549434
561.225000   2.558979
561.226000   2.568392
561.227000   2.577079
561.228000   2.584609
561.229000   2.590766
561.230000   2.595582
561.231000   2.599349
561.232000   2.602542
561.233000   2.605673
561.234000   2.609211
561.235000   2.613609
561.236000   2.619339
561.237000   2.626845
561.238000   2.636433
561.239000   2.648161
561.240000   2.661788
561.241000   2.676814
561.242000   2.692604
561.243000   2.708482
561.244000   2.723689
561.245000   2.737282
561.246000   2.748198
561.247000   2.755472
561.248000   2.758417
561.249000   2.756703
561.250000   2.750380
561.251000   2.739887
561.252000   2.726009
561.253000   2.709784
561.254000   2.692296
561.255000   2.674447
561.256000   2.656841
561.257000   2.639872
561.258000   2.623877
561.259000   2.609202
561.260000   2.596202
561.261000   2.585211
561.262000   2.576503
561.263000   2.570258
561.264000   2.566539
561.265000   2.565306
561.266000   2.566417
561.267000   2.569595
561.268000   2.574409
561.269000   2.580376
561.270000   2.587124
561.271000   2.594440
561.272000   2.602223
561.273000   2.610357
561.274000   2.618588
561.275000   2.626496
561.276000   2.633592
561.277000   2.639462
561.278000   2.643852
561.279000   2.646661
561.280000   2.647923
561.281000   2.647809
561.282000   2.646598
561.283000   2.644618
561.284000   2.642195
561.285000   2.639665
561.286000   2.637427
561.287000   2.635976
561.288000   2.635876
561.289000   2.637598
561.290000   2.641323
561.291000   2.646870
561.292000   2.653760
561.293000   2.661293
561.294000   2.668638
561.295000   2.674982
561.296000   2.679677
561.297000   2.682333
561.298000   2.682836
561.299000   2.681293
561.300000   2.677949
561.301000   2.673129
561.301000   2.673129
561.302000   2.667212
561.303000   2.660614
561.304000   2.653774
