562.511000  3.042243
562.512000  3.029276
562.513000  3.015542
562.514000  3.001879
562.515000  2.989164
562.516000  2.978163
562.517000  2.969381
562.518000  2.963027
562.519000  2.959088
562.520000  2.957428
562.521000  2.957849
562.522000  2.960145
562.523000  2.964133
562.524000  2.969672
562.525000  2.976622
562.526000  2.984739
562.527000  2.993582
562.528000  3.002539
562.529000  3.010946
562.530000  3.018203
562.531000  3.023841
562.532000  3.027558
562.533000  3.029246
562.534000  3.028996
562.535000  3.027072
562.536000  3.023822
562.537000  3.019569
562.538000  3.014557
562.539000  3.008984
562.540000  3.003057
562.541000  2.997027
562.542000  2.991187
562.543000  2.985867
562.544000  2.981417
562.545000  2.978195
562.546000  2.976553
562.547000  2.976807
562.548000  2.979198
562.549000  2.983834
562.550000  2.990676
562.551000  2.999590
562.552000  3.010408
562.553000  3.022943
562.554000  3.036946
562.555000  3.052050
562.556000  3.067729
562.557000  3.083337
562.558000  3.098214
562.559000  3.111806
562.560000  3.123751
562.561000  3.133821
562.562000  3.141801
562.563000  3.147474
562.564000  3.150727
562.565000  3.151595
562.566000  3.150250
562.567000  3.147000
562.568000  3.142292
562.569000  3.136683
562.570000  3.130815
562.571000  3.125393
562.572000  3.121171
562.573000  3.118851
562.574000  3.118907
562.575000  3.121485
562.576000  3.126513
562.577000  3.133806
562.578000  3.143097
562.579000  3.154034
562.580000  3.166175
562.581000  3.179000
562.582000  3.191922
562.583000  3.204315
562.584000  3.215527
562.585000  3.224920
562.586000  3.231929
562.587000  3.236086
562.588000  3.236980
562.589000  3.234360
562.590000  3.228343
562.591000  3.219440
562.592000  3.208443
562.593000  3.196252
562.594000  3.183734
562.595000  3.171623
562.596000  3.160485
562.597000  3.150733
562.598000  3.142673
562.599000  3.136554
562.600000  3.132563
562.601000  3.130724
562.602000  3.130813
562.603000  3.132419
562.604000  3.135037
562.605000  3.138116
562.606000  3.141106
562.607000  3.143542
562.608000  3.145156
562.609000  3.145985
562.610000  3.146399
562.611000  3.146924
562.612000  3.147952
562.613000  3.149674
562.614000  3.152240
562.615000  3.155822
562.616000  3.160601
562.617000  3.166732
562.618000  3.174308
562.619000  3.183328
562.620000  3.193679
562.621000  3.205149
562.622000  3.217457
562.623000  3.230275
562.624000  3.243183
562.625000  3.255559
562.626000  3.266615
562.627000  3.275598
562.628000  3.281979
562.629000  3.285529
562.630000  3.286327
562.631000  3.284739
562.632000  3.281361
562.633000  3.276918
562.634000  3.272140
562.635000  3.267609
562.636000  3.263653
562.637000  3.260392
562.638000  3.257883
562.639000  3.256175
562.640000  3.255309
562.641000  3.255277
562.642000  3.255999
562.643000  3.257324
562.644000  3.259059
562.645000  3.261039
562.646000  3.263164
562.647000  3.265294
562.648000  3.267122
562.649000  3.268287
562.650000  3.268588
562.651000  3.268039
562.652000  3.266807
562.653000  3.265135
562.654000  3.263294
562.655000  3.261597
562.656000  3.260432
562.657000  3.260227
562.658000  3.261299
562.659000  3.263760
562.660000  3.267649
562.661000  3.273044
562.662000  3.280019
562.663000  3.288562
562.664000  3.298536
562.665000  3.309719
562.666000  3.321891
562.667000  3.334948
562.668000  3.348905
562.669000  3.363618
562.670000  3.378543
562.671000  3.392964
562.672000  3.406259
562.673000  3.417948
562.674000  3.427700
562.675000  3.435382
562.676000  3.441120
562.677000  3.445384
562.678000  3.448968
562.679000  3.452682
562.680000  3.456879
562.681000  3.461491
562.682000  3.466341
562.683000  3.471263
562.684000  3.476137
562.685000  3.480924
562.686000  3.485674
562.687000  3.490571
562.688000  3.495972
562.689000  3.502392
562.690000  3.510263
562.691000  3.519604
562.692000  3.530022
562.693000  3.540957
562.694000  3.551845
562.695000  3.562168
562.696000  3.571465
562.697000  3.579354
562.698000  3.585601
562.699000  3.590207
562.700000  3.593409
562.701000  3.595341
562.702000  3.595595
562.703000  3.593388
562.704000  3.588102
562.705000  3.579545
562.706000  3.567938
562.707000  3.553808
562.708000  3.537900
562.709000  3.521128
562.710000  3.504523
562.711000  3.489114
562.712000  3.475741
562.713000  3.464904
562.714000  3.456799
562.715000  3.451502
562.716000  3.449046
562.717000  3.449415
562.718000  3.452511
562.719000  3.458140
562.720000  3.466019
562.721000  3.475786
562.722000  3.487002
562.723000  3.499176
562.724000  3.511653
562.725000  3.523480
562.726000  3.533639
562.727000  3.541441
562.728000  3.546672
562.729000  3.549549
562.730000  3.550591
562.731000  3.550473
562.732000  3.549899
562.733000  3.549532
562.734000  3.549953
562.735000  3.551609
562.736000  3.554786
562.737000  3.559617
562.738000  3.566096
562.739000  3.574076
562.740000  3.583259
562.741000  3.593192
562.742000  3.603280
562.743000  3.612865
562.744000  3.621364
562.745000  3.628418
562.746000  3.633956
562.747000  3.638047
562.748000  3.640737
562.749000  3.642146
562.750000  3.642622
562.751000  3.642662
562.752000  3.642736
562.753000  3.643186
562.754000  3.644211
562.755000  3.645885
562.756000  3.648202
562.757000  3.651115
562.758000  3.654578
562.759000  3.658541
562.760000  3.662915
562.761000  3.667541
562.762000  3.672208
562.763000  3.676711
562.764000  3.680912
562.765000  3.684768
562.766000  3.688341
562.767000  3.691815
562.768000  3.695476
562.769000  3.699633
562.770000  3.704472
562.771000  3.709922
562.772000  3.715655
562.773000  3.721216
562.774000  3.726148
562.775000  3.730070
562.776000  3.732709
562.777000  3.733902
562.778000  3.733601
562.779000  3.731846
562.780000  3.728741
562.781000  3.724443
562.782000  3.719171
562.783000  3.713235
562.784000  3.707014
562.785000  3.700923
562.786000  3.695377
562.787000  3.690751
562.788000  3.687334
562.789000  3.685283
562.790000  3.684585
562.791000  3.685065
562.792000  3.686438
562.793000  3.688382
562.794000  3.690587
562.795000  3.692789
562.796000  3.694782
562.797000  3.696418
562.798000  3.697610
562.799000  3.698315
562.800000  3.698552
562.801000  3.698433
562.802000  3.698187
562.803000  3.698154
562.804000  3.698729
562.805000  3.700295
562.806000  3.703149
562.807000  3.707435
562.808000  3.713096
562.809000  3.719861
562.810000  3.727298
562.811000  3.734899
562.812000  3.742159
562.813000  3.748615
562.814000  3.753867
562.815000  3.757573
562.816000  3.759440
562.817000  3.759228
562.818000  3.756753
562.819000  3.751917
562.820000  3.744756
562.821000  3.735483
562.822000  3.724497
562.823000  3.712338
562.824000  3.699612
562.825000  3.686913
562.826000  3.674761
562.827000  3.663553
562.828000  3.653532
562.829000  3.644787
562.830000  3.637287
562.831000  3.630920
562.832000  3.625537
562.833000  3.620978
562.834000  3.617088
562.835000  3.613719
562.836000  3.610722
562.837000  3.607922
562.838000  3.605120
562.839000  3.602104
562.840000  3.598678
562.841000  3.594686
562.842000  3.590013
562.843000  3.584580
562.844000  3.578353
562.845000  3.571350
562.846000  3.563665
562.847000  3.555465
562.848000  3.546979
562.849000  3.538496
562.850000  3.530341
562.851000  3.522853
562.852000  3.516361
562.853000  3.511180
562.854000  3.507596
562.855000  3.505841
562.856000  3.506038
562.857000  3.508129
562.858000  3.511825
562.859000  3.516613
562.860000  3.521827
562.861000  3.526753
562.862000  3.530749
562.863000  3.533334
562.864000  3.534236
562.865000  3.533362
562.866000  3.530737
562.867000  3.526432
562.868000  3.520534
562.869000  3.513150
562.870000  3.504431
562.871000  3.494578
562.872000  3.483825
562.873000  3.472413
562.874000  3.460545
562.875000  3.448347
562.876000  3.435845
562.877000  3.422996
562.878000  3.409733
562.879000  3.396020
562.880000  3.381882
562.881000  3.367404
562.882000  3.352732
562.883000  3.338069
562.884000  3.323659
562.885000  3.309770
562.886000  3.296670
562.887000  3.284622
562.888000  3.273884
562.889000  3.264713
562.890000  3.257358
562.891000  3.252000
562.892000  3.248660
562.893000  3.247156
562.894000  3.247166
562.895000  3.248301
562.896000  3.250165
562.897000  3.252393
562.898000  3.254684
562.899000  3.256822
562.900000  3.258698
562.901000  3.260323
562.902000  3.261814
562.903000  3.263297
562.904000  3.264782
562.905000  3.266184
562.906000  3.267451
562.907000  3.268636
562.908000  3.269856
562.909000  3.271220
562.910000  3.272755
562.911000  3.274379
562.912000  3.275952
562.913000  3.277363
562.914000  3.278519
562.915000  3.279121
562.916000  3.278588
562.917000  3.276376
562.918000  3.272258
562.919000  3.266351
562.920000  3.259019
562.921000  3.250773
562.922000  3.242172
562.923000  3.233748
562.924000  3.225949
562.925000  3.219137
562.926000  3.213594
562.927000  3.209528
562.928000  3.207028
562.929000  3.206056
562.930000  3.206468
562.931000  3.208026
562.932000  3.210397
562.933000  3.213137
562.934000  3.215711
562.935000  3.217538
562.936000  3.218091
562.937000  3.217039
562.938000  3.214359
562.939000  3.210232
562.940000  3.204711
562.941000  3.197739
562.942000  3.189520
562.943000  3.180590
562.944000  3.171629
562.945000  3.163262
562.946000  3.155958
562.947000  3.150007
562.948000  3.145567
562.949000  3.142737
562.950000  3.141634
562.951000  3.142403
562.952000  3.145093
562.953000  3.149562
562.954000  3.155561
562.955000  3.162784
562.956000  3.170886
562.957000  3.179479
562.958000  3.188170
562.959000  3.196627
562.960000  3.204691
562.961000  3.212462
562.962000  3.220157
562.963000  3.227593
562.964000  3.234098
562.965000  3.239024
562.966000  3.242001
562.967000  3.242922
562.968000  3.241889
562.969000  3.239167
562.970000  3.235139
562.971000  3.230259
562.972000  3.225014
562.973000  3.219905
562.974000  3.215431
562.975000  3.212013
562.976000  3.209942
562.977000  3.209404
562.978000  3.210518
562.979000  3.213318
562.980000  3.217727
562.981000  3.223540
562.982000  3.230431
562.983000  3.237999
562.984000  3.245891
562.985000  3.253939
562.986000  3.262158
562.987000  3.270489
562.988000  3.278677
562.989000  3.286491
562.990000  3.293889
562.991000  3.300968
562.992000  3.307852
562.993000  3.314612
562.994000  3.321232
562.995000  3.327638
562.996000  3.333737
562.997000  3.339467
562.998000  3.344830
562.999000  3.349856
563.000000  3.354498
563.001000  3.358617
563.002000  3.362064
563.003000  3.364723
563.004000  3.366488
563.005000  3.367250
563.006000  3.366906
563.007000  3.365371
563.008000  3.362600
563.009000  3.358606
563.010000  3.353489
563.011000  3.347472
563.011000  3.347472
563.012000  3.340901
563.013000  3.334171
563.014000  3.327565
563.015000  3.321238
563.016000  3.315341
563.017000  3.310088
563.018000  3.305710
563.019000  3.302394
563.020000  3.300231
563.021000  3.299202
563.022000  3.299183
563.023000  3.300006
563.024000  3.301515
563.025000  3.303566
563.026000  3.305945
563.027000  3.308401
563.028000  3.310766
563.029000  3.313002
563.030000  3.315141
563.031000  3.317203
563.032000  3.319134
563.033000  3.320792
563.034000  3.321993
563.035000  3.322610
563.036000  3.322679
563.037000  3.322405
563.038000  3.322045
563.039000  3.321838
563.040000  3.322071
563.041000  3.323087
563.042000  3.325179
563.043000  3.328477
563.044000  3.332900
563.045000  3.338161
563.046000  3.343825
563.047000  3.349415
563.048000  3.354527
563.049000  3.358907
563.050000  3.362368
563.051000  3.364591
563.052000  3.365119
563.053000  3.363550
563.054000  3.359670
563.055000  3.353462
563.056000  3.345080
563.057000  3.334824
563.058000  3.323102
563.059000  3.310416
563.060000  3.297336
563.061000  3.284473
563.062000  3.272402
563.063000  3.261629
563.064000  3.252621
563.065000  3.245825
563.066000  3.241620
563.067000  3.240253
563.068000  3.241803
563.069000  3.246156
563.070000  3.253012
563.071000  3.261925
563.072000  3.272378
563.073000  3.283845
563.074000  3.295771
563.075000  3.307472
563.076000  3.318146
563.077000  3.327058
563.078000  3.333704
563.079000  3.337858
563.080000  3.339541
563.081000  3.338973
563.082000  3.336528
563.083000  3.332687
563.084000  3.327968
563.085000  3.322863
563.086000  3.317785
563.087000  3.313086
563.088000  3.309094
563.089000  3.306139
563.090000  3.304533
563.091000  3.304540
563.092000  3.306321
563.093000  3.309904
563.094000  3.315173
563.095000  3.321910
563.096000  3.329848
563.097000  3.338697
563.098000  3.348128
563.099000  3.357779
563.100000  3.367330
563.101000  3.376582
563.102000  3.385489
563.103000  3.394141
563.104000  3.402739
563.105000  3.411548
563.106000  3.420852
563.107000  3.430898
563.108000  3.441842
563.109000  3.453731
563.110000  3.466511
563.111000  3.480065
563.112000  3.494235
563.113000  3.508821
563.114000  3.523572
563.115000  3.538178
563.116000  3.552297
563.117000  3.565613
563.118000  3.577897
563.119000  3.589040
563.120000  3.598974
563.121000  3.607556
563.122000  3.614534
563.123000  3.619649
563.124000  3.622730
563.125000  3.623739
563.126000  3.622767
563.127000  3.620019
563.128000  3.615791
563.129000  3.610440
563.130000  3.604326
563.131000  3.597749
563.132000  3.590911
563.133000  3.583932
563.134000  3.576891
563.135000  3.569861
563.136000  3.562905
563.137000  3.556066
563.138000  3.549346
563.139000  3.542720
563.140000  3.536178
563.141000  3.529801
563.142000  3.523784
563.143000  3.518403
563.144000  3.513913
563.145000  3.510495
563.146000  3.508259
563.147000  3.507266
563.148000  3.507533
563.149000  3.509085
563.150000  3.512003
563.151000  3.516459
563.152000  3.522690
563.153000  3.530932
563.154000  3.541345
563.155000  3.553977
563.156000  3.568746
563.157000  3.585432
563.158000  3.603663
563.159000  3.622918
563.160000  3.642546
563.161000  3.661805
563.162000  3.679905
563.163000  3.696076
563.164000  3.709611
563.165000  3.719873
563.166000  3.726256
563.167000  3.728184
563.168000  3.725178
563.169000  3.716978
563.170000  3.703637
563.171000  3.685571
563.172000  3.663536
563.173000  3.638559
563.174000  3.611820
563.175000  3.584491
563.176000  3.557586
563.177000  3.531912
563.178000  3.508107
563.179000  3.486704
563.180000  3.468154
563.181000  3.452814
563.182000  3.440927
563.183000  3.432604
563.184000  3.427818
563.185000  3.426380
563.186000  3.427902
563.187000  3.431770
563.188000  3.437197
563.189000  3.443360
563.190000  3.449552
563.191000  3.455267
563.192000  3.460228
563.193000  3.464373
563.194000  3.467797
563.195000  3.470648
563.196000  3.472984
563.197000  3.474683
563.198000  3.475495
563.199000  3.475184
563.200000  3.473626
563.201000  3.470832
563.202000  3.466924
563.203000  3.462100
563.204000  3.456607
563.205000  3.450707
563.206000  3.444636
563.207000  3.438579
563.208000  3.432647
563.209000  3.426902
563.210000  3.421381
563.211000  3.416149
563.212000  3.411338
563.213000  3.407168
563.214000  3.403926
563.215000  3.401899
563.216000  3.401294
563.217000  3.402183
563.218000  3.404494
563.219000  3.408007
563.220000  3.412358
563.221000  3.417124
563.222000  3.421941
563.223000  3.426582
563.224000  3.430935
563.225000  3.434919
563.226000  3.438384
563.227000  3.441079
563.228000  3.442697
563.229000  3.442958
563.230000  3.441671
563.231000  3.438730
563.232000  3.434098
563.233000  3.427830
563.234000  3.420096
563.235000  3.411144
563.236000  3.401253
563.237000  3.390718
563.238000  3.379883
563.239000  3.369175
563.240000  3.359116
563.241000  3.350306
563.242000  3.343342
563.243000  3.338715
563.244000  3.336705
563.245000  3.337384
563.246000  3.340673
563.247000  3.346390
563.248000  3.354275
563.249000  3.363983
563.250000  3.375057
563.251000  3.386949
563.252000  3.399058
563.253000  3.410798
563.254000  3.421638
563.255000  3.431110
563.256000  3.438791
563.257000  3.444318
563.258000  3.447459
563.259000  3.448183
563.260000  3.446684
563.261000  3.443341
563.262000  3.438629
563.263000  3.432999
563.264000  3.426758
563.265000  3.420029
563.266000  3.412830
563.267000  3.405207
563.268000  3.397296
563.269000  3.389277
563.270000  3.381346
563.271000  3.373740
563.272000  3.366758
563.273000  3.360715
563.274000  3.355878
563.275000  3.352446
563.276000  3.350590
563.277000  3.350476
563.278000  3.352258
563.279000  3.356039
563.280000  3.361822
563.281000  3.369455
563.282000  3.378564
563.283000  3.388523
563.284000  3.398509
563.285000  3.407653
563.286000  3.415210
563.287000  3.420655
563.288000  3.423718
563.289000  3.424388
563.290000  3.422880
563.291000  3.419574
563.292000  3.414907
563.293000  3.409291
563.294000  3.403080
563.295000  3.396567
563.296000  3.389969
563.297000  3.383405
563.298000  3.376875
563.299000  3.370251
563.300000  3.363284
563.301000  3.355597
563.302000  3.346707
563.303000  3.336094
563.304000  3.323324
563.305000  3.308162
563.306000  3.290626
563.307000  3.270956
563.308000  3.249566
563.309000  3.227030
563.310000  3.204078
563.311000  3.181519
563.312000  3.160110
563.313000  3.140454
563.314000  3.123010
563.315000  3.108142
563.316000  3.096172
563.317000  3.087397
563.318000  3.082096
563.319000  3.080507
563.320000  3.082777
563.321000  3.088905
563.322000  3.098706
563.323000  3.111812
563.324000  3.127706
563.325000  3.145761
563.326000  3.165273
563.327000  3.185499
563.328000  3.205716
563.329000  3.225272
563.330000  3.243586
563.331000  3.260071
563.332000  3.274031
563.333000  3.284674
563.334000  3.291222
563.335000  3.293057
563.336000  3.289820
563.337000  3.281462
563.338000  3.268267
563.339000  3.250824
563.340000  3.229954
563.341000  3.206589
563.342000  3.181685
563.343000  3.156186
563.344000  3.131016
563.345000  3.107039
563.346000  3.085022
563.347000  3.065646
563.348000  3.049530
563.349000  3.037234
563.350000  3.029192
563.351000  3.025642
563.352000  3.026612
563.353000  3.031969
563.354000  3.041455
563.355000  3.054659
563.356000  3.070990
563.357000  3.089693
563.358000  3.109909
563.359000  3.130702
563.360000  3.151038
563.361000  3.169791
563.362000  3.185836
563.363000  3.198196
563.364000  3.206175
563.365000  3.209433
563.366000  3.207993
563.367000  3.202207
563.368000  3.192686
563.369000  3.180207
563.370000  3.165616
563.371000  3.149760
563.372000  3.133496
563.373000  3.117726
563.374000  3.103427
563.375000  3.091621
563.376000  3.083288
563.377000  3.079244
563.378000  3.080006
563.379000  3.085697
563.380000  3.095987
563.381000  3.110134
563.382000  3.127124
563.383000  3.145863
563.384000  3.165325
563.385000  3.184636
563.386000  3.203102
563.387000  3.220190
563.388000  3.235447
563.389000  3.248383
563.390000  3.258424
563.391000  3.265002
563.392000  3.267720
563.393000  3.266472
563.394000  3.261472
563.395000  3.253220
563.396000  3.242434
563.397000  3.229953
563.398000  3.216639
563.399000  3.203270
563.400000  3.190462
563.401000  3.178623
563.402000  3.167951
563.403000  3.158481
563.404000  3.150162
563.405000  3.142953
563.406000  3.136896
563.407000  3.132136
563.408000  3.128875
563.409000  3.127273
563.410000  3.127338
563.411000  3.128918
563.412000  3.131769
563.413000  3.135630
563.414000  3.140275
563.415000  3.145556
563.416000  3.151429
563.417000  3.157941
563.418000  3.165172
563.419000  3.173131
563.420000  3.181665
563.421000  3.190460
563.422000  3.199102
563.423000  3.207158
563.424000  3.214222
563.425000  3.219955
563.426000  3.224127
563.427000  3.226654
563.428000  3.227590
563.429000  3.227088
563.430000  3.225359
563.431000  3.222682
563.432000  3.219425
563.433000  3.216054
563.434000  3.213103
563.435000  3.211144
563.436000  3.210747
563.437000  3.212422
563.438000  3.216525
563.439000  3.223164
563.440000  3.232155
563.441000  3.243062
563.442000  3.255265
563.443000  3.268042
563.444000  3.280650
563.445000  3.292401
563.446000  3.302733
563.447000  3.311225
563.448000  3.317564
563.449000  3.321474
563.450000  3.322731
563.451000  3.321241
563.452000  3.317126
563.453000  3.310741
563.454000  3.302645
563.455000  3.293550
563.456000  3.284240
563.457000  3.275462
563.458000  3.267783
563.459000  3.261525
563.460000  3.256819
563.461000  3.253704
563.462000  3.252188
563.463000  3.252235
563.464000  3.253737
563.465000  3.256515
563.466000  3.260335
563.467000  3.264917
563.468000  3.269913
563.469000  3.274884
563.470000  3.279338
563.471000  3.282801
563.472000  3.284875
563.473000  3.285260
563.474000  3.283750
563.475000  3.280234
563.476000  3.274696
563.477000  3.267193
563.478000  3.257810
563.479000  3.246628
563.480000  3.233755
563.481000  3.219398
563.482000  3.203891
563.483000  3.187683
563.484000  3.171315
563.485000  3.155394
563.486000  3.140589
563.487000  3.127587
563.488000  3.117011
563.489000  3.109319
563.490000  3.104746
563.491000  3.103314
563.492000  3.104870
563.493000  3.109132
563.494000  3.115731
563.495000  3.124245
563.496000  3.134202
563.497000  3.145049
563.498000  3.156094
563.499000  3.166514
563.500000  3.175444
563.501000  3.182083
563.502000  3.185768
563.503000  3.186046
563.504000  3.182752
563.505000  3.176041
563.506000  3.166341
563.507000  3.154221
563.508000  3.140256
563.509000  3.125010
563.510000  3.109102
563.511000  3.093251
563.511000  3.093251
563.512000  3.078244
563.513000  3.064859
563.514000  3.053809
563.515000  3.045722
563.516000  3.041081
563.517000  3.040121
563.518000  3.042758
563.519000  3.048618
563.520000  3.057164
563.521000  3.067805
563.522000  3.079981
563.523000  3.093220
563.524000  3.107162
563.525000  3.121542
563.526000  3.136091
563.527000  3.150411
563.528000  3.163953
563.529000  3.176109
563.530000  3.186344
563.531000  3.194284
563.532000  3.199765
563.533000  3.202855
563.534000  3.203838
563.535000  3.203138
563.536000  3.201187
563.537000  3.198279
563.538000  3.194533
563.539000  3.189968
563.540000  3.184626
563.541000  3.178655
563.542000  3.172342
563.543000  3.166115
563.544000  3.160489
563.545000  3.155970
563.546000  3.152918
563.547000  3.151455
563.548000  3.151488
563.549000  3.152805
563.550000  3.155180
563.551000  3.158434
563.552000  3.162459
563.553000  3.167194
563.554000  3.172579
563.555000  3.178474
563.556000  3.184583
563.557000  3.190460
563.558000  3.195595
563.559000  3.199528
563.560000  3.201889
563.561000  3.202412
563.562000  3.200965
563.563000  3.197598
563.564000  3.192547
563.565000  3.186180
563.566000  3.178912
563.567000  3.171154
563.568000  3.163324
563.569000  3.155856
563.570000  3.149187
563.571000  3.143730
563.572000  3.139851
563.573000  3.137851
563.574000  3.137949
563.575000  3.140222
563.576000  3.144536
563.577000  3.150516
563.578000  3.157612
563.579000  3.165208
563.580000  3.172722
563.581000  3.179681
563.582000  3.185767
563.583000  3.190832
563.584000  3.194834
563.585000  3.197720
563.586000  3.199340
563.587000  3.199495
563.588000  3.198067
563.589000  3.195111
563.590000  3.190868
563.591000  3.185734
563.592000  3.180212
563.593000  3.174866
563.594000  3.170244
563.595000  3.166775
563.596000  3.164668
563.597000  3.163864
563.598000  3.164079
563.599000  3.164890
563.600000  3.165838
563.601000  3.166527
563.602000  3.166699
563.603000  3.166276
563.604000  3.165341
563.605000  3.164052
563.606000  3.162516
563.607000  3.160746
563.608000  3.158725
563.609000  3.156498
563.610000  3.154226
563.611000  3.152184
563.612000  3.150722
563.613000  3.150208
563.614000  3.150956
563.615000  3.153128
563.616000  3.156673
563.617000  3.161365
563.618000  3.166922
563.619000  3.173121
563.620000  3.179831
563.621000  3.187015
563.622000  3.194725
563.623000  3.203088
563.624000  3.212269
563.625000  3.222401
563.626000  3.233512
563.627000  3.245527
563.628000  3.258328
563.629000  3.271800
563.630000  3.285824
563.631000  3.300246
563.632000  3.314870
563.633000  3.329453
563.634000  3.343684
563.635000  3.357147
563.636000  3.369301
563.637000  3.379542
563.638000  3.387316
563.639000  3.392232
563.640000  3.394105
563.641000  3.392963
563.642000  3.389019
563.643000  3.382630
563.644000  3.374234
563.645000  3.364252
563.646000  3.353043
563.647000  3.340928
563.648000  3.328261
563.649000  3.315463
563.650000  3.303010
563.651000  3.291396
563.652000  3.281080
563.653000  3.272427
563.654000  3.265645
563.655000  3.260721
563.656000  3.257425
563.657000  3.255410
563.658000  3.254336
563.659000  3.253965
563.660000  3.254175
563.661000  3.254955
563.662000  3.256376
563.663000  3.258556
563.664000  3.261593
563.665000  3.265471
563.666000  3.269995
563.667000  3.274837
563.668000  3.279631
563.669000  3.284039
563.670000  3.287787
563.671000  3.290692
563.672000  3.292690
563.673000  3.293851
563.674000  3.294333
563.675000  3.294289
563.676000  3.293802
563.677000  3.292919
563.678000  3.291742
563.679000  3.290486
563.680000  3.289477
563.681000  3.289124
563.682000  3.289873
563.683000  3.292142
563.684000  3.296228
563.685000  3.302218
563.686000  3.309950
563.687000  3.319084
563.688000  3.329200
563.689000  3.339872
563.690000  3.350700
563.691000  3.361339
563.692000  3.371514
563.693000  3.381003
563.694000  3.389560
563.695000  3.396827
563.696000  3.402323
563.697000  3.405576
563.698000  3.406284
563.699000  3.404413
563.700000  3.400203
563.701000  3.394132
563.702000  3.386841
563.703000  3.379044
563.704000  3.371399
563.705000  3.364431
563.706000  3.358558
563.707000  3.354151
563.708000  3.351565
563.709000  3.351095
563.710000  3.352936
563.711000  3.357144
563.712000  3.363633
563.713000  3.372188
563.714000  3.382451
563.715000  3.393878
563.716000  3.405748
563.717000  3.417259
563.718000  3.427655
563.719000  3.436319
563.720000  3.442851
563.721000  3.447112
563.722000  3.449248
563.723000  3.449624
563.724000  3.448644
563.725000  3.446593
563.726000  3.443650
563.727000  3.440035
563.728000  3.436090
563.729000  3.432263
563.730000  3.429052
563.731000  3.426954
563.732000  3.426430
563.733000  3.427861
563.734000  3.431444
563.735000  3.437069
563.736000  3.444311
563.737000  3.452559
563.738000  3.461186
563.739000  3.469654
563.740000  3.477572
563.741000  3.484720
563.742000  3.491063
563.743000  3.496746
563.744000  3.501999
563.745000  3.506988
563.746000  3.511723
563.747000  3.516133
563.748000  3.520193
563.749000  3.524005
563.750000  3.527792
563.751000  3.531871
563.752000  3.536611
563.753000  3.542375
563.754000  3.549397
563.755000  3.557656
563.756000  3.566866
563.757000  3.576625
563.758000  3.586582
563.759000  3.596472
563.760000  3.606094
563.761000  3.615320
563.762000  3.624140
563.763000  3.632651
563.764000  3.640944
563.765000  3.648981
563.766000  3.656573
563.767000  3.663510
563.768000  3.669673
563.769000  3.675040
563.770000  3.679603
563.771000  3.683312
563.772000  3.686106
563.773000  3.687970
563.774000  3.688875
563.775000  3.688655
563.776000  3.686999
563.777000  3.683593
563.778000  3.678238
563.779000  3.670908
563.780000  3.661754
563.781000  3.651111
563.782000  3.639486
563.783000  3.627467
563.784000  3.615555
563.785000  3.604018
563.786000  3.592955
563.787000  3.582483
563.788000  3.572845
563.789000  3.564417
563.790000  3.557679
563.791000  3.553186
563.792000  3.551540
563.793000  3.553276
563.794000  3.558677
563.795000  3.567665
563.796000  3.579886
563.797000  3.594830
563.798000  3.611867
563.799000  3.630288
563.800000  3.649372
563.801000  3.668449
563.802000  3.686920
563.803000  3.704153
563.804000  3.719377
563.805000  3.731741
563.806000  3.740524
563.807000  3.745268
563.808000  3.745799
563.809000  3.742228
563.810000  3.734980
563.811000  3.724788
563.812000  3.712560
563.813000  3.699139
563.814000  3.685156
563.815000  3.671109
563.816000  3.657440
563.817000  3.644534
563.818000  3.632672
563.819000  3.622020
563.820000  3.612664
563.821000  3.604628
563.822000  3.597815
563.823000  3.591900
563.824000  3.586353
563.825000  3.580603
563.826000  3.574180
563.827000  3.566772
563.828000  3.558221
563.829000  3.548522
563.830000  3.537814
563.831000  3.526358
563.832000  3.514435
563.833000  3.502225
563.834000  3.489764
563.835000  3.477027
563.836000  3.464027
563.837000  3.450845
563.838000  3.437652
563.839000  3.424721
563.840000  3.412442
563.841000  3.401303
563.842000  3.391776
563.843000  3.384141
563.844000  3.378432
563.845000  3.374584
563.846000  3.372583
563.847000  3.372464
563.848000  3.374236
563.849000  3.377840
563.850000  3.383177
563.851000  3.390131
563.852000  3.398505
563.853000  3.407903
563.854000  3.417695
563.855000  3.427133
563.856000  3.435498
563.857000  3.442180
563.858000  3.446689
563.859000  3.448669
563.860000  3.447930
563.861000  3.444485
563.862000  3.438501
563.863000  3.430134
563.864000  3.419412
563.865000  3.406328
563.866000  3.391016
563.867000  3.373828
563.868000  3.355316
563.869000  3.336176
563.870000  3.317201
563.871000  3.299216
563.872000  3.282961
563.873000  3.268923
563.874000  3.257269
563.875000  3.247986
563.876000  3.241042
563.877000  3.236441
563.878000  3.234223
563.879000  3.234448
563.880000  3.237205
563.881000  3.242601
563.882000  3.250673
563.883000  3.261234
563.884000  3.273800
563.885000  3.287696
563.886000  3.302190
563.887000  3.316566
563.888000  3.330169
563.889000  3.342450
563.890000  3.353016
563.891000  3.361642
563.892000  3.368170
563.893000  3.372346
563.894000  3.373795
563.895000  3.372199
563.896000  3.367458
563.897000  3.359740
563.898000  3.349492
563.899000  3.337447
563.900000  3.324581
563.901000  3.311991
563.902000  3.300704
563.903000  3.291464
563.904000  3.284704
563.905000  3.280645
563.906000  3.279371
563.907000  3.280823
563.908000  3.284779
563.909000  3.290880
563.910000  3.298697
563.911000  3.307795
563.912000  3.317687
563.913000  3.327694
563.914000  3.336921
563.915000  3.344443
563.916000  3.349486
563.917000  3.351529
563.918000  3.350341
563.919000  3.346010
563.920000  3.338938
563.921000  3.329764
563.922000  3.319213
563.923000  3.307920
563.924000  3.296404
563.925000  3.285188
563.926000  3.274878
563.927000  3.266139
563.928000  3.259626
563.929000  3.255912
563.930000  3.255449
563.931000  3.258543
563.932000  3.265251
563.933000  3.275242
563.934000  3.287767
563.935000  3.301853
563.936000  3.316501
563.937000  3.330782
563.938000  3.343881
563.939000  3.355156
563.940000  3.364195
563.941000  3.370831
563.942000  3.375036
563.943000  3.376778
563.944000  3.375985
563.945000  3.372674
563.946000  3.367046
563.947000  3.359490
563.948000  3.350540
563.949000  3.340841
563.950000  3.331113
563.951000  3.322070
563.952000  3.314219
563.953000  3.307698
563.954000  3.302376
563.955000  3.298106
563.956000  3.294874
563.957000  3.292834
563.958000  3.292290
563.959000  3.293681
563.960000  3.297509
563.961000  3.304163
563.962000  3.313700
563.963000  3.325852
563.964000  3.340235
563.965000  3.356495
563.966000  3.374313
563.967000  3.393352
563.968000  3.413227
563.969000  3.433495
563.970000  3.453630
563.971000  3.472954
563.972000  3.490624
563.973000  3.505748
563.974000  3.517559
563.975000  3.525520
563.976000  3.529372
563.977000  3.529171
563.978000  3.525325
563.979000  3.518582
563.980000  3.509890
563.981000  3.500139
563.982000  3.490020
563.983000  3.480118
563.984000  3.471048
563.985000  3.463466
563.986000  3.458003
563.987000  3.455218
563.988000  3.455563
563.989000  3.459361
563.990000  3.466701
563.991000  3.477306
563.992000  3.490501
563.993000  3.505349
563.994000  3.520825
563.995000  3.535932
563.996000  3.549761
563.997000  3.561549
563.998000  3.570717
563.999000  3.576908
564.000000  3.579927
564.001000  3.579600
564.002000  3.575718
564.003000  3.568184
564.004000  3.557187
564.005000  3.543235
564.006000  3.527099
564.007000  3.509712
564.008000  3.492095
564.009000  3.475279
564.010000  3.460179
564.011000  3.447438
564.011000  3.447438
564.012000  3.437382
564.013000  3.430126
564.014000  3.425685
564.015000  3.424020
564.016000  3.425046
564.017000  3.428659
564.018000  3.434758
564.019000  3.443226
564.020000  3.453813
564.021000  3.465968
564.022000  3.478858
564.023000  3.491596
564.024000  3.503457
564.025000  3.513964
564.026000  3.522883
564.027000  3.530202
564.028000  3.536080
564.029000  3.540758
564.030000  3.544406
564.031000  3.547025
564.032000  3.548503
564.033000  3.548772
564.034000  3.547870
564.035000  3.545935
564.036000  3.543160
564.037000  3.539773
564.038000  3.536031
564.039000  3.532188
564.040000  3.528393
564.041000  3.524595
564.042000  3.520615
564.043000  3.516308
564.044000  3.511654
564.045000  3.506759
564.046000  3.501854
564.047000  3.497291
564.048000  3.493529
564.049000  3.491011
564.050000  3.489941
564.051000  3.490139
564.052000  3.491168
564.053000  3.492568
564.054000  3.493989
564.055000  3.495216
564.056000  3.496143
564.057000  3.496753
564.058000  3.497090
564.059000  3.497212
564.060000  3.497083
564.061000  3.496515
564.062000  3.495238
564.063000  3.493013
564.064000  3.489699
564.065000  3.485265
564.066000  3.479809
564.067000  3.473572
564.068000  3.466950
564.069000  3.460420
564.070000  3.454379
564.071000  3.449005
564.072000  3.444279
564.073000  3.440118
564.074000  3.436492
564.075000  3.433469
564.076000  3.431219
564.077000  3.429983
564.078000  3.430017
564.079000  3.431488
564.080000  3.434354
564.081000  3.438346
564.082000  3.443093
564.083000  3.448257
564.084000  3.453578
564.085000  3.458829
564.086000  3.463780
564.087000  3.468241
564.088000  3.472116
564.089000  3.475353
564.090000  3.477801
564.091000  3.479158
564.092000  3.479051
564.093000  3.477172
564.094000  3.473372
564.095000  3.467708
564.096000  3.460465
564.097000  3.452137
564.098000  3.443353
564.099000  3.434738
564.100000  3.426798
564.101000  3.419919
564.102000  3.414450
564.103000  3.410739
564.104000  3.409117
564.105000  3.409852
564.106000  3.413117
564.107000  3.418949
564.108000  3.427202
564.109000  3.437458
564.110000  3.448983
564.111000  3.460823
564.112000  3.471972
564.113000  3.481520
564.114000  3.488749
564.115000  3.493198
564.116000  3.494718
564.117000  3.493478
564.118000  3.489884
564.119000  3.484401
564.120000  3.477409
564.121000  3.469227
564.122000  3.460209
564.123000  3.450793
564.124000  3.441494
564.125000  3.432884
564.126000  3.425577
564.127000  3.420175
564.128000  3.417164
564.129000  3.416790
564.130000  3.419037
564.131000  3.423701
564.132000  3.430463
564.133000  3.438924
564.134000  3.448603
564.135000  3.458959
564.136000  3.469420
564.137000  3.479411
564.138000  3.488335
564.139000  3.495519
564.140000  3.500252
564.141000  3.501953
564.142000  3.500323
564.143000  3.495387
564.144000  3.487459
564.145000  3.477117
564.146000  3.465150
564.147000  3.452436
564.148000  3.439761
564.149000  3.427718
564.150000  3.416733
564.151000  3.407178
564.152000  3.399445
564.153000  3.393968
564.154000  3.391161
564.155000  3.391297
564.156000  3.394435
564.157000  3.400455
564.158000  3.409076
564.159000  3.419818
564.160000  3.432025
564.161000  3.444954
564.162000  3.457864
564.163000  3.470089
564.164000  3.481107
564.165000  3.490592
564.166000  3.498388
564.167000  3.504370
564.168000  3.508325
564.169000  3.509978
564.170000  3.509107
564.171000  3.505632
564.172000  3.499632
564.173000  3.491325
564.174000  3.481054
564.175000  3.469286
564.176000  3.456615
564.177000  3.443722
564.178000  3.431239
564.179000  3.419588
564.180000  3.408996
564.181000  3.399684
564.182000  3.392018
564.183000  3.386504
564.184000  3.383700
564.185000  3.384114
564.186000  3.388127
564.187000  3.395908
564.188000  3.407334
564.189000  3.421950
564.190000  3.439039
564.191000  3.457702
564.192000  3.476910
564.193000  3.495643
564.194000  3.513047
564.195000  3.528509
564.196000  3.541625
564.197000  3.552102
564.198000  3.559610
564.199000  3.563702
564.200000  3.563902
564.201000  3.559902
564.202000  3.551717
564.203000  3.539708
564.204000  3.524489
564.205000  3.506835
564.206000  3.487654
564.207000  3.467962
564.208000  3.448746
564.209000  3.430780
564.210000  3.414548
564.211000  3.400319
564.212000  3.388240
564.213000  3.378415
564.214000  3.370974
564.215000  3.366125
564.216000  3.364115
564.217000  3.365062
564.218000  3.368805
564.219000  3.374919
564.220000  3.382853
564.221000  3.392090
564.222000  3.402206
564.223000  3.412864
564.224000  3.423787
564.225000  3.434773
564.226000  3.445714
564.227000  3.456567
564.228000  3.467261
564.229000  3.477608
564.230000  3.487337
564.231000  3.496154
564.232000  3.503822
564.233000  3.510225
564.234000  3.515396
564.235000  3.519513
564.236000  3.522857
564.237000  3.525738
564.238000  3.528385
564.239000  3.530886
564.240000  3.533275
564.241000  3.535654
564.242000  3.538157
564.243000  3.540758
564.244000  3.543279
564.245000  3.545633
564.246000  3.547971
564.247000  3.550600
564.248000  3.553777
564.249000  3.557501
564.250000  3.561499
564.251000  3.565389
564.252000  3.568858
564.253000  3.571775
564.254000  3.574199
564.255000  3.576275
564.256000  3.578112
564.257000  3.579800
564.258000  3.581433
564.259000  3.583008
564.260000  3.584401
564.261000  3.585465
564.262000  3.586118
564.263000  3.586377
564.264000  3.586397
564.265000  3.586517
564.266000  3.587196
564.267000  3.588800
564.268000  3.591433
564.269000  3.594972
564.270000  3.599197
564.271000  3.603873
564.272000  3.608748
564.273000  3.613525
564.274000  3.617868
564.275000  3.621457
564.276000  3.624101
564.277000  3.625797
564.278000  3.626643
564.279000  3.626578
564.280000  3.625271
564.281000  3.622328
564.282000  3.617525
564.283000  3.610882
564.284000  3.602628
564.285000  3.593165
564.286000  3.583047
564.287000  3.572951
564.288000  3.563554
564.289000  3.555371
564.290000  3.548676
564.291000  3.543551
564.292000  3.540002
564.293000  3.538041
564.294000  3.537689
564.295000  3.538957
564.296000  3.541837
564.297000  3.546284
564.298000  3.552142
564.299000  3.559055
564.300000  3.566488
564.301000  3.573895
564.302000  3.580834
564.303000  3.586945
564.304000  3.591891
564.305000  3.595403
564.306000  3.597389
564.307000  3.597976
564.308000  3.597417
564.309000  3.595943
564.310000  3.593690
564.311000  3.590744
564.312000  3.587188
564.313000  3.583113
564.314000  3.578620
564.315000  3.573841
564.316000  3.568962
564.317000  3.564229
564.318000  3.559876
564.319000  3.556008
564.320000  3.552570
564.321000  3.549438
564.322000  3.546521
564.323000  3.543766
564.324000  3.541125
564.325000  3.538527
564.326000  3.535875
564.327000  3.533056
564.328000  3.529903
564.329000  3.526149
564.330000  3.521478
564.331000  3.515672
564.332000  3.508688
564.333000  3.500637
564.334000  3.491742
564.335000  3.482341
564.336000  3.472887
564.337000  3.463886
564.338000  3.455769
564.339000  3.448750
564.340000  3.442807
564.341000  3.437785
564.342000  3.433510
564.343000  3.429861
564.344000  3.426821
564.345000  3.424478
564.346000  3.422960
564.347000  3.422339
564.348000  3.422596
564.349000  3.423617
564.350000  3.425236
564.351000  3.427326
564.352000  3.429857
564.353000  3.432902
564.354000  3.436624
564.355000  3.441264
564.356000  3.447117
564.357000  3.454393
564.358000  3.463033
564.359000  3.472640
564.360000  3.482641
564.361000  3.492485
564.362000  3.501730
564.363000  3.510034
564.364000  3.517136
564.365000  3.522844
564.366000  3.527007
564.367000  3.529421
564.368000  3.529706
564.369000  3.527352
564.370000  3.521935
564.371000  3.513295
564.372000  3.501577
564.373000  3.487198
564.374000  3.470801
564.375000  3.453206
564.376000  3.435298
564.377000  3.417848
564.378000  3.401353
564.379000  3.386060
564.380000  3.372112
564.381000  3.359641
564.382000  3.348793
564.383000  3.339718
564.384000  3.332570
564.385000  3.327507
564.386000  3.324642
564.387000  3.323951
564.388000  3.325189
564.389000  3.327922
564.390000  3.331661
564.391000  3.335976
564.392000  3.340535
564.393000  3.345136
564.394000  3.349719
564.395000  3.354379
564.396000  3.359321
564.397000  3.364714
564.398000  3.370518
564.399000  3.376466
564.400000  3.382240
564.401000  3.387660
564.402000  3.392734
564.403000  3.397627
564.404000  3.402597
564.405000  3.407934
564.406000  3.413879
564.407000  3.420514
564.408000  3.427693
564.409000  3.435111
564.410000  3.442430
564.411000  3.449292
564.412000  3.455272
564.413000  3.459971
564.414000  3.463148
564.415000  3.464779
564.416000  3.464994
564.417000  3.463936
564.418000  3.461615
564.419000  3.457897
564.420000  3.452642
564.421000  3.445839
564.422000  3.437642
564.423000  3.428327
564.424000  3.418261
564.425000  3.407939
564.426000  3.398001
564.427000  3.389088
564.428000  3.381662
564.429000  3.375955
564.430000  3.372075
564.431000  3.370112
564.432000  3.370201
564.433000  3.372549
564.434000  3.377416
564.435000  3.385034
564.436000  3.395479
564.437000  3.408560
564.438000  3.423756
564.439000  3.440257
564.440000  3.457116
564.441000  3.473400
564.442000  3.488274
564.443000  3.501054
564.444000  3.511248
564.445000  3.518581
564.446000  3.522969
564.447000  3.524400
564.448000  3.522806
564.449000  3.518099
564.450000  3.510355
564.451000  3.499918
564.452000  3.487391
564.453000  3.473571
564.454000  3.459383
564.455000  3.445815
564.456000  3.433814
564.457000  3.424129
564.458000  3.417133
564.459000  3.412827
564.460000  3.411008
564.461000  3.411420
564.462000  3.413788
564.463000  3.417790
564.464000  3.423070
564.465000  3.429321
564.466000  3.436344
564.467000  3.443969
564.468000  3.451895
564.469000  3.459614
564.470000  3.466530
564.471000  3.472102
564.472000  3.475924
564.473000  3.477742
564.474000  3.477482
564.475000  3.475279
564.476000  3.471481
564.477000  3.466554
564.478000  3.460892
564.479000  3.454702
564.480000  3.448070
564.481000  3.441107
564.482000  3.434013
564.483000  3.427080
564.484000  3.420673
564.485000  3.415231
564.486000  3.411234
564.487000  3.409098
564.488000  3.408979
564.489000  3.410685
564.490000  3.413794
564.491000  3.417818
564.492000  3.422290
564.493000  3.426814
564.494000  3.431124
564.495000  3.435130
564.496000  3.438904
564.497000  3.442538
564.498000  3.445934
564.499000  3.448749
564.500000  3.450562
564.501000  3.451024
564.502000  3.449925
564.503000  3.447209
564.504000  3.443012
564.505000  3.437691
564.506000  3.431791
564.507000  3.425859
564.508000  3.420230
564.509000  3.415009
564.510000  3.410244
564.511000  3.406053
564.511000  3.406053
564.512000  3.402636
564.513000  3.400236
564.514000  3.399113
564.515000  3.399534
564.516000  3.401713
564.517000  3.405675
564.518000  3.411122
564.519000  3.417529
564.520000  3.424373
564.521000  3.431215
564.522000  3.437658
564.523000  3.443346
564.524000  3.448061
564.525000  3.451781
564.526000  3.454650
564.527000  3.456839
564.528000  3.458358
564.529000  3.459049
564.530000  3.458744
564.531000  3.457389
564.532000  3.455024
564.533000  3.451706
564.534000  3.447507
564.535000  3.442584
564.536000  3.437218
564.537000  3.431729
564.538000  3.426284
564.539000  3.420799
564.540000  3.415052
564.541000  3.408852
564.542000  3.402116
564.543000  3.394908
564.544000  3.387450
564.545000  3.380074
564.546000  3.373086
564.547000  3.366670
564.548000  3.360855
564.549000  3.355558
564.550000  3.350694
564.551000  3.346260
564.552000  3.342332
564.553000  3.339026
564.554000  3.336468
564.555000  3.334777
564.556000  3.334060
564.557000  3.334375
564.558000  3.335660
564.559000  3.337669
564.560000  3.340043
564.561000  3.342427
564.562000  3.344524
564.563000  3.346113
564.564000  3.347065
564.565000  3.347400
564.566000  3.347346
564.567000  3.347295
564.568000  3.347582
564.569000  3.348272
564.570000  3.349229
564.571000  3.350357
564.572000  3.351704
564.573000  3.353431
564.574000  3.355740
564.575000  3.358812
564.576000  3.362779
564.577000  3.367680
564.578000  3.373374
564.579000  3.379484
564.580000  3.385495
564.581000  3.390896
564.582000  3.395231
564.583000  3.398134
564.584000  3.399358
564.585000  3.398822
564.586000  3.396626
564.587000  3.392990
564.588000  3.388099
564.589000  3.381996
564.590000  3.374665
564.591000  3.366207
564.592000  3.356910
564.593000  3.347200
564.594000  3.337578
564.595000  3.328608
564.596000  3.320924
564.597000  3.315139
564.598000  3.311650
564.599000  3.310503
564.600000  3.311491
564.601000  3.314336
564.602000  3.318779
564.603000  3.324592
564.604000  3.331573
564.605000  3.339556
564.606000  3.348417
564.607000  3.357988
564.608000  3.367923
564.609000  3.377669
564.610000  3.386612
564.611000  3.394249
564.612000  3.400261
564.613000  3.404523
564.614000  3.407098
564.615000  3.408229
564.616000  3.408305
564.617000  3.407748
564.618000  3.406857
564.619000  3.405763
564.620000  3.404544
564.621000  3.403325
564.622000  3.402309
564.623000  3.401776
564.624000  3.402082
564.625000  3.403629
564.626000  3.406805
564.627000  3.411813
564.628000  3.418509
564.629000  3.426417
564.630000  3.434949
564.631000  3.443580
564.632000  3.451913
564.633000  3.459665
564.634000  3.466661
564.635000  3.472850
564.636000  3.478290
564.637000  3.483035
564.638000  3.487014
564.639000  3.490043
564.640000  3.491963
564.641000  3.492728
564.642000  3.492414
564.643000  3.491210
564.644000  3.489414
564.645000  3.487438
564.646000  3.485760
564.647000  3.484795
564.648000  3.484733
564.649000  3.485526
564.650000  3.487009
564.651000  3.489004
564.652000  3.491372
564.653000  3.494039
564.654000  3.497011
564.655000  3.500379
564.656000  3.504276
564.657000  3.508799
564.658000  3.513938
564.659000  3.519571
564.660000  3.525498
564.661000  3.531479
564.662000  3.537272
564.663000  3.542698
564.664000  3.547691
564.665000  3.552299
564.666000  3.556654
564.667000  3.560864
564.668000  3.564838
564.669000  3.568213
564.670000  3.570473
564.671000  3.571145
564.672000  3.569936
564.673000  3.566796
564.674000  3.561940
564.675000  3.555827
564.676000  3.549081
564.677000  3.542338
564.678000  3.536075
564.679000  3.530580
564.680000  3.526058
564.681000  3.522722
564.682000  3.520811
564.683000  3.520607
564.684000  3.522419
564.685000  3.526564
564.686000  3.533285
564.687000  3.542647
564.688000  3.554460
564.689000  3.568309
564.690000  3.583653
564.691000  3.599900
564.692000  3.616439
564.693000  3.632660
564.694000  3.647986
564.695000  3.661904
564.696000  3.673988
564.697000  3.683870
564.698000  3.691192
564.699000  3.695631
564.700000  3.696987
564.701000  3.695241
564.702000  3.690569
564.703000  3.683370
564.704000  3.674294
564.705000  3.664221
564.706000  3.654179
564.707000  3.645155
564.708000  3.637871
564.709000  3.632710
564.710000  3.629841
564.711000  3.629355
564.712000  3.631320
564.713000  3.635770
564.714000  3.642699
564.715000  3.652053
564.716000  3.663690
564.717000  3.677273
564.718000  3.692154
564.719000  3.707406
564.720000  3.722041
564.721000  3.735201
564.722000  3.746259
564.723000  3.754858
564.724000  3.760910
564.725000  3.764511
564.726000  3.765819
564.727000  3.764980
564.728000  3.762133
564.729000  3.757455
564.730000  3.751198
564.731000  3.743704
564.732000  3.735378
564.733000  3.726648
564.734000  3.717958
564.735000  3.709768
564.736000  3.702557
564.737000  3.696767
564.738000  3.692656
564.739000  3.690191
564.740000  3.689125
564.741000  3.689122
564.742000  3.689832
564.743000  3.690908
564.744000  3.692061
564.745000  3.693128
564.746000  3.694112
564.747000  3.695089
564.748000  3.695969
564.749000  3.696378
564.750000  3.695832
564.751000  3.693964
564.752000  3.690593
564.753000  3.685702
564.754000  3.679418
564.755000  3.671991
564.756000  3.663761
564.757000  3.655084
564.758000  3.646204
564.759000  3.637195
564.760000  3.628027
564.761000  3.618660
564.762000  3.609072
564.763000  3.599259
564.764000  3.589240
564.765000  3.579095
564.766000  3.568989
564.767000  3.559158
564.768000  3.549760
564.769000  3.540738
564.770000  3.531853
564.771000  3.522851
564.772000  3.513584
564.773000  3.504072
564.774000  3.494536
564.775000  3.485381
564.776000  3.477152
564.777000  3.470404
564.778000  3.465512
564.779000  3.462560
564.780000  3.461436
564.781000  3.461966
564.782000  3.463973
564.783000  3.467256
564.784000  3.471585
564.785000  3.476699
564.786000  3.482327
564.787000  3.488164
564.788000  3.493783
564.789000  3.498586
564.790000  3.501928
564.791000  3.503318
564.792000  3.502493
564.793000  3.499344
564.794000  3.493859
564.795000  3.486201
564.796000  3.476788
564.797000  3.466254
564.798000  3.455264
564.799000  3.444365
564.800000  3.433991
564.801000  3.424571
564.802000  3.416539
564.803000  3.410271
564.804000  3.406020
564.805000  3.403911
564.806000  3.403980
564.807000  3.406209
564.808000  3.410480
564.809000  3.416465
564.810000  3.423601
564.811000  3.431197
564.812000  3.438574
564.813000  3.445152
564.814000  3.450486
564.815000  3.454286
564.816000  3.456479
564.817000  3.457281
564.818000  3.457122
564.819000  3.456413
564.820000  3.455389
564.821000  3.454196
564.822000  3.453000
564.823000  3.452003
564.824000  3.451423
564.825000  3.451478
564.826000  3.452397
564.827000  3.454407
564.828000  3.457662
564.829000  3.462082
564.830000  3.467269
564.831000  3.472584
564.832000  3.477316
564.833000  3.480791
564.834000  3.482454
564.835000  3.481937
564.836000  3.479133
564.837000  3.474231
564.838000  3.467668
564.839000  3.459932
564.840000  3.451375
564.841000  3.442259
564.842000  3.432940
564.843000  3.423935
564.844000  3.415853
564.845000  3.409298
564.846000  3.404790
564.847000  3.402731
564.848000  3.403382
564.849000  3.406781
564.850000  3.412628
564.851000  3.420305
564.852000  3.429044
564.853000  3.438063
564.854000  3.446623
564.855000  3.454059
564.856000  3.459826
564.857000  3.463553
564.858000  3.465082
564.859000  3.464380
564.860000  3.461363
564.861000  3.455855
564.862000  3.447790
564.863000  3.437363
564.864000  3.425016
564.865000  3.411349
564.866000  3.397054
564.867000  3.382877
564.868000  3.369591
564.869000  3.357899
564.870000  3.348274
564.871000  3.340883
564.872000  3.335663
564.873000  3.332408
564.874000  3.330782
564.875000  3.330344
564.876000  3.330597
564.877000  3.331092
564.878000  3.331510
564.879000  3.331623
564.880000  3.331112
564.881000  3.329505
564.882000  3.326345
564.883000  3.321379
564.884000  3.314619
564.885000  3.306330
564.886000  3.297011
564.887000  3.287353
564.888000  3.278146
564.889000  3.270079
564.890000  3.263507
564.891000  3.258423
564.892000  3.254630
564.893000  3.251896
564.894000  3.250003
564.895000  3.248746
564.896000  3.247920
564.897000  3.247342
564.898000  3.246889
564.899000  3.246470
564.900000  3.245875
564.901000  3.244716
564.902000  3.242592
564.903000  3.239260
564.904000  3.234725
564.905000  3.229248
564.906000  3.223320
564.907000  3.217599
564.908000  3.212809
564.909000  3.209582
564.910000  3.208270
564.911000  3.208914
564.912000  3.211378
564.913000  3.215447
564.914000  3.220844
564.915000  3.227245
564.916000  3.234318
564.917000  3.241778
564.918000  3.249397
564.919000  3.256885
564.920000  3.263716
564.921000  3.269148
564.922000  3.272468
564.923000  3.273209
564.924000  3.271222
564.925000  3.266678
564.926000  3.260043
564.927000  3.252051
564.928000  3.243600
564.929000  3.235537
564.930000  3.228403
564.931000  3.222447
564.932000  3.217835
564.933000  3.214770
564.934000  3.213483
564.935000  3.214183
564.936000  3.217039
564.937000  3.222183
564.938000  3.229688
564.939000  3.239457
564.940000  3.251068
564.941000  3.263834
564.942000  3.276999
564.943000  3.289870
564.944000  3.301886
564.945000  3.312652
564.946000  3.321987
564.947000  3.329944
564.948000  3.336754
564.949000  3.342620
564.950000  3.347524
564.951000  3.351324
564.952000  3.353964
564.953000  3.355557
564.954000  3.356353
564.955000  3.356680
564.956000  3.356916
564.957000  3.357478
564.958000  3.358760
564.959000  3.360976
564.960000  3.364050
564.961000  3.367695
564.962000  3.371583
564.963000  3.375411
564.964000  3.378932
564.965000  3.381971
564.966000  3.384472
564.967000  3.386543
564.968000  3.388409
564.969000  3.390227
564.970000  3.391909
564.971000  3.393202
564.972000  3.393891
564.973000  3.393899
564.974000  3.393314
564.975000  3.392379
564.976000  3.391471
564.977000  3.391065
564.978000  3.391598
564.979000  3.393255
564.980000  3.395855
564.981000  3.399004
564.982000  3.402305
564.983000  3.405444
564.984000  3.408188
564.985000  3.410388
564.986000  3.412014
564.987000  3.413197
564.988000  3.414158
564.989000  3.415001
564.990000  3.415565
564.991000  3.415565
564.992000  3.414823
564.993000  3.413363
564.994000  3.411410
564.995000  3.409334
564.996000  3.407614
564.997000  3.406800
564.998000  3.407425
564.999000  3.409779
565.000000  3.413752
565.001000  3.418947
565.002000  3.424916
565.003000  3.431279
565.004000  3.437765
565.005000  3.444222
565.006000  3.450639
565.007000  3.457138
565.008000  3.463879
565.009000  3.470807
565.010000  3.477492
565.011000  3.483300
565.011000  3.483300
565.012000  3.487697
565.013000  3.490402
565.014000  3.491398
565.015000  3.490903
565.016000  3.489337
565.017000  3.487285
565.018000  3.485347
565.019000  3.483878
565.020000  3.482850
565.021000  3.482034
565.022000  3.481239
565.023000  3.480387
565.024000  3.479485
565.025000  3.478585
565.026000  3.477774
565.027000  3.477169
565.028000  3.476851
565.029000  3.476707
565.030000  3.476372
565.031000  3.475397
565.032000  3.473458
565.033000  3.470434
565.034000  3.466396
565.035000  3.461567
565.036000  3.456287
565.037000  3.451004
565.038000  3.446218
565.039000  3.442292
565.040000  3.439315
565.041000  3.437182
565.042000  3.435775
565.043000  3.435034
565.044000  3.434972
565.045000  3.435671
565.046000  3.437306
565.047000  3.440135
565.048000  3.444394
565.049000  3.450082
565.050000  3.456832
565.051000  3.464073
565.052000  3.471268
565.053000  3.478032
565.054000  3.484171
565.055000  3.489689
565.056000  3.494807
565.057000  3.499923
565.058000  3.505464
565.059000  3.511599
565.060000  3.518080
565.061000  3.524432
565.062000  3.530234
565.063000  3.535223
565.064000  3.539284
565.065000  3.542411
565.066000  3.544705
565.067000  3.546365
565.068000  3.547614
565.069000  3.548501
565.070000  3.548768
565.071000  3.547999
565.072000  3.545826
565.073000  3.541990
565.074000  3.536333
565.075000  3.528829
565.076000  3.519644
565.077000  3.509152
565.078000  3.497842
565.079000  3.486085
565.080000  3.473956
565.081000  3.461362
565.082000  3.448278
565.083000  3.434804
565.084000  3.421102
565.085000  3.407363
565.086000  3.393886
565.087000  3.381142
565.088000  3.369688
565.089000  3.359900
565.090000  3.351765
565.091000  3.344994
565.092000  3.339268
565.093000  3.334364
565.094000  3.330157
565.095000  3.326581
565.096000  3.323578
565.097000  3.321101
565.098000  3.319108
565.099000  3.317435
565.100000  3.315698
565.101000  3.313455
565.102000  3.310392
565.103000  3.306378
565.104000  3.301435
565.105000  3.295698
565.106000  3.289409
565.107000  3.282921
565.108000  3.276606
565.109000  3.270628
565.110000  3.264824
565.111000  3.258852
565.112000  3.252372
565.113000  3.245112
565.114000  3.236883
565.115000  3.227604
565.116000  3.217353
565.117000  3.206369
565.118000  3.194949
565.119000  3.183249
565.120000  3.171252
565.121000  3.158936
565.122000  3.146404
565.123000  3.133901
565.124000  3.121780
565.125000  3.110476
565.126000  3.100499
565.127000  3.092403
565.128000  3.086641
565.129000  3.083361
565.130000  3.082343
565.131000  3.083180
565.132000  3.085446
565.133000  3.088744
565.134000  3.092698
565.135000  3.096964
565.136000  3.101285
565.137000  3.105534
565.138000  3.109633
565.139000  3.113362
565.140000  3.116337
565.141000  3.118210
565.142000  3.118827
565.143000  3.118234
565.144000  3.116620
565.145000  3.114259
565.146000  3.111483
565.147000  3.108642
565.148000  3.105969
565.149000  3.103448
565.150000  3.100875
565.151000  3.098063
565.152000  3.094927
565.153000  3.091459
565.154000  3.087715
565.155000  3.083842
565.156000  3.080139
565.157000  3.077028
565.158000  3.074837
565.159000  3.073569
565.160000  3.072978
565.161000  3.072816
565.162000  3.072940
565.163000  3.073311
565.164000  3.073964
565.165000  3.075030
565.166000  3.076757
565.167000  3.079455
565.168000  3.083291
565.169000  3.088169
565.170000  3.093845
565.171000  3.100091
565.172000  3.106758
565.173000  3.113808
565.174000  3.121329
565.175000  3.129544
565.176000  3.138799
565.177000  3.149444
565.178000  3.161551
565.179000  3.174755
565.180000  3.188434
565.181000  3.202003
565.182000  3.215024
565.183000  3.227204
565.184000  3.238387
565.185000  3.248599
565.186000  3.258077
565.187000  3.267136
565.188000  3.275905
565.189000  3.284203
565.190000  3.291698
565.191000  3.298065
565.192000  3.303040
565.193000  3.306429
565.194000  3.308143
565.195000  3.308263
565.196000  3.307065
565.197000  3.304895
565.198000  3.301864
565.199000  3.297674
565.200000  3.291793
565.201000  3.283759
565.202000  3.273358
565.203000  3.260666
565.204000  3.246045
565.205000  3.230119
565.206000  3.213713
565.207000  3.197669
565.208000  3.182599
565.209000  3.168855
565.210000  3.156727
565.211000  3.146520
565.212000  3.138459
565.213000  3.132676
565.214000  3.129294
565.215000  3.128498
565.216000  3.130500
565.217000  3.135382
565.218000  3.142897
565.219000  3.152453
565.220000  3.163349
565.221000  3.174998
565.222000  3.186940
565.223000  3.198737
565.224000  3.209918
565.225000  3.220131
565.226000  3.229288
565.227000  3.237469
565.228000  3.244633
565.229000  3.250525
565.230000  3.254875
565.231000  3.257603
565.232000  3.258866
565.233000  3.259028
565.234000  3.258576
565.235000  3.258023
565.236000  3.257818
565.237000  3.258216
565.238000  3.259099
565.239000  3.260027
565.240000  3.260525
565.241000  3.260285
565.242000  3.259225
565.243000  3.257491
565.244000  3.255463
565.245000  3.253721
565.246000  3.252895
565.247000  3.253395
565.248000  3.255175
565.249000  3.257827
565.250000  3.260872
565.251000  3.263921
565.252000  3.266694
565.253000  3.269022
565.254000  3.270877
565.255000  3.272399
565.256000  3.273830
565.257000  3.275253
565.258000  3.276362
565.259000  3.276588
565.260000  3.275430
565.261000  3.272660
565.262000  3.268368
565.263000  3.262932
565.264000  3.256984
565.265000  3.251363
565.266000  3.246973
565.267000  3.244505
565.268000  3.244183
565.269000  3.245856
565.270000  3.249219
565.271000  3.253934
565.272000  3.259686
565.273000  3.266233
565.274000  3.273459
565.275000  3.281378
565.276000  3.290019
565.277000  3.299127
565.278000  3.308009
565.279000  3.315809
565.280000  3.321879
565.281000  3.325925
565.282000  3.327956
565.283000  3.328247
565.284000  3.327336
565.285000  3.325969
565.286000  3.324865
565.287000  3.324377
565.288000  3.324418
565.289000  3.324723
565.290000  3.325069
565.291000  3.325350
565.292000  3.325553
565.293000  3.325732
565.294000  3.325981
565.295000  3.326391
565.296000  3.326916
565.297000  3.327182
565.298000  3.326534
565.299000  3.324325
565.300000  3.320129
565.301000  3.313812
565.302000  3.305524
565.303000  3.295685
565.304000  3.284968
565.305000  3.274189
565.306000  3.264026
565.307000  3.254758
565.308000  3.246365
565.309000  3.238815
565.310000  3.232185
565.311000  3.226633
565.312000  3.222341
565.313000  3.219493
565.314000  3.218278
565.315000  3.218874
565.316000  3.221349
565.317000  3.225535
565.318000  3.231040
565.319000  3.237360
565.320000  3.243937
565.321000  3.250174
565.322000  3.255481
565.323000  3.259368
565.324000  3.261540
565.325000  3.261899
565.326000  3.260358
565.327000  3.256599
565.328000  3.250157
565.329000  3.240731
565.330000  3.228374
565.331000  3.213490
565.332000  3.196758
565.333000  3.179080
565.334000  3.161539
565.335000  3.145292
565.336000  3.131314
565.337000  3.120186
565.338000  3.112124
565.339000  3.107128
565.340000  3.105043
565.341000  3.105581
565.342000  3.108372
565.343000  3.113027
565.344000  3.119201
565.345000  3.126575
565.346000  3.134692
565.347000  3.142800
565.348000  3.149951
565.349000  3.155278
565.350000  3.158176
565.351000  3.158368
565.352000  3.155927
565.353000  3.151282
565.354000  3.145180
565.355000  3.138526
565.356000  3.132054
565.357000  3.126095
565.358000  3.120719
565.359000  3.115981
565.360000  3.112028
565.361000  3.109109
565.362000  3.107581
565.363000  3.107907
565.364000  3.110583
565.365000  3.115927
565.366000  3.123842
565.367000  3.133875
565.368000  3.145449
565.369000  3.157981
565.370000  3.170894
565.371000  3.183673
565.372000  3.195989
565.373000  3.207660
565.374000  3.218310
565.375000  3.227095
565.376000  3.233001
565.377000  3.235295
565.378000  3.233718
565.379000  3.228496
565.380000  3.220293
565.381000  3.210119
565.382000  3.199132
565.383000  3.188316
565.384000  3.178295
565.385000  3.169484
565.386000  3.162278
565.387000  3.157081
565.388000  3.154270
565.389000  3.154161
565.390000  3.157020
565.391000  3.163064
565.392000  3.172353
565.393000  3.184573
565.394000  3.198968
565.395000  3.214580
565.396000  3.230500
565.397000  3.245934
565.398000  3.260189
565.399000  3.272712
565.400000  3.283206
565.401000  3.291693
565.402000  3.298370
565.403000  3.303345
565.404000  3.306596
565.405000  3.308168
565.406000  3.308301
565.407000  3.307424
565.408000  3.306095
565.409000  3.304951
565.410000  3.304673
565.411000  3.305905
565.412000  3.309094
565.413000  3.314293
565.414000  3.321120
565.415000  3.328893
565.416000  3.336774
565.417000  3.343900
565.418000  3.349500
565.419000  3.352994
565.420000  3.354065
565.421000  3.352658
565.422000  3.348820
565.423000  3.342502
565.424000  3.333563
565.425000  3.321971
565.426000  3.307922
565.427000  3.291825
565.428000  3.274248
565.429000  3.255893
565.430000  3.237575
565.431000  3.220149
565.432000  3.204341
565.433000  3.190568
565.434000  3.178947
565.435000  3.169482
565.436000  3.162219
565.437000  3.157288
565.438000  3.154832
565.439000  3.154876
565.440000  3.157290
565.441000  3.161892
565.442000  3.168465
565.443000  3.176626
565.444000  3.185837
565.445000  3.195563
565.446000  3.205400
565.447000  3.215097
565.448000  3.224541
565.449000  3.233752
565.450000  3.242885
565.451000  3.252168
565.452000  3.261715
565.453000  3.271339
565.454000  3.280595
565.455000  3.288976
565.456000  3.296031
565.457000  3.301409
565.458000  3.304894
565.459000  3.306465
565.460000  3.306338
565.461000  3.304908
565.462000  3.302538
565.463000  3.299354
565.464000  3.295302
565.465000  3.290363
565.466000  3.284671
565.467000  3.278541
565.468000  3.272439
565.469000  3.266949
565.470000  3.262719
565.471000  3.260314
565.472000  3.259986
565.473000  3.261579
565.474000  3.264700
565.475000  3.268909
565.476000  3.273782
565.477000  3.278926
565.478000  3.284023
565.479000  3.288883
565.480000  3.293442
565.481000  3.297613
565.482000  3.301106
565.483000  3.303471
565.484000  3.304340
565.485000  3.303563
565.486000  3.301193
565.487000  3.297442
565.488000  3.292672
565.489000  3.287393
565.490000  3.282180
565.491000  3.277507
565.492000  3.273619
565.493000  3.270581
565.494000  3.268404
565.495000  3.267103
565.496000  3.266709
565.497000  3.267277
565.498000  3.268906
565.499000  3.271741
565.500000  3.275909
565.501000  3.281372
565.502000  3.287867
565.503000  3.295028
565.504000  3.302542
565.505000  3.310209
