514.972000   -0.894931
514.973000   -0.905719
514.974000   -0.915942
514.975000   -0.925375
514.976000   -0.933807
514.977000   -0.941065
514.978000   -0.947053
514.979000   -0.951796
514.980000   -0.955447
514.981000   -0.958242
514.982000   -0.960429
514.983000   -0.962215
514.984000   -0.963738
514.985000   -0.965057
514.986000   -0.966174
514.987000   -0.967082
514.988000   -0.967832
514.989000   -0.968575
514.990000   -0.969533
514.991000   -0.970924
514.992000   -0.972894
514.993000   -0.975490
514.994000   -0.978664
514.995000   -0.982308
514.996000   -0.986316
514.997000   -0.990669
514.998000   -0.995476
514.999000   -1.000932
515.000000   -1.007220
515.001000   -1.014441
515.001000   -1.014441
515.002000   -1.022575
515.003000   -1.031496
515.004000   -1.040998
515.005000   -1.050851
515.006000   -1.060877
515.007000   -1.071007
515.008000   -1.081281
515.009000   -1.091794
515.010000   -1.102617
515.011000   -1.113766
515.012000   -1.125171
515.013000   -1.136680
515.014000   -1.148071
515.015000   -1.159098
515.016000   -1.169552
515.017000   -1.179280
515.018000   -1.188170
515.019000   -1.196101
515.020000   -1.202912
515.021000   -1.208384
515.022000   -1.212244
515.023000   -1.214191
515.024000   -1.213948
515.025000   -1.211343
515.026000   -1.206379
515.027000   -1.199239
515.028000   -1.190245
515.029000   -1.179810
515.030000   -1.168403
515.031000   -1.156496
515.032000   -1.144527
515.033000   -1.132863
515.034000   -1.121833
515.035000   -1.111767
515.036000   -1.103007
515.037000   -1.095846
515.038000   -1.090469
515.039000   -1.086920
515.040000   -1.085091
515.041000   -1.084723
515.042000   -1.085431
515.043000   -1.086773
515.044000   -1.088350
515.045000   -1.089874
515.046000   -1.091160
515.047000   -1.092064
515.048000   -1.092433
515.049000   -1.092085
515.050000   -1.090803
515.051000   -1.088364
515.052000   -1.084586
515.053000   -1.079396
515.054000   -1.072863
515.055000   -1.065166
515.056000   -1.056507
515.057000   -1.047043
515.058000   -1.036866
515.059000   -1.026015
515.060000   -1.014514
515.061000   -1.002422
515.062000   -0.989885
515.063000   -0.977181
515.064000   -0.964704
515.065000   -0.952905
515.066000   -0.942218
515.067000   -0.933030
515.068000   -0.925660
515.069000   -0.920346
515.070000   -0.917241
515.071000   -0.916434
515.072000   -0.917988
515.073000   -0.921959
515.074000   -0.928361
515.075000   -0.937108
515.076000   -0.947973
515.077000   -0.960576
515.078000   -0.974389
515.079000   -0.988778
515.080000   -1.003074
515.081000   -1.016665
515.082000   -1.029058
515.083000   -1.039891
515.084000   -1.048902
515.085000   -1.055883
515.086000   -1.060658
515.087000   -1.063086
515.088000   -1.063095
515.089000   -1.060717
515.090000   -1.056096
515.091000   -1.049482
515.092000   -1.041189
515.093000   -1.031552
515.094000   -1.020903
515.095000   -1.009564
515.096000   -0.997868
515.097000   -0.986169
515.098000   -0.974835
515.099000   -0.964235
515.100000   -0.954728
515.101000   -0.946659
515.102000   -0.940336
515.103000   -0.936015
515.104000   -0.933883
515.105000   -0.934045
515.106000   -0.936494
515.107000   -0.941108
515.108000   -0.947651
515.109000   -0.955819
515.110000   -0.965269
515.111000   -0.975631
515.112000   -0.986507
515.113000   -0.997459
515.114000   -1.008016
515.115000   -1.017693
515.116000   -1.026036
515.117000   -1.032669
515.118000   -1.037335
515.119000   -1.039930
515.120000   -1.040495
515.121000   -1.039201
515.122000   -1.036318
515.123000   -1.032165
515.124000   -1.027086
515.125000   -1.021427
515.126000   -1.015534
515.127000   -1.009739
515.128000   -1.004350
515.129000   -0.999624
515.130000   -0.995730
515.131000   -0.992714
515.132000   -0.990494
515.133000   -0.988875
515.134000   -0.987583
515.135000   -0.986310
515.136000   -0.984757
515.137000   -0.982683
515.138000   -0.979944
515.139000   -0.976500
515.140000   -0.972421
515.141000   -0.967862
515.142000   -0.963031
515.143000   -0.958141
515.144000   -0.953372
515.145000   -0.948852
515.146000   -0.944657
515.147000   -0.940827
515.148000   -0.937376
515.149000   -0.934292
515.150000   -0.931511
515.151000   -0.928896
515.152000   -0.926252
515.153000   -0.923386
515.154000   -0.920184
515.155000   -0.916666
515.156000   -0.913008
515.157000   -0.909506
515.158000   -0.906501
515.159000   -0.904283
515.160000   -0.903024
515.161000   -0.902785
515.162000   -0.903576
515.163000   -0.905413
515.164000   -0.908332
515.165000   -0.912367
515.166000   -0.917509
515.167000   -0.923656
515.168000   -0.930582
515.169000   -0.937950
515.170000   -0.945369
515.171000   -0.952477
515.172000   -0.959001
515.173000   -0.964803
515.174000   -0.969882
515.175000   -0.974359
515.176000   -0.978441
515.177000   -0.982376
515.178000   -0.986421
515.179000   -0.990797
515.180000   -0.995670
515.181000   -1.001132
515.182000   -1.007200
515.183000   -1.013824
515.184000   -1.020886
515.185000   -1.028194
515.186000   -1.035481
515.187000   -1.042403
515.188000   -1.048578
515.189000   -1.053620
515.190000   -1.057195
515.191000   -1.059049
515.192000   -1.059027
515.193000   -1.057069
515.194000   -1.053199
515.195000   -1.047511
515.196000   -1.040161
515.197000   -1.031367
515.198000   -1.021412
515.199000   -1.010610
515.200000   -0.999262
515.201000   -0.987597
515.202000   -0.975725
515.203000   -0.963626
515.204000   -0.951162
515.205000   -0.938136
515.206000   -0.924360
515.207000   -0.909728
515.208000   -0.894257
515.209000   -0.878094
515.210000   -0.861481
515.211000   -0.844724
515.212000   -0.828151
515.213000   -0.812096
515.214000   -0.796907
515.215000   -0.782961
515.216000   -0.770666
515.217000   -0.760415
515.218000   -0.752518
515.219000   -0.747131
515.220000   -0.744224
515.221000   -0.743600
515.222000   -0.744947
515.223000   -0.747914
515.224000   -0.752197
515.225000   -0.757580
515.226000   -0.763937
515.227000   -0.771190
515.228000   -0.779259
515.229000   -0.788042
515.230000   -0.797430
515.231000   -0.807339
515.232000   -0.817726
515.233000   -0.828593
515.234000   -0.839953
515.235000   -0.851801
515.236000   -0.864070
515.237000   -0.876621
515.238000   -0.889275
515.239000   -0.901857
515.240000   -0.914248
515.241000   -0.926408
515.242000   -0.938362
515.243000   -0.950168
515.244000   -0.961877
515.245000   -0.973513
515.246000   -0.985061
515.247000   -0.996478
515.248000   -1.007714
515.249000   -1.018723
515.250000   -1.029454
515.251000   -1.039840
515.252000   -1.049775
515.253000   -1.059100
515.254000   -1.067580
515.255000   -1.074897
515.256000   -1.080672
515.257000   -1.084514
515.258000   -1.086073
515.259000   -1.085075
515.260000   -1.081337
515.261000   -1.074761
515.262000   -1.065328
515.263000   -1.053096
515.264000   -1.038204
515.265000   -1.020877
515.266000   -1.001446
515.267000   -0.980349
515.268000   -0.958106
515.269000   -0.935280
515.270000   -0.912422
515.271000   -0.890031
515.272000   -0.868526
515.273000   -0.848236
515.274000   -0.829408
515.275000   -0.812230
515.276000   -0.796857
515.277000   -0.783413
515.278000   -0.771987
515.279000   -0.762625
515.280000   -0.755339
515.281000   -0.750112
515.282000   -0.746899
515.283000   -0.745626
515.284000   -0.746186
515.285000   -0.748464
515.286000   -0.752345
515.287000   -0.757731
515.288000   -0.764545
515.289000   -0.772719
515.290000   -0.782184
515.291000   -0.792839
515.292000   -0.804521
515.293000   -0.817007
515.294000   -0.830042
515.295000   -0.843383
515.296000   -0.856827
515.297000   -0.870224
515.298000   -0.883470
515.299000   -0.896500
515.300000   -0.909280
515.301000   -0.921799
515.302000   -0.934072
515.303000   -0.946148
515.304000   -0.958128
515.305000   -0.970154
515.306000   -0.982392
515.307000   -0.994991
515.308000   -1.008060
515.309000   -1.021643
515.310000   -1.035705
515.311000   -1.050129
515.312000   -1.064731
515.313000   -1.079282
515.314000   -1.093523
515.315000   -1.107164
515.316000   -1.119872
515.317000   -1.131284
515.318000   -1.141023
515.319000   -1.148734
515.320000   -1.154121
515.321000   -1.156988
515.322000   -1.157276
515.323000   -1.155078
515.324000   -1.150602
515.325000   -1.144112
515.326000   -1.135860
515.327000   -1.126035
515.328000   -1.114751
515.329000   -1.102055
515.330000   -1.087966
515.331000   -1.072517
515.332000   -1.055784
515.333000   -1.037890
515.334000   -1.018987
515.335000   -0.999236
515.336000   -0.978813
515.337000   -0.957921
515.338000   -0.936803
515.339000   -0.915753
515.340000   -0.895111
515.341000   -0.875244
515.342000   -0.856523
515.343000   -0.839287
515.344000   -0.823834
515.345000   -0.810407
515.346000   -0.799185
515.347000   -0.790255
515.348000   -0.783591
515.349000   -0.779049
515.350000   -0.776384
515.351000   -0.775283
515.352000   -0.775405
515.353000   -0.776431
515.354000   -0.778123
515.355000   -0.780349
515.356000   -0.783064
515.357000   -0.786269
515.358000   -0.789969
515.359000   -0.794161
515.360000   -0.798838
515.361000   -0.804004
515.362000   -0.809683
515.363000   -0.815920
515.364000   -0.822768
515.365000   -0.830262
515.366000   -0.838380
515.367000   -0.847029
515.368000   -0.856047
515.369000   -0.865227
515.370000   -0.874362
515.371000   -0.883283
515.372000   -0.891891
515.373000   -0.900177
515.374000   -0.908208
515.375000   -0.916103
515.376000   -0.923995
515.377000   -0.932017
515.378000   -0.940284
515.379000   -0.948898
515.380000   -0.957942
515.381000   -0.967474
515.382000   -0.977501
515.383000   -0.987957
515.384000   -0.998673
515.385000   -1.009377
515.386000   -1.019723
515.387000   -1.029354
515.388000   -1.037966
515.389000   -1.045355
515.390000   -1.051427
515.391000   -1.056178
515.392000   -1.059665
515.393000   -1.061967
515.394000   -1.063167
515.395000   -1.063355
515.396000   -1.062645
515.397000   -1.061184
515.398000   -1.059148
515.399000   -1.056699
515.400000   -1.053940
515.401000   -1.050871
515.402000   -1.047381
515.403000   -1.043260
515.404000   -1.038249
515.405000   -1.032086
515.406000   -1.024565
515.407000   -1.015569
515.408000   -1.005081
515.409000   -0.993191
515.410000   -0.980091
515.411000   -0.966070
515.412000   -0.951492
515.413000   -0.936768
515.414000   -0.922328
515.415000   -0.908604
515.416000   -0.896004
515.417000   -0.884888
515.418000   -0.875532
515.419000   -0.868119
515.420000   -0.862722
515.421000   -0.859289
515.422000   -0.857641
515.423000   -0.857494
515.424000   -0.858516
515.425000   -0.860381
515.426000   -0.862816
515.427000   -0.865616
515.428000   -0.868659
515.429000   -0.871904
515.430000   -0.875366
515.431000   -0.879096
515.432000   -0.883159
515.433000   -0.887654
515.434000   -0.892717
515.435000   -0.898510
515.436000   -0.905180
515.437000   -0.912823
515.438000   -0.921461
515.439000   -0.931030
515.440000   -0.941396
515.441000   -0.952383
515.442000   -0.963824
515.443000   -0.975598
515.444000   -0.987642
515.445000   -0.999931
515.446000   -1.012462
515.447000   -1.025257
515.448000   -1.038370
515.449000   -1.051902
515.450000   -1.065996
515.451000   -1.080843
515.452000   -1.096657
515.453000   -1.113616
515.454000   -1.131784
515.455000   -1.151044
515.456000   -1.171082
515.457000   -1.191419
515.458000   -1.211473
515.459000   -1.230625
515.460000   -1.248281
515.461000   -1.263921
515.462000   -1.277116
515.463000   -1.287512
515.464000   -1.294800
515.465000   -1.298716
515.466000   -1.299066
515.467000   -1.295770
515.468000   -1.288907
515.469000   -1.278724
515.470000   -1.265624
515.471000   -1.250115
515.472000   -1.232724
515.473000   -1.213932
515.474000   -1.194140
515.475000   -1.173697
515.476000   -1.152969
515.477000   -1.132391
515.478000   -1.112477
515.479000   -1.093795
515.480000   -1.076892
515.481000   -1.062220
515.482000   -1.050064
515.483000   -1.040515
515.484000   -1.033493
515.485000   -1.028801
515.486000   -1.026189
515.487000   -1.025398
515.488000   -1.026186
515.489000   -1.028330
515.490000   -1.031610
515.491000   -1.035771
515.492000   -1.040498
515.493000   -1.045407
515.494000   -1.050075
515.495000   -1.054084
515.496000   -1.057077
515.497000   -1.058815
515.498000   -1.059205
515.499000   -1.058304
515.500000   -1.056285
515.501000   -1.053385
515.501000   -1.053385
515.502000   -1.049860
515.503000   -1.045974
515.504000   -1.041997
515.505000   -1.038230
515.506000   -1.035028
515.507000   -1.032814
515.508000   -1.032066
515.509000   -1.033249
515.510000   -1.036725
515.511000   -1.042673
515.512000   -1.051063
515.513000   -1.061657
515.514000   -1.074049
515.515000   -1.087714
515.516000   -1.102063
515.517000   -1.116511
515.518000   -1.130505
515.519000   -1.143541
515.520000   -1.155152
515.521000   -1.164916
515.522000   -1.172458
515.523000   -1.177460
515.524000   -1.179678
515.525000   -1.178977
515.526000   -1.175376
515.527000   -1.169079
515.528000   -1.160445
515.529000   -1.149910
515.530000   -1.137907
515.531000   -1.124809
515.532000   -1.110907
515.533000   -1.096422
515.534000   -1.081552
515.535000   -1.066538
515.536000   -1.051720
515.537000   -1.037522
515.538000   -1.024376
515.539000   -1.012629
515.540000   -1.002481
515.541000   -0.993963
515.542000   -0.986965
515.543000   -0.981294
515.544000   -0.976748
515.545000   -0.973202
515.546000   -0.970626
515.547000   -0.969045
515.548000   -0.968460
515.549000   -0.968785
515.550000   -0.969829
515.551000   -0.971316
515.552000   -0.972930
515.553000   -0.974369
515.554000   -0.975403
515.555000   -0.975903
515.556000   -0.975827
515.557000   -0.975187
515.558000   -0.974022
515.559000   -0.972397
515.560000   -0.970412
515.561000   -0.968214
515.562000   -0.966003
515.563000   -0.964026
515.564000   -0.962564
515.565000   -0.961894
515.566000   -0.962236
515.567000   -0.963691
515.568000   -0.966229
515.569000   -0.969697
515.570000   -0.973840
515.571000   -0.978323
515.572000   -0.982759
515.573000   -0.986763
515.574000   -0.989997
515.575000   -0.992208
515.576000   -0.993233
515.577000   -0.993004
515.578000   -0.991549
515.579000   -0.988965
515.580000   -0.985379
515.581000   -0.980899
515.582000   -0.975595
515.583000   -0.969501
515.584000   -0.962613
515.585000   -0.954875
515.586000   -0.946173
515.587000   -0.936362
515.588000   -0.925288
515.589000   -0.912839
515.590000   -0.898984
515.591000   -0.883843
515.592000   -0.867739
515.593000   -0.851210
515.594000   -0.834943
515.595000   -0.819688
515.596000   -0.806161
515.597000   -0.794976
515.598000   -0.786583
515.599000   -0.781246
515.600000   -0.779062
515.601000   -0.780023
515.602000   -0.784057
515.603000   -0.791014
515.604000   -0.800606
515.605000   -0.812359
515.606000   -0.825606
515.607000   -0.839533
515.608000   -0.853260
515.609000   -0.865946
515.610000   -0.876909
515.611000   -0.885703
515.612000   -0.892142
515.613000   -0.896253
515.614000   -0.898223
515.615000   -0.898340
515.616000   -0.896969
515.617000   -0.894525
515.618000   -0.891458
515.619000   -0.888243
515.620000   -0.885366
515.621000   -0.883288
515.622000   -0.882402
515.623000   -0.882994
515.624000   -0.885230
515.625000   -0.889162
515.626000   -0.894742
515.627000   -0.901843
515.628000   -0.910285
515.629000   -0.919878
515.630000   -0.930438
515.631000   -0.941796
515.632000   -0.953790
515.633000   -0.966268
515.634000   -0.979083
515.635000   -0.992078
515.636000   -1.005048
515.637000   -1.017718
515.638000   -1.029741
515.639000   -1.040721
515.640000   -1.050237
515.641000   -1.057873
515.642000   -1.063256
515.643000   -1.066103
515.644000   -1.066256
515.645000   -1.063695
515.646000   -1.058541
515.647000   -1.051046
515.648000   -1.041573
515.649000   -1.030574
515.650000   -1.018556
515.651000   -1.006062
515.652000   -0.993641
515.653000   -0.981828
515.654000   -0.971118
515.655000   -0.961938
515.656000   -0.954635
515.657000   -0.949472
515.658000   -0.946615
515.659000   -0.946127
515.660000   -0.947961
515.661000   -0.951976
515.662000   -0.957940
515.663000   -0.965535
515.664000   -0.974376
515.665000   -0.984046
515.666000   -0.994157
515.667000   -1.004392
515.668000   -1.014499
515.669000   -1.024255
515.670000   -1.033440
515.671000   -1.041828
515.672000   -1.049184
515.673000   -1.055276
515.674000   -1.059898
515.675000   -1.062911
515.676000   -1.064288
515.677000   -1.064104
515.678000   -1.062506
515.679000   -1.059667
515.680000   -1.055772
515.681000   -1.051021
515.682000   -1.045643
515.683000   -1.039906
515.684000   -1.034141
515.685000   -1.028738
515.686000   -1.024135
515.687000   -1.020758
515.688000   -1.018962
515.689000   -1.018986
515.690000   -1.020922
515.691000   -1.024706
515.692000   -1.030129
515.693000   -1.036873
515.694000   -1.044554
515.695000   -1.052761
515.696000   -1.061064
515.697000   -1.069003
515.698000   -1.076096
515.699000   -1.081850
515.700000   -1.085797
515.701000   -1.087531
515.702000   -1.086757
515.703000   -1.083351
515.704000   -1.077410
515.705000   -1.069255
515.706000   -1.059375
515.707000   -1.048357
515.708000   -1.036816
515.709000   -1.025336
515.710000   -1.014416
515.711000   -1.004440
515.712000   -0.995676
515.713000   -0.988301
515.714000   -0.982438
515.715000   -0.978168
515.716000   -0.975517
515.717000   -0.974448
515.718000   -0.974857
515.719000   -0.976571
515.720000   -0.979356
515.721000   -0.982932
515.722000   -0.987010
515.723000   -0.991346
515.724000   -0.995780
515.725000   -1.000263
515.726000   -1.004855
515.727000   -1.009683
515.728000   -1.014868
515.729000   -1.020458
515.730000   -1.026384
515.731000   -1.032474
515.732000   -1.038498
515.733000   -1.044227
515.734000   -1.049470
515.735000   -1.054114
515.736000   -1.058129
515.737000   -1.061558
515.738000   -1.064469
515.739000   -1.066926
515.740000   -1.068970
515.741000   -1.070640
515.742000   -1.072007
515.743000   -1.073200
515.744000   -1.074443
515.745000   -1.076058
515.746000   -1.078423
515.747000   -1.081889
515.748000   -1.086685
515.749000   -1.092851
515.750000   -1.100240
515.751000   -1.108538
515.752000   -1.117334
515.753000   -1.126196
515.754000   -1.134764
515.755000   -1.142807
515.756000   -1.150214
515.757000   -1.156946
515.758000   -1.162992
515.759000   -1.168339
515.760000   -1.172951
515.761000   -1.176763
515.762000   -1.179727
515.763000   -1.181887
515.764000   -1.183428
515.765000   -1.184609
515.766000   -1.185642
515.767000   -1.186602
515.768000   -1.187402
515.769000   -1.187814
515.770000   -1.187515
515.771000   -1.186160
515.772000   -1.183492
515.773000   -1.179450
515.774000   -1.174185
515.775000   -1.167976
515.776000   -1.161099
515.777000   -1.153761
515.778000   -1.146064
515.779000   -1.138020
515.780000   -1.129581
515.781000   -1.120709
515.782000   -1.111463
515.783000   -1.102041
515.784000   -1.092712
515.785000   -1.083680
515.786000   -1.074990
515.787000   -1.066520
515.788000   -1.058027
515.789000   -1.049237
515.790000   -1.039932
515.791000   -1.030046
515.792000   -1.019719
515.793000   -1.009270
515.794000   -0.999102
515.795000   -0.989601
515.796000   -0.981088
515.797000   -0.973818
515.798000   -0.967988
515.799000   -0.963764
515.800000   -0.961290
515.801000   -0.960710
515.802000   -0.962148
515.803000   -0.965646
515.804000   -0.971102
515.805000   -0.978244
515.806000   -0.986651
515.807000   -0.995788
515.808000   -1.005055
515.809000   -1.013857
515.810000   -1.021701
515.811000   -1.028289
515.812000   -1.033538
515.813000   -1.037527
515.814000   -1.040413
515.815000   -1.042372
515.816000   -1.043565
515.817000   -1.044122
515.818000   -1.044146
515.819000   -1.043758
515.820000   -1.043147
515.821000   -1.042572
515.822000   -1.042271
515.823000   -1.042378
515.824000   -1.042884
515.825000   -1.043644
515.826000   -1.044418
515.827000   -1.044920
515.828000   -1.044894
515.829000   -1.044206
515.830000   -1.042895
515.831000   -1.041131
515.832000   -1.039118
515.833000   -1.037020
515.834000   -1.034935
515.835000   -1.032877
515.836000   -1.030771
515.837000   -1.028445
515.838000   -1.025674
515.839000   -1.022227
515.840000   -1.017885
515.841000   -1.012427
515.842000   -1.005632
515.843000   -0.997311
515.844000   -0.987333
515.845000   -0.975635
515.846000   -0.962225
515.847000   -0.947197
515.848000   -0.930762
515.849000   -0.913266
515.850000   -0.895164
515.851000   -0.876994
515.852000   -0.859359
515.853000   -0.842885
515.854000   -0.828163
515.855000   -0.815673
515.856000   -0.805730
515.857000   -0.798464
515.858000   -0.793830
515.859000   -0.791646
515.860000   -0.791673
515.861000   -0.793694
515.862000   -0.797541
515.863000   -0.803053
515.864000   -0.810022
515.865000   -0.818157
515.866000   -0.827079
515.867000   -0.836338
515.868000   -0.845467
515.869000   -0.854077
515.870000   -0.861949
515.871000   -0.869073
515.872000   -0.875595
515.873000   -0.881709
515.874000   -0.887557
515.875000   -0.893168
515.876000   -0.898446
515.877000   -0.903206
515.878000   -0.907253
515.879000   -0.910472
515.880000   -0.912889
515.881000   -0.914663
515.882000   -0.916006
515.883000   -0.917115
515.884000   -0.918148
515.885000   -0.919238
515.886000   -0.920546
515.887000   -0.922301
515.888000   -0.924820
515.889000   -0.928470
515.890000   -0.933600
515.891000   -0.940437
515.892000   -0.949021
515.893000   -0.959183
515.894000   -0.970577
515.895000   -0.982739
515.896000   -0.995148
515.897000   -1.007264
515.898000   -1.018548
515.899000   -1.028477
515.900000   -1.036540
515.901000   -1.042249
515.902000   -1.045172
515.903000   -1.044999
515.904000   -1.041597
515.905000   -1.035054
515.906000   -1.025675
515.907000   -1.013957
515.908000   -1.000548
515.909000   -0.986180
515.910000   -0.971554
515.911000   -0.957246
515.912000   -0.943654
515.913000   -0.931004
515.914000   -0.919407
515.915000   -0.908901
515.916000   -0.899514
515.917000   -0.891303
515.918000   -0.884377
515.919000   -0.878853
515.920000   -0.874796
515.921000   -0.872189
515.922000   -0.870951
515.923000   -0.870965
515.924000   -0.872101
515.925000   -0.874241
515.926000   -0.877327
515.927000   -0.881413
515.928000   -0.886652
515.929000   -0.893195
515.930000   -0.901075
515.931000   -0.910118
515.932000   -0.919919
515.933000   -0.929866
515.934000   -0.939222
515.935000   -0.947272
515.936000   -0.953491
515.937000   -0.957636
515.938000   -0.959713
515.939000   -0.959881
515.940000   -0.958386
515.941000   -0.955528
515.942000   -0.951650
515.943000   -0.947129
515.944000   -0.942386
515.945000   -0.937912
515.946000   -0.934271
515.947000   -0.932041
515.948000   -0.931712
515.949000   -0.933606
515.950000   -0.937839
515.951000   -0.944332
515.952000   -0.952838
515.953000   -0.962993
515.954000   -0.974366
515.955000   -0.986523
515.956000   -0.999044
515.957000   -1.011532
515.958000   -1.023613
515.959000   -1.034964
515.960000   -1.045322
515.961000   -1.054483
515.962000   -1.062305
515.963000   -1.068714
515.964000   -1.073720
515.965000   -1.077410
515.966000   -1.079924
515.967000   -1.081423
515.968000   -1.082068
515.969000   -1.082006
515.970000   -1.081360
515.971000   -1.080206
515.972000   -1.078582
515.973000   -1.076512
515.974000   -1.074046
515.975000   -1.071283
515.976000   -1.068395
515.977000   -1.065632
515.978000   -1.063311
515.979000   -1.061746
515.980000   -1.061179
515.981000   -1.061731
515.982000   -1.063414
515.983000   -1.066175
515.984000   -1.069951
515.985000   -1.074688
515.986000   -1.080327
515.987000   -1.086767
515.988000   -1.093810
515.989000   -1.101138
515.990000   -1.108330
515.991000   -1.114945
515.992000   -1.120633
515.993000   -1.125236
515.994000   -1.128817
515.995000   -1.131600
515.996000   -1.133869
515.997000   -1.135873
515.998000   -1.137767
515.999000   -1.139602
516.000000   -1.141364
516.001000   -1.143042
516.001000   -1.143042
516.002000   -1.144691
516.003000   -1.146423
516.004000   -1.148352
516.005000   -1.150512
516.006000   -1.152820
516.007000   -1.155088
516.008000   -1.157052
516.009000   -1.158430
516.010000   -1.158985
516.011000   -1.158594
516.012000   -1.157275
516.013000   -1.155151
516.014000   -1.152403
516.015000   -1.149240
516.016000   -1.145888
516.017000   -1.142568
516.018000   -1.139475
516.019000   -1.136776
516.020000   -1.134614
516.021000   -1.133114
516.022000   -1.132370
516.023000   -1.132438
516.024000   -1.133344
516.025000   -1.135105
516.026000   -1.137731
516.027000   -1.141219
516.028000   -1.145545
516.029000   -1.150676
516.030000   -1.156582
516.031000   -1.163250
516.032000   -1.170683
516.033000   -1.178890
516.034000   -1.187867
516.035000   -1.197578
516.036000   -1.207942
516.037000   -1.218827
516.038000   -1.230068
516.039000   -1.241473
516.040000   -1.252818
516.041000   -1.263822
516.042000   -1.274125
516.043000   -1.283282
516.044000   -1.290803
516.045000   -1.296195
516.046000   -1.299025
516.047000   -1.298989
516.048000   -1.295967
516.049000   -1.290052
516.050000   -1.281534
516.051000   -1.270860
516.052000   -1.258586
516.053000   -1.245323
516.054000   -1.231680
516.055000   -1.218209
516.056000   -1.205388
516.057000   -1.193614
516.058000   -1.183198
516.059000   -1.174353
516.060000   -1.167175
516.061000   -1.161642
516.062000   -1.157615
516.063000   -1.154851
516.064000   -1.153024
516.065000   -1.151784
516.066000   -1.150826
516.067000   -1.149940
516.068000   -1.149021
516.069000   -1.148029
516.070000   -1.146924
516.071000   -1.145607
516.072000   -1.143879
516.073000   -1.141466
516.074000   -1.138072
516.075000   -1.133451
516.076000   -1.127463
516.077000   -1.120080
516.078000   -1.111347
516.079000   -1.101336
516.080000   -1.090137
516.081000   -1.077880
516.082000   -1.064757
516.083000   -1.051016
516.084000   -1.036946
516.085000   -1.022863
516.086000   -1.009083
516.087000   -0.995905
516.088000   -0.983593
516.089000   -0.972388
516.090000   -0.962535
516.091000   -0.954270
516.092000   -0.947786
516.093000   -0.943185
516.094000   -0.940477
516.095000   -0.939598
516.096000   -0.940436
516.097000   -0.942837
516.098000   -0.946607
516.099000   -0.951516
516.100000   -0.957293
516.101000   -0.963597
516.102000   -0.970006
516.103000   -0.976027
516.104000   -0.981135
516.105000   -0.984824
516.106000   -0.986642
516.107000   -0.986233
516.108000   -0.983354
516.109000   -0.977901
516.110000   -0.969898
516.111000   -0.959474
516.112000   -0.946846
516.113000   -0.932306
516.114000   -0.916204
516.115000   -0.898919
516.116000   -0.880836
516.117000   -0.862343
516.118000   -0.843847
516.119000   -0.825797
516.120000   -0.808681
516.121000   -0.793005
516.122000   -0.779247
516.123000   -0.767810
516.124000   -0.758950
516.125000   -0.752747
516.126000   -0.749098
516.127000   -0.747780
516.128000   -0.748515
516.129000   -0.751026
516.130000   -0.755066
516.131000   -0.760433
516.132000   -0.766954
516.133000   -0.774442
516.134000   -0.782651
516.135000   -0.791251
516.136000   -0.799845
516.137000   -0.808035
516.138000   -0.815484
516.139000   -0.821954
516.140000   -0.827322
516.141000   -0.831585
516.142000   -0.834835
516.143000   -0.837222
516.144000   -0.838920
516.145000   -0.840105
516.146000   -0.840964
516.147000   -0.841703
516.148000   -0.842536
516.149000   -0.843668
516.150000   -0.845288
516.151000   -0.847545
516.152000   -0.850484
516.153000   -0.853983
516.154000   -0.857751
516.155000   -0.861403
516.156000   -0.864600
516.157000   -0.867124
516.158000   -0.868901
516.159000   -0.869971
516.160000   -0.870461
516.161000   -0.870509
516.162000   -0.870205
516.163000   -0.869589
516.164000   -0.868731
516.165000   -0.867782
516.166000   -0.866929
516.167000   -0.866315
516.168000   -0.866003
516.169000   -0.865978
516.170000   -0.866132
516.171000   -0.866247
516.172000   -0.866026
516.173000   -0.865164
516.174000   -0.863405
516.175000   -0.860562
516.176000   -0.856531
516.177000   -0.851336
516.178000   -0.845146
516.179000   -0.838252
516.180000   -0.831012
516.181000   -0.823791
516.182000   -0.816927
516.183000   -0.810709
516.184000   -0.805360
516.185000   -0.801065
516.186000   -0.798008
516.187000   -0.796401
516.188000   -0.796467
516.189000   -0.798377
516.190000   -0.802193
516.191000   -0.807847
516.192000   -0.815191
516.193000   -0.824058
516.194000   -0.834296
516.195000   -0.845771
516.196000   -0.858371
516.197000   -0.871978
516.198000   -0.886421
516.199000   -0.901457
516.200000   -0.916805
516.201000   -0.932221
516.202000   -0.947559
516.203000   -0.962758
516.204000   -0.977806
516.205000   -0.992721
516.206000   -1.007542
516.207000   -1.022284
516.208000   -1.036899
516.209000   -1.051252
516.210000   -1.065117
516.211000   -1.078172
516.212000   -1.090009
516.213000   -1.100196
516.214000   -1.108370
516.215000   -1.114305
516.216000   -1.117907
516.217000   -1.119184
516.218000   -1.118211
516.219000   -1.115099
516.220000   -1.109996
516.221000   -1.103110
516.222000   -1.094750
516.223000   -1.085357
516.224000   -1.075511
516.225000   -1.065854
516.226000   -1.056973
516.227000   -1.049299
516.228000   -1.043077
516.229000   -1.038407
516.230000   -1.035326
516.231000   -1.033839
516.232000   -1.033941
516.233000   -1.035655
516.234000   -1.039068
516.235000   -1.044293
516.236000   -1.051375
516.237000   -1.060227
516.238000   -1.070628
516.239000   -1.082265
516.240000   -1.094760
516.241000   -1.107684
516.242000   -1.120604
516.243000   -1.133168
516.244000   -1.145143
516.245000   -1.156379
516.246000   -1.166735
516.247000   -1.176036
516.248000   -1.184063
516.249000   -1.190554
516.250000   -1.195248
516.251000   -1.197963
516.252000   -1.198697
516.253000   -1.197671
516.254000   -1.195280
516.255000   -1.191999
516.256000   -1.188301
516.257000   -1.184631
516.258000   -1.181409
516.259000   -1.179061
516.260000   -1.178018
516.261000   -1.178702
516.262000   -1.181489
516.263000   -1.186610
516.264000   -1.194041
516.265000   -1.203436
516.266000   -1.214155
516.267000   -1.225358
516.268000   -1.236135
516.269000   -1.245603
516.270000   -1.252986
516.271000   -1.257688
516.272000   -1.259324
516.273000   -1.257691
516.274000   -1.252708
516.275000   -1.244396
516.276000   -1.232888
516.277000   -1.218441
516.278000   -1.201401
516.279000   -1.182174
516.280000   -1.161210
516.281000   -1.138988
516.282000   -1.115962
516.283000   -1.092499
516.284000   -1.068865
516.285000   -1.045268
516.286000   -1.021922
516.287000   -0.999074
516.288000   -0.976998
516.289000   -0.956003
516.290000   -0.936460
516.291000   -0.918775
516.292000   -0.903307
516.293000   -0.890303
516.294000   -0.879888
516.295000   -0.872124
516.296000   -0.867051
516.297000   -0.864662
516.298000   -0.864875
516.299000   -0.867550
516.300000   -0.872495
516.301000   -0.879410
516.302000   -0.887842
516.303000   -0.897204
516.304000   -0.906879
516.305000   -0.916357
516.306000   -0.925294
516.307000   -0.933495
516.308000   -0.940899
516.309000   -0.947587
516.310000   -0.953754
516.311000   -0.959638
516.312000   -0.965489
516.313000   -0.971606
516.314000   -0.978391
516.315000   -0.986320
516.316000   -0.995815
516.317000   -1.007126
516.318000   -1.020295
516.319000   -1.035138
516.320000   -1.051244
516.321000   -1.067999
516.322000   -1.084701
516.323000   -1.100714
516.324000   -1.115575
516.325000   -1.128978
516.326000   -1.140692
516.327000   -1.150527
516.328000   -1.158327
516.329000   -1.163964
516.330000   -1.167340
516.331000   -1.168411
516.332000   -1.167236
516.333000   -1.163995
516.334000   -1.158916
516.335000   -1.152206
516.336000   -1.144029
516.337000   -1.134524
516.338000   -1.123772
516.339000   -1.111782
516.340000   -1.098508
516.341000   -1.083913
516.342000   -1.068039
516.343000   -1.051045
516.344000   -1.033230
516.345000   -1.015090
516.346000   -0.997351
516.347000   -0.980887
516.348000   -0.966547
516.349000   -0.955022
516.350000   -0.946765
516.351000   -0.941954
516.352000   -0.940474
516.353000   -0.941946
516.354000   -0.945885
516.355000   -0.951904
516.356000   -0.959758
516.357000   -0.969222
516.358000   -0.979960
516.359000   -0.991484
516.360000   -1.003153
516.361000   -1.014187
516.362000   -1.023736
516.363000   -1.031062
516.364000   -1.035791
516.365000   -1.038046
516.366000   -1.038341
516.367000   -1.037367
516.368000   -1.035832
516.369000   -1.034339
516.370000   -1.033296
516.371000   -1.032859
516.372000   -1.032999
516.373000   -1.033701
516.374000   -1.035145
516.375000   -1.037657
516.376000   -1.041502
516.377000   -1.046745
516.378000   -1.053233
516.379000   -1.060635
516.380000   -1.068497
516.381000   -1.076298
516.382000   -1.083543
516.383000   -1.089914
516.384000   -1.095326
516.385000   -1.099830
516.386000   -1.103471
516.387000   -1.106217
516.388000   -1.107962
516.389000   -1.108535
516.390000   -1.107707
516.391000   -1.105210
516.392000   -1.100820
516.393000   -1.094432
516.394000   -1.086054
516.395000   -1.075734
516.396000   -1.063550
516.397000   -1.049661
516.398000   -1.034371
516.399000   -1.018147
516.400000   -1.001585
516.401000   -0.985369
516.402000   -0.970254
516.403000   -0.957016
516.404000   -0.946362
516.405000   -0.938853
516.406000   -0.934887
516.407000   -0.934727
516.408000   -0.938495
516.409000   -0.946152
516.410000   -0.957477
516.411000   -0.972129
516.412000   -0.989707
516.413000   -1.009753
516.414000   -1.031710
516.415000   -1.054928
516.416000   -1.078708
516.417000   -1.102327
516.418000   -1.125042
516.419000   -1.146107
516.420000   -1.164886
516.421000   -1.181012
516.422000   -1.194444
516.423000   -1.205381
516.424000   -1.214135
516.425000   -1.221039
516.426000   -1.226348
516.427000   -1.230155
516.428000   -1.232361
516.429000   -1.232782
516.430000   -1.231384
516.431000   -1.228417
516.432000   -1.224335
516.433000   -1.219643
516.434000   -1.214797
516.435000   -1.210161
516.436000   -1.205948
516.437000   -1.202182
516.438000   -1.198758
516.439000   -1.195626
516.440000   -1.192999
516.441000   -1.191339
516.442000   -1.191154
516.443000   -1.192813
516.444000   -1.196438
516.445000   -1.201838
516.446000   -1.208472
516.447000   -1.215496
516.448000   -1.221951
516.449000   -1.227008
516.450000   -1.230093
516.451000   -1.230808
516.452000   -1.228841
516.453000   -1.223976
516.454000   -1.216127
516.455000   -1.205358
516.456000   -1.191855
516.457000   -1.175927
516.458000   -1.158040
516.459000   -1.138842
516.460000   -1.119100
516.461000   -1.099617
516.462000   -1.081185
516.463000   -1.064530
516.464000   -1.050226
516.465000   -1.038602
516.466000   -1.029720
516.467000   -1.023454
516.468000   -1.019602
516.469000   -1.017953
516.470000   -1.018291
516.471000   -1.020416
516.472000   -1.024170
516.473000   -1.029415
516.474000   -1.035980
516.475000   -1.043635
516.476000   -1.052121
516.477000   -1.061213
516.478000   -1.070759
516.479000   -1.080675
516.480000   -1.090927
516.481000   -1.101492
516.482000   -1.112282
516.483000   -1.123046
516.484000   -1.133345
516.485000   -1.142595
516.486000   -1.150174
516.487000   -1.155538
516.488000   -1.158298
516.489000   -1.158282
516.490000   -1.155575
516.491000   -1.150471
516.492000   -1.143362
516.493000   -1.134623
516.494000   -1.124586
516.495000   -1.113574
516.496000   -1.101971
516.497000   -1.090252
516.498000   -1.078946
516.499000   -1.068607
516.500000   -1.059746
516.501000   -1.052699
516.501000   -1.052699
516.502000   -1.047516
516.503000   -1.043950
516.504000   -1.041551
516.505000   -1.039790
516.506000   -1.038155
516.507000   -1.036194
516.508000   -1.033605
516.509000   -1.030327
516.510000   -1.026537
516.511000   -1.022517
516.512000   -1.018542
516.513000   -1.014816
516.514000   -1.011466
516.515000   -1.008551
516.516000   -1.006092
516.517000   -1.004150
516.518000   -1.002922
516.519000   -1.002725
516.520000   -1.003848
516.521000   -1.006400
516.522000   -1.010262
516.523000   -1.015122
516.524000   -1.020528
516.525000   -1.025952
516.526000   -1.030894
516.527000   -1.035048
516.528000   -1.038422
516.529000   -1.041279
516.530000   -1.043978
516.531000   -1.046833
516.532000   -1.050066
516.533000   -1.053770
516.534000   -1.057892
516.535000   -1.062245
516.536000   -1.066605
516.537000   -1.070836
516.538000   -1.074892
516.539000   -1.078689
516.540000   -1.082001
516.541000   -1.084460
516.542000   -1.085617
516.543000   -1.085009
516.544000   -1.082244
516.545000   -1.077093
516.546000   -1.069611
516.547000   -1.060165
516.548000   -1.049329
516.549000   -1.037709
516.550000   -1.025844
516.551000   -1.014179
516.552000   -1.003064
516.553000   -0.992747
516.554000   -0.983373
516.555000   -0.975017
516.556000   -0.967724
516.557000   -0.961485
516.558000   -0.956179
516.559000   -0.951562
516.560000   -0.947323
516.561000   -0.943161
516.562000   -0.938846
516.563000   -0.934254
516.564000   -0.929400
516.565000   -0.924461
516.566000   -0.919746
516.567000   -0.915592
516.568000   -0.912288
516.569000   -0.910059
516.570000   -0.909071
516.571000   -0.909434
516.572000   -0.911192
516.573000   -0.914346
516.574000   -0.918909
516.575000   -0.924952
516.576000   -0.932534
516.577000   -0.941630
516.578000   -0.952105
516.579000   -0.963727
516.580000   -0.976184
516.581000   -0.989099
516.582000   -1.002107
516.583000   -1.015014
516.584000   -1.027942
516.585000   -1.041261
516.586000   -1.055384
516.587000   -1.070616
516.588000   -1.087071
516.589000   -1.104642
516.590000   -1.122969
516.591000   -1.141470
516.592000   -1.159495
516.593000   -1.176569
516.594000   -1.192463
516.595000   -1.207053
516.596000   -1.220147
516.597000   -1.231444
516.598000   -1.240544
516.599000   -1.246987
516.600000   -1.250310
516.601000   -1.250165
516.602000   -1.246536
516.603000   -1.239872
516.604000   -1.230967
516.605000   -1.220697
516.606000   -1.209839
516.607000   -1.198976
516.608000   -1.188458
516.609000   -1.178384
516.610000   -1.168642
516.611000   -1.159057
516.612000   -1.149614
516.613000   -1.140532
516.614000   -1.132113
516.615000   -1.124538
516.616000   -1.117791
516.617000   -1.111655
516.618000   -1.105749
516.619000   -1.099575
516.620000   -1.092619
516.621000   -1.084544
516.622000   -1.075358
516.623000   -1.065369
516.624000   -1.054981
516.625000   -1.044539
516.626000   -1.034270
516.627000   -1.024260
516.628000   -1.014457
516.629000   -1.004695
516.630000   -0.994803
516.631000   -0.984784
516.632000   -0.974930
516.633000   -0.965728
516.634000   -0.957682
516.635000   -0.951193
516.636000   -0.946491
516.637000   -0.943596
516.638000   -0.942320
516.639000   -0.942334
516.640000   -0.943351
516.641000   -0.945328
516.642000   -0.948484
516.643000   -0.953115
516.644000   -0.959427
516.645000   -0.967441
516.646000   -0.976941
516.647000   -0.987451
516.648000   -0.998279
516.649000   -1.008673
516.650000   -1.018080
516.651000   -1.026287
516.652000   -1.033314
516.653000   -1.039232
516.654000   -1.044069
516.655000   -1.047776
516.656000   -1.050220
516.657000   -1.051188
516.658000   -1.050461
516.659000   -1.048009
516.660000   -1.044175
516.661000   -1.039600
516.662000   -1.034973
516.663000   -1.030828
516.664000   -1.027451
516.665000   -1.024834
516.666000   -1.022678
516.667000   -1.020458
516.668000   -1.017610
516.669000   -1.013823
516.670000   -1.009174
516.671000   -1.003988
516.672000   -0.998613
516.673000   -0.993296
516.674000   -0.988138
516.675000   -0.983084
516.676000   -0.977936
516.677000   -0.972425
516.678000   -0.966373
516.679000   -0.959860
516.680000   -0.953213
516.681000   -0.946807
516.682000   -0.940912
516.683000   -0.935622
516.684000   -0.930843
516.685000   -0.926315
516.686000   -0.921659
516.687000   -0.916516
516.688000   -0.910728
516.689000   -0.904436
516.690000   -0.898007
516.691000   -0.891912
516.692000   -0.886640
516.693000   -0.882613
516.694000   -0.880132
516.695000   -0.879331
516.696000   -0.880191
516.697000   -0.882641
516.698000   -0.886686
516.699000   -0.892453
516.700000   -0.900115
516.701000   -0.909779
516.702000   -0.921371
516.703000   -0.934577
516.704000   -0.948850
516.705000   -0.963462
516.706000   -0.977612
516.707000   -0.990586
516.708000   -1.001925
516.709000   -1.011502
516.710000   -1.019485
516.711000   -1.026209
516.712000   -1.032044
516.713000   -1.037298
516.714000   -1.042180
516.715000   -1.046779
516.716000   -1.051097
516.717000   -1.055134
516.718000   -1.059000
516.719000   -1.062934
516.720000   -1.067196
516.721000   -1.071882
516.722000   -1.076836
516.723000   -1.081661
516.724000   -1.085786
516.725000   -1.088559
516.726000   -1.089384
516.727000   -1.087913
516.728000   -1.084212
516.729000   -1.078770
516.730000   -1.072321
516.731000   -1.065606
516.732000   -1.059221
516.733000   -1.053558
516.734000   -1.048781
516.735000   -1.044822
516.736000   -1.041458
516.737000   -1.038451
516.738000   -1.035698
516.739000   -1.033211
516.740000   -1.030953
516.741000   -1.028705
516.742000   -1.026051
516.743000   -1.022449
516.744000   -1.017315
516.745000   -1.010132
516.746000   -1.000589
516.747000   -0.988729
516.748000   -0.975019
516.749000   -0.960250
516.750000   -0.945302
516.751000   -0.930974
516.752000   -0.917896
516.753000   -0.906496
516.754000   -0.896984
516.755000   -0.889376
516.756000   -0.883605
516.757000   -0.879700
516.758000   -0.877882
516.759000   -0.878422
516.760000   -0.881418
516.761000   -0.886698
516.762000   -0.893855
516.763000   -0.902310
516.764000   -0.911387
516.765000   -0.920407
516.766000   -0.928859
516.767000   -0.936633
516.768000   -0.944062
516.769000   -0.951673
516.770000   -0.959926
516.771000   -0.969100
516.772000   -0.979240
516.773000   -0.990127
516.774000   -1.001255
516.775000   -1.011933
516.776000   -1.021577
516.777000   -1.030007
516.778000   -1.037360
516.779000   -1.043809
516.780000   -1.049401
516.781000   -1.054036
516.782000   -1.057486
516.783000   -1.059394
516.784000   -1.059334
516.785000   -1.057014
516.786000   -1.052613
516.787000   -1.046875
516.788000   -1.040821
516.789000   -1.035420
516.790000   -1.031415
516.791000   -1.029223
516.792000   -1.028866
516.793000   -1.029939
516.794000   -1.031746
516.795000   -1.033651
516.796000   -1.035413
516.797000   -1.037125
516.798000   -1.038930
516.799000   -1.040857
516.800000   -1.042790
516.801000   -1.044477
516.802000   -1.045540
516.803000   -1.045527
516.804000   -1.044110
516.805000   -1.041371
516.806000   -1.037872
516.807000   -1.034384
516.808000   -1.031604
516.809000   -1.029983
516.810000   -1.029647
516.811000   -1.030358
516.812000   -1.031534
516.813000   -1.032404
516.814000   -1.032334
516.815000   -1.031135
516.816000   -1.029021
516.817000   -1.026355
516.818000   -1.023468
516.819000   -1.020594
516.820000   -1.017824
516.821000   -1.015076
516.822000   -1.012112
516.823000   -1.008738
516.824000   -1.005123
516.825000   -1.001871
516.826000   -0.999763
516.827000   -0.999467
516.828000   -1.001403
516.829000   -1.005682
516.830000   -1.012078
516.831000   -1.020040
516.832000   -1.028818
516.833000   -1.037770
516.834000   -1.046623
516.835000   -1.055414
516.836000   -1.064232
516.837000   -1.073048
516.838000   -1.081670
516.839000   -1.089755
516.840000   -1.096830
516.841000   -1.102361
516.842000   -1.105936
516.843000   -1.107529
516.844000   -1.107562
516.845000   -1.106653
516.846000   -1.105332
516.847000   -1.103930
516.848000   -1.102573
516.849000   -1.101196
516.850000   -1.099569
516.851000   -1.097391
516.852000   -1.094483
516.853000   -1.090947
516.854000   -1.087116
516.855000   -1.083412
516.856000   -1.080241
516.857000   -1.077933
516.858000   -1.076691
516.859000   -1.076533
516.860000   -1.077311
516.861000   -1.078830
516.862000   -1.081050
516.863000   -1.084177
516.864000   -1.088591
516.865000   -1.094685
516.866000   -1.102699
516.867000   -1.112611
516.868000   -1.124107
516.869000   -1.136627
516.870000   -1.149473
516.871000   -1.161988
516.872000   -1.173714
516.873000   -1.184454
516.874000   -1.194231
516.875000   -1.203152
516.876000   -1.211262
516.877000   -1.218477
516.878000   -1.224580
516.879000   -1.229275
516.880000   -1.232281
516.881000   -1.233465
516.882000   -1.232918
516.883000   -1.230926
516.884000   -1.227852
516.885000   -1.223983
516.886000   -1.219443
516.887000   -1.214187
516.888000   -1.208043
516.889000   -1.200801
516.890000   -1.192332
516.891000   -1.182688
516.892000   -1.172150
516.893000   -1.161215
516.894000   -1.150482
516.895000   -1.140508
516.896000   -1.131703
516.897000   -1.124310
516.898000   -1.118432
516.899000   -1.114101
516.900000   -1.111362
516.901000   -1.110327
516.902000   -1.111165
516.903000   -1.114023
516.904000   -1.118882
516.905000   -1.125454
516.906000   -1.133177
516.907000   -1.141303
516.908000   -1.149011
516.909000   -1.155537
516.910000   -1.160279
516.911000   -1.162887
516.912000   -1.163303
516.913000   -1.161707
516.914000   -1.158385
516.915000   -1.153657
516.916000   -1.147854
516.917000   -1.141314
516.918000   -1.134383
516.919000   -1.127398
516.920000   -1.120683
516.921000   -1.114569
516.922000   -1.109369
516.923000   -1.105273
516.924000   -1.102266
516.925000   -1.100149
516.926000   -1.098599
516.927000   -1.097224
516.928000   -1.095615
516.929000   -1.093430
516.930000   -1.090579
516.931000   -1.087335
516.932000   -1.084191
516.933000   -1.081626
516.934000   -1.079991
516.935000   -1.079480
516.936000   -1.080111
516.937000   -1.081699
516.938000   -1.083925
516.939000   -1.086560
516.940000   -1.089596
516.941000   -1.093081
516.942000   -1.096919
516.943000   -1.100817
516.944000   -1.104333
516.945000   -1.106920
516.946000   -1.107971
516.947000   -1.106953
516.948000   -1.103644
516.949000   -1.098262
516.950000   -1.091318
516.951000   -1.083388
516.952000   -1.075004
516.953000   -1.066622
516.954000   -1.058592
516.955000   -1.051114
516.956000   -1.044238
516.957000   -1.037972
516.958000   -1.032436
516.959000   -1.027871
516.960000   -1.024526
516.961000   -1.022558
516.962000   -1.022016
516.963000   -1.022840
516.964000   -1.024841
516.965000   -1.027706
516.966000   -1.031070
516.967000   -1.034662
516.968000   -1.038441
516.969000   -1.042558
516.970000   -1.047232
516.971000   -1.052652
516.972000   -1.058905
516.973000   -1.065915
516.974000   -1.073386
516.975000   -1.080809
516.976000   -1.087548
516.977000   -1.093013
516.978000   -1.096786
516.979000   -1.098631
516.980000   -1.098460
516.981000   -1.096282
516.982000   -1.092163
516.983000   -1.086182
516.984000   -1.078410
516.985000   -1.068930
516.986000   -1.057937
516.987000   -1.045832
516.988000   -1.033227
516.989000   -1.020823
516.990000   -1.009280
516.991000   -0.999111
516.992000   -0.990607
516.993000   -0.983802
516.994000   -0.978477
516.995000   -0.974252
516.996000   -0.970733
516.997000   -0.967625
516.998000   -0.964760
516.999000   -0.962067
517.000000   -0.959530
517.001000   -0.957149
517.001000   -0.957149
517.002000   -0.954903
517.003000   -0.952739
517.004000   -0.950573
517.005000   -0.948358
517.006000   -0.946177
517.007000   -0.944289
517.008000   -0.943070
517.009000   -0.942897
517.010000   -0.944051
517.011000   -0.946635
517.012000   -0.950543
517.013000   -0.955473
517.014000   -0.960998
517.015000   -0.966714
517.016000   -0.972361
517.017000   -0.977840
517.018000   -0.983164
517.019000   -0.988375
517.020000   -0.993498
517.021000   -0.998513
517.022000   -1.003358
517.023000   -1.007967
517.024000   -1.012341
517.025000   -1.016642
517.026000   -1.021219
517.027000   -1.026547
517.028000   -1.033107
517.029000   -1.041270
517.030000   -1.051213
517.031000   -1.062877
517.032000   -1.075970
517.033000   -1.090019
517.034000   -1.104475
517.035000   -1.118826
517.036000   -1.132678
517.037000   -1.145761
517.038000   -1.157885
517.039000   -1.168869
517.040000   -1.178508
517.041000   -1.186559
517.042000   -1.192738
517.043000   -1.196783
517.044000   -1.198541
517.045000   -1.198066
517.046000   -1.195632
517.047000   -1.191663
517.048000   -1.186603
517.049000   -1.180802
517.050000   -1.174460
517.051000   -1.167607
517.052000   -1.160124
517.053000   -1.151832
517.054000   -1.142615
517.055000   -1.132527
517.056000   -1.121826
517.057000   -1.110888
517.058000   -1.100086
517.059000   -1.089700
517.060000   -1.079877
517.061000   -1.070618
517.062000   -1.061836
517.063000   -1.053462
517.064000   -1.045571
517.065000   -1.038432
517.066000   -1.032434
517.067000   -1.027946
517.068000   -1.025204
517.069000   -1.024257
517.070000   -1.024952
517.071000   -1.026990
517.072000   -1.030028
517.073000   -1.033812
517.074000   -1.038256
517.075000   -1.043427
517.076000   -1.049445
517.077000   -1.056372
517.078000   -1.064155
517.079000   -1.072615
517.080000   -1.081472
517.081000   -1.090419
517.082000   -1.099223
517.083000   -1.107814
517.084000   -1.116308
517.085000   -1.124927
517.086000   -1.133864
517.087000   -1.143186
517.088000   -1.152800
517.089000   -1.162467
517.090000   -1.171870
517.091000   -1.180712
517.092000   -1.188820
517.093000   -1.196218
517.094000   -1.203107
517.095000   -1.209764
517.096000   -1.216430
517.097000   -1.223241
517.098000   -1.230211
517.099000   -1.237241
517.100000   -1.244164
517.101000   -1.250830
517.102000   -1.257204
517.103000   -1.263418
517.104000   -1.269689
517.105000   -1.276151
517.106000   -1.282736
517.107000   -1.289150
517.108000   -1.294906
517.109000   -1.299395
517.110000   -1.301991
517.111000   -1.302202
517.112000   -1.299830
517.113000   -1.295012
517.114000   -1.288074
517.115000   -1.279338
517.116000   -1.269014
517.117000   -1.257188
517.118000   -1.243844
517.119000   -1.228908
517.120000   -1.212330
517.121000   -1.194243
517.122000   -1.175085
517.123000   -1.155523
517.124000   -1.136221
517.125000   -1.117677
517.126000   -1.100180
517.127000   -1.083835
517.128000   -1.068603
517.129000   -1.054357
517.130000   -1.041000
517.131000   -1.028621
517.132000   -1.017532
517.133000   -1.008102
517.134000   -1.000566
517.135000   -0.994961
517.136000   -0.991133
517.137000   -0.988767
517.138000   -0.987415
517.139000   -0.986563
517.140000   -0.985783
517.141000   -0.984850
517.142000   -0.983687
517.143000   -0.982198
517.144000   -0.980183
517.145000   -0.977353
517.146000   -0.973378
517.147000   -0.967936
517.148000   -0.960762
517.149000   -0.951745
517.150000   -0.941051
517.151000   -0.929127
517.152000   -0.916571
517.153000   -0.903977
517.154000   -0.891863
517.155000   -0.880644
517.156000   -0.870621
517.157000   -0.861963
517.158000   -0.854735
517.159000   -0.848992
517.160000   -0.844879
517.161000   -0.842586
517.162000   -0.842220
517.163000   -0.843738
517.164000   -0.846952
517.165000   -0.851575
517.166000   -0.857254
517.167000   -0.863610
517.168000   -0.870323
517.169000   -0.877250
517.170000   -0.884462
517.171000   -0.892117
517.172000   -0.900310
517.173000   -0.909001
517.174000   -0.918005
517.175000   -0.926970
517.176000   -0.935373
517.177000   -0.942587
517.178000   -0.948084
517.179000   -0.951613
517.180000   -0.953173
517.181000   -0.952842
517.182000   -0.950675
517.183000   -0.946684
517.184000   -0.940823
517.185000   -0.932961
517.186000   -0.922908
517.187000   -0.910575
517.188000   -0.896229
517.189000   -0.880541
517.190000   -0.864366
517.191000   -0.848508
517.192000   -0.833613
517.193000   -0.820126
517.194000   -0.808254
517.195000   -0.797961
517.196000   -0.789084
517.197000   -0.781588
517.198000   -0.775725
517.199000   -0.771898
517.200000   -0.770421
517.201000   -0.771419
517.202000   -0.774807
517.203000   -0.780305
517.204000   -0.787433
517.205000   -0.795586
517.206000   -0.804210
517.207000   -0.813028
517.208000   -0.822049
517.209000   -0.831368
517.210000   -0.841024
517.211000   -0.850950
517.212000   -0.860956
517.213000   -0.870720
517.214000   -0.879802
517.215000   -0.887750
517.216000   -0.894286
517.217000   -0.899417
517.218000   -0.903334
517.219000   -0.906287
517.220000   -0.908534
517.221000   -0.910321
517.222000   -0.911861
517.223000   -0.913298
517.224000   -0.914709
517.225000   -0.916173
517.226000   -0.917854
517.227000   -0.919987
517.228000   -0.922803
517.229000   -0.926491
517.230000   -0.931184
517.231000   -0.936935
517.232000   -0.943680
517.233000   -0.951223
517.234000   -0.959280
517.235000   -0.967579
517.236000   -0.975942
517.237000   -0.984287
517.238000   -0.992593
517.239000   -1.000849
517.240000   -1.008995
517.241000   -1.016872
517.242000   -1.024194
517.243000   -1.030594
517.244000   -1.035741
517.245000   -1.039483
517.246000   -1.041886
517.247000   -1.043165
517.248000   -1.043598
517.249000   -1.043450
517.250000   -1.042909
517.251000   -1.042052
517.252000   -1.040862
517.253000   -1.039307
517.254000   -1.037456
517.255000   -1.035534
517.256000   -1.033879
517.257000   -1.032844
517.258000   -1.032720
517.259000   -1.033694
517.260000   -1.035830
517.261000   -1.039085
517.262000   -1.043358
517.263000   -1.048586
517.264000   -1.054814
517.265000   -1.062171
517.266000   -1.070760
517.267000   -1.080573
517.268000   -1.091454
517.269000   -1.103091
517.270000   -1.115036
517.271000   -1.126762
517.272000   -1.137771
517.273000   -1.147717
517.274000   -1.156445
517.275000   -1.163938
517.276000   -1.170263
517.277000   -1.175516
517.278000   -1.179769
517.279000   -1.183021
517.280000   -1.185192
517.281000   -1.186173
517.282000   -1.185929
517.283000   -1.184581
517.284000   -1.182397
517.285000   -1.179721
517.286000   -1.176890
517.287000   -1.174164
517.288000   -1.171679
517.289000   -1.169458
517.290000   -1.167447
517.291000   -1.165602
517.292000   -1.163979
517.293000   -1.162758
517.294000   -1.162198
517.295000   -1.162562
517.296000   -1.164033
517.297000   -1.166655
517.298000   -1.170301
517.299000   -1.174698
517.300000   -1.179484
517.301000   -1.184322
517.302000   -1.188995
517.303000   -1.193438
517.304000   -1.197719
517.305000   -1.201967
517.306000   -1.206278
517.307000   -1.210648
517.308000   -1.214965
517.309000   -1.219037
517.310000   -1.222671
517.311000   -1.225750
517.312000   -1.228297
517.313000   -1.230485
517.314000   -1.232602
517.315000   -1.234921
517.316000   -1.237580
517.317000   -1.240526
517.318000   -1.243542
517.319000   -1.246339
517.320000   -1.248668
517.321000   -1.250422
517.322000   -1.251657
517.323000   -1.252549
517.324000   -1.253280
517.325000   -1.253931
517.326000   -1.254430
517.327000   -1.254579
517.328000   -1.254129
517.329000   -1.252899
517.330000   -1.250854
517.331000   -1.248120
517.332000   -1.244930
517.333000   -1.241555
517.334000   -1.238220
517.335000   -1.235038
517.336000   -1.231987
517.337000   -1.228932
517.338000   -1.225704
517.339000   -1.222175
517.340000   -1.218294
517.341000   -1.214064
517.342000   -1.209492
517.343000   -1.204535
517.344000   -1.199050
517.345000   -1.192793
517.346000   -1.185464
517.347000   -1.176803
517.348000   -1.166665
517.349000   -1.155056
517.350000   -1.142129
517.351000   -1.128181
517.352000   -1.113639
517.353000   -1.098973
517.354000   -1.084592
517.355000   -1.070789
517.356000   -1.057749
517.357000   -1.045580
517.358000   -1.034352
517.359000   -1.024134
517.360000   -1.015046
517.361000   -1.007283
517.362000   -1.001058
517.363000   -0.996480
517.364000   -0.993513
517.365000   -0.991990
517.366000   -0.991661
517.367000   -0.992243
517.368000   -0.993445
517.369000   -0.994999
517.370000   -0.996685
517.371000   -0.998324
517.372000   -0.999731
517.373000   -1.000691
517.374000   -1.000976
517.375000   -1.000376
517.376000   -0.998711
517.377000   -0.995841
517.378000   -0.991684
517.379000   -0.986271
517.380000   -0.979792
517.381000   -0.972547
517.382000   -0.964872
517.383000   -0.957092
517.384000   -0.949502
517.385000   -0.942350
517.386000   -0.935799
517.387000   -0.929927
517.388000   -0.924800
517.389000   -0.920560
517.390000   -0.917407
517.391000   -0.915479
517.392000   -0.914787
517.393000   -0.915219
517.394000   -0.916572
517.395000   -0.918579
517.396000   -0.920936
517.397000   -0.923354
517.398000   -0.925612
517.399000   -0.927567
517.400000   -0.929100
517.401000   -0.930098
517.402000   -0.930472
517.403000   -0.930173
517.404000   -0.929192
517.405000   -0.927532
517.406000   -0.925174
517.407000   -0.922070
517.408000   -0.918174
517.409000   -0.913473
517.410000   -0.908003
517.411000   -0.901843
517.412000   -0.895109
517.413000   -0.887931
517.414000   -0.880417
517.415000   -0.872642
517.416000   -0.864679
517.417000   -0.856682
517.418000   -0.848898
517.419000   -0.841601
517.420000   -0.835039
517.421000   -0.829399
517.422000   -0.824776
517.423000   -0.821161
517.424000   -0.818430
517.425000   -0.816393
517.426000   -0.814845
517.427000   -0.813591
517.428000   -0.812451
517.429000   -0.811283
517.430000   -0.810026
517.431000   -0.808708
517.432000   -0.807421
517.433000   -0.806294
517.434000   -0.805454
517.435000   -0.804983
517.436000   -0.804890
517.437000   -0.805153
517.438000   -0.805821
517.439000   -0.807071
517.440000   -0.809187
517.441000   -0.812475
517.442000   -0.817166
517.443000   -0.823362
517.444000   -0.831022
517.445000   -0.840014
517.446000   -0.850199
517.447000   -0.861504
517.448000   -0.873961
517.449000   -0.887687
517.450000   -0.902800
517.451000   -0.919326
517.452000   -0.937147
517.453000   -0.956011
517.454000   -0.975577
517.455000   -0.995459
517.456000   -1.015278
517.457000   -1.034736
517.458000   -1.053682
517.459000   -1.072092
517.460000   -1.089991
517.461000   -1.107382
517.462000   -1.124190
517.463000   -1.140255
517.464000   -1.155361
517.465000   -1.169318
517.466000   -1.182054
517.467000   -1.193653
517.468000   -1.204318
517.469000   -1.214271
517.470000   -1.223673
517.471000   -1.232587
517.472000   -1.241012
517.473000   -1.248962
517.474000   -1.256553
517.475000   -1.264023
517.476000   -1.271714
517.477000   -1.280022
517.478000   -1.289286
517.479000   -1.299666
517.480000   -1.311093
517.481000   -1.323293
517.482000   -1.335889
517.483000   -1.348502
517.484000   -1.360782
517.485000   -1.372419
517.486000   -1.383171
517.487000   -1.392841
517.488000   -1.401219
517.489000   -1.408041
517.490000   -1.413011
517.491000   -1.415856
517.492000   -1.416373
517.493000   -1.414436
517.494000   -1.410016
517.495000   -1.403253
517.496000   -1.394497
517.497000   -1.384242
517.498000   -1.373003
517.499000   -1.361226
517.500000   -1.349237
517.501000   -1.337208
517.501000   -1.337208
517.502000   -1.325180
517.503000   -1.313154
517.504000   -1.301266
517.505000   -1.289900
517.506000   -1.279624
517.507000   -1.271016
517.508000   -1.264524
517.509000   -1.260398
517.510000   -1.258685
517.511000   -1.259241
517.512000   -1.261781
517.513000   -1.265984
517.514000   -1.271670
517.515000   -1.278884
517.516000   -1.287786
517.517000   -1.298482
517.518000   -1.310915
517.519000   -1.324828
517.520000   -1.339756
517.521000   -1.355031
517.522000   -1.369884
517.523000   -1.383666
517.524000   -1.396076
517.525000   -1.407164
517.526000   -1.417122
517.527000   -1.426100
517.528000   -1.434116
517.529000   -1.441018
517.530000   -1.446489
517.531000   -1.450113
517.532000   -1.451552
517.533000   -1.450790
517.534000   -1.448199
517.535000   -1.444342
517.536000   -1.439692
517.537000   -1.434472
517.538000   -1.428615
517.539000   -1.421805
517.540000   -1.413547
517.541000   -1.403327
517.542000   -1.390847
517.543000   -1.376219
517.544000   -1.359903
517.545000   -1.342446
517.546000   -1.324285
517.547000   -1.305680
517.548000   -1.286705
517.549000   -1.267272
517.550000   -1.247155
517.551000   -1.226118
517.552000   -1.204103
517.553000   -1.181292
517.554000   -1.157959
517.555000   -1.134304
517.556000   -1.110389
517.557000   -1.086172
517.558000   -1.061535
517.559000   -1.036318
517.560000   -1.010402
517.561000   -0.983865
517.562000   -0.957085
517.563000   -0.930659
517.564000   -0.905187
517.565000   -0.881150
517.566000   -0.858878
517.567000   -0.838549
517.568000   -0.820193
517.569000   -0.803712
517.570000   -0.788995
517.571000   -0.776092
517.572000   -0.765266
517.573000   -0.756836
517.574000   -0.751019
517.575000   -0.747876
517.576000   -0.747338
517.577000   -0.749231
517.578000   -0.753291
517.579000   -0.759241
517.580000   -0.766978
517.581000   -0.776705
517.582000   -0.788834
517.583000   -0.803770
517.584000   -0.821763
517.585000   -0.842861
517.586000   -0.866877
517.587000   -0.893369
517.588000   -0.921671
517.589000   -0.951068
517.590000   -0.981027
517.591000   -1.011259
517.592000   -1.041533
517.593000   -1.071493
517.594000   -1.100580
517.595000   -1.128050
517.596000   -1.153014
517.597000   -1.174534
517.598000   -1.191816
517.599000   -1.204492
517.600000   -1.212777
517.601000   -1.217301
517.602000   -1.218789
517.603000   -1.217843
517.604000   -1.214843
517.605000   -1.209928
517.606000   -1.203014
517.607000   -1.193920
517.608000   -1.182608
517.609000   -1.169407
517.610000   -1.154957
517.611000   -1.139964
517.612000   -1.125018
517.613000   -1.110520
517.614000   -1.096671
517.615000   -1.083465
517.616000   -1.070751
517.617000   -1.058410
517.618000   -1.046592
517.619000   -1.035784
517.620000   -1.026632
517.621000   -1.019714
517.622000   -1.015398
517.623000   -1.013786
517.624000   -1.014687
517.625000   -1.017647
517.626000   -1.022074
517.627000   -1.027467
517.628000   -1.033626
517.629000   -1.040630
517.630000   -1.048636
517.631000   -1.057690
517.632000   -1.067647
517.633000   -1.078154
517.634000   -1.088669
517.635000   -1.098541
517.636000   -1.107183
517.637000   -1.114287
517.638000   -1.119914
517.639000   -1.124356
517.640000   -1.127945
517.641000   -1.130962
517.642000   -1.133631
517.643000   -1.136126
517.644000   -1.138575
517.645000   -1.141122
517.646000   -1.144041
517.647000   -1.147783
517.648000   -1.152873
517.649000   -1.159780
517.650000   -1.168854
517.651000   -1.180294
517.652000   -1.194078
517.653000   -1.209909
517.654000   -1.227239
517.655000   -1.245406
517.656000   -1.263819
517.657000   -1.282053
517.658000   -1.299816
517.659000   -1.316858
517.660000   -1.332886
517.661000   -1.347499
517.662000   -1.360167
517.663000   -1.370291
517.664000   -1.377350
517.665000   -1.381085
517.666000   -1.381582
517.667000   -1.379168
517.668000   -1.374225
517.669000   -1.367045
517.670000   -1.357778
517.671000   -1.346447
517.672000   -1.333016
517.673000   -1.317512
517.674000   -1.300188
517.675000   -1.281611
517.676000   -1.262564
517.677000   -1.243834
517.678000   -1.226043
517.679000   -1.209595
517.680000   -1.194700
517.681000   -1.181428
517.682000   -1.169810
517.683000   -1.159968
517.684000   -1.152194
517.685000   -1.146904
517.686000   -1.144485
517.687000   -1.145169
517.688000   -1.148958
517.689000   -1.155575
517.690000   -1.164452
517.691000   -1.174796
517.692000   -1.185724
517.693000   -1.196429
517.694000   -1.206282
517.695000   -1.214828
517.696000   -1.221728
517.697000   -1.226703
517.698000   -1.229492
517.699000   -1.229840
517.700000   -1.227537
517.701000   -1.222494
517.702000   -1.214843
517.703000   -1.204955
517.704000   -1.193373
517.705000   -1.180687
517.706000   -1.167469
517.707000   -1.154215
517.708000   -1.141290
517.709000   -1.128912
517.710000   -1.117200
517.711000   -1.106271
517.712000   -1.096337
517.713000   -1.087699
517.714000   -1.080675
517.715000   -1.075531
517.716000   -1.072429
517.717000   -1.071379
517.718000   -1.072211
517.719000   -1.074612
517.720000   -1.078221
517.721000   -1.082723
517.722000   -1.087891
517.723000   -1.093527
517.724000   -1.099397
517.725000   -1.105170
517.726000   -1.110387
517.727000   -1.114444
517.728000   -1.116663
517.729000   -1.116416
517.730000   -1.113293
517.731000   -1.107200
517.732000   -1.098340
517.733000   -1.087070
517.734000   -1.073725
517.735000   -1.058520
517.736000   -1.041570
517.737000   -1.022995
517.738000   -1.003038
517.739000   -0.982164
517.740000   -0.961075
517.741000   -0.940623
517.742000   -0.921633
517.743000   -0.904742
517.744000   -0.890333
517.745000   -0.878572
517.746000   -0.869485
517.747000   -0.863027
517.748000   -0.859141
517.749000   -0.857797
517.750000   -0.858976
517.751000   -0.862606
517.752000   -0.868494
517.753000   -0.876295
517.754000   -0.885539
517.755000   -0.895699
517.756000   -0.906251
517.757000   -0.916751
517.758000   -0.926865
517.759000   -0.936351
517.760000   -0.944991
517.761000   -0.952541
517.762000   -0.958740
517.763000   -0.963348
517.764000   -0.966156
517.765000   -0.967018
517.766000   -0.965893
517.767000   -0.962900
517.768000   -0.958333
517.769000   -0.952632
517.770000   -0.946329
517.771000   -0.940010
517.772000   -0.934265
517.773000   -0.929630
517.774000   -0.926557
517.775000   -0.925420
517.776000   -0.926553
517.777000   -0.930247
517.778000   -0.936706
517.779000   -0.945989
517.780000   -0.957986
517.781000   -0.972427
517.782000   -0.988901
517.783000   -1.006886
517.784000   -1.025811
517.785000   -1.045137
517.786000   -1.064404
517.787000   -1.083229
517.788000   -1.101266
517.789000   -1.118175
517.790000   -1.133608
517.791000   -1.147197
517.792000   -1.158571
517.793000   -1.167416
517.794000   -1.173569
517.795000   -1.177094
517.796000   -1.178264
517.797000   -1.177460
517.798000   -1.175057
517.799000   -1.171342
517.800000   -1.166497
517.801000   -1.160611
517.802000   -1.153726
517.803000   -1.145909
517.804000   -1.137331
517.805000   -1.128296
517.806000   -1.119214
517.807000   -1.110521
517.808000   -1.102608
517.809000   -1.095770
517.810000   -1.090192
517.811000   -1.085952
517.812000   -1.083065
517.813000   -1.081521
517.814000   -1.081322
517.815000   -1.082448
517.816000   -1.084800
517.817000   -1.088158
517.818000   -1.092204
517.819000   -1.096588
517.820000   -1.100957
517.821000   -1.104977
517.822000   -1.108363
517.823000   -1.110915
517.824000   -1.112516
517.825000   -1.113130
517.826000   -1.112799
517.827000   -1.111674
517.828000   -1.110008
517.829000   -1.108084
517.830000   -1.106128
517.831000   -1.104301
517.832000   -1.102724
517.833000   -1.101515
517.834000   -1.100798
517.835000   -1.100694
517.836000   -1.101292
517.837000   -1.102629
517.838000   -1.104670
517.839000   -1.107335
517.840000   -1.110546
517.841000   -1.114269
517.842000   -1.118519
517.843000   -1.123341
517.844000   -1.128769
517.845000   -1.134801
517.846000   -1.141403
517.847000   -1.148534
517.848000   -1.156165
517.849000   -1.164275
517.850000   -1.172846
517.851000   -1.181835
517.852000   -1.191133
517.853000   -1.200546
517.854000   -1.209805
517.855000   -1.218627
517.856000   -1.226769
517.857000   -1.234048
517.858000   -1.240328
517.859000   -1.245521
517.860000   -1.249589
517.861000   -1.252525
517.862000   -1.254322
517.863000   -1.254976
517.864000   -1.254503
517.865000   -1.252970
517.866000   -1.250493
517.867000   -1.247210
517.868000   -1.243269
517.869000   -1.238823
517.870000   -1.234006
517.871000   -1.228888
517.872000   -1.223446
517.873000   -1.217573
517.874000   -1.211136
517.875000   -1.204044
517.876000   -1.196273
517.877000   -1.187873
517.878000   -1.178958
517.879000   -1.169691
517.880000   -1.160239
517.881000   -1.150712
517.882000   -1.141151
517.883000   -1.131574
517.884000   -1.122058
517.885000   -1.112752
517.886000   -1.103827
517.887000   -1.095428
517.888000   -1.087645
517.889000   -1.080491
517.890000   -1.073876
517.891000   -1.067601
517.892000   -1.061424
517.893000   -1.055171
517.894000   -1.048800
517.895000   -1.042378
517.896000   -1.036033
517.897000   -1.029929
517.898000   -1.024240
517.899000   -1.019101
517.900000   -1.014569
517.901000   -1.010626
517.902000   -1.007215
517.903000   -1.004276
517.904000   -1.001758
517.905000   -0.999625
517.906000   -0.997889
517.907000   -0.996617
517.908000   -0.995904
517.909000   -0.995814
517.910000   -0.996337
517.911000   -0.997385
517.912000   -0.998805
517.913000   -1.000415
517.914000   -1.002060
517.915000   -1.003698
517.916000   -1.005444
517.917000   -1.007534
517.918000   -1.010223
517.919000   -1.013693
517.920000   -1.018013
517.921000   -1.023132
517.922000   -1.028893
517.923000   -1.035065
517.924000   -1.041393
517.925000   -1.047683
517.926000   -1.053830
517.927000   -1.059747
517.928000   -1.065274
517.929000   -1.070138
517.930000   -1.073963
517.931000   -1.076307
517.932000   -1.076715
517.933000   -1.074802
517.934000   -1.070386
517.935000   -1.063604
517.936000   -1.054877
517.937000   -1.044759
517.938000   -1.033792
517.939000   -1.022428
517.940000   -1.011005
517.941000   -0.999741
517.942000   -0.988757
517.943000   -0.978151
517.944000   -0.968079
517.945000   -0.958784
517.946000   -0.950523
517.947000   -0.943455
517.948000   -0.937591
517.949000   -0.932802
517.950000   -0.928869
517.951000   -0.925530
517.952000   -0.922544
517.953000   -0.919780
517.954000   -0.917295
517.955000   -0.915309
517.956000   -0.914081
517.957000   -0.913804
517.958000   -0.914571
517.959000   -0.916378
517.960000   -0.919129
517.961000   -0.922647
517.962000   -0.926721
517.963000   -0.931203
517.964000   -0.936043
517.965000   -0.941219
