514.972000   -1.263534
514.973000   -1.260391
514.974000   -1.257106
514.975000   -1.253876
514.976000   -1.250869
514.977000   -1.248236
514.978000   -1.246063
514.979000   -1.244345
514.980000   -1.243092
514.981000   -1.242475
514.982000   -1.242868
514.983000   -1.244711
514.984000   -1.248336
514.985000   -1.253893
514.986000   -1.261330
514.987000   -1.270393
514.988000   -1.280637
514.989000   -1.291519
514.990000   -1.302579
514.991000   -1.313559
514.992000   -1.324344
514.993000   -1.334824
514.994000   -1.344786
514.995000   -1.353894
514.996000   -1.361712
514.997000   -1.367756
514.998000   -1.371594
514.999000   -1.372975
515.000000   -1.371920
515.001000   -1.368659
515.001000   -1.368659
515.002000   -1.363472
515.003000   -1.356587
515.004000   -1.348204
515.005000   -1.338572
515.006000   -1.327992
515.007000   -1.316760
515.008000   -1.305175
515.009000   -1.293578
515.010000   -1.282322
515.011000   -1.271655
515.012000   -1.261665
515.013000   -1.252376
515.014000   -1.243933
515.015000   -1.236622
515.016000   -1.230729
515.017000   -1.226449
515.018000   -1.223918
515.019000   -1.223222
515.020000   -1.224307
515.021000   -1.226914
515.022000   -1.230660
515.023000   -1.235212
515.024000   -1.240358
515.025000   -1.245905
515.026000   -1.251564
515.027000   -1.256975
515.028000   -1.261772
515.029000   -1.265582
515.030000   -1.267999
515.031000   -1.268634
515.032000   -1.267257
515.033000   -1.263887
515.034000   -1.258724
515.035000   -1.252022
515.036000   -1.244088
515.037000   -1.235340
515.038000   -1.226313
515.039000   -1.217548
515.040000   -1.209541
515.041000   -1.202774
515.042000   -1.197751
515.043000   -1.194885
515.044000   -1.194376
515.045000   -1.196211
515.046000   -1.200276
515.047000   -1.206419
515.048000   -1.214387
515.049000   -1.223773
515.050000   -1.234101
515.051000   -1.244972
515.052000   -1.256063
515.053000   -1.267009
515.054000   -1.277360
515.055000   -1.286660
515.056000   -1.294530
515.057000   -1.300633
515.058000   -1.304615
515.059000   -1.306129
515.060000   -1.304938
515.061000   -1.300934
515.062000   -1.294033
515.063000   -1.284123
515.064000   -1.271125
515.065000   -1.255072
515.066000   -1.236128
515.067000   -1.214536
515.068000   -1.190631
515.069000   -1.164916
515.070000   -1.138080
515.071000   -1.110853
515.072000   -1.083868
515.073000   -1.057667
515.074000   -1.032783
515.075000   -1.009753
515.076000   -0.989018
515.077000   -0.970855
515.078000   -0.955411
515.079000   -0.942780
515.080000   -0.932938
515.081000   -0.925660
515.082000   -0.920554
515.083000   -0.917231
515.084000   -0.915410
515.085000   -0.914896
515.086000   -0.915493
515.087000   -0.916978
515.088000   -0.919110
515.089000   -0.921570
515.090000   -0.923926
515.091000   -0.925727
515.092000   -0.926715
515.093000   -0.926989
515.094000   -0.926948
515.095000   -0.927085
515.096000   -0.927776
515.097000   -0.929149
515.098000   -0.931069
515.099000   -0.933250
515.100000   -0.935430
515.101000   -0.937563
515.102000   -0.939913
515.103000   -0.942965
515.104000   -0.947229
515.105000   -0.953078
515.106000   -0.960690
515.107000   -0.970068
515.108000   -0.981061
515.109000   -0.993376
515.110000   -1.006676
515.111000   -1.020716
515.112000   -1.035377
515.113000   -1.050551
515.114000   -1.066007
515.115000   -1.081323
515.116000   -1.095911
515.117000   -1.109072
515.118000   -1.120069
515.119000   -1.128258
515.120000   -1.133256
515.121000   -1.135007
515.122000   -1.133660
515.123000   -1.129411
515.124000   -1.122427
515.125000   -1.112885
515.126000   -1.101052
515.127000   -1.087300
515.128000   -1.072051
515.129000   -1.055796
515.130000   -1.039125
515.131000   -1.022649
515.132000   -1.006842
515.133000   -0.991962
515.134000   -0.978093
515.135000   -0.965263
515.136000   -0.953502
515.137000   -0.942808
515.138000   -0.933183
515.139000   -0.924734
515.140000   -0.917658
515.141000   -0.912114
515.142000   -0.908131
515.143000   -0.905611
515.144000   -0.904347
515.145000   -0.904005
515.146000   -0.904109
515.147000   -0.904186
515.148000   -0.904018
515.149000   -0.903722
515.150000   -0.903610
515.151000   -0.904007
515.152000   -0.905149
515.153000   -0.907086
515.154000   -0.909585
515.155000   -0.912179
515.156000   -0.914426
515.157000   -0.916196
515.158000   -0.917728
515.159000   -0.919443
515.160000   -0.921755
515.161000   -0.924977
515.162000   -0.929277
515.163000   -0.934632
515.164000   -0.940853
515.165000   -0.947708
515.166000   -0.955139
515.167000   -0.963353
515.168000   -0.972678
515.169000   -0.983341
515.170000   -0.995342
515.171000   -1.008416
515.172000   -1.022033
515.173000   -1.035441
515.174000   -1.047806
515.175000   -1.058506
515.176000   -1.067373
515.177000   -1.074617
515.178000   -1.080547
515.179000   -1.085410
515.180000   -1.089354
515.181000   -1.092433
515.182000   -1.094596
515.183000   -1.095716
515.184000   -1.095688
515.185000   -1.094598
515.186000   -1.092736
515.187000   -1.090448
515.188000   -1.088009
515.189000   -1.085609
515.190000   -1.083373
515.191000   -1.081353
515.192000   -1.079503
515.193000   -1.077706
515.194000   -1.075912
515.195000   -1.074260
515.196000   -1.073007
515.197000   -1.072378
515.198000   -1.072494
515.199000   -1.073347
515.200000   -1.074786
515.201000   -1.076503
515.202000   -1.078079
515.203000   -1.079180
515.204000   -1.079791
515.205000   -1.080194
515.206000   -1.080755
515.207000   -1.081759
515.208000   -1.083362
515.209000   -1.085581
515.210000   -1.088281
515.211000   -1.091181
515.212000   -1.094011
515.213000   -1.096824
515.214000   -1.100129
515.215000   -1.104635
515.216000   -1.110927
515.217000   -1.119341
515.218000   -1.129947
515.219000   -1.142556
515.220000   -1.156717
515.221000   -1.171799
515.222000   -1.187232
515.223000   -1.202768
515.224000   -1.218431
515.225000   -1.234242
515.226000   -1.250052
515.227000   -1.265535
515.228000   -1.280220
515.229000   -1.293522
515.230000   -1.304792
515.231000   -1.313465
515.232000   -1.319269
515.233000   -1.322285
515.234000   -1.322764
515.235000   -1.320955
515.236000   -1.317061
515.237000   -1.311234
515.238000   -1.303573
515.239000   -1.294102
515.240000   -1.282831
515.241000   -1.269938
515.242000   -1.255906
515.243000   -1.241401
515.244000   -1.227073
515.245000   -1.213456
515.246000   -1.200949
515.247000   -1.189787
515.248000   -1.179993
515.249000   -1.171390
515.250000   -1.163775
515.251000   -1.157173
515.252000   -1.151875
515.253000   -1.148224
515.254000   -1.146428
515.255000   -1.146510
515.256000   -1.148301
515.257000   -1.151442
515.258000   -1.155432
515.259000   -1.159737
515.260000   -1.163929
515.261000   -1.167719
515.262000   -1.170879
515.263000   -1.173201
515.264000   -1.174509
515.265000   -1.174693
515.266000   -1.173720
515.267000   -1.171632
515.268000   -1.168526
515.269000   -1.164553
515.270000   -1.159926
515.271000   -1.154915
515.272000   -1.149823
515.273000   -1.144942
515.274000   -1.140525
515.275000   -1.136745
515.276000   -1.133668
515.277000   -1.131288
515.278000   -1.129648
515.279000   -1.128939
515.280000   -1.129440
515.281000   -1.131388
515.282000   -1.134924
515.283000   -1.140093
515.284000   -1.146810
515.285000   -1.154811
515.286000   -1.163669
515.287000   -1.172916
515.288000   -1.182201
515.289000   -1.191306
515.290000   -1.200027
515.291000   -1.208125
515.292000   -1.215356
515.293000   -1.221490
515.294000   -1.226284
515.295000   -1.229470
515.296000   -1.230816
515.297000   -1.230237
515.298000   -1.227823
515.299000   -1.223754
515.300000   -1.218226
515.301000   -1.211456
515.302000   -1.203681
515.303000   -1.195133
515.304000   -1.186008
515.305000   -1.176488
515.306000   -1.166853
515.307000   -1.157579
515.308000   -1.149260
515.309000   -1.142419
515.310000   -1.137395
515.311000   -1.134282
515.312000   -1.132900
515.313000   -1.132783
515.314000   -1.133254
515.315000   -1.133646
515.316000   -1.133549
515.317000   -1.132826
515.318000   -1.131430
515.319000   -1.129306
515.320000   -1.126375
515.321000   -1.122523
515.322000   -1.117555
515.323000   -1.111193
515.324000   -1.103179
515.325000   -1.093501
515.326000   -1.082561
515.327000   -1.071051
515.328000   -1.059706
515.329000   -1.049134
515.330000   -1.039732
515.331000   -1.031630
515.332000   -1.024685
515.333000   -1.018565
515.334000   -1.012972
515.335000   -1.007912
515.336000   -1.003700
515.337000   -1.000729
515.338000   -0.999287
515.339000   -0.999498
515.340000   -1.001307
515.341000   -1.004456
515.342000   -1.008482
515.343000   -1.012813
515.344000   -1.017009
515.345000   -1.020982
515.346000   -1.024912
515.347000   -1.028977
515.348000   -1.033197
515.349000   -1.037398
515.350000   -1.041222
515.351000   -1.044142
515.352000   -1.045541
515.353000   -1.044944
515.354000   -1.042329
515.355000   -1.038168
515.356000   -1.033171
515.357000   -1.028062
515.358000   -1.023460
515.359000   -1.019811
515.360000   -1.017329
515.361000   -1.015968
515.362000   -1.015525
515.363000   -1.015891
515.364000   -1.017283
515.365000   -1.020150
515.366000   -1.024916
515.367000   -1.031801
515.368000   -1.040751
515.369000   -1.051431
515.370000   -1.063253
515.371000   -1.075459
515.372000   -1.087301
515.373000   -1.098271
515.374000   -1.108163
515.375000   -1.116944
515.376000   -1.124626
515.377000   -1.131189
515.378000   -1.136543
515.379000   -1.140509
515.380000   -1.142827
515.381000   -1.143208
515.382000   -1.141473
515.383000   -1.137685
515.384000   -1.132147
515.385000   -1.125285
515.386000   -1.117520
515.387000   -1.109175
515.388000   -1.100441
515.389000   -1.091374
515.390000   -1.081935
515.391000   -1.072138
515.392000   -1.062274
515.393000   -1.053021
515.394000   -1.045360
515.395000   -1.040327
515.396000   -1.038723
515.397000   -1.040936
515.398000   -1.046901
515.399000   -1.056113
515.400000   -1.067751
515.401000   -1.080941
515.402000   -1.095072
515.403000   -1.109875
515.404000   -1.125224
515.405000   -1.140905
515.406000   -1.156501
515.407000   -1.171417
515.408000   -1.184942
515.409000   -1.196344
515.410000   -1.205034
515.411000   -1.210750
515.412000   -1.213593
515.413000   -1.213899
515.414000   -1.212090
515.415000   -1.208593
515.416000   -1.203801
515.417000   -1.198042
515.418000   -1.191546
515.419000   -1.184470
515.420000   -1.177028
515.421000   -1.169686
515.422000   -1.163227
515.423000   -1.158540
515.424000   -1.156347
515.425000   -1.157055
515.426000   -1.160724
515.427000   -1.167068
515.428000   -1.175494
515.429000   -1.185239
515.430000   -1.195644
515.431000   -1.206471
515.432000   -1.217903
515.433000   -1.230165
515.434000   -1.243218
515.435000   -1.256701
515.436000   -1.269996
515.437000   -1.282319
515.438000   -1.292850
515.439000   -1.300934
515.440000   -1.306285
515.441000   -1.308959
515.442000   -1.309076
515.443000   -1.306643
515.444000   -1.301585
515.445000   -1.293838
515.446000   -1.283404
515.447000   -1.270437
515.448000   -1.255343
515.449000   -1.238785
515.450000   -1.221466
515.451000   -1.203940
515.452000   -1.186673
515.453000   -1.170119
515.454000   -1.154694
515.455000   -1.140731
515.456000   -1.128457
515.457000   -1.118002
515.458000   -1.109447
515.459000   -1.102881
515.460000   -1.098452
515.461000   -1.096329
515.462000   -1.096574
515.463000   -1.099042
515.464000   -1.103379
515.465000   -1.109046
515.466000   -1.115385
515.467000   -1.121719
515.468000   -1.127494
515.469000   -1.132400
515.470000   -1.136393
515.471000   -1.139583
515.472000   -1.142107
515.473000   -1.144073
515.474000   -1.145554
515.475000   -1.146591
515.476000   -1.147192
515.477000   -1.147339
515.478000   -1.147054
515.479000   -1.146528
515.480000   -1.146098
515.481000   -1.146081
515.482000   -1.146678
515.483000   -1.147979
515.484000   -1.149982
515.485000   -1.152607
515.486000   -1.155684
515.487000   -1.159006
515.488000   -1.162461
515.489000   -1.166069
515.490000   -1.169862
515.491000   -1.173812
515.492000   -1.177812
515.493000   -1.181679
515.494000   -1.185137
515.495000   -1.187802
515.496000   -1.189227
515.497000   -1.189050
515.498000   -1.187145
515.499000   -1.183583
515.500000   -1.178508
515.501000   -1.172072
515.501000   -1.172072
515.502000   -1.164399
515.503000   -1.155567
515.504000   -1.145590
515.505000   -1.134437
515.506000   -1.122113
515.507000   -1.108745
515.508000   -1.094591
515.509000   -1.079995
515.510000   -1.065347
515.511000   -1.051034
515.512000   -1.037382
515.513000   -1.024636
515.514000   -1.012962
515.515000   -1.002456
515.516000   -0.993147
515.517000   -0.985018
515.518000   -0.978080
515.519000   -0.972445
515.520000   -0.968290
515.521000   -0.965788
515.522000   -0.965056
515.523000   -0.966130
515.524000   -0.968933
515.525000   -0.973201
515.526000   -0.978470
515.527000   -0.984238
515.528000   -0.990185
515.529000   -0.996193
515.530000   -1.002244
515.531000   -1.008311
515.532000   -1.014298
515.533000   -1.019994
515.534000   -1.025068
515.535000   -1.029180
515.536000   -1.032195
515.537000   -1.034307
515.538000   -1.035950
515.539000   -1.037625
515.540000   -1.039755
515.541000   -1.042621
515.542000   -1.046315
515.543000   -1.050727
515.544000   -1.055614
515.545000   -1.060721
515.546000   -1.065876
515.547000   -1.071013
515.548000   -1.076151
515.549000   -1.081292
515.550000   -1.086338
515.551000   -1.091038
515.552000   -1.094967
515.553000   -1.097554
515.554000   -1.098195
515.555000   -1.096443
515.556000   -1.092133
515.557000   -1.085382
515.558000   -1.076491
515.559000   -1.065835
515.560000   -1.053778
515.561000   -1.040613
515.562000   -1.026529
515.563000   -1.011674
515.564000   -0.996274
515.565000   -0.980712
515.566000   -0.965510
515.567000   -0.951244
515.568000   -0.938421
515.569000   -0.927383
515.570000   -0.918250
515.571000   -0.910917
515.572000   -0.905096
515.573000   -0.900444
515.574000   -0.896707
515.575000   -0.893824
515.576000   -0.891890
515.577000   -0.891054
515.578000   -0.891424
515.579000   -0.893026
515.580000   -0.895805
515.581000   -0.899630
515.582000   -0.904286
515.583000   -0.909506
515.584000   -0.915079
515.585000   -0.920982
515.586000   -0.927363
515.587000   -0.934408
515.588000   -0.942244
515.589000   -0.950899
515.590000   -0.960274
515.591000   -0.970119
515.592000   -0.980097
515.593000   -0.990019
515.594000   -1.000063
515.595000   -1.010699
515.596000   -1.022466
515.597000   -1.035789
515.598000   -1.050891
515.599000   -1.067741
515.600000   -1.086037
515.601000   -1.105286
515.602000   -1.125010
515.603000   -1.144952
515.604000   -1.165072
515.605000   -1.185360
515.606000   -1.205663
515.607000   -1.225622
515.608000   -1.244678
515.609000   -1.262108
515.610000   -1.277128
515.611000   -1.289116
515.612000   -1.297889
515.613000   -1.303772
515.614000   -1.307362
515.615000   -1.309236
515.616000   -1.309817
515.617000   -1.309338
515.618000   -1.307829
515.619000   -1.305151
515.620000   -1.301145
515.621000   -1.295878
515.622000   -1.289761
515.623000   -1.283384
515.624000   -1.277231
515.625000   -1.271536
515.626000   -1.266278
515.627000   -1.261210
515.628000   -1.255912
515.629000   -1.249920
515.630000   -1.242985
515.631000   -1.235343
515.632000   -1.227678
515.633000   -1.220756
515.634000   -1.215114
515.635000   -1.210974
515.636000   -1.208261
515.637000   -1.206627
515.638000   -1.205499
515.639000   -1.204220
515.640000   -1.202312
515.641000   -1.199712
515.642000   -1.196713
515.643000   -1.193630
515.644000   -1.190607
515.645000   -1.187608
515.646000   -1.184473
515.647000   -1.180925
515.648000   -1.176572
515.649000   -1.171000
515.650000   -1.164163
515.651000   -1.156703
515.652000   -1.149661
515.653000   -1.143995
515.654000   -1.140388
515.655000   -1.139220
515.656000   -1.140546
515.657000   -1.144030
515.658000   -1.148969
515.659000   -1.154646
515.660000   -1.160896
515.661000   -1.168141
515.662000   -1.176824
515.663000   -1.187055
515.664000   -1.198572
515.665000   -1.210796
515.666000   -1.222838
515.667000   -1.233503
515.668000   -1.241511
515.669000   -1.246091
515.670000   -1.247452
515.671000   -1.246397
515.672000   -1.243710
515.673000   -1.239940
515.674000   -1.235382
515.675000   -1.230069
515.676000   -1.223724
515.677000   -1.215793
515.678000   -1.205809
515.679000   -1.193964
515.680000   -1.181135
515.681000   -1.168310
515.682000   -1.156204
515.683000   -1.145211
515.684000   -1.135431
515.685000   -1.126665
515.686000   -1.118395
515.687000   -1.109942
515.688000   -1.100982
515.689000   -1.091917
515.690000   -1.083488
515.691000   -1.076265
515.692000   -1.070495
515.693000   -1.066117
515.694000   -1.062763
515.695000   -1.059708
515.696000   -1.055905
515.697000   -1.050398
515.698000   -1.042998
515.699000   -1.034290
515.700000   -1.024988
515.701000   -1.015558
515.702000   -1.006178
515.703000   -0.996790
515.704000   -0.987081
515.705000   -0.976444
515.706000   -0.964086
515.707000   -0.949663
515.708000   -0.933956
515.709000   -0.918454
515.710000   -0.904522
515.711000   -0.893111
515.712000   -0.884770
515.713000   -0.879672
515.714000   -0.877581
515.715000   -0.877831
515.716000   -0.879585
515.717000   -0.882431
515.718000   -0.886625
515.719000   -0.892568
515.720000   -0.900369
515.721000   -0.909808
515.722000   -0.920427
515.723000   -0.931588
515.724000   -0.942457
515.725000   -0.952058
515.726000   -0.959647
515.727000   -0.965221
515.728000   -0.969388
515.729000   -0.972824
515.730000   -0.976000
515.731000   -0.979158
515.732000   -0.982302
515.733000   -0.985149
515.734000   -0.987142
515.735000   -0.987712
515.736000   -0.986799
515.737000   -0.984963
515.738000   -0.982943
515.739000   -0.981302
515.740000   -0.980351
515.741000   -0.980171
515.742000   -0.980614
515.743000   -0.981288
515.744000   -0.981642
515.745000   -0.981344
515.746000   -0.980721
515.747000   -0.980572
515.748000   -0.981624
515.749000   -0.984251
515.750000   -0.988471
515.751000   -0.993996
515.752000   -1.000259
515.753000   -1.006469
515.754000   -1.011870
515.755000   -1.016176
515.756000   -1.019614
515.757000   -1.022452
515.758000   -1.024702
515.759000   -1.026177
515.760000   -1.026616
515.761000   -1.025710
515.762000   -1.023074
515.763000   -1.018323
515.764000   -1.011410
515.765000   -1.002927
515.766000   -0.993838
515.767000   -0.985027
515.768000   -0.977134
515.769000   -0.970573
515.770000   -0.965528
515.771000   -0.961930
515.772000   -0.959471
515.773000   -0.957832
515.774000   -0.957042
515.775000   -0.957547
515.776000   -0.959884
515.777000   -0.964422
515.778000   -0.971307
515.779000   -0.980497
515.780000   -0.991789
515.781000   -1.004838
515.782000   -1.019225
515.783000   -1.034661
515.784000   -1.051192
515.785000   -1.069076
515.786000   -1.088457
515.787000   -1.109209
515.788000   -1.130959
515.789000   -1.153170
515.790000   -1.175199
515.791000   -1.196375
515.792000   -1.216105
515.793000   -1.233977
515.794000   -1.249759
515.795000   -1.263331
515.796000   -1.274682
515.797000   -1.283918
515.798000   -1.291236
515.799000   -1.296886
515.800000   -1.301099
515.801000   -1.304069
515.802000   -1.306027
515.803000   -1.307349
515.804000   -1.308559
515.805000   -1.310205
515.806000   -1.312689
515.807000   -1.316162
515.808000   -1.320487
515.809000   -1.325254
515.810000   -1.329842
515.811000   -1.333611
515.812000   -1.336206
515.813000   -1.337762
515.814000   -1.338777
515.815000   -1.339811
515.816000   -1.341267
515.817000   -1.343327
515.818000   -1.345958
515.819000   -1.348943
515.820000   -1.352000
515.821000   -1.355036
515.822000   -1.358332
515.823000   -1.362344
515.824000   -1.367293
515.825000   -1.372992
515.826000   -1.378940
515.827000   -1.384461
515.828000   -1.388813
515.829000   -1.391310
515.830000   -1.391496
515.831000   -1.389278
515.832000   -1.384797
515.833000   -1.378184
515.834000   -1.369531
515.835000   -1.359002
515.836000   -1.346882
515.837000   -1.333561
515.838000   -1.319510
515.839000   -1.305299
515.840000   -1.291623
515.841000   -1.279247
515.842000   -1.268871
515.843000   -1.261048
515.844000   -1.256133
515.845000   -1.254234
515.846000   -1.255207
515.847000   -1.258678
515.848000   -1.264109
515.849000   -1.270897
515.850000   -1.278502
515.851000   -1.286608
515.852000   -1.295215
515.853000   -1.304520
515.854000   -1.314714
515.855000   -1.325888
515.856000   -1.338020
515.857000   -1.350962
515.858000   -1.364402
515.859000   -1.377846
515.860000   -1.390700
515.861000   -1.402437
515.862000   -1.412649
515.863000   -1.420929
515.864000   -1.426819
515.865000   -1.429868
515.866000   -1.429676
515.867000   -1.425900
515.868000   -1.418226
515.869000   -1.406444
515.870000   -1.390671
515.871000   -1.371522
515.872000   -1.349956
515.873000   -1.327026
515.874000   -1.303737
515.875000   -1.280945
515.876000   -1.259240
515.877000   -1.238846
515.878000   -1.219653
515.879000   -1.201508
515.880000   -1.184563
515.881000   -1.169252
515.882000   -1.155993
515.883000   -1.144989
515.884000   -1.136195
515.885000   -1.129318
515.886000   -1.123846
515.887000   -1.119130
515.888000   -1.114611
515.889000   -1.110104
515.890000   -1.105867
515.891000   -1.102332
515.892000   -1.099836
515.893000   -1.098510
515.894000   -1.098245
515.895000   -1.098698
515.896000   -1.099332
515.897000   -1.099536
515.898000   -1.098722
515.899000   -1.096325
515.900000   -1.091760
515.901000   -1.084488
515.902000   -1.074138
515.903000   -1.060572
515.904000   -1.043913
515.905000   -1.024575
515.906000   -1.003262
515.907000   -0.980895
515.908000   -0.958424
515.909000   -0.936712
515.910000   -0.916599
515.911000   -0.898902
515.912000   -0.884327
515.913000   -0.873355
515.914000   -0.866180
515.915000   -0.862695
515.916000   -0.862518
515.917000   -0.865105
515.918000   -0.869917
515.919000   -0.876506
515.920000   -0.884467
515.921000   -0.893355
515.922000   -0.902649
515.923000   -0.911769
515.924000   -0.920138
515.925000   -0.927260
515.926000   -0.932809
515.927000   -0.936688
515.928000   -0.938983
515.929000   -0.939849
515.930000   -0.939388
515.931000   -0.937578
515.932000   -0.934272
515.933000   -0.929269
515.934000   -0.922398
515.935000   -0.913592
515.936000   -0.902908
515.937000   -0.890539
515.938000   -0.876808
515.939000   -0.862158
515.940000   -0.847112
515.941000   -0.832240
515.942000   -0.818112
515.943000   -0.805255
515.944000   -0.794098
515.945000   -0.784968
515.946000   -0.778155
515.947000   -0.773984
515.948000   -0.772815
515.949000   -0.774967
515.950000   -0.780595
515.951000   -0.789614
515.952000   -0.801660
515.953000   -0.816094
515.954000   -0.832096
515.955000   -0.848840
515.956000   -0.865657
515.957000   -0.882111
515.958000   -0.897975
515.959000   -0.913153
515.960000   -0.927608
515.961000   -0.941319
515.962000   -0.954269
515.963000   -0.966451
515.964000   -0.977864
515.965000   -0.988532
515.966000   -0.998554
515.967000   -1.008176
515.968000   -1.017762
515.969000   -1.027650
515.970000   -1.038053
515.971000   -1.049008
515.972000   -1.060369
515.973000   -1.071802
515.974000   -1.082856
515.975000   -1.093140
515.976000   -1.102528
515.977000   -1.111188
515.978000   -1.119443
515.979000   -1.127619
515.980000   -1.135947
515.981000   -1.144517
515.982000   -1.153266
515.983000   -1.162015
515.984000   -1.170586
515.985000   -1.178924
515.986000   -1.187155
515.987000   -1.195455
515.988000   -1.203865
515.989000   -1.212201
515.990000   -1.220070
515.991000   -1.226939
515.992000   -1.232261
515.993000   -1.235623
515.994000   -1.236888
515.995000   -1.236249
515.996000   -1.234167
515.997000   -1.231189
515.998000   -1.227802
515.999000   -1.224385
516.000000   -1.221214
516.001000   -1.218504
516.001000   -1.218504
516.002000   -1.216444
516.003000   -1.215208
516.004000   -1.214961
516.005000   -1.215819
516.006000   -1.217792
516.007000   -1.220732
516.008000   -1.224357
516.009000   -1.228305
516.010000   -1.232203
516.011000   -1.235727
516.012000   -1.238624
516.013000   -1.240718
516.014000   -1.241927
516.015000   -1.242280
516.016000   -1.241917
516.017000   -1.241043
516.018000   -1.239895
516.019000   -1.238709
516.020000   -1.237690
516.021000   -1.236984
516.022000   -1.236709
516.023000   -1.237048
516.024000   -1.238320
516.025000   -1.240903
516.026000   -1.245089
516.027000   -1.250996
516.028000   -1.258547
516.029000   -1.267491
516.030000   -1.277437
516.031000   -1.287959
516.032000   -1.298806
516.033000   -1.310059
516.034000   -1.322021
516.035000   -1.334952
516.036000   -1.348919
516.037000   -1.363768
516.038000   -1.379127
516.039000   -1.394416
516.040000   -1.408884
516.041000   -1.421782
516.042000   -1.432612
516.043000   -1.441198
516.044000   -1.447510
516.045000   -1.451497
516.046000   -1.453041
516.047000   -1.451983
516.048000   -1.448124
516.049000   -1.441248
516.050000   -1.431222
516.051000   -1.418210
516.052000   -1.402762
516.053000   -1.385661
516.054000   -1.367682
516.055000   -1.349466
516.056000   -1.331448
516.057000   -1.313816
516.058000   -1.296489
516.059000   -1.279178
516.060000   -1.261608
516.061000   -1.243762
516.062000   -1.225860
516.063000   -1.208160
516.064000   -1.190823
516.065000   -1.173912
516.066000   -1.157425
516.067000   -1.141307
516.068000   -1.125474
516.069000   -1.109904
516.070000   -1.094815
516.071000   -1.080682
516.072000   -1.068063
516.073000   -1.057419
516.074000   -1.049047
516.075000   -1.043051
516.076000   -1.039307
516.077000   -1.037437
516.078000   -1.036873
516.079000   -1.037061
516.080000   -1.037659
516.081000   -1.038525
516.082000   -1.039561
516.083000   -1.040648
516.084000   -1.041630
516.085000   -1.042308
516.086000   -1.042432
516.087000   -1.041728
516.088000   -1.040036
516.089000   -1.037482
516.090000   -1.034483
516.091000   -1.031576
516.092000   -1.029262
516.093000   -1.027919
516.094000   -1.027731
516.095000   -1.028629
516.096000   -1.030270
516.097000   -1.032166
516.098000   -1.033937
516.099000   -1.035447
516.100000   -1.036684
516.101000   -1.037588
516.102000   -1.037993
516.103000   -1.037639
516.104000   -1.036167
516.105000   -1.033131
516.106000   -1.028096
516.107000   -1.020918
516.108000   -1.011982
516.109000   -1.002061
516.110000   -0.991981
516.111000   -0.982394
516.112000   -0.973687
516.113000   -0.965937
516.114000   -0.958893
516.115000   -0.952041
516.116000   -0.944826
516.117000   -0.936948
516.118000   -0.928429
516.119000   -0.919417
516.120000   -0.910004
516.121000   -0.900183
516.122000   -0.889872
516.123000   -0.878936
516.124000   -0.867229
516.125000   -0.854686
516.126000   -0.841487
516.127000   -0.828109
516.128000   -0.815180
516.129000   -0.803292
516.130000   -0.792896
516.131000   -0.784261
516.132000   -0.777448
516.133000   -0.772313
516.134000   -0.768566
516.135000   -0.765931
516.136000   -0.764281
516.137000   -0.763635
516.138000   -0.764085
516.139000   -0.765751
516.140000   -0.768735
516.141000   -0.773059
516.142000   -0.778606
516.143000   -0.785131
516.144000   -0.792367
516.145000   -0.800219
516.146000   -0.808855
516.147000   -0.818639
516.148000   -0.829986
516.149000   -0.843194
516.150000   -0.858288
516.151000   -0.874940
516.152000   -0.892509
516.153000   -0.910204
516.154000   -0.927328
516.155000   -0.943485
516.156000   -0.958601
516.157000   -0.972821
516.158000   -0.986387
516.159000   -0.999511
516.160000   -1.012306
516.161000   -1.024767
516.162000   -1.036825
516.163000   -1.048476
516.164000   -1.059941
516.165000   -1.071659
516.166000   -1.084097
516.167000   -1.097543
516.168000   -1.111980
516.169000   -1.127050
516.170000   -1.142083
516.171000   -1.156203
516.172000   -1.168526
516.173000   -1.178409
516.174000   -1.185572
516.175000   -1.190037
516.176000   -1.192002
516.177000   -1.191741
516.178000   -1.189533
516.179000   -1.185595
516.180000   -1.180083
516.181000   -1.173158
516.182000   -1.165142
516.183000   -1.156624
516.184000   -1.148390
516.185000   -1.141189
516.186000   -1.135521
516.187000   -1.131534
516.188000   -1.129040
516.189000   -1.127618
516.190000   -1.126764
516.191000   -1.126087
516.192000   -1.125455
516.193000   -1.124990
516.194000   -1.124898
516.195000   -1.125309
516.196000   -1.126222
516.197000   -1.127548
516.198000   -1.129170
516.199000   -1.131012
516.200000   -1.133108
516.201000   -1.135658
516.202000   -1.138986
516.203000   -1.143388
516.204000   -1.148970
516.205000   -1.155597
516.206000   -1.162937
516.207000   -1.170545
516.208000   -1.177949
516.209000   -1.184728
516.210000   -1.190590
516.211000   -1.195396
516.212000   -1.199120
516.213000   -1.201821
516.214000   -1.203653
516.215000   -1.204867
516.216000   -1.205769
516.217000   -1.206702
516.218000   -1.208051
516.219000   -1.210253
516.220000   -1.213775
516.221000   -1.219030
516.222000   -1.226309
516.223000   -1.235762
516.224000   -1.247385
516.225000   -1.260989
516.226000   -1.276215
516.227000   -1.292591
516.228000   -1.309623
516.229000   -1.326858
516.230000   -1.343907
516.231000   -1.360435
516.232000   -1.376141
516.233000   -1.390694
516.234000   -1.403708
516.235000   -1.414775
516.236000   -1.423577
516.237000   -1.429987
516.238000   -1.434119
516.239000   -1.436289
516.240000   -1.436876
516.241000   -1.436125
516.242000   -1.433982
516.243000   -1.430111
516.244000   -1.424095
516.245000   -1.415657
516.246000   -1.404790
516.247000   -1.391777
516.248000   -1.377125
516.249000   -1.361429
516.250000   -1.345244
516.251000   -1.328988
516.252000   -1.312904
516.253000   -1.297109
516.254000   -1.281669
516.255000   -1.266684
516.256000   -1.252348
516.257000   -1.238933
516.258000   -1.226719
516.259000   -1.215901
516.260000   -1.206506
516.261000   -1.198340
516.262000   -1.190992
516.263000   -1.183957
516.264000   -1.176798
516.265000   -1.169288
516.266000   -1.161429
516.267000   -1.153380
516.268000   -1.145327
516.269000   -1.137389
516.270000   -1.129552
516.271000   -1.121691
516.272000   -1.113646
516.273000   -1.105332
516.274000   -1.096809
516.275000   -1.088288
516.276000   -1.080048
516.277000   -1.072345
516.278000   -1.065320
516.279000   -1.058976
516.280000   -1.053211
516.281000   -1.047889
516.282000   -1.042918
516.283000   -1.038319
516.284000   -1.034247
516.285000   -1.030946
516.286000   -1.028656
516.287000   -1.027544
516.288000   -1.027671
516.289000   -1.029006
516.290000   -1.031458
516.291000   -1.034907
516.292000   -1.039258
516.293000   -1.044470
516.294000   -1.050540
516.295000   -1.057415
516.296000   -1.064913
516.297000   -1.072698
516.298000   -1.080304
516.299000   -1.087192
516.300000   -1.092821
516.301000   -1.096737
516.302000   -1.098655
516.303000   -1.098491
516.304000   -1.096306
516.305000   -1.092244
516.306000   -1.086486
516.307000   -1.079229
516.308000   -1.070669
516.309000   -1.060995
516.310000   -1.050430
516.311000   -1.039301
516.312000   -1.028071
516.313000   -1.017268
516.314000   -1.007368
516.315000   -0.998691
516.316000   -0.991344
516.317000   -0.985205
516.318000   -0.979954
516.319000   -0.975171
516.320000   -0.970493
516.321000   -0.965718
516.322000   -0.960797
516.323000   -0.955756
516.324000   -0.950630
516.325000   -0.945432
516.326000   -0.940149
516.327000   -0.934746
516.328000   -0.929215
516.329000   -0.923646
516.330000   -0.918288
516.331000   -0.913503
516.332000   -0.909649
516.333000   -0.906967
516.334000   -0.905528
516.335000   -0.905241
516.336000   -0.905880
516.337000   -0.907166
516.338000   -0.908860
516.339000   -0.910877
516.340000   -0.913300
516.341000   -0.916309
516.342000   -0.920082
516.343000   -0.924749
516.344000   -0.930392
516.345000   -0.937072
516.346000   -0.944856
516.347000   -0.953835
516.348000   -0.964143
516.349000   -0.975940
516.350000   -0.989326
516.351000   -1.004234
516.352000   -1.020393
516.353000   -1.037366
516.354000   -1.054636
516.355000   -1.071686
516.356000   -1.088044
516.357000   -1.103325
516.358000   -1.117274
516.359000   -1.129777
516.360000   -1.140818
516.361000   -1.150431
516.362000   -1.158688
516.363000   -1.165698
516.364000   -1.171599
516.365000   -1.176524
516.366000   -1.180577
516.367000   -1.183883
516.368000   -1.186631
516.369000   -1.189041
516.370000   -1.191256
516.371000   -1.193276
516.372000   -1.194962
516.373000   -1.196067
516.374000   -1.196258
516.375000   -1.195167
516.376000   -1.192507
516.377000   -1.188236
516.378000   -1.182621
516.379000   -1.176134
516.380000   -1.169291
516.381000   -1.162546
516.382000   -1.156237
516.383000   -1.150543
516.384000   -1.145462
516.385000   -1.140850
516.386000   -1.136525
516.387000   -1.132370
516.388000   -1.128330
516.389000   -1.124341
516.390000   -1.120284
516.391000   -1.115992
516.392000   -1.111265
516.393000   -1.105906
516.394000   -1.099760
516.395000   -1.092794
516.396000   -1.085178
516.397000   -1.077290
516.398000   -1.069636
516.399000   -1.062746
516.400000   -1.057110
516.401000   -1.053128
516.402000   -1.051070
516.403000   -1.051044
516.404000   -1.053026
516.405000   -1.056924
516.406000   -1.062630
516.407000   -1.070005
516.408000   -1.078859
516.409000   -1.088948
516.410000   -1.099993
516.411000   -1.111691
516.412000   -1.123725
516.413000   -1.135801
516.414000   -1.147709
516.415000   -1.159398
516.416000   -1.170977
516.417000   -1.182658
516.418000   -1.194685
516.419000   -1.207257
516.420000   -1.220454
516.421000   -1.234180
516.422000   -1.248154
516.423000   -1.261977
516.424000   -1.275253
516.425000   -1.287665
516.426000   -1.298962
516.427000   -1.308883
516.428000   -1.317108
516.429000   -1.323241
516.430000   -1.326835
516.431000   -1.327461
516.432000   -1.324829
516.433000   -1.318961
516.434000   -1.310283
516.435000   -1.299541
516.436000   -1.287590
516.437000   -1.275184
516.438000   -1.262857
516.439000   -1.250880
516.440000   -1.239271
516.441000   -1.227886
516.442000   -1.216578
516.443000   -1.205343
516.444000   -1.194352
516.445000   -1.183832
516.446000   -1.173914
516.447000   -1.164551
516.448000   -1.155515
516.449000   -1.146456
516.450000   -1.137013
516.451000   -1.126950
516.452000   -1.116318
516.453000   -1.105503
516.454000   -1.095093
516.455000   -1.085650
516.456000   -1.077531
516.457000   -1.070836
516.458000   -1.065441
516.459000   -1.061071
516.460000   -1.057388
516.461000   -1.054104
516.462000   -1.051054
516.463000   -1.048185
516.464000   -1.045481
516.465000   -1.042901
516.466000   -1.040375
516.467000   -1.037820
516.468000   -1.035166
516.469000   -1.032370
516.470000   -1.029468
516.471000   -1.026599
516.472000   -1.024005
516.473000   -1.021976
516.474000   -1.020796
516.475000   -1.020702
516.476000   -1.021841
516.477000   -1.024230
516.478000   -1.027753
516.479000   -1.032178
516.480000   -1.037209
516.481000   -1.042502
516.482000   -1.047685
516.483000   -1.052390
516.484000   -1.056294
516.485000   -1.059127
516.486000   -1.060666
516.487000   -1.060724
516.488000   -1.059192
516.489000   -1.056074
516.490000   -1.051510
516.491000   -1.045757
516.492000   -1.039130
516.493000   -1.031900
516.494000   -1.024189
516.495000   -1.015939
516.496000   -1.006966
516.497000   -0.997074
516.498000   -0.986169
516.499000   -0.974317
516.500000   -0.961752
516.501000   -0.948821
516.501000   -0.948821
516.502000   -0.935872
516.503000   -0.923143
516.504000   -0.910730
516.505000   -0.898669
516.506000   -0.887069
516.507000   -0.876202
516.508000   -0.866516
516.509000   -0.858565
516.510000   -0.852883
516.511000   -0.849841
516.512000   -0.849519
516.513000   -0.851701
516.514000   -0.855979
516.515000   -0.861930
516.516000   -0.869239
516.517000   -0.877736
516.518000   -0.887340
516.519000   -0.897972
516.520000   -0.909485
516.521000   -0.921633
516.522000   -0.934080
516.523000   -0.946458
516.524000   -0.958432
516.525000   -0.969771
516.526000   -0.980402
516.527000   -0.990390
516.528000   -0.999892
516.529000   -1.009075
516.530000   -1.018053
516.531000   -1.026830
516.532000   -1.035302
516.533000   -1.043292
516.534000   -1.050635
516.535000   -1.057234
516.536000   -1.063071
516.537000   -1.068169
516.538000   -1.072538
516.539000   -1.076145
516.540000   -1.078909
516.541000   -1.080720
516.542000   -1.081486
516.543000   -1.081167
516.544000   -1.079816
516.545000   -1.077570
516.546000   -1.074596
516.547000   -1.071014
516.548000   -1.066862
516.549000   -1.062094
516.550000   -1.056607
516.551000   -1.050277
516.552000   -1.043009
516.553000   -1.034800
516.554000   -1.025780
516.555000   -1.016163
516.556000   -1.006178
516.557000   -0.996006
516.558000   -0.985774
516.559000   -0.975546
516.560000   -0.965329
516.561000   -0.955122
516.562000   -0.945014
516.563000   -0.935268
516.564000   -0.926305
516.565000   -0.918603
516.566000   -0.912581
516.567000   -0.908519
516.568000   -0.906478
516.569000   -0.906267
516.570000   -0.907508
516.571000   -0.909830
516.572000   -0.913067
516.573000   -0.917302
516.574000   -0.922762
516.575000   -0.929651
516.576000   -0.938019
516.577000   -0.947668
516.578000   -0.958133
516.579000   -0.968810
516.580000   -0.979182
516.581000   -0.989026
516.582000   -0.998450
516.583000   -1.007739
516.584000   -1.017165
516.585000   -1.026854
516.586000   -1.036736
516.587000   -1.046539
516.588000   -1.055863
516.589000   -1.064323
516.590000   -1.071717
516.591000   -1.078116
516.592000   -1.083789
516.593000   -1.089037
516.594000   -1.094062
516.595000   -1.098923
516.596000   -1.103540
516.597000   -1.107741
516.598000   -1.111331
516.599000   -1.114217
516.600000   -1.116487
516.601000   -1.118377
516.602000   -1.120126
516.603000   -1.121860
516.604000   -1.123546
516.605000   -1.125017
516.606000   -1.126013
516.607000   -1.126243
516.608000   -1.125454
516.609000   -1.123522
516.610000   -1.120470
516.611000   -1.116411
516.612000   -1.111469
516.613000   -1.105739
516.614000   -1.099288
516.615000   -1.092154
516.616000   -1.084348
516.617000   -1.075885
516.618000   -1.066883
516.619000   -1.057633
516.620000   -1.048548
516.621000   -1.040031
516.622000   -1.032375
516.623000   -1.025727
516.624000   -1.020076
516.625000   -1.015253
516.626000   -1.010979
516.627000   -1.007006
516.628000   -1.003296
516.629000   -1.000072
516.630000   -0.997696
516.631000   -0.996511
516.632000   -0.996746
516.633000   -0.998476
516.634000   -1.001605
516.635000   -1.005895
516.636000   -1.011103
516.637000   -1.017176
516.638000   -1.024341
516.639000   -1.032955
516.640000   -1.043273
516.641000   -1.055315
516.642000   -1.068830
516.643000   -1.083319
516.644000   -1.098105
516.645000   -1.112467
516.646000   -1.125834
516.647000   -1.137942
516.648000   -1.148782
516.649000   -1.158443
516.650000   -1.166989
516.651000   -1.174427
516.652000   -1.180713
516.653000   -1.185756
516.654000   -1.189456
516.655000   -1.191803
516.656000   -1.192987
516.657000   -1.193397
516.658000   -1.193465
516.659000   -1.193517
516.660000   -1.193705
516.661000   -1.194007
516.662000   -1.194241
516.663000   -1.194102
516.664000   -1.193257
516.665000   -1.191484
516.666000   -1.188778
516.667000   -1.185316
516.668000   -1.181347
516.669000   -1.177115
516.670000   -1.172824
516.671000   -1.168619
516.672000   -1.164564
516.673000   -1.160668
516.674000   -1.156939
516.675000   -1.153447
516.676000   -1.150314
516.677000   -1.147634
516.678000   -1.145414
516.679000   -1.143559
516.680000   -1.141879
516.681000   -1.140108
516.682000   -1.137940
516.683000   -1.135105
516.684000   -1.131471
516.685000   -1.127107
516.686000   -1.122256
516.687000   -1.117257
516.688000   -1.112474
516.689000   -1.108234
516.690000   -1.104763
516.691000   -1.102166
516.692000   -1.100451
516.693000   -1.099632
516.694000   -1.099816
516.695000   -1.101201
516.696000   -1.103965
516.697000   -1.108172
516.698000   -1.113710
516.699000   -1.120284
516.700000   -1.127431
516.701000   -1.134612
516.702000   -1.141354
516.703000   -1.147414
516.704000   -1.152828
516.705000   -1.157826
516.706000   -1.162680
516.707000   -1.167601
516.708000   -1.172680
516.709000   -1.177873
516.710000   -1.183023
516.711000   -1.187939
516.712000   -1.192520
516.713000   -1.196813
516.714000   -1.200939
516.715000   -1.204966
516.716000   -1.208831
516.717000   -1.212334
516.718000   -1.215162
516.719000   -1.216945
516.720000   -1.217333
516.721000   -1.216109
516.722000   -1.213264
516.723000   -1.208988
516.724000   -1.203588
516.725000   -1.197403
516.726000   -1.190756
516.727000   -1.183909
516.728000   -1.177042
516.729000   -1.170257
516.730000   -1.163636
516.731000   -1.157308
516.732000   -1.151469
516.733000   -1.146326
516.734000   -1.142024
516.735000   -1.138590
516.736000   -1.135929
516.737000   -1.133837
516.738000   -1.132045
516.739000   -1.130294
516.740000   -1.128428
516.741000   -1.126435
516.742000   -1.124410
516.743000   -1.122456
516.744000   -1.120606
516.745000   -1.118813
516.746000   -1.116973
516.747000   -1.114967
516.748000   -1.112715
516.749000   -1.110233
516.750000   -1.107657
516.751000   -1.105197
516.752000   -1.103026
516.753000   -1.101200
516.754000   -1.099646
516.755000   -1.098210
516.756000   -1.096726
516.757000   -1.095063
516.758000   -1.093177
516.759000   -1.091140
516.760000   -1.089122
516.761000   -1.087325
516.762000   -1.085892
516.763000   -1.084851
516.764000   -1.084124
516.765000   -1.083574
516.766000   -1.083063
516.767000   -1.082510
516.768000   -1.081936
516.769000   -1.081481
516.770000   -1.081341
516.771000   -1.081662
516.772000   -1.082442
516.773000   -1.083544
516.774000   -1.084767
516.775000   -1.085933
516.776000   -1.086952
516.777000   -1.087855
516.778000   -1.088781
516.779000   -1.089917
516.780000   -1.091417
516.781000   -1.093362
516.782000   -1.095766
516.783000   -1.098587
516.784000   -1.101723
516.785000   -1.105025
516.786000   -1.108321
516.787000   -1.111434
516.788000   -1.114181
516.789000   -1.116387
516.790000   -1.117921
516.791000   -1.118744
516.792000   -1.118893
516.793000   -1.118438
516.794000   -1.117465
516.795000   -1.116082
516.796000   -1.114443
516.797000   -1.112738
516.798000   -1.111190
516.799000   -1.110035
516.800000   -1.109506
516.801000   -1.109793
516.802000   -1.110994
516.803000   -1.113114
516.804000   -1.116082
516.805000   -1.119773
516.806000   -1.124017
516.807000   -1.128593
516.808000   -1.133237
516.809000   -1.137671
516.810000   -1.141633
516.811000   -1.144904
516.812000   -1.147319
516.813000   -1.148781
516.814000   -1.149261
516.815000   -1.148773
516.816000   -1.147357
516.817000   -1.145082
516.818000   -1.142081
516.819000   -1.138574
516.820000   -1.134850
516.821000   -1.131224
516.822000   -1.128004
516.823000   -1.125471
516.824000   -1.123849
516.825000   -1.123289
516.826000   -1.123857
516.827000   -1.125560
516.828000   -1.128358
516.829000   -1.132173
516.830000   -1.136895
516.831000   -1.142415
516.832000   -1.148654
516.833000   -1.155569
516.834000   -1.163139
516.835000   -1.171349
516.836000   -1.180156
516.837000   -1.189461
516.838000   -1.199090
516.839000   -1.208826
516.840000   -1.218479
516.841000   -1.227941
516.842000   -1.237182
516.843000   -1.246212
516.844000   -1.255025
516.845000   -1.263549
516.846000   -1.271622
516.847000   -1.278995
516.848000   -1.285399
516.849000   -1.290642
516.850000   -1.294689
516.851000   -1.297668
516.852000   -1.299801
516.853000   -1.301309
516.854000   -1.302350
516.855000   -1.302977
516.856000   -1.303144
516.857000   -1.302760
516.858000   -1.301773
516.859000   -1.300246
516.860000   -1.298387
516.861000   -1.296489
516.862000   -1.294829
516.863000   -1.293584
516.864000   -1.292781
516.865000   -1.292298
516.866000   -1.291915
516.867000   -1.291401
516.868000   -1.290619
516.869000   -1.289588
516.870000   -1.288442
516.871000   -1.287337
516.872000   -1.286348
516.873000   -1.285409
516.874000   -1.284306
516.875000   -1.282714
516.876000   -1.280284
516.877000   -1.276735
516.878000   -1.271917
516.879000   -1.265808
516.880000   -1.258446
516.881000   -1.249861
516.882000   -1.240035
516.883000   -1.228913
516.884000   -1.216459
516.885000   -1.202730
516.886000   -1.187943
516.887000   -1.172493
516.888000   -1.156915
516.889000   -1.141802
516.890000   -1.127706
516.891000   -1.115066
516.892000   -1.104182
516.893000   -1.095238
516.894000   -1.088334
516.895000   -1.083521
516.896000   -1.080818
516.897000   -1.080241
516.898000   -1.081792
516.899000   -1.085397
516.900000   -1.090851
516.901000   -1.097818
516.902000   -1.105868
516.903000   -1.114542
516.904000   -1.123396
516.905000   -1.132064
516.906000   -1.140350
516.907000   -1.148277
516.908000   -1.156009
516.909000   -1.163712
516.910000   -1.171457
516.911000   -1.179188
516.912000   -1.186715
516.913000   -1.193722
516.914000   -1.199830
516.915000   -1.204732
516.916000   -1.208331
516.917000   -1.210717
516.918000   -1.212008
516.919000   -1.212232
516.920000   -1.211299
516.921000   -1.209034
516.922000   -1.205221
516.923000   -1.199663
516.924000   -1.192308
516.925000   -1.183399
516.926000   -1.173489
516.927000   -1.163273
516.928000   -1.153372
516.929000   -1.144226
516.930000   -1.136066
516.931000   -1.128916
516.932000   -1.122617
516.933000   -1.116895
516.934000   -1.111493
516.935000   -1.106295
516.936000   -1.101298
516.937000   -1.096479
516.938000   -1.091708
516.939000   -1.086742
516.940000   -1.081263
516.941000   -1.074908
516.942000   -1.067313
516.943000   -1.058200
516.944000   -1.047527
516.945000   -1.035563
516.946000   -1.022796
516.947000   -1.009770
516.948000   -0.996972
516.949000   -0.984784
516.950000   -0.973454
516.951000   -0.963092
516.952000   -0.953711
516.953000   -0.945363
516.954000   -0.938299
516.955000   -0.932969
516.956000   -0.929875
516.957000   -0.929417
516.958000   -0.931817
516.959000   -0.937087
516.960000   -0.945022
516.961000   -0.955227
516.962000   -0.967251
516.963000   -0.980802
516.964000   -0.995843
516.965000   -1.012474
516.966000   -1.030734
516.967000   -1.050473
516.968000   -1.071307
516.969000   -1.092610
516.970000   -1.113556
516.971000   -1.133258
516.972000   -1.150982
516.973000   -1.166320
516.974000   -1.179164
516.975000   -1.189549
516.976000   -1.197527
516.977000   -1.203117
516.978000   -1.206283
516.979000   -1.206951
516.980000   -1.205061
516.981000   -1.200693
516.982000   -1.194172
516.983000   -1.186026
516.984000   -1.176813
516.985000   -1.166979
516.986000   -1.156807
516.987000   -1.146421
516.988000   -1.135809
516.989000   -1.124876
516.990000   -1.113547
516.991000   -1.101868
516.992000   -1.090037
516.993000   -1.078337
516.994000   -1.067073
516.995000   -1.056527
516.996000   -1.046915
516.997000   -1.038336
516.998000   -1.030754
516.999000   -1.024043
517.000000   -1.018104
517.001000   -1.012957
517.001000   -1.012957
517.002000   -1.008712
517.003000   -1.005479
517.004000   -1.003283
517.005000   -1.002010
517.006000   -1.001377
517.007000   -1.000964
517.008000   -1.000298
517.009000   -0.999015
517.010000   -0.997018
517.011000   -0.994490
517.012000   -0.991777
517.013000   -0.989252
517.014000   -0.987227
517.015000   -0.985908
517.016000   -0.985380
517.017000   -0.985657
517.018000   -0.986796
517.019000   -0.989057
517.020000   -0.992951
517.021000   -0.999073
517.022000   -1.007864
517.023000   -1.019454
517.024000   -1.033635
517.025000   -1.049908
517.026000   -1.067585
517.027000   -1.085935
517.028000   -1.104370
517.029000   -1.122572
517.030000   -1.140447
517.031000   -1.157954
517.032000   -1.174966
517.033000   -1.191218
517.034000   -1.206337
517.035000   -1.219899
517.036000   -1.231524
517.037000   -1.241008
517.038000   -1.248462
517.039000   -1.254307
517.040000   -1.259088
517.041000   -1.263213
517.042000   -1.266801
517.043000   -1.269691
517.044000   -1.271538
517.045000   -1.271956
517.046000   -1.270677
517.047000   -1.267713
517.048000   -1.263398
517.049000   -1.258280
517.050000   -1.252922
517.051000   -1.247770
517.052000   -1.243099
517.053000   -1.239007
517.054000   -1.235452
517.055000   -1.232334
517.056000   -1.229606
517.057000   -1.227365
517.058000   -1.225827
517.059000   -1.225201
517.060000   -1.225573
517.061000   -1.226852
517.062000   -1.228786
517.063000   -1.231015
517.064000   -1.233154
517.065000   -1.234896
517.066000   -1.236090
517.067000   -1.236722
517.068000   -1.236824
517.069000   -1.236426
517.070000   -1.235579
517.071000   -1.234395
517.072000   -1.233021
517.073000   -1.231606
517.074000   -1.230311
517.075000   -1.229321
517.076000   -1.228824
517.077000   -1.228937
517.078000   -1.229684
517.079000   -1.231067
517.080000   -1.233144
517.081000   -1.235996
517.082000   -1.239646
517.083000   -1.244043
517.084000   -1.249089
517.085000   -1.254657
517.086000   -1.260558
517.087000   -1.266528
517.088000   -1.272300
517.089000   -1.277700
517.090000   -1.282662
517.091000   -1.287155
517.092000   -1.291150
517.093000   -1.294631
517.094000   -1.297603
517.095000   -1.300033
517.096000   -1.301791
517.097000   -1.302635
517.098000   -1.302292
517.099000   -1.300525
517.100000   -1.297188
517.101000   -1.292239
517.102000   -1.285772
517.103000   -1.277995
517.104000   -1.269174
517.105000   -1.259554
517.106000   -1.249341
517.107000   -1.238753
517.108000   -1.228072
517.109000   -1.217629
517.110000   -1.207739
517.111000   -1.198660
517.112000   -1.190548
517.113000   -1.183408
517.114000   -1.177059
517.115000   -1.171176
517.116000   -1.165415
517.117000   -1.159544
517.118000   -1.153470
517.119000   -1.147176
517.120000   -1.140667
517.121000   -1.133952
517.122000   -1.127027
517.123000   -1.119856
517.124000   -1.112396
517.125000   -1.104706
517.126000   -1.097038
517.127000   -1.089819
517.128000   -1.083496
517.129000   -1.078390
517.130000   -1.074637
517.131000   -1.072174
517.132000   -1.070759
517.133000   -1.070027
517.134000   -1.069613
517.135000   -1.069289
517.136000   -1.069002
517.137000   -1.068778
517.138000   -1.068604
517.139000   -1.068393
517.140000   -1.068008
517.141000   -1.067306
517.142000   -1.066178
517.143000   -1.064595
517.144000   -1.062651
517.145000   -1.060540
517.146000   -1.058455
517.147000   -1.056497
517.148000   -1.054673
517.149000   -1.052943
517.150000   -1.051252
517.151000   -1.049506
517.152000   -1.047571
517.153000   -1.045298
517.154000   -1.042551
517.155000   -1.039207
517.156000   -1.035156
517.157000   -1.030365
517.158000   -1.024975
517.159000   -1.019334
517.160000   -1.013902
517.161000   -1.009136
517.162000   -1.005405
517.163000   -1.002934
517.164000   -1.001781
517.165000   -1.001834
517.166000   -1.002895
517.167000   -1.004796
517.168000   -1.007453
517.169000   -1.010803
517.170000   -1.014720
517.171000   -1.018960
517.172000   -1.023162
517.173000   -1.026881
517.174000   -1.029657
517.175000   -1.031132
517.176000   -1.031182
517.177000   -1.029970
517.178000   -1.027870
517.179000   -1.025329
517.180000   -1.022741
517.181000   -1.020371
517.182000   -1.018335
517.183000   -1.016621
517.184000   -1.015162
517.185000   -1.013932
517.186000   -1.012996
517.187000   -1.012471
517.188000   -1.012432
517.189000   -1.012862
517.190000   -1.013654
517.191000   -1.014633
517.192000   -1.015579
517.193000   -1.016262
517.194000   -1.016511
517.195000   -1.016288
517.196000   -1.015665
517.197000   -1.014754
517.198000   -1.013630
517.199000   -1.012300
517.200000   -1.010699
517.201000   -1.008681
517.202000   -1.006032
517.203000   -1.002537
517.204000   -0.998064
517.205000   -0.992596
517.206000   -0.986179
517.207000   -0.978880
517.208000   -0.970782
517.209000   -0.961987
517.210000   -0.952620
517.211000   -0.942828
517.212000   -0.932817
517.213000   -0.922927
517.214000   -0.913658
517.215000   -0.905596
517.216000   -0.899296
517.217000   -0.895176
517.218000   -0.893456
517.219000   -0.894125
517.220000   -0.896952
517.221000   -0.901573
517.222000   -0.907632
517.223000   -0.914897
517.224000   -0.923246
517.225000   -0.932572
517.226000   -0.942715
517.227000   -0.953451
517.228000   -0.964501
517.229000   -0.975556
517.230000   -0.986322
517.231000   -0.996618
517.232000   -1.006476
517.233000   -1.016146
517.234000   -1.025976
517.235000   -1.036251
517.236000   -1.047108
517.237000   -1.058483
517.238000   -1.070111
517.239000   -1.081573
517.240000   -1.092437
517.241000   -1.102441
517.242000   -1.111589
517.243000   -1.120067
517.244000   -1.128100
517.245000   -1.135861
517.246000   -1.143435
517.247000   -1.150813
517.248000   -1.157900
517.249000   -1.164590
517.250000   -1.170908
517.251000   -1.177095
517.252000   -1.183515
517.253000   -1.190471
517.254000   -1.198065
517.255000   -1.206148
517.256000   -1.214314
517.257000   -1.221943
517.258000   -1.228291
517.259000   -1.232679
517.260000   -1.234660
517.261000   -1.234042
517.262000   -1.230776
517.263000   -1.224863
517.264000   -1.216332
517.265000   -1.205243
517.266000   -1.191682
517.267000   -1.175770
517.268000   -1.157742
517.269000   -1.138098
517.270000   -1.117644
517.271000   -1.097332
517.272000   -1.078058
517.273000   -1.060539
517.274000   -1.045285
517.275000   -1.032573
517.276000   -1.022444
517.277000   -1.014789
517.278000   -1.009556
517.279000   -1.006964
517.280000   -1.007446
517.281000   -1.011405
517.282000   -1.019018
517.283000   -1.030187
517.284000   -1.044536
517.285000   -1.061441
517.286000   -1.080080
517.287000   -1.099565
517.288000   -1.119169
517.289000   -1.138505
517.290000   -1.157457
517.291000   -1.175979
517.292000   -1.193951
517.293000   -1.211142
517.294000   -1.227229
517.295000   -1.241819
517.296000   -1.254508
517.297000   -1.265005
517.298000   -1.273314
517.299000   -1.279786
517.300000   -1.284961
517.301000   -1.289376
517.302000   -1.293456
517.303000   -1.297471
517.304000   -1.301517
517.305000   -1.305503
517.306000   -1.309217
517.307000   -1.312499
517.308000   -1.315414
517.309000   -1.318229
517.310000   -1.321224
517.311000   -1.324537
517.312000   -1.328088
517.313000   -1.331567
517.314000   -1.334449
517.315000   -1.336075
517.316000   -1.335852
517.317000   -1.333490
517.318000   -1.329096
517.319000   -1.323028
517.320000   -1.315662
517.321000   -1.307255
517.322000   -1.297894
517.323000   -1.287491
517.324000   -1.275815
517.325000   -1.262605
517.326000   -1.247752
517.327000   -1.231448
517.328000   -1.214145
517.329000   -1.196363
517.330000   -1.178541
517.331000   -1.160982
517.332000   -1.143858
517.333000   -1.127225
517.334000   -1.111069
517.335000   -1.095413
517.336000   -1.080449
517.337000   -1.066571
517.338000   -1.054258
517.339000   -1.043930
517.340000   -1.035862
517.341000   -1.030166
517.342000   -1.026785
517.343000   -1.025502
517.344000   -1.026015
517.345000   -1.028070
517.346000   -1.031579
517.347000   -1.036590
517.348000   -1.043127
517.349000   -1.051067
517.350000   -1.060094
517.351000   -1.069714
517.352000   -1.079298
517.353000   -1.088163
517.354000   -1.095717
517.355000   -1.101642
517.356000   -1.105956
517.357000   -1.108896
517.358000   -1.110758
517.359000   -1.111797
517.360000   -1.112204
517.361000   -1.112093
517.362000   -1.111499
517.363000   -1.110402
517.364000   -1.108802
517.365000   -1.106787
517.366000   -1.104518
517.367000   -1.102142
517.368000   -1.099719
517.369000   -1.097218
517.370000   -1.094546
517.371000   -1.091575
517.372000   -1.088163
517.373000   -1.084182
517.374000   -1.079587
517.375000   -1.074485
517.376000   -1.069117
517.377000   -1.063764
517.378000   -1.058651
517.379000   -1.053902
517.380000   -1.049512
517.381000   -1.045333
517.382000   -1.041093
517.383000   -1.036475
517.384000   -1.031268
517.385000   -1.025487
517.386000   -1.019339
517.387000   -1.013092
517.388000   -1.006983
517.389000   -1.001167
517.390000   -0.995708
517.391000   -0.990576
517.392000   -0.985689
517.393000   -0.981031
517.394000   -0.976804
517.395000   -0.973421
517.396000   -0.971347
517.397000   -0.970921
517.398000   -0.972276
517.399000   -0.975333
517.400000   -0.979827
517.401000   -0.985353
517.402000   -0.991466
517.403000   -0.997805
517.404000   -1.004151
517.405000   -1.010377
517.406000   -1.016366
517.407000   -1.021981
517.408000   -1.027080
517.409000   -1.031541
517.410000   -1.035280
517.411000   -1.038267
517.412000   -1.040540
517.413000   -1.042206
517.414000   -1.043426
517.415000   -1.044401
517.416000   -1.045317
517.417000   -1.046289
517.418000   -1.047326
517.419000   -1.048318
517.420000   -1.049049
517.421000   -1.049255
517.422000   -1.048723
517.423000   -1.047403
517.424000   -1.045425
517.425000   -1.043015
517.426000   -1.040384
517.427000   -1.037679
517.428000   -1.034984
517.429000   -1.032322
517.430000   -1.029695
517.431000   -1.027132
517.432000   -1.024715
517.433000   -1.022537
517.434000   -1.020615
517.435000   -1.018867
517.436000   -1.017149
517.437000   -1.015321
517.438000   -1.013295
517.439000   -1.011077
517.440000   -1.008775
517.441000   -1.006542
517.442000   -1.004468
517.443000   -1.002537
517.444000   -1.000710
517.445000   -0.999026
517.446000   -0.997627
517.447000   -0.996744
517.448000   -0.996662
517.449000   -0.997669
517.450000   -0.999981
517.451000   -1.003692
517.452000   -1.008767
517.453000   -1.015109
517.454000   -1.022600
517.455000   -1.031117
517.456000   -1.040527
517.457000   -1.050683
517.458000   -1.061418
517.459000   -1.072543
517.460000   -1.083854
517.461000   -1.095177
517.462000   -1.106395
517.463000   -1.117441
517.464000   -1.128263
517.465000   -1.138808
517.466000   -1.149024
517.467000   -1.158876
517.468000   -1.168355
517.469000   -1.177480
517.470000   -1.186280
517.471000   -1.194769
517.472000   -1.202929
517.473000   -1.210747
517.474000   -1.218239
517.475000   -1.225470
517.476000   -1.232562
517.477000   -1.239683
517.478000   -1.247023
517.479000   -1.254756
517.480000   -1.262981
517.481000   -1.271709
517.482000   -1.280920
517.483000   -1.290602
517.484000   -1.300739
517.485000   -1.311283
517.486000   -1.322128
517.487000   -1.333083
517.488000   -1.343846
517.489000   -1.354038
517.490000   -1.363313
517.491000   -1.371505
517.492000   -1.378623
517.493000   -1.384730
517.494000   -1.389844
517.495000   -1.393909
517.496000   -1.396794
517.497000   -1.398302
517.498000   -1.398215
517.499000   -1.396420
517.500000   -1.393053
517.501000   -1.388522
517.501000   -1.388522
517.502000   -1.383346
517.503000   -1.378005
517.504000   -1.372859
517.505000   -1.368129
517.506000   -1.363901
517.507000   -1.360153
517.508000   -1.356807
517.509000   -1.353811
517.510000   -1.351200
517.511000   -1.349095
517.512000   -1.347635
517.513000   -1.346916
517.514000   -1.346957
517.515000   -1.347685
517.516000   -1.348934
517.517000   -1.350457
517.518000   -1.351955
517.519000   -1.353170
517.520000   -1.353983
517.521000   -1.354400
517.522000   -1.354456
517.523000   -1.354129
517.524000   -1.353309
517.525000   -1.351791
517.526000   -1.349285
517.527000   -1.345470
517.528000   -1.340125
517.529000   -1.333287
517.530000   -1.325265
517.531000   -1.316508
517.532000   -1.307468
517.533000   -1.298530
517.534000   -1.289986
517.535000   -1.282021
517.536000   -1.274718
517.537000   -1.268132
517.538000   -1.262415
517.539000   -1.257887
517.540000   -1.254948
517.541000   -1.253923
517.542000   -1.254979
517.543000   -1.258106
517.544000   -1.263123
517.545000   -1.269690
517.546000   -1.277344
517.547000   -1.285621
517.548000   -1.294210
517.549000   -1.302988
517.550000   -1.311906
517.551000   -1.320893
517.552000   -1.329833
517.553000   -1.338562
517.554000   -1.346860
517.555000   -1.354429
517.556000   -1.360961
517.557000   -1.366289
517.558000   -1.370495
517.559000   -1.373806
517.560000   -1.376429
517.561000   -1.378457
517.562000   -1.379859
517.563000   -1.380478
517.564000   -1.380019
517.565000   -1.378096
517.566000   -1.374422
517.567000   -1.369065
517.568000   -1.362469
517.569000   -1.355213
517.570000   -1.347789
517.571000   -1.340500
517.572000   -1.333444
517.573000   -1.326497
517.574000   -1.319319
517.575000   -1.311464
517.576000   -1.302621
517.577000   -1.292776
517.578000   -1.282118
517.579000   -1.270822
517.580000   -1.258942
517.581000   -1.246414
517.582000   -1.233091
517.583000   -1.218763
517.584000   -1.203204
517.585000   -1.186272
517.586000   -1.168060
517.587000   -1.148936
517.588000   -1.129409
517.589000   -1.109980
517.590000   -1.091074
517.591000   -1.073012
517.592000   -1.055989
517.593000   -1.040035
517.594000   -1.025030
517.595000   -1.010816
517.596000   -0.997379
517.597000   -0.984885
517.598000   -0.973544
517.599000   -0.963492
517.600000   -0.954727
517.601000   -0.947090
517.602000   -0.940253
517.603000   -0.933754
517.604000   -0.927164
517.605000   -0.920362
517.606000   -0.913642
517.607000   -0.907528
517.608000   -0.902518
517.609000   -0.898945
517.610000   -0.896918
517.611000   -0.896297
517.612000   -0.896709
517.613000   -0.897659
517.614000   -0.898764
517.615000   -0.899961
517.616000   -0.901459
517.617000   -0.903547
517.618000   -0.906456
517.619000   -0.910336
517.620000   -0.915249
517.621000   -0.921181
517.622000   -0.928054
517.623000   -0.935796
517.624000   -0.944459
517.625000   -0.954279
517.626000   -0.965581
517.627000   -0.978616
517.628000   -0.993460
517.629000   -1.009972
517.630000   -1.027778
517.631000   -1.046272
517.632000   -1.064669
517.633000   -1.082185
517.634000   -1.098271
517.635000   -1.112692
517.636000   -1.125375
517.637000   -1.136260
517.638000   -1.145239
517.639000   -1.152156
517.640000   -1.156801
517.641000   -1.158927
517.642000   -1.158326
517.643000   -1.155034
517.644000   -1.149488
517.645000   -1.142413
517.646000   -1.134546
517.647000   -1.126464
517.648000   -1.118543
517.649000   -1.110971
517.650000   -1.103758
517.651000   -1.096765
517.652000   -1.089819
517.653000   -1.082947
517.654000   -1.076478
517.655000   -1.070870
517.656000   -1.066495
517.657000   -1.063581
517.658000   -1.062215
517.659000   -1.062350
517.660000   -1.063759
517.661000   -1.066054
517.662000   -1.068855
517.663000   -1.072019
517.664000   -1.075611
517.665000   -1.079693
517.666000   -1.084212
517.667000   -1.088997
517.668000   -1.093775
517.669000   -1.098153
517.670000   -1.101618
517.671000   -1.103682
517.672000   -1.104195
517.673000   -1.103483
517.674000   -1.102151
517.675000   -1.100816
517.676000   -1.099985
517.677000   -1.100007
517.678000   -1.101026
517.679000   -1.102940
517.680000   -1.105478
517.681000   -1.108491
517.682000   -1.112211
517.683000   -1.117152
517.684000   -1.123770
517.685000   -1.132277
517.686000   -1.142618
517.687000   -1.154507
517.688000   -1.167457
517.689000   -1.180848
517.690000   -1.194093
517.691000   -1.206874
517.692000   -1.219217
517.693000   -1.231295
517.694000   -1.243214
517.695000   -1.254948
517.696000   -1.266353
517.697000   -1.277176
517.698000   -1.287057
517.699000   -1.295547
517.700000   -1.302230
517.701000   -1.306909
517.702000   -1.309636
517.703000   -1.310585
517.704000   -1.309934
517.705000   -1.307849
517.706000   -1.304473
517.707000   -1.299894
517.708000   -1.294100
517.709000   -1.287034
517.710000   -1.278812
517.711000   -1.269920
517.712000   -1.261077
517.713000   -1.252967
517.714000   -1.246078
517.715000   -1.240674
517.716000   -1.236772
517.717000   -1.234122
517.718000   -1.232253
517.719000   -1.230705
517.720000   -1.229358
517.721000   -1.228449
517.722000   -1.228256
517.723000   -1.228882
517.724000   -1.230232
517.725000   -1.232049
517.726000   -1.233940
517.727000   -1.235392
517.728000   -1.235899
517.729000   -1.235242
517.730000   -1.233641
517.731000   -1.231549
517.732000   -1.229382
517.733000   -1.227412
517.734000   -1.225761
517.735000   -1.224388
517.736000   -1.223064
517.737000   -1.221411
517.738000   -1.219091
517.739000   -1.216051
517.740000   -1.212500
517.741000   -1.208690
517.742000   -1.204786
517.743000   -1.200851
517.744000   -1.196853
517.745000   -1.192660
517.746000   -1.188057
517.747000   -1.182846
517.748000   -1.177076
517.749000   -1.171149
517.750000   -1.165654
517.751000   -1.161116
517.752000   -1.157869
517.753000   -1.156006
517.754000   -1.155372
517.755000   -1.155569
517.756000   -1.156043
517.757000   -1.156268
517.758000   -1.155966
517.759000   -1.155121
517.760000   -1.153840
517.761000   -1.152248
517.762000   -1.150468
517.763000   -1.148613
517.764000   -1.146770
517.765000   -1.144982
517.766000   -1.143274
517.767000   -1.141744
517.768000   -1.140629
517.769000   -1.140220
517.770000   -1.140736
517.771000   -1.142259
517.772000   -1.144720
517.773000   -1.147909
517.774000   -1.151472
517.775000   -1.154946
517.776000   -1.157888
517.777000   -1.160048
517.778000   -1.161369
517.779000   -1.161830
517.780000   -1.161369
517.781000   -1.159904
517.782000   -1.157382
517.783000   -1.153773
517.784000   -1.149048
517.785000   -1.143230
517.786000   -1.136522
517.787000   -1.129334
517.788000   -1.122085
517.789000   -1.115038
517.790000   -1.108275
517.791000   -1.101741
517.792000   -1.095268
517.793000   -1.088582
517.794000   -1.081341
517.795000   -1.073278
517.796000   -1.064342
517.797000   -1.054688
517.798000   -1.044511
517.799000   -1.033948
517.800000   -1.023057
517.801000   -1.011836
517.802000   -1.000235
517.803000   -0.988176
517.804000   -0.975618
517.805000   -0.962693
517.806000   -0.949711
517.807000   -0.936988
517.808000   -0.924674
517.809000   -0.912755
517.810000   -0.901130
517.811000   -0.889679
517.812000   -0.878313
517.813000   -0.867018
517.814000   -0.855922
517.815000   -0.845289
517.816000   -0.835420
517.817000   -0.826575
517.818000   -0.818985
517.819000   -0.812877
517.820000   -0.808474
517.821000   -0.805971
517.822000   -0.805509
517.823000   -0.807141
517.824000   -0.810824
517.825000   -0.816450
517.826000   -0.823903
517.827000   -0.833044
517.828000   -0.843650
517.829000   -0.855375
517.830000   -0.867780
517.831000   -0.880367
517.832000   -0.892624
517.833000   -0.904127
517.834000   -0.914673
517.835000   -0.924376
517.836000   -0.933595
517.837000   -0.942712
517.838000   -0.951984
517.839000   -0.961497
517.840000   -0.971171
517.841000   -0.980810
517.842000   -0.990195
517.843000   -0.999225
517.844000   -1.007981
517.845000   -1.016636
517.846000   -1.025279
517.847000   -1.033834
517.848000   -1.042102
517.849000   -1.049825
517.850000   -1.056753
517.851000   -1.062744
517.852000   -1.067887
517.853000   -1.072543
517.854000   -1.077134
517.855000   -1.081872
517.856000   -1.086733
517.857000   -1.091571
517.858000   -1.096188
517.859000   -1.100360
517.860000   -1.103883
517.861000   -1.106663
517.862000   -1.108719
517.863000   -1.110044
517.864000   -1.110488
517.865000   -1.109844
517.866000   -1.107959
517.867000   -1.104736
517.868000   -1.100119
517.869000   -1.094088
517.870000   -1.086673
517.871000   -1.077972
517.872000   -1.068189
517.873000   -1.057738
517.874000   -1.047311
517.875000   -1.037701
517.876000   -1.029577
517.877000   -1.023394
517.878000   -1.019374
517.879000   -1.017511
517.880000   -1.017569
517.881000   -1.019134
517.882000   -1.021833
517.883000   -1.025583
517.884000   -1.030535
517.885000   -1.036809
517.886000   -1.044388
517.887000   -1.053135
517.888000   -1.062815
517.889000   -1.073089
517.890000   -1.083526
517.891000   -1.093753
517.892000   -1.103719
517.893000   -1.113675
517.894000   -1.123876
517.895000   -1.134430
517.896000   -1.145283
517.897000   -1.156234
517.898000   -1.166924
517.899000   -1.176850
517.900000   -1.185460
517.901000   -1.192365
517.902000   -1.197417
517.903000   -1.200594
517.904000   -1.201918
517.905000   -1.201453
517.906000   -1.199315
517.907000   -1.195658
517.908000   -1.190644
517.909000   -1.184449
517.910000   -1.177328
517.911000   -1.169656
517.912000   -1.161906
517.913000   -1.154582
517.914000   -1.148167
517.915000   -1.143056
517.916000   -1.139503
517.917000   -1.137570
517.918000   -1.137120
517.919000   -1.137867
517.920000   -1.139522
517.921000   -1.141949
517.922000   -1.145198
517.923000   -1.149422
517.924000   -1.154741
517.925000   -1.161142
517.926000   -1.168435
517.927000   -1.176250
517.928000   -1.184093
517.929000   -1.191479
517.930000   -1.198062
517.931000   -1.203704
517.932000   -1.208456
517.933000   -1.212447
517.934000   -1.215771
517.935000   -1.218438
517.936000   -1.220380
517.937000   -1.221477
517.938000   -1.221557
517.939000   -1.220402
517.940000   -1.217902
517.941000   -1.214237
517.942000   -1.209824
517.943000   -1.205140
517.944000   -1.200596
517.945000   -1.196493
517.946000   -1.192980
517.947000   -1.190012
517.948000   -1.187380
517.949000   -1.184897
517.950000   -1.182574
517.951000   -1.180562
517.952000   -1.178968
517.953000   -1.177740
517.954000   -1.176639
517.955000   -1.175235
517.956000   -1.172931
517.957000   -1.169123
517.958000   -1.163493
517.959000   -1.156206
517.960000   -1.147835
517.961000   -1.139098
517.962000   -1.130634
517.963000   -1.122887
517.964000   -1.116037
517.965000   -1.109971
