514.972000   -1.205919
514.973000   -1.206599
514.974000   -1.207916
514.975000   -1.210032
514.976000   -1.212975
514.977000   -1.216646
514.978000   -1.220929
514.979000   -1.225889
514.980000   -1.231906
514.981000   -1.239584
514.982000   -1.249503
514.983000   -1.261986
514.984000   -1.276950
514.985000   -1.293883
514.986000   -1.311921
514.987000   -1.330021
514.988000   -1.347199
514.989000   -1.362761
514.990000   -1.376336
514.991000   -1.387725
514.992000   -1.396730
514.993000   -1.403126
514.994000   -1.406719
514.995000   -1.407419
514.996000   -1.405293
514.997000   -1.400606
514.998000   -1.393854
514.999000   -1.385678
515.000000   -1.376689
515.001000   -1.367304
515.001000   -1.367304
515.002000   -1.357711
515.003000   -1.347890
515.004000   -1.337667
515.005000   -1.326756
515.006000   -1.314832
515.007000   -1.301614
515.008000   -1.286948
515.009000   -1.270891
515.010000   -1.253800
515.011000   -1.236299
515.012000   -1.219099
515.013000   -1.202836
515.014000   -1.188002
515.015000   -1.174904
515.016000   -1.163671
515.017000   -1.154272
515.018000   -1.146609
515.019000   -1.140656
515.020000   -1.136492
515.021000   -1.134142
515.022000   -1.133412
515.023000   -1.133894
515.024000   -1.135080
515.025000   -1.136469
515.026000   -1.137633
515.027000   -1.138275
515.028000   -1.138305
515.029000   -1.137916
515.030000   -1.137509
515.031000   -1.137510
515.032000   -1.138265
515.033000   -1.140023
515.034000   -1.142924
515.035000   -1.146972
515.036000   -1.152035
515.037000   -1.157903
515.038000   -1.164410
515.039000   -1.171440
515.040000   -1.178846
515.041000   -1.186420
515.042000   -1.193915
515.043000   -1.201073
515.044000   -1.207631
515.045000   -1.213314
515.046000   -1.217886
515.047000   -1.221309
515.048000   -1.223862
515.049000   -1.226040
515.050000   -1.228342
515.051000   -1.231165
515.052000   -1.234742
515.053000   -1.239098
515.054000   -1.244016
515.055000   -1.249070
515.056000   -1.253854
515.057000   -1.258283
515.058000   -1.262589
515.059000   -1.267028
515.060000   -1.271700
515.061000   -1.276543
515.062000   -1.281362
515.063000   -1.285836
515.064000   -1.289525
515.065000   -1.291966
515.066000   -1.292961
515.067000   -1.292818
515.068000   -1.292168
515.069000   -1.291624
515.070000   -1.291607
515.071000   -1.292298
515.072000   -1.293615
515.073000   -1.295175
515.074000   -1.296306
515.075000   -1.296274
515.076000   -1.294756
515.077000   -1.292006
515.078000   -1.288470
515.079000   -1.284442
515.080000   -1.279997
515.081000   -1.275012
515.082000   -1.269153
515.083000   -1.261848
515.084000   -1.252421
515.085000   -1.240587
515.086000   -1.226879
515.087000   -1.212352
515.088000   -1.198045
515.089000   -1.184770
515.090000   -1.173065
515.091000   -1.163159
515.092000   -1.154899
515.093000   -1.147754
515.094000   -1.141192
515.095000   -1.135328
515.096000   -1.131008
515.097000   -1.129221
515.098000   -1.130645
515.099000   -1.135533
515.100000   -1.143720
515.101000   -1.154616
515.102000   -1.167200
515.103000   -1.180229
515.104000   -1.192825
515.105000   -1.204975
515.106000   -1.217268
515.107000   -1.230331
515.108000   -1.244555
515.109000   -1.260030
515.110000   -1.276523
515.111000   -1.293447
515.112000   -1.309894
515.113000   -1.324870
515.114000   -1.337759
515.115000   -1.348545
515.116000   -1.357579
515.117000   -1.365275
515.118000   -1.371923
515.119000   -1.377634
515.120000   -1.382327
515.121000   -1.385720
515.122000   -1.387355
515.123000   -1.386766
515.124000   -1.383768
515.125000   -1.378676
515.126000   -1.372238
515.127000   -1.365329
515.128000   -1.358687
515.129000   -1.352784
515.130000   -1.347767
515.131000   -1.343418
515.132000   -1.339195
515.133000   -1.334526
515.134000   -1.329251
515.135000   -1.323764
515.136000   -1.318701
515.137000   -1.314562
515.138000   -1.311540
515.139000   -1.309504
515.140000   -1.308020
515.141000   -1.306393
515.142000   -1.303831
515.143000   -1.299787
515.144000   -1.294224
515.145000   -1.287519
515.146000   -1.280138
515.147000   -1.272410
515.148000   -1.264479
515.149000   -1.256322
515.150000   -1.247767
515.151000   -1.238537
515.152000   -1.228396
515.153000   -1.217367
515.154000   -1.205771
515.155000   -1.194030
515.156000   -1.182505
515.157000   -1.171466
515.158000   -1.161106
515.159000   -1.151530
515.160000   -1.142749
515.161000   -1.134744
515.162000   -1.127597
515.163000   -1.121509
515.164000   -1.116664
515.165000   -1.113117
515.166000   -1.110779
515.167000   -1.109439
515.168000   -1.108790
515.169000   -1.108446
515.170000   -1.107999
515.171000   -1.107147
515.172000   -1.105853
515.173000   -1.104414
515.174000   -1.103378
515.175000   -1.103333
515.176000   -1.104730
515.177000   -1.107799
515.178000   -1.112515
515.179000   -1.118609
515.180000   -1.125643
515.181000   -1.133154
515.182000   -1.140826
515.183000   -1.148550
515.184000   -1.156337
515.185000   -1.164157
515.186000   -1.171854
515.187000   -1.179154
515.188000   -1.185706
515.189000   -1.191145
515.190000   -1.195163
515.191000   -1.197609
515.192000   -1.198642
515.193000   -1.198790
515.194000   -1.198816
515.195000   -1.199486
515.196000   -1.201428
515.197000   -1.205065
515.198000   -1.210589
515.199000   -1.217955
515.200000   -1.226925
515.201000   -1.237200
515.202000   -1.248592
515.203000   -1.261045
515.204000   -1.274499
515.205000   -1.288766
515.206000   -1.303499
515.207000   -1.318218
515.208000   -1.332365
515.209000   -1.345371
515.210000   -1.356746
515.211000   -1.366196
515.212000   -1.373642
515.213000   -1.379125
515.214000   -1.382680
515.215000   -1.384286
515.216000   -1.383865
515.217000   -1.381313
515.218000   -1.376546
515.219000   -1.369537
515.220000   -1.360348
515.221000   -1.349127
515.222000   -1.336093
515.223000   -1.321523
515.224000   -1.305761
515.225000   -1.289239
515.226000   -1.272490
515.227000   -1.256121
515.228000   -1.240750
515.229000   -1.226930
515.230000   -1.215071
515.231000   -1.205407
515.232000   -1.197985
515.233000   -1.192698
515.234000   -1.189322
515.235000   -1.187571
515.236000   -1.187148
515.237000   -1.187736
515.238000   -1.188966
515.239000   -1.190384
515.240000   -1.191467
515.241000   -1.191703
515.242000   -1.190679
515.243000   -1.188162
515.244000   -1.184147
515.245000   -1.178830
515.246000   -1.172533
515.247000   -1.165616
515.248000   -1.158426
515.249000   -1.151287
515.250000   -1.144498
515.251000   -1.138342
515.252000   -1.133085
515.253000   -1.128976
515.254000   -1.126236
515.255000   -1.125047
515.256000   -1.125588
515.257000   -1.128083
515.258000   -1.132782
515.259000   -1.139903
515.260000   -1.149567
515.261000   -1.161763
515.262000   -1.176337
515.263000   -1.193022
515.264000   -1.211536
515.265000   -1.231740
515.266000   -1.253711
515.267000   -1.277595
515.268000   -1.303405
515.269000   -1.330887
515.270000   -1.359486
515.271000   -1.388365
515.272000   -1.416492
515.273000   -1.442806
515.274000   -1.466432
515.275000   -1.486805
515.276000   -1.503601
515.277000   -1.516600
515.278000   -1.525648
515.279000   -1.530670
515.280000   -1.531706
515.281000   -1.528943
515.282000   -1.522771
515.283000   -1.513814
515.284000   -1.502879
515.285000   -1.490813
515.286000   -1.478384
515.287000   -1.466230
515.288000   -1.454843
515.289000   -1.444578
515.290000   -1.435651
515.291000   -1.428157
515.292000   -1.422092
515.293000   -1.417374
515.294000   -1.413840
515.295000   -1.411241
515.296000   -1.409244
515.297000   -1.407465
515.298000   -1.405509
515.299000   -1.403001
515.300000   -1.399601
515.301000   -1.395000
515.302000   -1.388926
515.303000   -1.381191
515.304000   -1.371722
515.305000   -1.360530
515.306000   -1.347650
515.307000   -1.333119
515.308000   -1.316988
515.309000   -1.299327
515.310000   -1.280221
515.311000   -1.259808
515.312000   -1.238422
515.313000   -1.216700
515.314000   -1.195453
515.315000   -1.175469
515.316000   -1.157390
515.317000   -1.141675
515.318000   -1.128599
515.319000   -1.118257
515.320000   -1.110621
515.321000   -1.105669
515.322000   -1.103534
515.323000   -1.104486
515.324000   -1.108750
515.325000   -1.116352
515.326000   -1.127064
515.327000   -1.140428
515.328000   -1.155821
515.329000   -1.172530
515.330000   -1.189838
515.331000   -1.207126
515.332000   -1.223939
515.333000   -1.239962
515.334000   -1.254954
515.335000   -1.268694
515.336000   -1.280973
515.337000   -1.291619
515.338000   -1.300511
515.339000   -1.307566
515.340000   -1.312692
515.341000   -1.315796
515.342000   -1.316891
515.343000   -1.316197
515.344000   -1.314085
515.345000   -1.310938
515.346000   -1.307069
515.347000   -1.302697
515.348000   -1.297926
515.349000   -1.292737
515.350000   -1.287070
515.351000   -1.281036
515.352000   -1.275083
515.353000   -1.269865
515.354000   -1.265979
515.355000   -1.263796
515.356000   -1.263409
515.357000   -1.264640
515.358000   -1.267058
515.359000   -1.270069
515.360000   -1.273130
515.361000   -1.275984
515.362000   -1.278674
515.363000   -1.281321
515.364000   -1.283935
515.365000   -1.286363
515.366000   -1.288316
515.367000   -1.289407
515.368000   -1.289191
515.369000   -1.287277
515.370000   -1.283502
515.371000   -1.278048
515.372000   -1.271331
515.373000   -1.263821
515.374000   -1.255937
515.375000   -1.248030
515.376000   -1.240364
515.377000   -1.233120
515.378000   -1.226405
515.379000   -1.220321
515.380000   -1.215000
515.381000   -1.210585
515.382000   -1.207174
515.383000   -1.204827
515.384000   -1.203589
515.385000   -1.203509
515.386000   -1.204640
515.387000   -1.207015
515.388000   -1.210611
515.389000   -1.215301
515.390000   -1.220860
515.391000   -1.227016
515.392000   -1.233533
515.393000   -1.240249
515.394000   -1.247070
515.395000   -1.253935
515.396000   -1.260750
515.397000   -1.267314
515.398000   -1.273304
515.399000   -1.278380
515.400000   -1.282305
515.401000   -1.284964
515.402000   -1.286323
515.403000   -1.286399
515.404000   -1.285228
515.405000   -1.282821
515.406000   -1.279121
515.407000   -1.274035
515.408000   -1.267604
515.409000   -1.260172
515.410000   -1.252322
515.411000   -1.244666
515.412000   -1.237666
515.413000   -1.231571
515.414000   -1.226377
515.415000   -1.221837
515.416000   -1.217515
515.417000   -1.212962
515.418000   -1.207960
515.419000   -1.202625
515.420000   -1.197292
515.421000   -1.192312
515.422000   -1.187928
515.423000   -1.184239
515.424000   -1.181195
515.425000   -1.178624
515.426000   -1.176276
515.427000   -1.173931
515.428000   -1.171497
515.429000   -1.169035
515.430000   -1.166698
515.431000   -1.164649
515.432000   -1.163018
515.433000   -1.161881
515.434000   -1.161250
515.435000   -1.161082
515.436000   -1.161297
515.437000   -1.161818
515.438000   -1.162593
515.439000   -1.163580
515.440000   -1.164715
515.441000   -1.165894
515.442000   -1.166974
515.443000   -1.167797
515.444000   -1.168221
515.445000   -1.168144
515.446000   -1.167532
515.447000   -1.166422
515.448000   -1.164882
515.449000   -1.162980
515.450000   -1.160759
515.451000   -1.158239
515.452000   -1.155432
515.453000   -1.152361
515.454000   -1.149079
515.455000   -1.145702
515.456000   -1.142424
515.457000   -1.139499
515.458000   -1.137194
515.459000   -1.135737
515.460000   -1.135297
515.461000   -1.135963
515.462000   -1.137756
515.463000   -1.140657
515.464000   -1.144645
515.465000   -1.149722
515.466000   -1.155893
515.467000   -1.163106
515.468000   -1.171198
515.469000   -1.179887
515.470000   -1.188792
515.471000   -1.197484
515.472000   -1.205562
515.473000   -1.212726
515.474000   -1.218838
515.475000   -1.223908
515.476000   -1.228027
515.477000   -1.231305
515.478000   -1.233828
515.479000   -1.235650
515.480000   -1.236796
515.481000   -1.237299
515.482000   -1.237254
515.483000   -1.236885
515.484000   -1.236552
515.485000   -1.236655
515.486000   -1.237517
515.487000   -1.239298
515.488000   -1.241985
515.489000   -1.245401
515.490000   -1.249255
515.491000   -1.253231
515.492000   -1.257107
515.493000   -1.260844
515.494000   -1.264534
515.495000   -1.268283
515.496000   -1.272122
515.497000   -1.275988
515.498000   -1.279703
515.499000   -1.282976
515.500000   -1.285432
515.501000   -1.286718
515.501000   -1.286718
515.502000   -1.286630
515.503000   -1.285160
515.504000   -1.282411
515.505000   -1.278486
515.506000   -1.273420
515.507000   -1.267152
515.508000   -1.259504
515.509000   -1.250185
515.510000   -1.238882
515.511000   -1.225479
515.512000   -1.210255
515.513000   -1.193830
515.514000   -1.176939
515.515000   -1.160255
515.516000   -1.144305
515.517000   -1.129427
515.518000   -1.115721
515.519000   -1.103058
515.520000   -1.091222
515.521000   -1.080206
515.522000   -1.070390
515.523000   -1.062349
515.524000   -1.056541
515.525000   -1.053156
515.526000   -1.052105
515.527000   -1.053043
515.528000   -1.055394
515.529000   -1.058426
515.530000   -1.061452
515.531000   -1.064110
515.532000   -1.066398
515.533000   -1.068423
515.534000   -1.070217
515.535000   -1.071710
515.536000   -1.072770
515.537000   -1.073226
515.538000   -1.072878
515.539000   -1.071534
515.540000   -1.069109
515.541000   -1.065711
515.542000   -1.061585
515.543000   -1.056979
515.544000   -1.052094
515.545000   -1.047093
515.546000   -1.042126
515.547000   -1.037314
515.548000   -1.032721
515.549000   -1.028404
515.550000   -1.024601
515.551000   -1.021842
515.552000   -1.020746
515.553000   -1.021769
515.554000   -1.025097
515.555000   -1.030642
515.556000   -1.038043
515.557000   -1.046661
515.558000   -1.055638
515.559000   -1.064157
515.560000   -1.071860
515.561000   -1.078899
515.562000   -1.085533
515.563000   -1.091839
515.564000   -1.097676
515.565000   -1.102745
515.566000   -1.106623
515.567000   -1.108794
515.568000   -1.108763
515.569000   -1.106338
515.570000   -1.101855
515.571000   -1.095955
515.572000   -1.089232
515.573000   -1.082103
515.574000   -1.074844
515.575000   -1.067626
515.576000   -1.060554
515.577000   -1.053684
515.578000   -1.047099
515.579000   -1.040989
515.580000   -1.035596
515.581000   -1.031075
515.582000   -1.027458
515.583000   -1.024702
515.584000   -1.022743
515.585000   -1.021519
515.586000   -1.020989
515.587000   -1.021139
515.588000   -1.021970
515.589000   -1.023457
515.590000   -1.025543
515.591000   -1.028157
515.592000   -1.031230
515.593000   -1.034693
515.594000   -1.038458
515.595000   -1.042390
515.596000   -1.046290
515.597000   -1.049926
515.598000   -1.053140
515.599000   -1.055927
515.600000   -1.058396
515.601000   -1.060683
515.602000   -1.062901
515.603000   -1.065108
515.604000   -1.067273
515.605000   -1.069233
515.606000   -1.070744
515.607000   -1.071719
515.608000   -1.072505
515.609000   -1.073817
515.610000   -1.076396
515.611000   -1.080806
515.612000   -1.087369
515.613000   -1.096151
515.614000   -1.106951
515.615000   -1.119339
515.616000   -1.132824
515.617000   -1.147127
515.618000   -1.162294
515.619000   -1.178502
515.620000   -1.195839
515.621000   -1.214227
515.622000   -1.233428
515.623000   -1.253058
515.624000   -1.272620
515.625000   -1.291562
515.626000   -1.309387
515.627000   -1.325747
515.628000   -1.340435
515.629000   -1.353298
515.630000   -1.364174
515.631000   -1.372905
515.632000   -1.379359
515.633000   -1.383451
515.634000   -1.385168
515.635000   -1.384581
515.636000   -1.381894
515.637000   -1.377481
515.638000   -1.371873
515.639000   -1.365668
515.640000   -1.359443
515.641000   -1.353696
515.642000   -1.348806
515.643000   -1.344986
515.644000   -1.342258
515.645000   -1.340521
515.646000   -1.339749
515.647000   -1.340122
515.648000   -1.341908
515.649000   -1.345276
515.650000   -1.350204
515.651000   -1.356477
515.652000   -1.363705
515.653000   -1.371340
515.654000   -1.378739
515.655000   -1.385333
515.656000   -1.390797
515.657000   -1.395032
515.658000   -1.398022
515.659000   -1.399739
515.660000   -1.400118
515.661000   -1.399059
515.662000   -1.396416
515.663000   -1.391998
515.664000   -1.385626
515.665000   -1.377244
515.666000   -1.366990
515.667000   -1.355137
515.668000   -1.342018
515.669000   -1.327996
515.670000   -1.313456
515.671000   -1.298791
515.672000   -1.284378
515.673000   -1.270577
515.674000   -1.257748
515.675000   -1.246270
515.676000   -1.236505
515.677000   -1.228742
515.678000   -1.223184
515.679000   -1.219935
515.680000   -1.219005
515.681000   -1.220299
515.682000   -1.223614
515.683000   -1.228646
515.684000   -1.235015
515.685000   -1.242300
515.686000   -1.250089
515.687000   -1.258029
515.688000   -1.265847
515.689000   -1.273335
515.690000   -1.280335
515.691000   -1.286717
515.692000   -1.292370
515.693000   -1.297189
515.694000   -1.301085
515.695000   -1.304034
515.696000   -1.306151
515.697000   -1.307704
515.698000   -1.309075
515.699000   -1.310662
515.700000   -1.312810
515.701000   -1.315748
515.702000   -1.319543
515.703000   -1.324126
515.704000   -1.329367
515.705000   -1.335167
515.706000   -1.341501
515.707000   -1.348401
515.708000   -1.355923
515.709000   -1.364111
515.710000   -1.372951
515.711000   -1.382305
515.712000   -1.391894
515.713000   -1.401339
515.714000   -1.410261
515.715000   -1.418340
515.716000   -1.425324
515.717000   -1.430993
515.718000   -1.435110
515.719000   -1.437375
515.720000   -1.437415
515.721000   -1.434860
515.722000   -1.429436
515.723000   -1.421009
515.724000   -1.409592
515.725000   -1.395338
515.726000   -1.378517
515.727000   -1.359489
515.728000   -1.338657
515.729000   -1.316445
515.730000   -1.293336
515.731000   -1.269924
515.732000   -1.246875
515.733000   -1.224819
515.734000   -1.204275
515.735000   -1.185635
515.736000   -1.169153
515.737000   -1.154945
515.738000   -1.142998
515.739000   -1.133236
515.740000   -1.125609
515.741000   -1.120140
515.742000   -1.116865
515.743000   -1.115755
515.744000   -1.116690
515.745000   -1.119454
515.746000   -1.123727
515.747000   -1.129106
515.748000   -1.135153
515.749000   -1.141530
515.750000   -1.148093
515.751000   -1.154858
515.752000   -1.161883
515.753000   -1.169196
515.754000   -1.176772
515.755000   -1.184530
515.756000   -1.192317
515.757000   -1.199922
515.758000   -1.207171
515.759000   -1.214086
515.760000   -1.220965
515.761000   -1.228259
515.762000   -1.236391
515.763000   -1.245642
515.764000   -1.256122
515.765000   -1.267744
515.766000   -1.280218
515.767000   -1.293113
515.768000   -1.306032
515.769000   -1.318805
515.770000   -1.331477
515.771000   -1.344114
515.772000   -1.356656
515.773000   -1.368882
515.774000   -1.380434
515.775000   -1.390826
515.776000   -1.399469
515.777000   -1.405774
515.778000   -1.409435
515.779000   -1.410634
515.780000   -1.409917
515.781000   -1.407903
515.782000   -1.405109
515.783000   -1.401886
515.784000   -1.398380
515.785000   -1.394483
515.786000   -1.389831
515.787000   -1.384043
515.788000   -1.377137
515.789000   -1.369635
515.790000   -1.362190
515.791000   -1.355247
515.792000   -1.348930
515.793000   -1.343053
515.794000   -1.337143
515.795000   -1.330467
515.796000   -1.322188
515.797000   -1.311768
515.798000   -1.299356
515.799000   -1.285678
515.800000   -1.271591
515.801000   -1.257776
515.802000   -1.244658
515.803000   -1.232396
515.804000   -1.220866
515.805000   -1.209667
515.806000   -1.198353
515.807000   -1.186881
515.808000   -1.175825
515.809000   -1.166052
515.810000   -1.158291
515.811000   -1.152955
515.812000   -1.150140
515.813000   -1.149661
515.814000   -1.151059
515.815000   -1.153680
515.816000   -1.156938
515.817000   -1.160688
515.818000   -1.165335
515.819000   -1.171527
515.820000   -1.179783
515.821000   -1.190313
515.822000   -1.202991
515.823000   -1.217359
515.824000   -1.232633
515.825000   -1.247807
515.826000   -1.261981
515.827000   -1.274806
515.828000   -1.286563
515.829000   -1.297723
515.830000   -1.308573
515.831000   -1.319128
515.832000   -1.329163
515.833000   -1.338227
515.834000   -1.345651
515.835000   -1.350672
515.836000   -1.352881
515.837000   -1.352711
515.838000   -1.351222
515.839000   -1.349469
515.840000   -1.348192
515.841000   -1.347780
515.842000   -1.348280
515.843000   -1.349359
515.844000   -1.350296
515.845000   -1.350254
515.846000   -1.348912
515.847000   -1.346741
515.848000   -1.344465
515.849000   -1.342571
515.850000   -1.341250
515.851000   -1.340469
515.852000   -1.339995
515.853000   -1.339371
515.854000   -1.337949
515.855000   -1.335211
515.856000   -1.331198
515.857000   -1.326364
515.858000   -1.321112
515.859000   -1.315615
515.860000   -1.309863
515.861000   -1.303706
515.862000   -1.296849
515.863000   -1.288844
515.864000   -1.279218
515.865000   -1.267793
515.866000   -1.254812
515.867000   -1.240705
515.868000   -1.225903
515.869000   -1.210820
515.870000   -1.195854
515.871000   -1.181335
515.872000   -1.167435
515.873000   -1.154159
515.874000   -1.141586
515.875000   -1.130172
515.876000   -1.120672
515.877000   -1.113777
515.878000   -1.109919
515.879000   -1.109236
515.880000   -1.111590
515.881000   -1.116567
515.882000   -1.123507
515.883000   -1.131659
515.884000   -1.140512
515.885000   -1.149974
515.886000   -1.160144
515.887000   -1.171023
515.888000   -1.182434
515.889000   -1.194083
515.890000   -1.205607
515.891000   -1.216597
515.892000   -1.226623
515.893000   -1.235357
515.894000   -1.242732
515.895000   -1.248888
515.896000   -1.253948
515.897000   -1.257909
515.898000   -1.260672
515.899000   -1.262110
515.900000   -1.262088
515.901000   -1.260466
515.902000   -1.257163
515.903000   -1.252342
515.904000   -1.246460
515.905000   -1.240079
515.906000   -1.233694
515.907000   -1.227677
515.908000   -1.222255
515.909000   -1.217461
515.910000   -1.213092
515.911000   -1.208784
515.912000   -1.204318
515.913000   -1.199884
515.914000   -1.195964
515.915000   -1.193038
515.916000   -1.191410
515.917000   -1.191157
515.918000   -1.192100
515.919000   -1.193804
515.920000   -1.195634
515.921000   -1.197004
515.922000   -1.197759
515.923000   -1.198301
515.924000   -1.199328
515.925000   -1.201502
515.926000   -1.205247
515.927000   -1.210675
515.928000   -1.217592
515.929000   -1.225540
515.930000   -1.233920
515.931000   -1.242232
515.932000   -1.250321
515.933000   -1.258366
515.934000   -1.266675
515.935000   -1.275506
515.936000   -1.284970
515.937000   -1.295021
515.938000   -1.305475
515.939000   -1.316039
515.940000   -1.326365
515.941000   -1.336112
515.942000   -1.345007
515.943000   -1.352900
515.944000   -1.359757
515.945000   -1.365579
515.946000   -1.370328
515.947000   -1.373884
515.948000   -1.376021
515.949000   -1.376382
515.950000   -1.374517
515.951000   -1.370033
515.952000   -1.362831
515.953000   -1.353213
515.954000   -1.341727
515.955000   -1.328970
515.956000   -1.315463
515.957000   -1.301593
515.958000   -1.287565
515.959000   -1.273418
515.960000   -1.259148
515.961000   -1.244966
515.962000   -1.231471
515.963000   -1.219482
515.964000   -1.209719
515.965000   -1.202624
515.966000   -1.198325
515.967000   -1.196663
515.968000   -1.197240
515.969000   -1.199520
515.970000   -1.203007
515.971000   -1.207482
515.972000   -1.213013
515.973000   -1.219723
515.974000   -1.227617
515.975000   -1.236571
515.976000   -1.246383
515.977000   -1.256807
515.978000   -1.267564
515.979000   -1.278365
515.980000   -1.288967
515.981000   -1.299203
515.982000   -1.308935
515.983000   -1.318041
515.984000   -1.326437
515.985000   -1.334115
515.986000   -1.341122
515.987000   -1.347510
515.988000   -1.353259
515.989000   -1.358278
515.990000   -1.362521
515.991000   -1.366095
515.992000   -1.369223
515.993000   -1.372160
515.994000   -1.375156
515.995000   -1.378426
515.996000   -1.382089
515.997000   -1.386111
515.998000   -1.390336
515.999000   -1.394728
516.000000   -1.399598
516.001000   -1.405475
516.001000   -1.405475
516.002000   -1.412814
516.003000   -1.421849
516.004000   -1.432560
516.005000   -1.444674
516.006000   -1.457642
516.007000   -1.470682
516.008000   -1.483015
516.009000   -1.494261
516.010000   -1.504528
516.011000   -1.514090
516.012000   -1.523108
516.013000   -1.531569
516.014000   -1.539320
516.015000   -1.546090
516.016000   -1.551520
516.017000   -1.555258
516.018000   -1.557169
516.019000   -1.557436
516.020000   -1.556394
516.021000   -1.554327
516.022000   -1.551410
516.023000   -1.547751
516.024000   -1.543426
516.025000   -1.538514
516.026000   -1.533114
516.027000   -1.527378
516.028000   -1.521495
516.029000   -1.515630
516.030000   -1.509880
516.031000   -1.504298
516.032000   -1.498931
516.033000   -1.493832
516.034000   -1.489048
516.035000   -1.484586
516.036000   -1.480398
516.037000   -1.476417
516.038000   -1.472634
516.039000   -1.469127
516.040000   -1.466035
516.041000   -1.463533
516.042000   -1.461788
516.043000   -1.460906
516.044000   -1.460883
516.045000   -1.461589
516.046000   -1.462854
516.047000   -1.464621
516.048000   -1.466989
516.049000   -1.470120
516.050000   -1.474154
516.051000   -1.479175
516.052000   -1.485180
516.053000   -1.492036
516.054000   -1.499467
516.055000   -1.507108
516.056000   -1.514648
516.057000   -1.521924
516.058000   -1.528902
516.059000   -1.535595
516.060000   -1.542019
516.061000   -1.548169
516.062000   -1.553998
516.063000   -1.559410
516.064000   -1.564288
516.065000   -1.568569
516.066000   -1.572308
516.067000   -1.575656
516.068000   -1.578782
516.069000   -1.581824
516.070000   -1.584859
516.071000   -1.587887
516.072000   -1.590836
516.073000   -1.593571
516.074000   -1.595923
516.075000   -1.597717
516.076000   -1.598770
516.077000   -1.598899
516.078000   -1.597935
516.079000   -1.595761
516.080000   -1.592329
516.081000   -1.587647
516.082000   -1.581757
516.083000   -1.574713
516.084000   -1.566579
516.085000   -1.557449
516.086000   -1.547449
516.087000   -1.536749
516.088000   -1.525562
516.089000   -1.514118
516.090000   -1.502602
516.091000   -1.491108
516.092000   -1.479635
516.093000   -1.468147
516.094000   -1.456676
516.095000   -1.445359
516.096000   -1.434419
516.097000   -1.424122
516.098000   -1.414692
516.099000   -1.406231
516.100000   -1.398663
516.101000   -1.391765
516.102000   -1.385262
516.103000   -1.378962
516.104000   -1.372810
516.105000   -1.366832
516.106000   -1.361057
516.107000   -1.355471
516.108000   -1.349977
516.109000   -1.344393
516.110000   -1.338487
516.111000   -1.332038
516.112000   -1.324912
516.113000   -1.317067
516.114000   -1.308499
516.115000   -1.299197
516.116000   -1.289123
516.117000   -1.278216
516.118000   -1.266388
516.119000   -1.253549
516.120000   -1.239646
516.121000   -1.224710
516.122000   -1.208869
516.123000   -1.192307
516.124000   -1.175260
516.125000   -1.158032
516.126000   -1.140947
516.127000   -1.124287
516.128000   -1.108251
516.129000   -1.092980
516.130000   -1.078602
516.131000   -1.065271
516.132000   -1.053193
516.133000   -1.042665
516.134000   -1.034124
516.135000   -1.028036
516.136000   -1.024718
516.137000   -1.024233
516.138000   -1.026393
516.139000   -1.030838
516.140000   -1.037145
516.141000   -1.044904
516.142000   -1.053782
516.143000   -1.063575
516.144000   -1.074187
516.145000   -1.085480
516.146000   -1.097181
516.147000   -1.108895
516.148000   -1.120169
516.149000   -1.130580
516.150000   -1.139805
516.151000   -1.147641
516.152000   -1.154008
516.153000   -1.158929
516.154000   -1.162436
516.155000   -1.164497
516.156000   -1.165021
516.157000   -1.163897
516.158000   -1.161058
516.159000   -1.156527
516.160000   -1.150449
516.161000   -1.143062
516.162000   -1.134671
516.163000   -1.125590
516.164000   -1.116072
516.165000   -1.106268
516.166000   -1.096226
516.167000   -1.085924
516.168000   -1.075316
516.169000   -1.064371
516.170000   -1.053117
516.171000   -1.041732
516.172000   -1.030561
516.173000   -1.019991
516.174000   -1.010322
516.175000   -1.001709
516.176000   -0.994168
516.177000   -0.987599
516.178000   -0.981810
516.179000   -0.976583
516.180000   -0.971824
516.181000   -0.967697
516.182000   -0.964526
516.183000   -0.962596
516.184000   -0.962061
516.185000   -0.962941
516.186000   -0.965126
516.187000   -0.968382
516.188000   -0.972374
516.189000   -0.976832
516.190000   -0.981804
516.191000   -0.987673
516.192000   -0.994901
516.193000   -1.003823
516.194000   -1.014590
516.195000   -1.027150
516.196000   -1.041221
516.197000   -1.056289
516.198000   -1.071745
516.199000   -1.087200
516.200000   -1.102652
516.201000   -1.118264
516.202000   -1.134115
516.203000   -1.150122
516.204000   -1.166057
516.205000   -1.181550
516.206000   -1.196092
516.207000   -1.209104
516.208000   -1.220145
516.209000   -1.229112
516.210000   -1.236165
516.211000   -1.241525
516.212000   -1.245374
516.213000   -1.247840
516.214000   -1.248987
516.215000   -1.248787
516.216000   -1.247113
516.217000   -1.243824
516.218000   -1.238975
516.219000   -1.232915
516.220000   -1.226136
516.221000   -1.219104
516.222000   -1.212188
516.223000   -1.205642
516.224000   -1.199567
516.225000   -1.193883
516.226000   -1.188350
516.227000   -1.182726
516.228000   -1.177019
516.229000   -1.171505
516.230000   -1.166513
516.231000   -1.162275
516.232000   -1.158872
516.233000   -1.156223
516.234000   -1.154076
516.235000   -1.151994
516.236000   -1.149440
516.237000   -1.146056
516.238000   -1.141918
516.239000   -1.137403
516.240000   -1.132904
516.241000   -1.128697
516.242000   -1.124930
516.243000   -1.121617
516.244000   -1.118626
516.245000   -1.115723
516.246000   -1.112817
516.247000   -1.110262
516.248000   -1.108772
516.249000   -1.109045
516.250000   -1.111548
516.251000   -1.116483
516.252000   -1.123789
516.253000   -1.133148
516.254000   -1.144018
516.255000   -1.155835
516.256000   -1.168312
516.257000   -1.181509
516.258000   -1.195586
516.259000   -1.210597
516.260000   -1.226424
516.261000   -1.242771
516.262000   -1.259187
516.263000   -1.275100
516.264000   -1.289928
516.265000   -1.303239
516.266000   -1.314853
516.267000   -1.324800
516.268000   -1.333313
516.269000   -1.340772
516.270000   -1.347552
516.271000   -1.353894
516.272000   -1.359855
516.273000   -1.365318
516.274000   -1.370051
516.275000   -1.373783
516.276000   -1.376319
516.277000   -1.377753
516.278000   -1.378579
516.279000   -1.379451
516.280000   -1.380896
516.281000   -1.383187
516.282000   -1.386330
516.283000   -1.390095
516.284000   -1.394060
516.285000   -1.397701
516.286000   -1.400613
516.287000   -1.402749
516.288000   -1.404308
516.289000   -1.405425
516.290000   -1.405995
516.291000   -1.405666
516.292000   -1.403891
516.293000   -1.400023
516.294000   -1.393425
516.295000   -1.383621
516.296000   -1.370521
516.297000   -1.354464
516.298000   -1.335967
516.299000   -1.315514
516.300000   -1.293489
516.301000   -1.270211
516.302000   -1.245990
516.303000   -1.221178
516.304000   -1.196178
516.305000   -1.171509
516.306000   -1.147907
516.307000   -1.126208
516.308000   -1.107132
516.309000   -1.091166
516.310000   -1.078566
516.311000   -1.069398
516.312000   -1.063559
516.313000   -1.060764
516.314000   -1.060595
516.315000   -1.062682
516.316000   -1.066816
516.317000   -1.072836
516.318000   -1.080482
516.319000   -1.089379
516.320000   -1.099061
516.321000   -1.108984
516.322000   -1.118511
516.323000   -1.126952
516.324000   -1.133744
516.325000   -1.138663
516.326000   -1.141788
516.327000   -1.143313
516.328000   -1.143426
516.329000   -1.142259
516.330000   -1.139861
516.331000   -1.136169
516.332000   -1.131045
516.333000   -1.124461
516.334000   -1.116749
516.335000   -1.108603
516.336000   -1.100809
516.337000   -1.094019
516.338000   -1.088668
516.339000   -1.084946
516.340000   -1.082774
516.341000   -1.081834
516.342000   -1.081753
516.343000   -1.082458
516.344000   -1.084281
516.345000   -1.087656
516.346000   -1.092855
516.347000   -1.099936
516.348000   -1.108779
516.349000   -1.119081
516.350000   -1.130335
516.351000   -1.141911
516.352000   -1.153322
516.353000   -1.164401
516.354000   -1.175133
516.355000   -1.185400
516.356000   -1.194935
516.357000   -1.203385
516.358000   -1.210362
516.359000   -1.215445
516.360000   -1.218213
516.361000   -1.218353
516.362000   -1.215792
516.363000   -1.210684
516.364000   -1.203284
516.365000   -1.193891
516.366000   -1.182861
516.367000   -1.170598
516.368000   -1.157521
516.369000   -1.144021
516.370000   -1.130435
516.371000   -1.117065
516.372000   -1.104194
516.373000   -1.092062
516.374000   -1.080825
516.375000   -1.070556
516.376000   -1.061237
516.377000   -1.052736
516.378000   -1.044783
516.379000   -1.037006
516.380000   -1.029087
516.381000   -1.020929
516.382000   -1.012634
516.383000   -1.004373
516.384000   -0.996323
516.385000   -0.988631
516.386000   -0.981363
516.387000   -0.974451
516.388000   -0.967714
516.389000   -0.961064
516.390000   -0.954771
516.391000   -0.949488
516.392000   -0.945981
516.393000   -0.944899
516.394000   -0.946664
516.395000   -0.951416
516.396000   -0.958993
516.397000   -0.968982
516.398000   -0.980877
516.399000   -0.994349
516.400000   -1.009382
516.401000   -1.026141
516.402000   -1.044738
516.403000   -1.065087
516.404000   -1.086891
516.405000   -1.109694
516.406000   -1.132963
516.407000   -1.156194
516.408000   -1.179032
516.409000   -1.201342
516.410000   -1.223120
516.411000   -1.244333
516.412000   -1.264820
516.413000   -1.284306
516.414000   -1.302482
516.415000   -1.319046
516.416000   -1.333735
516.417000   -1.346382
516.418000   -1.356976
516.419000   -1.365639
516.420000   -1.372538
516.421000   -1.377871
516.422000   -1.381886
516.423000   -1.384841
516.424000   -1.386928
516.425000   -1.388238
516.426000   -1.388823
516.427000   -1.388804
516.428000   -1.388401
516.429000   -1.387890
516.430000   -1.387623
516.431000   -1.388045
516.432000   -1.389573
516.433000   -1.392418
516.434000   -1.396511
516.435000   -1.401547
516.436000   -1.407112
516.437000   -1.412791
516.438000   -1.418184
516.439000   -1.422931
516.440000   -1.426758
516.441000   -1.429440
516.442000   -1.430714
516.443000   -1.430276
516.444000   -1.427833
516.445000   -1.423217
516.446000   -1.416478
516.447000   -1.407891
516.448000   -1.397871
516.449000   -1.386821
516.450000   -1.375015
516.451000   -1.362590
516.452000   -1.349612
516.453000   -1.336155
516.454000   -1.322385
516.455000   -1.308640
516.456000   -1.295401
516.457000   -1.283123
516.458000   -1.272058
516.459000   -1.262218
516.460000   -1.253485
516.461000   -1.245699
516.462000   -1.238732
516.463000   -1.232551
516.464000   -1.227272
516.465000   -1.223124
516.466000   -1.220334
516.467000   -1.219041
516.468000   -1.219297
516.469000   -1.221056
516.470000   -1.224156
516.471000   -1.228341
516.472000   -1.233355
516.473000   -1.239037
516.474000   -1.245342
516.475000   -1.252285
516.476000   -1.259891
516.477000   -1.268208
516.478000   -1.277291
516.479000   -1.287129
516.480000   -1.297628
516.481000   -1.308654
516.482000   -1.320085
516.483000   -1.331815
516.484000   -1.343717
516.485000   -1.355613
516.486000   -1.367302
516.487000   -1.378582
516.488000   -1.389215
516.489000   -1.398894
516.490000   -1.407266
516.491000   -1.413975
516.492000   -1.418682
516.493000   -1.421061
516.494000   -1.420785
516.495000   -1.417576
516.496000   -1.411275
516.497000   -1.401865
516.498000   -1.389450
516.499000   -1.374262
516.500000   -1.356697
516.501000   -1.337274
516.501000   -1.337274
516.502000   -1.316545
516.503000   -1.294998
516.504000   -1.273073
516.505000   -1.251267
516.506000   -1.230155
516.507000   -1.210270
516.508000   -1.192044
516.509000   -1.175845
516.510000   -1.162003
516.511000   -1.150748
516.512000   -1.142133
516.513000   -1.136021
516.514000   -1.132173
516.515000   -1.130304
516.516000   -1.130074
516.517000   -1.131127
516.518000   -1.133236
516.519000   -1.136409
516.520000   -1.140816
516.521000   -1.146621
516.522000   -1.153853
516.523000   -1.162343
516.524000   -1.171715
516.525000   -1.181422
516.526000   -1.190846
516.527000   -1.199464
516.528000   -1.207000
516.529000   -1.213412
516.530000   -1.218777
516.531000   -1.223176
516.532000   -1.226630
516.533000   -1.229097
516.534000   -1.230514
516.535000   -1.230873
516.536000   -1.230314
516.537000   -1.229233
516.538000   -1.228262
516.539000   -1.228093
516.540000   -1.229278
516.541000   -1.232110
516.542000   -1.236607
516.543000   -1.242600
516.544000   -1.249847
516.545000   -1.258102
516.546000   -1.267176
516.547000   -1.276972
516.548000   -1.287420
516.549000   -1.298348
516.550000   -1.309400
516.551000   -1.320050
516.552000   -1.329687
516.553000   -1.337713
516.554000   -1.343605
516.555000   -1.346981
516.556000   -1.347709
516.557000   -1.345945
516.558000   -1.341982
516.559000   -1.336084
516.560000   -1.328424
516.561000   -1.319111
516.562000   -1.308248
516.563000   -1.295976
516.564000   -1.282504
516.565000   -1.268206
516.566000   -1.253712
516.567000   -1.239794
516.568000   -1.227145
516.569000   -1.216236
516.570000   -1.207285
516.571000   -1.200290
516.572000   -1.195055
516.573000   -1.191239
516.574000   -1.188500
516.575000   -1.186737
516.576000   -1.186155
516.577000   -1.187061
516.578000   -1.189632
516.579000   -1.193836
516.580000   -1.199438
516.581000   -1.206019
516.582000   -1.213008
516.583000   -1.219791
516.584000   -1.225949
516.585000   -1.231416
516.586000   -1.236369
516.587000   -1.240988
516.588000   -1.245355
516.589000   -1.249449
516.590000   -1.253167
516.591000   -1.256323
516.592000   -1.258671
516.593000   -1.260047
516.594000   -1.260564
516.595000   -1.260619
516.596000   -1.260689
516.597000   -1.261165
516.598000   -1.262314
516.599000   -1.264278
516.600000   -1.267045
516.601000   -1.270419
516.602000   -1.274080
516.603000   -1.277769
516.604000   -1.281468
516.605000   -1.285382
516.606000   -1.289790
516.607000   -1.294943
516.608000   -1.300998
516.609000   -1.307953
516.610000   -1.315570
516.611000   -1.323382
516.612000   -1.330805
516.613000   -1.337369
516.614000   -1.342846
516.615000   -1.347180
516.616000   -1.350343
516.617000   -1.352280
516.618000   -1.352884
516.619000   -1.351975
516.620000   -1.349309
516.621000   -1.344651
516.622000   -1.337930
516.623000   -1.329383
516.624000   -1.319542
516.625000   -1.309104
516.626000   -1.298812
516.627000   -1.289361
516.628000   -1.281283
516.629000   -1.274860
516.630000   -1.270108
516.631000   -1.266880
516.632000   -1.265012
516.633000   -1.264395
516.634000   -1.264928
516.635000   -1.266471
516.636000   -1.268854
516.637000   -1.271872
516.638000   -1.275251
516.639000   -1.278631
516.640000   -1.281623
516.641000   -1.283892
516.642000   -1.285219
516.643000   -1.285495
516.644000   -1.284715
516.645000   -1.283018
516.646000   -1.280660
516.647000   -1.277913
516.648000   -1.274952
516.649000   -1.271844
516.650000   -1.268591
516.651000   -1.265166
516.652000   -1.261507
516.653000   -1.257503
516.654000   -1.253057
516.655000   -1.248155
516.656000   -1.242869
516.657000   -1.237304
516.658000   -1.231599
516.659000   -1.225950
516.660000   -1.220595
516.661000   -1.215737
516.662000   -1.211485
516.663000   -1.207878
516.664000   -1.204973
516.665000   -1.202836
516.666000   -1.201439
516.667000   -1.200607
516.668000   -1.200079
516.669000   -1.199595
516.670000   -1.198903
516.671000   -1.197729
516.672000   -1.195769
516.673000   -1.192761
516.674000   -1.188524
516.675000   -1.182935
516.676000   -1.175930
516.677000   -1.167604
516.678000   -1.158294
516.679000   -1.148548
516.680000   -1.138978
516.681000   -1.130105
516.682000   -1.122282
516.683000   -1.115678
516.684000   -1.110281
516.685000   -1.105926
516.686000   -1.102413
516.687000   -1.099652
516.688000   -1.097721
516.689000   -1.096798
516.690000   -1.097037
516.691000   -1.098490
516.692000   -1.101071
516.693000   -1.104547
516.694000   -1.108576
516.695000   -1.112796
516.696000   -1.116970
516.697000   -1.121065
516.698000   -1.125181
516.699000   -1.129417
516.700000   -1.133770
516.701000   -1.138107
516.702000   -1.142171
516.703000   -1.145608
516.704000   -1.148012
516.705000   -1.149038
516.706000   -1.148515
516.707000   -1.146458
516.708000   -1.142992
516.709000   -1.138284
516.710000   -1.132538
516.711000   -1.126009
516.712000   -1.118977
516.713000   -1.111706
516.714000   -1.104455
516.715000   -1.097562
516.716000   -1.091471
516.717000   -1.086652
516.718000   -1.083483
516.719000   -1.082210
516.720000   -1.082952
516.721000   -1.085686
516.722000   -1.090212
516.723000   -1.096165
516.724000   -1.103085
516.725000   -1.110523
516.726000   -1.118089
516.727000   -1.125430
516.728000   -1.132223
516.729000   -1.138207
516.730000   -1.143184
516.731000   -1.146981
516.732000   -1.149418
516.733000   -1.150338
516.734000   -1.149695
516.735000   -1.147615
516.736000   -1.144343
516.737000   -1.140163
516.738000   -1.135367
516.739000   -1.130258
516.740000   -1.125111
516.741000   -1.120120
516.742000   -1.115395
516.743000   -1.111030
516.744000   -1.107197
516.745000   -1.104134
516.746000   -1.102064
516.747000   -1.101161
516.748000   -1.101572
516.749000   -1.103373
516.750000   -1.106499
516.751000   -1.110735
516.752000   -1.115798
516.753000   -1.121456
516.754000   -1.127580
516.755000   -1.134089
516.756000   -1.140873
516.757000   -1.147789
516.758000   -1.154678
516.759000   -1.161338
516.760000   -1.167495
516.761000   -1.172830
516.762000   -1.177032
516.763000   -1.179838
516.764000   -1.181031
516.765000   -1.180453
516.766000   -1.178068
516.767000   -1.174040
516.768000   -1.168697
516.769000   -1.162411
516.770000   -1.155526
516.771000   -1.148352
516.772000   -1.141190
516.773000   -1.134316
516.774000   -1.127967
516.775000   -1.122375
516.776000   -1.117855
516.777000   -1.114832
516.778000   -1.113725
516.779000   -1.114846
516.780000   -1.118374
516.781000   -1.124365
516.782000   -1.132739
516.783000   -1.143270
516.784000   -1.155628
516.785000   -1.169479
516.786000   -1.184563
516.787000   -1.200645
516.788000   -1.217459
516.789000   -1.234716
516.790000   -1.252150
516.791000   -1.269519
516.792000   -1.286572
516.793000   -1.303028
516.794000   -1.318573
516.795000   -1.332892
516.796000   -1.345695
516.797000   -1.356775
516.798000   -1.366076
516.799000   -1.373725
516.800000   -1.379984
516.801000   -1.385145
516.802000   -1.389457
516.803000   -1.393089
516.804000   -1.396174
516.805000   -1.398896
516.806000   -1.401514
516.807000   -1.404334
516.808000   -1.407677
516.809000   -1.411816
516.810000   -1.416872
516.811000   -1.422737
516.812000   -1.429058
516.813000   -1.435313
516.814000   -1.440945
516.815000   -1.445501
516.816000   -1.448686
516.817000   -1.450397
516.818000   -1.450728
516.819000   -1.449876
516.820000   -1.447998
516.821000   -1.445127
516.822000   -1.441152
516.823000   -1.435895
516.824000   -1.429221
516.825000   -1.421119
516.826000   -1.411706
516.827000   -1.401244
516.828000   -1.390084
516.829000   -1.378546
516.830000   -1.366826
516.831000   -1.354965
516.832000   -1.342877
516.833000   -1.330446
516.834000   -1.317620
516.835000   -1.304476
516.836000   -1.291274
516.837000   -1.278431
516.838000   -1.266389
516.839000   -1.255471
516.840000   -1.245823
516.841000   -1.237419
516.842000   -1.230093
516.843000   -1.223617
516.844000   -1.217800
516.845000   -1.212595
516.846000   -1.208140
516.847000   -1.204650
516.848000   -1.202249
516.849000   -1.200882
516.850000   -1.200319
516.851000   -1.200208
516.852000   -1.200142
516.853000   -1.199762
516.854000   -1.198911
516.855000   -1.197773
516.856000   -1.196838
516.857000   -1.196676
516.858000   -1.197727
516.859000   -1.200202
516.860000   -1.204076
516.861000   -1.209103
516.862000   -1.214868
516.863000   -1.220907
516.864000   -1.226895
516.865000   -1.232758
516.866000   -1.238567
516.867000   -1.244358
516.868000   -1.250054
516.869000   -1.255480
516.870000   -1.260409
516.871000   -1.264603
516.872000   -1.267869
516.873000   -1.270127
516.874000   -1.271439
516.875000   -1.271946
516.876000   -1.271763
516.877000   -1.270930
516.878000   -1.269409
516.879000   -1.267096
516.880000   -1.263827
516.881000   -1.259392
516.882000   -1.253550
516.883000   -1.246088
516.884000   -1.236879
516.885000   -1.225914
516.886000   -1.213285
516.887000   -1.199175
516.888000   -1.183856
516.889000   -1.167669
516.890000   -1.151001
516.891000   -1.134254
516.892000   -1.117877
516.893000   -1.102433
516.894000   -1.088608
516.895000   -1.077087
516.896000   -1.068417
516.897000   -1.062926
516.898000   -1.060702
516.899000   -1.061573
516.900000   -1.065123
516.901000   -1.070756
516.902000   -1.077827
516.903000   -1.085769
516.904000   -1.094096
516.905000   -1.102346
516.906000   -1.110051
516.907000   -1.116775
516.908000   -1.122153
516.909000   -1.125923
516.910000   -1.127941
516.911000   -1.128205
516.912000   -1.126870
516.913000   -1.124211
516.914000   -1.120547
516.915000   -1.116176
516.916000   -1.111346
516.917000   -1.106249
516.918000   -1.101013
516.919000   -1.095701
516.920000   -1.090336
516.921000   -1.084965
516.922000   -1.079717
516.923000   -1.074811
516.924000   -1.070514
516.925000   -1.067104
516.926000   -1.064833
516.927000   -1.063882
516.928000   -1.064314
516.929000   -1.066068
516.930000   -1.069037
516.931000   -1.073162
516.932000   -1.078450
516.933000   -1.084906
516.934000   -1.092453
516.935000   -1.100902
516.936000   -1.109927
516.937000   -1.119069
516.938000   -1.127774
516.939000   -1.135488
516.940000   -1.141804
516.941000   -1.146572
516.942000   -1.149893
516.943000   -1.152039
516.944000   -1.153355
516.945000   -1.154156
516.946000   -1.154660
516.947000   -1.154950
516.948000   -1.154982
516.949000   -1.154639
516.950000   -1.153825
516.951000   -1.152524
516.952000   -1.150814
516.953000   -1.148837
516.954000   -1.146742
516.955000   -1.144643
516.956000   -1.142591
516.957000   -1.140551
516.958000   -1.138412
516.959000   -1.136036
516.960000   -1.133376
516.961000   -1.130588
516.962000   -1.128043
516.963000   -1.126215
516.964000   -1.125532
516.965000   -1.126250
516.966000   -1.128378
516.967000   -1.131665
516.968000   -1.135682
516.969000   -1.140017
516.970000   -1.144490
516.971000   -1.149205
516.972000   -1.154428
516.973000   -1.160386
516.974000   -1.167145
516.975000   -1.174558
516.976000   -1.182279
516.977000   -1.189835
516.978000   -1.196784
516.979000   -1.202937
516.980000   -1.208512
516.981000   -1.214080
516.982000   -1.220346
516.983000   -1.227916
516.984000   -1.237150
516.985000   -1.248103
516.986000   -1.260521
516.987000   -1.273912
516.988000   -1.287721
516.989000   -1.301563
516.990000   -1.315318
516.991000   -1.329005
516.992000   -1.342580
516.993000   -1.355828
516.994000   -1.368354
516.995000   -1.379612
516.996000   -1.388965
516.997000   -1.395795
516.998000   -1.399700
516.999000   -1.400670
517.000000   -1.399092
517.001000   -1.395565
517.001000   -1.395565
517.002000   -1.390697
517.003000   -1.384981
517.004000   -1.378733
517.005000   -1.372053
517.006000   -1.364854
517.007000   -1.357004
517.008000   -1.348598
517.009000   -1.340115
517.010000   -1.332266
517.011000   -1.325699
517.012000   -1.320798
517.013000   -1.317611
517.014000   -1.315853
517.015000   -1.314947
517.016000   -1.314136
517.017000   -1.312706
517.018000   -1.310235
517.019000   -1.306673
517.020000   -1.302197
517.021000   -1.297006
517.022000   -1.291201
517.023000   -1.284748
517.024000   -1.277468
517.025000   -1.269070
517.026000   -1.259246
517.027000   -1.247878
517.028000   -1.235205
517.029000   -1.221759
517.030000   -1.208135
517.031000   -1.194812
517.032000   -1.182089
517.033000   -1.170078
517.034000   -1.158728
517.035000   -1.147874
517.036000   -1.137374
517.037000   -1.127267
517.038000   -1.117845
517.039000   -1.109540
517.040000   -1.102774
517.041000   -1.097842
517.042000   -1.094866
517.043000   -1.093766
517.044000   -1.094265
517.045000   -1.095944
517.046000   -1.098407
517.047000   -1.101472
517.048000   -1.105211
517.049000   -1.109817
517.050000   -1.115431
517.051000   -1.122055
517.052000   -1.129520
517.053000   -1.137504
517.054000   -1.145581
517.055000   -1.153326
517.056000   -1.160462
517.057000   -1.166950
517.058000   -1.172945
517.059000   -1.178665
517.060000   -1.184276
517.061000   -1.189834
517.062000   -1.195271
517.063000   -1.200406
517.064000   -1.205014
517.065000   -1.208946
517.066000   -1.212273
517.067000   -1.215336
517.068000   -1.218627
517.069000   -1.222606
517.070000   -1.227569
517.071000   -1.233588
517.072000   -1.240503
517.073000   -1.247971
517.074000   -1.255566
517.075000   -1.262905
517.076000   -1.269744
517.077000   -1.275978
517.078000   -1.281555
517.079000   -1.286386
517.080000   -1.290287
517.081000   -1.292966
517.082000   -1.294054
517.083000   -1.293157
517.084000   -1.289960
517.085000   -1.284338
517.086000   -1.276426
517.087000   -1.266580
517.088000   -1.255268
517.089000   -1.242946
517.090000   -1.229973
517.091000   -1.216578
517.092000   -1.202875
517.093000   -1.188930
517.094000   -1.174857
517.095000   -1.160904
517.096000   -1.147483
517.097000   -1.135131
517.098000   -1.124419
517.099000   -1.115859
517.100000   -1.109834
517.101000   -1.106548
517.102000   -1.106031
517.103000   -1.108173
517.104000   -1.112795
517.105000   -1.119702
517.106000   -1.128688
517.107000   -1.139501
517.108000   -1.151789
517.109000   -1.165073
517.110000   -1.178764
517.111000   -1.192219
517.112000   -1.204827
517.113000   -1.216099
517.114000   -1.225730
517.115000   -1.233619
517.116000   -1.239832
517.117000   -1.244554
517.118000   -1.248028
517.119000   -1.250523
517.120000   -1.252318
517.121000   -1.253711
517.122000   -1.255018
517.123000   -1.256561
517.124000   -1.258643
517.125000   -1.261513
517.126000   -1.265328
517.127000   -1.270140
517.128000   -1.275886
517.129000   -1.282416
517.130000   -1.289521
517.131000   -1.296973
517.132000   -1.304543
517.133000   -1.312012
517.134000   -1.319178
517.135000   -1.325857
517.136000   -1.331897
517.137000   -1.337183
517.138000   -1.341647
517.139000   -1.345262
517.140000   -1.348041
517.141000   -1.350021
517.142000   -1.351243
517.143000   -1.351730
517.144000   -1.351472
517.145000   -1.350423
517.146000   -1.348505
517.147000   -1.345616
517.148000   -1.341641
517.149000   -1.336464
517.150000   -1.329998
517.151000   -1.322207
517.152000   -1.313130
517.153000   -1.302880
517.154000   -1.291652
517.155000   -1.279708
517.156000   -1.267374
517.157000   -1.255011
517.158000   -1.243004
517.159000   -1.231736
517.160000   -1.221556
517.161000   -1.212755
517.162000   -1.205545
517.163000   -1.200042
517.164000   -1.196275
517.165000   -1.194196
517.166000   -1.193695
517.167000   -1.194616
517.168000   -1.196752
517.169000   -1.199842
517.170000   -1.203559
517.171000   -1.207522
517.172000   -1.211321
517.173000   -1.214573
517.174000   -1.216974
517.175000   -1.218361
517.176000   -1.218740
517.177000   -1.218290
517.178000   -1.217325
517.179000   -1.216225
517.180000   -1.215368
517.181000   -1.215073
517.182000   -1.215590
517.183000   -1.217104
517.184000   -1.219756
517.185000   -1.223658
517.186000   -1.228896
517.187000   -1.235524
517.188000   -1.243531
517.189000   -1.252820
517.190000   -1.263198
517.191000   -1.274389
517.192000   -1.286059
517.193000   -1.297851
517.194000   -1.309422
517.195000   -1.320456
517.196000   -1.330675
517.197000   -1.339838
517.198000   -1.347729
517.199000   -1.354150
517.200000   -1.358907
517.201000   -1.361805
517.202000   -1.362642
517.203000   -1.361225
517.204000   -1.357408
517.205000   -1.351111
517.206000   -1.342351
517.207000   -1.331231
517.208000   -1.317935
517.209000   -1.302701
517.210000   -1.285788
517.211000   -1.267457
517.212000   -1.247975
517.213000   -1.227663
517.214000   -1.206931
517.215000   -1.186268
517.216000   -1.166191
517.217000   -1.147189
517.218000   -1.129687
517.219000   -1.114029
517.220000   -1.100470
517.221000   -1.089193
517.222000   -1.080345
517.223000   -1.074067
517.224000   -1.070488
517.225000   -1.069669
517.226000   -1.071550
517.227000   -1.075926
517.228000   -1.082463
517.229000   -1.090740
517.230000   -1.100317
517.231000   -1.110809
517.232000   -1.121954
517.233000   -1.133633
517.234000   -1.145824
517.235000   -1.158515
517.236000   -1.171634
517.237000   -1.185022
517.238000   -1.198442
517.239000   -1.211625
517.240000   -1.224322
517.241000   -1.236372
517.242000   -1.247744
517.243000   -1.258514
517.244000   -1.268801
517.245000   -1.278680
517.246000   -1.288146
517.247000   -1.297101
517.248000   -1.305380
517.249000   -1.312789
517.250000   -1.319160
517.251000   -1.324414
517.252000   -1.328608
517.253000   -1.331928
517.254000   -1.334621
517.255000   -1.336919
517.256000   -1.338978
517.257000   -1.340836
517.258000   -1.342411
517.259000   -1.343542
517.260000   -1.344096
517.261000   -1.344088
517.262000   -1.343732
517.263000   -1.343350
517.264000   -1.343227
517.265000   -1.343490
517.266000   -1.344055
517.267000   -1.344630
517.268000   -1.344776
517.269000   -1.344037
517.270000   -1.342097
517.271000   -1.338915
517.272000   -1.334742
517.273000   -1.330014
517.274000   -1.325182
517.275000   -1.320587
517.276000   -1.316386
517.277000   -1.312534
517.278000   -1.308816
517.279000   -1.304930
517.280000   -1.300615
517.281000   -1.295770
517.282000   -1.290484
517.283000   -1.284963
517.284000   -1.279403
517.285000   -1.273912
517.286000   -1.268486
517.287000   -1.263026
517.288000   -1.257379
517.289000   -1.251395
517.290000   -1.244984
517.291000   -1.238151
517.292000   -1.230981
517.293000   -1.223611
517.294000   -1.216182
517.295000   -1.208809
517.296000   -1.201559
517.297000   -1.194433
517.298000   -1.187373
517.299000   -1.180282
517.300000   -1.173086
517.301000   -1.165822
517.302000   -1.158688
517.303000   -1.152018
517.304000   -1.146168
517.305000   -1.141424
517.306000   -1.137942
517.307000   -1.135717
517.308000   -1.134585
517.309000   -1.134280
517.310000   -1.134544
517.311000   -1.135275
517.312000   -1.136601
517.313000   -1.138817
517.314000   -1.142232
517.315000   -1.147045
517.316000   -1.153264
517.317000   -1.160690
517.318000   -1.168934
517.319000   -1.177496
517.320000   -1.185901
517.321000   -1.193832
517.322000   -1.201173
517.323000   -1.207939
517.324000   -1.214175
517.325000   -1.219887
517.326000   -1.225017
517.327000   -1.229445
517.328000   -1.233016
517.329000   -1.235569
517.330000   -1.236962
517.331000   -1.237070
517.332000   -1.235775
517.333000   -1.232976
517.334000   -1.228616
517.335000   -1.222689
517.336000   -1.215238
517.337000   -1.206343
517.338000   -1.196106
517.339000   -1.184634
517.340000   -1.172066
517.341000   -1.158624
517.342000   -1.144664
517.343000   -1.130648
517.344000   -1.117068
517.345000   -1.104359
517.346000   -1.092823
517.347000   -1.082587
517.348000   -1.073605
517.349000   -1.065726
517.350000   -1.058809
517.351000   -1.052839
517.352000   -1.047953
517.353000   -1.044368
517.354000   -1.042272
517.355000   -1.041750
517.356000   -1.042755
517.357000   -1.045112
517.358000   -1.048565
517.359000   -1.052849
517.360000   -1.057767
517.361000   -1.063212
517.362000   -1.069144
517.363000   -1.075530
517.364000   -1.082302
517.365000   -1.089359
517.366000   -1.096583
517.367000   -1.103861
517.368000   -1.111093
517.369000   -1.118201
517.370000   -1.125124
517.371000   -1.131802
517.372000   -1.138176
517.373000   -1.144197
517.374000   -1.149848
517.375000   -1.155145
517.376000   -1.160126
517.377000   -1.164824
517.378000   -1.169243
517.379000   -1.173370
517.380000   -1.177211
517.381000   -1.180803
517.382000   -1.184205
517.383000   -1.187469
517.384000   -1.190614
517.385000   -1.193612
517.386000   -1.196376
517.387000   -1.198791
517.388000   -1.200770
517.389000   -1.202330
517.390000   -1.203618
517.391000   -1.204877
517.392000   -1.206365
517.393000   -1.208288
517.394000   -1.210761
517.395000   -1.213805
517.396000   -1.217359
517.397000   -1.221299
517.398000   -1.225472
517.399000   -1.229698
517.400000   -1.233777
517.401000   -1.237502
517.402000   -1.240677
517.403000   -1.243157
517.404000   -1.244885
517.405000   -1.245909
517.406000   -1.246365
517.407000   -1.246439
517.408000   -1.246316
517.409000   -1.246162
517.410000   -1.246136
517.411000   -1.246388
517.412000   -1.247037
517.413000   -1.248131
517.414000   -1.249627
517.415000   -1.251401
517.416000   -1.253277
517.417000   -1.255107
517.418000   -1.256837
517.419000   -1.258521
517.420000   -1.260287
517.421000   -1.262290
517.422000   -1.264677
517.423000   -1.267563
517.424000   -1.271024
517.425000   -1.275126
517.426000   -1.279993
517.427000   -1.285845
517.428000   -1.292973
517.429000   -1.301640
517.430000   -1.311980
517.431000   -1.323952
517.432000   -1.337352
517.433000   -1.351855
517.434000   -1.367082
517.435000   -1.382689
517.436000   -1.398441
517.437000   -1.414220
517.438000   -1.429942
517.439000   -1.445469
517.440000   -1.460577
517.441000   -1.474967
517.442000   -1.488321
517.443000   -1.500352
517.444000   -1.510865
517.445000   -1.519797
517.446000   -1.527228
517.447000   -1.533325
517.448000   -1.538266
517.449000   -1.542184
517.450000   -1.545144
517.451000   -1.547134
517.452000   -1.548073
517.453000   -1.547832
517.454000   -1.546294
517.455000   -1.543420
517.456000   -1.539280
517.457000   -1.534012
517.458000   -1.527756
517.459000   -1.520615
517.460000   -1.512625
517.461000   -1.503738
517.462000   -1.493830
517.463000   -1.482766
517.464000   -1.470557
517.465000   -1.457469
517.466000   -1.443969
517.467000   -1.430557
517.468000   -1.417631
517.469000   -1.405432
517.470000   -1.394035
517.471000   -1.383347
517.472000   -1.373160
517.473000   -1.363286
517.474000   -1.353751
517.475000   -1.344885
517.476000   -1.337184
517.477000   -1.331097
517.478000   -1.326906
517.479000   -1.324703
517.480000   -1.324393
517.481000   -1.325708
517.482000   -1.328253
517.483000   -1.331645
517.484000   -1.335662
517.485000   -1.340264
517.486000   -1.345460
517.487000   -1.351192
517.488000   -1.357316
517.489000   -1.363622
517.490000   -1.369839
517.491000   -1.375635
517.492000   -1.380661
517.493000   -1.384660
517.494000   -1.387585
517.495000   -1.389596
517.496000   -1.390946
517.497000   -1.391897
517.498000   -1.392674
517.499000   -1.393427
517.500000   -1.394184
517.501000   -1.394836
517.501000   -1.394836
517.502000   -1.395229
517.503000   -1.395357
517.504000   -1.395464
517.505000   -1.395913
517.506000   -1.396996
517.507000   -1.398823
517.508000   -1.401293
517.509000   -1.404100
517.510000   -1.406749
517.511000   -1.408650
517.512000   -1.409338
517.513000   -1.408697
517.514000   -1.406972
517.515000   -1.404561
517.516000   -1.401786
517.517000   -1.398801
517.518000   -1.395560
517.519000   -1.391828
517.520000   -1.387207
517.521000   -1.381245
517.522000   -1.373620
517.523000   -1.364280
517.524000   -1.353377
517.525000   -1.341075
517.526000   -1.327438
517.527000   -1.312413
517.528000   -1.295860
517.529000   -1.277606
517.530000   -1.257518
517.531000   -1.235616
517.532000   -1.212178
517.533000   -1.187700
517.534000   -1.162770
517.535000   -1.137951
517.536000   -1.113724
517.537000   -1.090447
517.538000   -1.068338
517.539000   -1.047488
517.540000   -1.027926
517.541000   -1.009750
517.542000   -0.993247
517.543000   -0.978870
517.544000   -0.967068
517.545000   -0.958123
517.546000   -0.952062
517.547000   -0.948649
517.548000   -0.947412
517.549000   -0.947704
517.550000   -0.948837
517.551000   -0.950304
517.552000   -0.951930
517.553000   -0.953815
517.554000   -0.956115
517.555000   -0.958888
517.556000   -0.962030
517.557000   -0.965282
517.558000   -0.968262
517.559000   -0.970511
517.560000   -0.971602
517.561000   -0.971311
517.562000   -0.969740
517.563000   -0.967278
517.564000   -0.964410
517.565000   -0.961573
517.566000   -0.959084
517.567000   -0.957131
517.568000   -0.955756
517.569000   -0.954889
517.570000   -0.954431
517.571000   -0.954419
517.572000   -0.955128
517.573000   -0.956987
517.574000   -0.960378
517.575000   -0.965481
517.576000   -0.972220
517.577000   -0.980254
517.578000   -0.989007
517.579000   -0.997744
517.580000   -1.005742
517.581000   -1.012518
517.582000   -1.017954
517.583000   -1.022171
517.584000   -1.025314
517.585000   -1.027441
517.586000   -1.028505
517.587000   -1.028387
517.588000   -1.026937
517.589000   -1.024075
517.590000   -1.019918
517.591000   -1.014826
517.592000   -1.009300
517.593000   -1.003842
517.594000   -0.998881
517.595000   -0.994717
517.596000   -0.991510
517.597000   -0.989285
517.598000   -0.987965
517.599000   -0.987435
517.600000   -0.987632
517.601000   -0.988625
517.602000   -0.990616
517.603000   -0.993851
517.604000   -0.998514
517.605000   -1.004675
517.606000   -1.012290
517.607000   -1.021215
517.608000   -1.031240
517.609000   -1.042131
517.610000   -1.053670
517.611000   -1.065676
517.612000   -1.078029
517.613000   -1.090650
517.614000   -1.103452
517.615000   -1.116297
517.616000   -1.128986
517.617000   -1.141256
517.618000   -1.152788
517.619000   -1.163218
517.620000   -1.172260
517.621000   -1.179916
517.622000   -1.186504
517.623000   -1.192459
517.624000   -1.198157
517.625000   -1.203859
517.626000   -1.209688
517.627000   -1.215607
517.628000   -1.221422
517.629000   -1.226883
517.630000   -1.231932
517.631000   -1.236896
517.632000   -1.242348
517.633000   -1.248875
517.634000   -1.256928
517.635000   -1.266765
517.636000   -1.278394
517.637000   -1.291541
517.638000   -1.305682
517.639000   -1.320236
517.640000   -1.334855
517.641000   -1.349488
517.642000   -1.364174
517.643000   -1.378866
517.644000   -1.393361
517.645000   -1.407300
517.646000   -1.420187
517.647000   -1.431433
517.648000   -1.440456
517.649000   -1.446801
517.650000   -1.450215
517.651000   -1.450650
517.652000   -1.448249
517.653000   -1.443295
517.654000   -1.436148
517.655000   -1.427185
517.656000   -1.416745
517.657000   -1.405085
517.658000   -1.392375
517.659000   -1.378780
517.660000   -1.364604
517.661000   -1.350346
517.662000   -1.336636
517.663000   -1.324088
517.664000   -1.313185
517.665000   -1.304193
517.666000   -1.297115
517.667000   -1.291670
517.668000   -1.287366
517.669000   -1.283646
517.670000   -1.280096
517.671000   -1.276576
517.672000   -1.273189
517.673000   -1.270138
517.674000   -1.267591
517.675000   -1.265598
517.676000   -1.264052
517.677000   -1.262686
517.678000   -1.261168
517.679000   -1.259259
517.680000   -1.256953
517.681000   -1.254478
517.682000   -1.252164
517.683000   -1.250309
517.684000   -1.249094
517.685000   -1.248572
517.686000   -1.248679
517.687000   -1.249277
517.688000   -1.250230
517.689000   -1.251485
517.690000   -1.253108
517.691000   -1.255251
517.692000   -1.258049
517.693000   -1.261551
517.694000   -1.265703
517.695000   -1.270358
517.696000   -1.275307
517.697000   -1.280316
517.698000   -1.285187
517.699000   -1.289810
517.700000   -1.294176
517.701000   -1.298348
517.702000   -1.302392
517.703000   -1.306327
517.704000   -1.310087
517.705000   -1.313518
517.706000   -1.316407
517.707000   -1.318531
517.708000   -1.319735
517.709000   -1.320003
517.710000   -1.319487
517.711000   -1.318444
517.712000   -1.317143
517.713000   -1.315791
517.714000   -1.314499
517.715000   -1.313292
517.716000   -1.312136
517.717000   -1.310983
517.718000   -1.309816
517.719000   -1.308651
517.720000   -1.307508
517.721000   -1.306357
517.722000   -1.305093
517.723000   -1.303548
517.724000   -1.301508
517.725000   -1.298740
517.726000   -1.295035
517.727000   -1.290256
517.728000   -1.284387
517.729000   -1.277530
517.730000   -1.269859
517.731000   -1.261554
517.732000   -1.252753
517.733000   -1.243506
517.734000   -1.233772
517.735000   -1.223446
517.736000   -1.212437
517.737000   -1.200768
517.738000   -1.188603
517.739000   -1.176219
517.740000   -1.163931
517.741000   -1.152033
517.742000   -1.140760
517.743000   -1.130274
517.744000   -1.120687
517.745000   -1.112124
517.746000   -1.104807
517.747000   -1.099101
517.748000   -1.095465
517.749000   -1.094334
517.750000   -1.096025
517.751000   -1.100687
517.752000   -1.108312
517.753000   -1.118751
517.754000   -1.131753
517.755000   -1.147020
517.756000   -1.164226
517.757000   -1.182995
517.758000   -1.202865
517.759000   -1.223274
517.760000   -1.243605
517.761000   -1.263251
517.762000   -1.281679
517.763000   -1.298469
517.764000   -1.313346
517.765000   -1.326203
517.766000   -1.337101
517.767000   -1.346210
517.768000   -1.353727
517.769000   -1.359819
517.770000   -1.364571
517.771000   -1.367959
517.772000   -1.369839
517.773000   -1.370017
517.774000   -1.368362
517.775000   -1.364891
517.776000   -1.359761
517.777000   -1.353201
517.778000   -1.345441
517.779000   -1.336670
517.780000   -1.327016
517.781000   -1.316546
517.782000   -1.305326
517.783000   -1.293515
517.784000   -1.281433
517.785000   -1.269533
517.786000   -1.258283
517.787000   -1.248059
517.788000   -1.239073
517.789000   -1.231357
517.790000   -1.224772
517.791000   -1.219083
517.792000   -1.214059
517.793000   -1.209570
517.794000   -1.205595
517.795000   -1.202151
517.796000   -1.199224
517.797000   -1.196744
517.798000   -1.194583
517.799000   -1.192579
517.800000   -1.190561
517.801000   -1.188414
517.802000   -1.186142
517.803000   -1.183888
517.804000   -1.181875
517.805000   -1.180319
517.806000   -1.179365
517.807000   -1.179059
517.808000   -1.179342
517.809000   -1.180065
517.810000   -1.181049
517.811000   -1.182228
517.812000   -1.183777
517.813000   -1.186102
517.814000   -1.189681
517.815000   -1.194909
517.816000   -1.202014
517.817000   -1.211021
517.818000   -1.221743
517.819000   -1.233821
517.820000   -1.246864
517.821000   -1.260683
517.822000   -1.275402
517.823000   -1.291286
517.824000   -1.308472
517.825000   -1.326833
517.826000   -1.345959
517.827000   -1.365201
517.828000   -1.383731
517.829000   -1.400671
517.830000   -1.415344
517.831000   -1.427538
517.832000   -1.437514
517.833000   -1.445744
517.834000   -1.452646
517.835000   -1.458466
517.836000   -1.463248
517.837000   -1.466822
517.838000   -1.468810
517.839000   -1.468738
517.840000   -1.466307
517.841000   -1.461660
517.842000   -1.455274
517.843000   -1.447639
517.844000   -1.439037
517.845000   -1.429519
517.846000   -1.418926
517.847000   -1.406917
517.848000   -1.393008
517.849000   -1.376734
517.850000   -1.357975
517.851000   -1.337193
517.852000   -1.315269
517.853000   -1.293160
517.854000   -1.271676
517.855000   -1.251410
517.856000   -1.232700
517.857000   -1.215592
517.858000   -1.199827
517.859000   -1.184994
517.860000   -1.170907
517.861000   -1.157843
517.862000   -1.146337
517.863000   -1.136820
517.864000   -1.129460
517.865000   -1.124163
517.866000   -1.120609
517.867000   -1.118277
517.868000   -1.116505
517.869000   -1.114714
517.870000   -1.112745
517.871000   -1.110964
517.872000   -1.109960
517.873000   -1.110225
517.874000   -1.112047
517.875000   -1.115498
517.876000   -1.120433
517.877000   -1.126455
517.878000   -1.132980
517.879000   -1.139580
517.880000   -1.146369
517.881000   -1.153905
517.882000   -1.162729
517.883000   -1.173115
517.884000   -1.185046
517.885000   -1.198231
517.886000   -1.212098
517.887000   -1.225809
517.888000   -1.238474
517.889000   -1.249629
517.890000   -1.259573
517.891000   -1.269053
517.892000   -1.278739
517.893000   -1.288988
517.894000   -1.299813
517.895000   -1.310890
517.896000   -1.321544
517.897000   -1.330835
517.898000   -1.337905
517.899000   -1.342490
517.900000   -1.344964
517.901000   -1.345832
517.902000   -1.345354
517.903000   -1.343507
517.904000   -1.340045
517.905000   -1.334553
517.906000   -1.326504
517.907000   -1.315441
517.908000   -1.301284
517.909000   -1.284504
517.910000   -1.265912
517.911000   -1.246339
517.912000   -1.226454
517.913000   -1.206703
517.914000   -1.187283
517.915000   -1.168117
517.916000   -1.148889
517.917000   -1.129279
517.918000   -1.109355
517.919000   -1.089734
517.920000   -1.071245
517.921000   -1.054547
517.922000   -1.039985
517.923000   -1.027607
517.924000   -1.017175
517.925000   -1.008185
517.926000   -0.999962
517.927000   -0.991955
517.928000   -0.984114
517.929000   -0.976976
517.930000   -0.971288
517.931000   -0.967615
517.932000   -0.966198
517.933000   -0.966960
517.934000   -0.969514
517.935000   -0.973175
517.936000   -0.977054
517.937000   -0.980363
517.938000   -0.982861
517.939000   -0.984926
517.940000   -0.987130
517.941000   -0.989901
517.942000   -0.993495
517.943000   -0.998026
517.944000   -1.003458
517.945000   -1.009576
517.946000   -1.016054
517.947000   -1.022700
517.948000   -1.029727
517.949000   -1.037709
517.950000   -1.047230
517.951000   -1.058626
517.952000   -1.071921
517.953000   -1.086828
517.954000   -1.102750
517.955000   -1.118796
517.956000   -1.133905
517.957000   -1.147253
517.958000   -1.158731
517.959000   -1.168848
517.960000   -1.178203
517.961000   -1.187177
517.962000   -1.195890
517.963000   -1.204215
517.964000   -1.211779
517.965000   -1.218007
