514.972000   -1.326993
514.973000   -1.335417
514.974000   -1.340407
514.975000   -1.342032
514.976000   -1.340781
514.977000   -1.337441
514.978000   -1.332941
514.979000   -1.328220
514.980000   -1.324106
514.981000   -1.321174
514.982000   -1.319640
514.983000   -1.319364
514.984000   -1.320023
514.985000   -1.321296
514.986000   -1.322913
514.987000   -1.324601
514.988000   -1.326046
514.989000   -1.326896
514.990000   -1.326782
514.991000   -1.325304
514.992000   -1.322035
514.993000   -1.316643
514.994000   -1.309149
514.995000   -1.300042
514.996000   -1.290148
514.997000   -1.280436
514.998000   -1.271860
514.999000   -1.265202
515.000000   -1.260898
515.001000   -1.258879
515.001000   -1.258879
515.002000   -1.258605
515.003000   -1.259394
515.004000   -1.260778
515.005000   -1.262563
515.006000   -1.264685
515.007000   -1.267102
515.008000   -1.269729
515.009000   -1.272396
515.010000   -1.274790
515.011000   -1.276480
515.012000   -1.277169
515.013000   -1.277014
515.014000   -1.276645
515.015000   -1.276914
515.016000   -1.278666
515.017000   -1.282592
515.018000   -1.289096
515.019000   -1.298148
515.020000   -1.309215
515.021000   -1.321438
515.022000   -1.334009
515.023000   -1.346422
515.024000   -1.358393
515.025000   -1.369711
515.026000   -1.380158
515.027000   -1.389489
515.028000   -1.397395
515.029000   -1.403480
515.030000   -1.407377
515.031000   -1.409045
515.032000   -1.409018
515.033000   -1.408289
515.034000   -1.408005
515.035000   -1.409237
515.036000   -1.412827
515.037000   -1.419220
515.038000   -1.428325
515.039000   -1.439537
515.040000   -1.452065
515.041000   -1.465344
515.042000   -1.479129
515.043000   -1.493256
515.044000   -1.507454
515.045000   -1.521298
515.046000   -1.534214
515.047000   -1.545487
515.048000   -1.554299
515.049000   -1.559925
515.050000   -1.562115
515.051000   -1.561327
515.052000   -1.558492
515.053000   -1.554597
515.054000   -1.550444
515.055000   -1.546524
515.056000   -1.542923
515.057000   -1.539236
515.058000   -1.534651
515.059000   -1.528319
515.060000   -1.519884
515.061000   -1.509640
515.062000   -1.498195
515.063000   -1.486157
515.064000   -1.474037
515.065000   -1.462226
515.066000   -1.450972
515.067000   -1.440354
515.068000   -1.430391
515.069000   -1.421393
515.070000   -1.414243
515.071000   -1.410148
515.072000   -1.410172
515.073000   -1.414958
515.074000   -1.424625
515.075000   -1.438726
515.076000   -1.456265
515.077000   -1.475834
515.078000   -1.495975
515.079000   -1.515632
515.080000   -1.534244
515.081000   -1.551447
515.082000   -1.566828
515.083000   -1.579889
515.084000   -1.590091
515.085000   -1.596901
515.086000   -1.599857
515.087000   -1.598725
515.088000   -1.593813
515.089000   -1.586163
515.090000   -1.577316
515.091000   -1.568843
515.092000   -1.561997
515.093000   -1.557526
515.094000   -1.555624
515.095000   -1.555997
515.096000   -1.558069
515.097000   -1.561337
515.098000   -1.565720
515.099000   -1.571530
515.100000   -1.579117
515.101000   -1.588592
515.102000   -1.599747
515.103000   -1.612096
515.104000   -1.624944
515.105000   -1.637465
515.106000   -1.648874
515.107000   -1.658723
515.108000   -1.667067
515.109000   -1.674236
515.110000   -1.680465
515.111000   -1.685686
515.112000   -1.689477
515.113000   -1.691087
515.114000   -1.689507
515.115000   -1.683638
515.116000   -1.672632
515.117000   -1.656296
515.118000   -1.635119
515.119000   -1.609952
515.120000   -1.581725
515.121000   -1.551334
515.122000   -1.519583
515.123000   -1.487119
515.124000   -1.454392
515.125000   -1.421780
515.126000   -1.389953
515.127000   -1.360126
515.128000   -1.333801
515.129000   -1.312289
515.130000   -1.296447
515.131000   -1.286601
515.132000   -1.282547
515.133000   -1.283577
515.134000   -1.288591
515.135000   -1.296417
515.136000   -1.306244
515.137000   -1.317715
515.138000   -1.330602
515.139000   -1.344493
515.140000   -1.358716
515.141000   -1.372414
515.142000   -1.384617
515.143000   -1.394335
515.144000   -1.400743
515.145000   -1.403511
515.146000   -1.402990
515.147000   -1.399916
515.148000   -1.394979
515.149000   -1.388603
515.150000   -1.380917
515.151000   -1.371791
515.152000   -1.360902
515.153000   -1.347885
515.154000   -1.332603
515.155000   -1.315384
515.156000   -1.296971
515.157000   -1.278296
515.158000   -1.260288
515.159000   -1.243754
515.160000   -1.229287
515.161000   -1.217190
515.162000   -1.207469
515.163000   -1.199967
515.164000   -1.194635
515.165000   -1.191709
515.166000   -1.191616
515.167000   -1.194713
515.168000   -1.201058
515.169000   -1.210305
515.170000   -1.221716
515.171000   -1.234248
515.172000   -1.246740
515.173000   -1.258173
515.174000   -1.267874
515.175000   -1.275498
515.176000   -1.280840
515.177000   -1.283695
515.178000   -1.283814
515.179000   -1.280942
515.180000   -1.274856
515.181000   -1.265449
515.182000   -1.252883
515.183000   -1.237775
515.184000   -1.221163
515.185000   -1.204191
515.186000   -1.187796
515.187000   -1.172588
515.188000   -1.158883
515.189000   -1.146786
515.190000   -1.136286
515.191000   -1.127404
515.192000   -1.120383
515.193000   -1.115763
515.194000   -1.114207
515.195000   -1.116221
515.196000   -1.121974
515.197000   -1.131260
515.198000   -1.143530
515.199000   -1.157966
515.200000   -1.173617
515.201000   -1.189663
515.202000   -1.205691
515.203000   -1.221735
515.204000   -1.237934
515.205000   -1.254169
515.206000   -1.269959
515.207000   -1.284605
515.208000   -1.297361
515.209000   -1.307604
515.210000   -1.314996
515.211000   -1.319654
515.212000   -1.322171
515.213000   -1.323403
515.214000   -1.324171
515.215000   -1.325081
515.216000   -1.326487
515.217000   -1.328521
515.218000   -1.331137
515.219000   -1.334189
515.220000   -1.337582
515.221000   -1.341440
515.222000   -1.346141
515.223000   -1.352084
515.224000   -1.359388
515.225000   -1.367760
515.226000   -1.376583
515.227000   -1.385086
515.228000   -1.392508
515.229000   -1.398271
515.230000   -1.402150
515.231000   -1.404313
515.232000   -1.405174
515.233000   -1.405157
515.234000   -1.404571
515.235000   -1.403596
515.236000   -1.402331
515.237000   -1.400842
515.238000   -1.399224
515.239000   -1.397665
515.240000   -1.396476
515.241000   -1.396016
515.242000   -1.396511
515.243000   -1.397927
515.244000   -1.399968
515.245000   -1.402171
515.246000   -1.404021
515.247000   -1.405052
515.248000   -1.404946
515.249000   -1.403603
515.250000   -1.401157
515.251000   -1.397906
515.252000   -1.394216
515.253000   -1.390456
515.254000   -1.386967
515.255000   -1.384051
515.256000   -1.381987
515.257000   -1.381054
515.258000   -1.381567
515.259000   -1.383885
515.260000   -1.388334
515.261000   -1.395085
515.262000   -1.404046
515.263000   -1.414871
515.264000   -1.427040
515.265000   -1.439981
515.266000   -1.453185
515.267000   -1.466299
515.268000   -1.479158
515.269000   -1.491731
515.270000   -1.504003
515.271000   -1.515895
515.272000   -1.527253
515.273000   -1.537916
515.274000   -1.547801
515.275000   -1.556952
515.276000   -1.565571
515.277000   -1.573995
515.278000   -1.582626
515.279000   -1.591788
515.280000   -1.601574
515.281000   -1.611769
515.282000   -1.621906
515.283000   -1.631391
515.284000   -1.639625
515.285000   -1.646124
515.286000   -1.650609
515.287000   -1.653065
515.288000   -1.653701
515.289000   -1.652834
515.290000   -1.650803
515.291000   -1.647949
515.292000   -1.644630
515.293000   -1.641250
515.294000   -1.638255
515.295000   -1.636120
515.296000   -1.635292
515.297000   -1.636087
515.298000   -1.638567
515.299000   -1.642489
515.300000   -1.647354
515.301000   -1.652530
515.302000   -1.657376
515.303000   -1.661336
515.304000   -1.664026
515.305000   -1.665284
515.306000   -1.665184
515.307000   -1.663974
515.308000   -1.661985
515.309000   -1.659588
515.310000   -1.657171
515.311000   -1.655119
515.312000   -1.653759
515.313000   -1.653273
515.314000   -1.653637
515.315000   -1.654609
515.316000   -1.655773
515.317000   -1.656599
515.318000   -1.656526
515.319000   -1.655030
515.320000   -1.651680
515.321000   -1.646168
515.322000   -1.638337
515.323000   -1.628228
515.324000   -1.616140
515.325000   -1.602652
515.326000   -1.588567
515.327000   -1.574819
515.328000   -1.562375
515.329000   -1.552153
515.330000   -1.544928
515.331000   -1.541219
515.332000   -1.541200
515.333000   -1.544675
515.334000   -1.551155
515.335000   -1.559970
515.336000   -1.570371
515.337000   -1.581600
515.338000   -1.592926
515.339000   -1.603667
515.340000   -1.613192
515.341000   -1.620954
515.342000   -1.626577
515.343000   -1.629960
515.344000   -1.631351
515.345000   -1.631306
515.346000   -1.630567
515.347000   -1.629905
515.348000   -1.629977
515.349000   -1.631175
515.350000   -1.633535
515.351000   -1.636730
515.352000   -1.640190
515.353000   -1.643269
515.354000   -1.645367
515.355000   -1.645961
515.356000   -1.644595
515.357000   -1.640870
515.358000   -1.634446
515.359000   -1.625061
515.360000   -1.612576
515.361000   -1.597055
515.362000   -1.578857
515.363000   -1.558678
515.364000   -1.537511
515.365000   -1.516524
515.366000   -1.496914
515.367000   -1.479740
515.368000   -1.465744
515.369000   -1.455227
515.370000   -1.448014
515.371000   -1.443542
515.372000   -1.441039
515.373000   -1.439707
515.374000   -1.438843
515.375000   -1.437867
515.376000   -1.436302
515.377000   -1.433733
515.378000   -1.429801
515.379000   -1.424224
515.380000   -1.416830
515.381000   -1.407607
515.382000   -1.396748
515.383000   -1.384658
515.384000   -1.371911
515.385000   -1.359146
515.386000   -1.346946
515.387000   -1.335753
515.388000   -1.325808
515.389000   -1.317161
515.390000   -1.309709
515.391000   -1.303283
515.392000   -1.297747
515.393000   -1.293064
515.394000   -1.289303
515.395000   -1.286581
515.396000   -1.284986
515.397000   -1.284538
515.398000   -1.285172
515.399000   -1.286769
515.400000   -1.289215
515.401000   -1.292494
515.402000   -1.296778
515.403000   -1.302445
515.404000   -1.309990
515.405000   -1.319849
515.406000   -1.332243
515.407000   -1.347060
515.408000   -1.363830
515.409000   -1.381782
515.410000   -1.399987
515.411000   -1.417561
515.412000   -1.433818
515.413000   -1.448318
515.414000   -1.460794
515.415000   -1.471069
515.416000   -1.479011
515.417000   -1.484521
515.418000   -1.487538
515.419000   -1.488073
515.420000   -1.486253
515.421000   -1.482376
515.422000   -1.476912
515.423000   -1.470426
515.424000   -1.463445
515.425000   -1.456331
515.426000   -1.449213
515.427000   -1.441973
515.428000   -1.434290
515.429000   -1.425743
515.430000   -1.415968
515.431000   -1.404804
515.432000   -1.392381
515.433000   -1.379055
515.434000   -1.365290
515.435000   -1.351549
515.436000   -1.338226
515.437000   -1.325605
515.438000   -1.313858
515.439000   -1.303095
515.440000   -1.293452
515.441000   -1.285164
515.442000   -1.278538
515.443000   -1.273845
515.444000   -1.271222
515.445000   -1.270624
515.446000   -1.271824
515.447000   -1.274455
515.448000   -1.278067
515.449000   -1.282210
515.450000   -1.286521
515.451000   -1.290778
515.452000   -1.294887
515.453000   -1.298848
515.454000   -1.302703
515.455000   -1.306503
515.456000   -1.310273
515.457000   -1.314006
515.458000   -1.317661
515.459000   -1.321225
515.460000   -1.324800
515.461000   -1.328659
515.462000   -1.333192
515.463000   -1.338747
515.464000   -1.345475
515.465000   -1.353251
515.466000   -1.361665
515.467000   -1.370088
515.468000   -1.377804
515.469000   -1.384209
515.470000   -1.388998
515.471000   -1.392221
515.472000   -1.394182
515.473000   -1.395283
515.474000   -1.395903
515.475000   -1.396337
515.476000   -1.396776
515.477000   -1.397320
515.478000   -1.398044
515.479000   -1.399094
515.480000   -1.400727
515.481000   -1.403236
515.482000   -1.406807
515.483000   -1.411414
515.484000   -1.416804
515.485000   -1.422518
515.486000   -1.427949
515.487000   -1.432434
515.488000   -1.435413
515.489000   -1.436600
515.490000   -1.436037
515.491000   -1.434001
515.492000   -1.430855
515.493000   -1.426934
515.494000   -1.422482
515.495000   -1.417622
515.496000   -1.412348
515.497000   -1.406575
515.498000   -1.400245
515.499000   -1.393429
515.500000   -1.386351
515.501000   -1.379311
515.501000   -1.379311
515.502000   -1.372598
515.503000   -1.366442
515.504000   -1.360992
515.505000   -1.356300
515.506000   -1.352326
515.507000   -1.348982
515.508000   -1.346241
515.509000   -1.344232
515.510000   -1.343227
515.511000   -1.343567
515.512000   -1.345564
515.513000   -1.349449
515.514000   -1.355346
515.515000   -1.363247
515.516000   -1.372990
515.517000   -1.384289
515.518000   -1.396819
515.519000   -1.410330
515.520000   -1.424663
515.521000   -1.439692
515.522000   -1.455222
515.523000   -1.470936
515.524000   -1.486384
515.525000   -1.500988
515.526000   -1.514108
515.527000   -1.525189
515.528000   -1.533945
515.529000   -1.540475
515.530000   -1.545206
515.531000   -1.548718
515.532000   -1.551586
515.533000   -1.554266
515.534000   -1.557006
515.535000   -1.559790
515.536000   -1.562355
515.537000   -1.564333
515.538000   -1.565467
515.539000   -1.565729
515.540000   -1.565256
515.541000   -1.564206
515.542000   -1.562662
515.543000   -1.560593
515.544000   -1.557860
515.545000   -1.554253
515.546000   -1.549602
515.547000   -1.543945
515.548000   -1.537660
515.549000   -1.531429
515.550000   -1.526048
515.551000   -1.522210
515.552000   -1.520342
515.553000   -1.520499
515.554000   -1.522329
515.555000   -1.525145
515.556000   -1.528136
515.557000   -1.530627
515.558000   -1.532262
515.559000   -1.532978
515.560000   -1.532831
515.561000   -1.531828
515.562000   -1.529859
515.563000   -1.526693
515.564000   -1.522028
515.565000   -1.515581
515.566000   -1.507244
515.567000   -1.497245
515.568000   -1.486212
515.569000   -1.475031
515.570000   -1.464564
515.571000   -1.455438
515.572000   -1.447942
515.573000   -1.442026
515.574000   -1.437381
515.575000   -1.433571
515.576000   -1.430223
515.577000   -1.427219
515.578000   -1.424743
515.579000   -1.423098
515.580000   -1.422472
515.581000   -1.422831
515.582000   -1.423928
515.583000   -1.425348
515.584000   -1.426569
515.585000   -1.427073
515.586000   -1.426559
515.587000   -1.425180
515.588000   -1.423500
515.589000   -1.422163
515.590000   -1.421571
515.591000   -1.421742
515.592000   -1.422317
515.593000   -1.422645
515.594000   -1.421905
515.595000   -1.419318
515.596000   -1.414465
515.597000   -1.407494
515.598000   -1.398961
515.599000   -1.389505
515.600000   -1.379627
515.601000   -1.369642
515.602000   -1.359684
515.603000   -1.349732
515.604000   -1.339696
515.605000   -1.329608
515.606000   -1.319865
515.607000   -1.311230
515.608000   -1.304488
515.609000   -1.300084
515.610000   -1.297975
515.611000   -1.297660
515.612000   -1.298302
515.613000   -1.298898
515.614000   -1.298503
515.615000   -1.296504
515.616000   -1.292776
515.617000   -1.287545
515.618000   -1.281155
515.619000   -1.273941
515.620000   -1.266202
515.621000   -1.258187
515.622000   -1.250079
515.623000   -1.242022
515.624000   -1.234243
515.625000   -1.227189
515.626000   -1.221441
515.627000   -1.217448
515.628000   -1.215347
515.629000   -1.214928
515.630000   -1.215688
515.631000   -1.216901
515.632000   -1.217711
515.633000   -1.217325
515.634000   -1.215279
515.635000   -1.211544
515.636000   -1.206357
515.637000   -1.200029
515.638000   -1.192881
515.639000   -1.185235
515.640000   -1.177392
515.641000   -1.169596
515.642000   -1.162059
515.643000   -1.155138
515.644000   -1.149482
515.645000   -1.145859
515.646000   -1.144833
515.647000   -1.146594
515.648000   -1.150959
515.649000   -1.157433
515.650000   -1.165273
515.651000   -1.173596
515.652000   -1.181628
515.653000   -1.189032
515.654000   -1.195928
515.655000   -1.202609
515.656000   -1.209285
515.657000   -1.216035
515.658000   -1.222822
515.659000   -1.229513
515.660000   -1.235889
515.661000   -1.241755
515.662000   -1.247195
515.663000   -1.252687
515.664000   -1.258813
515.665000   -1.265860
515.666000   -1.273680
515.667000   -1.281751
515.668000   -1.289305
515.669000   -1.295447
515.670000   -1.299313
515.671000   -1.300358
515.672000   -1.298631
515.673000   -1.294703
515.674000   -1.289299
515.675000   -1.283043
515.676000   -1.276400
515.677000   -1.269708
515.678000   -1.263202
515.679000   -1.257043
515.680000   -1.251439
515.681000   -1.246838
515.682000   -1.243980
515.683000   -1.243606
515.684000   -1.246133
515.685000   -1.251561
515.686000   -1.259551
515.687000   -1.269522
515.688000   -1.280722
515.689000   -1.292347
515.690000   -1.303776
515.691000   -1.314777
515.692000   -1.325407
515.693000   -1.335714
515.694000   -1.345584
515.695000   -1.354780
515.696000   -1.363015
515.697000   -1.369998
515.698000   -1.375471
515.699000   -1.379305
515.700000   -1.381646
515.701000   -1.382917
515.702000   -1.383607
515.703000   -1.384064
515.704000   -1.384444
515.705000   -1.384759
515.706000   -1.384940
515.707000   -1.384873
515.708000   -1.384463
515.709000   -1.383770
515.710000   -1.383146
515.711000   -1.383190
515.712000   -1.384562
515.713000   -1.387815
515.714000   -1.393318
515.715000   -1.401226
515.716000   -1.411482
515.717000   -1.423852
515.718000   -1.438021
515.719000   -1.453739
515.720000   -1.470865
515.721000   -1.489256
515.722000   -1.508615
515.723000   -1.528440
515.724000   -1.548062
515.725000   -1.566714
515.726000   -1.583582
515.727000   -1.597884
515.728000   -1.609010
515.729000   -1.616679
515.730000   -1.620959
515.731000   -1.622159
515.732000   -1.620694
515.733000   -1.617014
515.734000   -1.611570
515.735000   -1.604779
515.736000   -1.596984
515.737000   -1.588472
515.738000   -1.579551
515.739000   -1.570595
515.740000   -1.561982
515.741000   -1.553994
515.742000   -1.546798
515.743000   -1.540488
515.744000   -1.535122
515.745000   -1.530725
515.746000   -1.527297
515.747000   -1.524867
515.748000   -1.523596
515.749000   -1.523775
515.750000   -1.525691
515.751000   -1.529500
515.752000   -1.535200
515.753000   -1.542667
515.754000   -1.551683
515.755000   -1.561936
515.756000   -1.573055
515.757000   -1.584677
515.758000   -1.596536
515.759000   -1.608447
515.760000   -1.620234
515.761000   -1.631674
515.762000   -1.642487
515.763000   -1.652350
515.764000   -1.660904
515.765000   -1.667790
515.766000   -1.672713
515.767000   -1.675546
515.768000   -1.676401
515.769000   -1.675615
515.770000   -1.673642
515.771000   -1.670930
515.772000   -1.667830
515.773000   -1.664538
515.774000   -1.661072
515.775000   -1.657301
515.776000   -1.653075
515.777000   -1.648426
515.778000   -1.643692
515.779000   -1.639441
515.780000   -1.636247
515.781000   -1.634494
515.782000   -1.634284
515.783000   -1.635406
515.784000   -1.637364
515.785000   -1.639490
515.786000   -1.641147
515.787000   -1.641966
515.788000   -1.641918
515.789000   -1.641156
515.790000   -1.639835
515.791000   -1.637981
515.792000   -1.635424
515.793000   -1.631771
515.794000   -1.626438
515.795000   -1.618803
515.796000   -1.608437
515.797000   -1.595280
515.798000   -1.579605
515.799000   -1.561836
515.800000   -1.542411
515.801000   -1.521707
515.802000   -1.500024
515.803000   -1.477572
515.804000   -1.454503
515.805000   -1.431018
515.806000   -1.407531
515.807000   -1.384725
515.808000   -1.363415
515.809000   -1.344337
515.810000   -1.328018
515.811000   -1.314737
515.812000   -1.304540
515.813000   -1.297266
515.814000   -1.292617
515.815000   -1.290287
515.816000   -1.290122
515.817000   -1.292141
515.818000   -1.296402
515.819000   -1.302854
515.820000   -1.311291
515.821000   -1.321366
515.822000   -1.332610
515.823000   -1.344470
515.824000   -1.356407
515.825000   -1.368064
515.826000   -1.379392
515.827000   -1.390600
515.828000   -1.401978
515.829000   -1.413739
515.830000   -1.425921
515.831000   -1.438346
515.832000   -1.450628
515.833000   -1.462232
515.834000   -1.472634
515.835000   -1.481542
515.836000   -1.488994
515.837000   -1.495282
515.838000   -1.500776
515.839000   -1.505794
515.840000   -1.510524
515.841000   -1.514996
515.842000   -1.519089
515.843000   -1.522620
515.844000   -1.525509
515.845000   -1.527946
515.846000   -1.530385
515.847000   -1.533369
515.848000   -1.537324
515.849000   -1.542426
515.850000   -1.548555
515.851000   -1.555324
515.852000   -1.562145
515.853000   -1.568377
515.854000   -1.573507
515.855000   -1.577285
515.856000   -1.579716
515.857000   -1.580962
515.858000   -1.581221
515.859000   -1.580658
515.860000   -1.579362
515.861000   -1.577337
515.862000   -1.574519
515.863000   -1.570842
515.864000   -1.566320
515.865000   -1.561082
515.866000   -1.555336
515.867000   -1.549295
515.868000   -1.543096
515.869000   -1.536760
515.870000   -1.530187
515.871000   -1.523181
515.872000   -1.515511
515.873000   -1.507009
515.874000   -1.497668
515.875000   -1.487699
515.876000   -1.477502
515.877000   -1.467555
515.878000   -1.458299
515.879000   -1.450064
515.880000   -1.443033
515.881000   -1.437252
515.882000   -1.432664
515.883000   -1.429196
515.884000   -1.426857
515.885000   -1.425830
515.886000   -1.426445
515.887000   -1.429054
515.888000   -1.433904
515.889000   -1.441066
515.890000   -1.450401
515.891000   -1.461567
515.892000   -1.474073
515.893000   -1.487401
515.894000   -1.501167
515.895000   -1.515196
515.896000   -1.529445
515.897000   -1.543865
515.898000   -1.558310
515.899000   -1.572493
515.900000   -1.585958
515.901000   -1.598066
515.902000   -1.608081
515.903000   -1.615377
515.904000   -1.619619
515.905000   -1.620755
515.906000   -1.618861
515.907000   -1.614019
515.908000   -1.606269
515.909000   -1.595586
515.910000   -1.581898
515.911000   -1.565195
515.912000   -1.545723
515.913000   -1.524148
515.914000   -1.501484
515.915000   -1.478838
515.916000   -1.457177
515.917000   -1.437210
515.918000   -1.419331
515.919000   -1.403619
515.920000   -1.389894
515.921000   -1.377881
515.922000   -1.367426
515.923000   -1.358605
515.924000   -1.351608
515.925000   -1.346551
515.926000   -1.343379
515.927000   -1.341847
515.928000   -1.341536
515.929000   -1.341902
515.930000   -1.342365
515.931000   -1.342491
515.932000   -1.342130
515.933000   -1.341380
515.934000   -1.340427
515.935000   -1.339420
515.936000   -1.338412
515.937000   -1.337322
515.938000   -1.335907
515.939000   -1.333795
515.940000   -1.330635
515.941000   -1.326288
515.942000   -1.320875
515.943000   -1.314656
515.944000   -1.307892
515.945000   -1.300768
515.946000   -1.293366
515.947000   -1.285667
515.948000   -1.277623
515.949000   -1.269326
515.950000   -1.261197
515.951000   -1.253978
515.952000   -1.248549
515.953000   -1.245718
515.954000   -1.246104
515.955000   -1.250051
515.956000   -1.257587
515.957000   -1.268424
515.958000   -1.282079
515.959000   -1.298078
515.960000   -1.316067
515.961000   -1.335702
515.962000   -1.356487
515.963000   -1.377712
515.964000   -1.398473
515.965000   -1.417729
515.966000   -1.434379
515.967000   -1.447439
515.968000   -1.456291
515.969000   -1.460853
515.970000   -1.461466
515.971000   -1.458662
515.972000   -1.453015
515.973000   -1.445051
515.974000   -1.435205
515.975000   -1.423761
515.976000   -1.410869
515.977000   -1.396674
515.978000   -1.381525
515.979000   -1.366002
515.980000   -1.350729
515.981000   -1.336207
515.982000   -1.322754
515.983000   -1.310505
515.984000   -1.299414
515.985000   -1.289289
515.986000   -1.279942
515.987000   -1.271450
515.988000   -1.264261
515.989000   -1.258989
515.990000   -1.256157
515.991000   -1.256087
515.992000   -1.258868
515.993000   -1.264328
515.994000   -1.272010
515.995000   -1.281231
515.996000   -1.291313
515.997000   -1.301834
515.998000   -1.312620
515.999000   -1.323524
516.000000   -1.334277
516.001000   -1.344470
516.001000   -1.344470
516.002000   -1.353574
516.003000   -1.360976
516.004000   -1.366048
516.005000   -1.368351
516.006000   -1.367921
516.007000   -1.365340
516.008000   -1.361488
516.009000   -1.357268
516.010000   -1.353469
516.011000   -1.350699
516.012000   -1.349314
516.013000   -1.349367
516.014000   -1.350667
516.015000   -1.353042
516.016000   -1.356573
516.017000   -1.361538
516.018000   -1.368190
516.019000   -1.376616
516.020000   -1.386699
516.021000   -1.398107
516.022000   -1.410283
516.023000   -1.422528
516.024000   -1.434239
516.025000   -1.445197
516.026000   -1.455599
516.027000   -1.465817
516.028000   -1.476176
516.029000   -1.486853
516.030000   -1.497819
516.031000   -1.508800
516.032000   -1.519276
516.033000   -1.528622
516.034000   -1.536392
516.035000   -1.542512
516.036000   -1.547164
516.037000   -1.550556
516.038000   -1.552811
516.039000   -1.553962
516.040000   -1.553949
516.041000   -1.552617
516.042000   -1.549789
516.043000   -1.545513
516.044000   -1.540300
516.045000   -1.535019
516.046000   -1.530522
516.047000   -1.527410
516.048000   -1.526020
516.049000   -1.526437
516.050000   -1.528479
516.051000   -1.531689
516.052000   -1.535458
516.053000   -1.539346
516.054000   -1.543299
516.055000   -1.547455
516.056000   -1.551836
516.057000   -1.556273
516.058000   -1.560471
516.059000   -1.564049
516.060000   -1.566531
516.061000   -1.567416
516.062000   -1.566424
516.063000   -1.563788
516.064000   -1.560190
516.065000   -1.556394
516.066000   -1.553010
516.067000   -1.550444
516.068000   -1.548869
516.069000   -1.548188
516.070000   -1.548025
516.071000   -1.547848
516.072000   -1.547230
516.073000   -1.546023
516.074000   -1.544267
516.075000   -1.542000
516.076000   -1.539177
516.077000   -1.535685
516.078000   -1.531366
516.079000   -1.526039
516.080000   -1.519546
516.081000   -1.511876
516.082000   -1.503347
516.083000   -1.494669
516.084000   -1.486765
516.085000   -1.480516
516.086000   -1.476590
516.087000   -1.475356
516.088000   -1.476850
516.089000   -1.480769
516.090000   -1.486543
516.091000   -1.493523
516.092000   -1.501238
516.093000   -1.509466
516.094000   -1.518085
516.095000   -1.526916
516.096000   -1.535669
516.097000   -1.543956
516.098000   -1.551344
516.099000   -1.557424
516.100000   -1.561947
516.101000   -1.564974
516.102000   -1.566890
516.103000   -1.568227
516.104000   -1.569486
516.105000   -1.571041
516.106000   -1.573074
516.107000   -1.575552
516.108000   -1.578238
516.109000   -1.580771
516.110000   -1.582823
516.111000   -1.584214
516.112000   -1.584852
516.113000   -1.584573
516.114000   -1.583144
516.115000   -1.580315
516.116000   -1.575848
516.117000   -1.569546
516.118000   -1.561285
516.119000   -1.551091
516.120000   -1.539242
516.121000   -1.526300
516.122000   -1.513057
516.123000   -1.500445
516.124000   -1.489388
516.125000   -1.480623
516.126000   -1.474589
516.127000   -1.471353
516.128000   -1.470610
516.129000   -1.471749
516.130000   -1.474056
516.131000   -1.476977
516.132000   -1.480233
516.133000   -1.483669
516.134000   -1.487072
516.135000   -1.490100
516.136000   -1.492311
516.137000   -1.493196
516.138000   -1.492243
516.139000   -1.489034
516.140000   -1.483420
516.141000   -1.475616
516.142000   -1.466120
516.143000   -1.455522
516.144000   -1.444360
516.145000   -1.433052
516.146000   -1.421858
516.147000   -1.410848
516.148000   -1.399910
516.149000   -1.388836
516.150000   -1.377513
516.151000   -1.366081
516.152000   -1.354929
516.153000   -1.344574
516.154000   -1.335549
516.155000   -1.328322
516.156000   -1.323218
516.157000   -1.320365
516.158000   -1.319722
516.159000   -1.321271
516.160000   -1.325260
516.161000   -1.332210
516.162000   -1.342679
516.163000   -1.357000
516.164000   -1.375133
516.165000   -1.396595
516.166000   -1.420456
516.167000   -1.445427
516.168000   -1.470073
516.169000   -1.493124
516.170000   -1.513673
516.171000   -1.531146
516.172000   -1.545160
516.173000   -1.555427
516.174000   -1.561732
516.175000   -1.563974
516.176000   -1.562214
516.177000   -1.556713
516.178000   -1.547896
516.179000   -1.536274
516.180000   -1.522493
516.181000   -1.507374
516.182000   -1.491774
516.183000   -1.476416
516.184000   -1.461839
516.185000   -1.448412
516.186000   -1.436337
516.187000   -1.425583
516.188000   -1.415827
516.189000   -1.406669
516.190000   -1.397942
516.191000   -1.389713
516.192000   -1.382119
516.193000   -1.375265
516.194000   -1.369219
516.195000   -1.363998
516.196000   -1.359525
516.197000   -1.355562
516.198000   -1.351800
516.199000   -1.348112
516.200000   -1.344596
516.201000   -1.341365
516.202000   -1.338374
516.203000   -1.335413
516.204000   -1.332182
516.205000   -1.328349
516.206000   -1.323566
516.207000   -1.317501
516.208000   -1.309987
516.209000   -1.301214
516.210000   -1.291665
516.211000   -1.281916
516.212000   -1.272530
516.213000   -1.264052
516.214000   -1.257024
516.215000   -1.251916
516.216000   -1.249006
516.217000   -1.248372
516.218000   -1.250113
516.219000   -1.254483
516.220000   -1.261737
516.221000   -1.271976
516.222000   -1.285116
516.223000   -1.300894
516.224000   -1.318842
516.225000   -1.338256
516.226000   -1.358276
516.227000   -1.378211
516.228000   -1.397803
516.229000   -1.417122
516.230000   -1.436291
516.231000   -1.455335
516.232000   -1.474162
516.233000   -1.492541
516.234000   -1.510078
516.235000   -1.526237
516.236000   -1.540510
516.237000   -1.552714
516.238000   -1.563090
516.239000   -1.572030
516.240000   -1.579777
516.241000   -1.586357
516.242000   -1.591619
516.243000   -1.595282
516.244000   -1.596944
516.245000   -1.596146
516.246000   -1.592617
516.247000   -1.586650
516.248000   -1.579114
516.249000   -1.571046
516.250000   -1.563342
516.251000   -1.556656
516.252000   -1.551370
516.253000   -1.547531
516.254000   -1.544788
516.255000   -1.542526
516.256000   -1.540341
516.257000   -1.538444
516.258000   -1.537436
516.259000   -1.537862
516.260000   -1.540015
516.261000   -1.543932
516.262000   -1.549398
516.263000   -1.555902
516.264000   -1.562618
516.265000   -1.568652
516.266000   -1.573632
516.267000   -1.578008
516.268000   -1.582624
516.269000   -1.588213
516.270000   -1.595231
516.271000   -1.603846
516.272000   -1.613899
516.273000   -1.624798
516.274000   -1.635498
516.275000   -1.644938
516.276000   -1.652783
516.277000   -1.659535
516.278000   -1.665899
516.279000   -1.672350
516.280000   -1.679050
516.281000   -1.685854
516.282000   -1.692261
516.283000   -1.697381
516.284000   -1.700151
516.285000   -1.699983
516.286000   -1.697274
516.287000   -1.693058
516.288000   -1.688378
516.289000   -1.684012
516.290000   -1.680403
516.291000   -1.677611
516.292000   -1.675252
516.293000   -1.672529
516.294000   -1.668610
516.295000   -1.663244
516.296000   -1.656862
516.297000   -1.650020
516.298000   -1.643016
516.299000   -1.635848
516.300000   -1.628270
516.301000   -1.619839
516.302000   -1.609945
516.303000   -1.597966
516.304000   -1.583660
516.305000   -1.567471
516.306000   -1.550264
516.307000   -1.532876
516.308000   -1.515948
516.309000   -1.499926
516.310000   -1.485076
516.311000   -1.471456
516.312000   -1.458896
516.313000   -1.447120
516.314000   -1.436077
516.315000   -1.426106
516.316000   -1.417662
516.317000   -1.411053
516.318000   -1.406392
516.319000   -1.403648
516.320000   -1.402643
516.321000   -1.403004
516.322000   -1.404163
516.323000   -1.405639
516.324000   -1.407484
516.325000   -1.410263
516.326000   -1.414611
516.327000   -1.420960
516.328000   -1.429491
516.329000   -1.440125
516.330000   -1.452467
516.331000   -1.465757
516.332000   -1.479007
516.333000   -1.491537
516.334000   -1.503402
516.335000   -1.515074
516.336000   -1.526900
516.337000   -1.538909
516.338000   -1.550842
516.339000   -1.562215
516.340000   -1.572323
516.341000   -1.580306
516.342000   -1.585480
516.343000   -1.587954
516.344000   -1.588723
516.345000   -1.589008
516.346000   -1.589696
516.347000   -1.591214
516.348000   -1.593572
516.349000   -1.596399
516.350000   -1.598937
516.351000   -1.600191
516.352000   -1.599489
516.353000   -1.597036
516.354000   -1.593612
516.355000   -1.589857
516.356000   -1.586003
516.357000   -1.581952
516.358000   -1.577383
516.359000   -1.571791
516.360000   -1.564514
516.361000   -1.555004
516.362000   -1.543371
516.363000   -1.530536
516.364000   -1.517670
516.365000   -1.505667
516.366000   -1.495011
516.367000   -1.485803
516.368000   -1.477807
516.369000   -1.470465
516.370000   -1.463015
516.371000   -1.454819
516.372000   -1.445772
516.373000   -1.436263
516.374000   -1.426765
516.375000   -1.417575
516.376000   -1.408787
516.377000   -1.400352
516.378000   -1.392096
516.379000   -1.383741
516.380000   -1.375011
516.381000   -1.365903
516.382000   -1.356858
516.383000   -1.348546
516.384000   -1.341547
516.385000   -1.336213
516.386000   -1.332644
516.387000   -1.330678
516.388000   -1.329889
516.389000   -1.329669
516.390000   -1.329454
516.391000   -1.329029
516.392000   -1.328590
516.393000   -1.328537
516.394000   -1.329282
516.395000   -1.331141
516.396000   -1.334260
516.397000   -1.338573
516.398000   -1.343826
516.399000   -1.349702
516.400000   -1.356091
516.401000   -1.363293
516.402000   -1.371853
516.403000   -1.382186
516.404000   -1.394308
516.405000   -1.407822
516.406000   -1.422033
516.407000   -1.436059
516.408000   -1.448977
516.409000   -1.460050
516.410000   -1.468938
516.411000   -1.475658
516.412000   -1.480313
516.413000   -1.482912
516.414000   -1.483418
516.415000   -1.481842
516.416000   -1.478252
516.417000   -1.472763
516.418000   -1.465593
516.419000   -1.457166
516.420000   -1.448074
516.421000   -1.438891
516.422000   -1.430098
516.423000   -1.422128
516.424000   -1.415334
516.425000   -1.409887
516.426000   -1.405768
516.427000   -1.402842
516.428000   -1.400989
516.429000   -1.400152
516.430000   -1.400248
516.431000   -1.401217
516.432000   -1.403192
516.433000   -1.406435
516.434000   -1.411080
516.435000   -1.417016
516.436000   -1.423939
516.437000   -1.431457
516.438000   -1.439141
516.439000   -1.446463
516.440000   -1.452841
516.441000   -1.457879
516.442000   -1.461437
516.443000   -1.463397
516.444000   -1.463523
516.445000   -1.461509
516.446000   -1.457076
516.447000   -1.450022
516.448000   -1.440217
516.449000   -1.427624
516.450000   -1.412452
516.451000   -1.395230
516.452000   -1.376606
516.453000   -1.357150
516.454000   -1.337322
516.455000   -1.317527
516.456000   -1.298158
516.457000   -1.279602
516.458000   -1.262192
516.459000   -1.246255
516.460000   -1.232205
516.461000   -1.220440
516.462000   -1.211160
516.463000   -1.204331
516.464000   -1.199776
516.465000   -1.197296
516.466000   -1.196725
516.467000   -1.197909
516.468000   -1.200705
516.469000   -1.205049
516.470000   -1.210899
516.471000   -1.218065
516.472000   -1.226174
516.473000   -1.234772
516.474000   -1.243454
516.475000   -1.251942
516.476000   -1.260070
516.477000   -1.267728
516.478000   -1.274801
516.479000   -1.281113
516.480000   -1.286427
516.481000   -1.290522
516.482000   -1.293281
516.483000   -1.294754
516.484000   -1.295148
516.485000   -1.294746
516.486000   -1.293807
516.487000   -1.292515
516.488000   -1.291079
516.489000   -1.289815
516.490000   -1.289085
516.491000   -1.289238
516.492000   -1.290585
516.493000   -1.293363
516.494000   -1.297650
516.495000   -1.303292
516.496000   -1.309979
516.497000   -1.317578
516.498000   -1.326274
516.499000   -1.336288
516.500000   -1.347649
516.501000   -1.360189
516.501000   -1.360189
516.502000   -1.373588
516.503000   -1.387362
516.504000   -1.400820
516.505000   -1.413127
516.506000   -1.423585
516.507000   -1.431889
516.508000   -1.437989
516.509000   -1.441869
516.510000   -1.443569
516.511000   -1.443272
516.512000   -1.441275
516.513000   -1.437868
516.514000   -1.433239
516.515000   -1.427506
516.516000   -1.420818
516.517000   -1.413348
516.518000   -1.405191
516.519000   -1.396390
516.520000   -1.387051
516.521000   -1.377373
516.522000   -1.367567
516.523000   -1.357759
516.524000   -1.347969
516.525000   -1.338175
516.526000   -1.328390
516.527000   -1.318672
516.528000   -1.309157
516.529000   -1.300167
516.530000   -1.292222
516.531000   -1.285894
516.532000   -1.281622
516.533000   -1.279589
516.534000   -1.279729
516.535000   -1.281871
516.536000   -1.285796
516.537000   -1.291247
516.538000   -1.298031
516.539000   -1.306107
516.540000   -1.315499
516.541000   -1.326131
516.542000   -1.337720
516.543000   -1.349822
516.544000   -1.362000
516.545000   -1.373944
516.546000   -1.385408
516.547000   -1.396249
516.548000   -1.406576
516.549000   -1.416750
516.550000   -1.427188
516.551000   -1.438165
516.552000   -1.449740
516.553000   -1.461779
516.554000   -1.474011
516.555000   -1.486028
516.556000   -1.497381
516.557000   -1.507806
516.558000   -1.517342
516.559000   -1.526182
516.560000   -1.534468
516.561000   -1.542184
516.562000   -1.549139
516.563000   -1.554975
516.564000   -1.559200
516.565000   -1.561323
516.566000   -1.561169
516.567000   -1.559108
516.568000   -1.555898
516.569000   -1.552326
516.570000   -1.548971
516.571000   -1.546137
516.572000   -1.543938
516.573000   -1.542351
516.574000   -1.541210
516.575000   -1.540366
516.576000   -1.539961
516.577000   -1.540454
516.578000   -1.542305
516.579000   -1.545721
516.580000   -1.550616
516.581000   -1.556733
516.582000   -1.563695
516.583000   -1.570957
516.584000   -1.577861
516.585000   -1.583966
516.586000   -1.589303
516.587000   -1.594212
516.588000   -1.598994
516.589000   -1.603724
516.590000   -1.608237
516.591000   -1.612175
516.592000   -1.615034
516.593000   -1.616237
516.594000   -1.615369
516.595000   -1.612441
516.596000   -1.607826
516.597000   -1.601972
516.598000   -1.595209
516.599000   -1.587780
516.600000   -1.579984
516.601000   -1.572169
516.602000   -1.564577
516.603000   -1.557341
516.604000   -1.550725
516.605000   -1.545215
516.606000   -1.541282
516.607000   -1.539110
516.608000   -1.538558
516.609000   -1.539365
516.610000   -1.541316
516.611000   -1.544133
516.612000   -1.547354
516.613000   -1.550516
516.614000   -1.553460
516.615000   -1.556315
516.616000   -1.559220
516.617000   -1.562160
516.618000   -1.564993
516.619000   -1.567546
516.620000   -1.569567
516.621000   -1.570639
516.622000   -1.570307
516.623000   -1.568419
516.624000   -1.565305
516.625000   -1.561542
516.626000   -1.557603
516.627000   -1.553701
516.628000   -1.549772
516.629000   -1.545520
516.630000   -1.540481
516.631000   -1.534152
516.632000   -1.526279
516.633000   -1.517166
516.634000   -1.507656
516.635000   -1.498770
516.636000   -1.491393
516.637000   -1.486166
516.638000   -1.483439
516.639000   -1.483215
516.640000   -1.485095
516.641000   -1.488398
516.642000   -1.492549
516.643000   -1.497545
516.644000   -1.503949
516.645000   -1.512423
516.646000   -1.523310
516.647000   -1.536433
516.648000   -1.551039
516.649000   -1.565906
516.650000   -1.579548
516.651000   -1.590534
516.652000   -1.598007
516.653000   -1.602026
516.654000   -1.603329
516.655000   -1.602780
516.656000   -1.600952
516.657000   -1.597967
516.658000   -1.593567
516.659000   -1.587270
516.660000   -1.578557
516.661000   -1.567212
516.662000   -1.553687
516.663000   -1.539006
516.664000   -1.524261
516.665000   -1.510191
516.666000   -1.497101
516.667000   -1.484979
516.668000   -1.473600
516.669000   -1.462595
516.670000   -1.451640
516.671000   -1.440748
516.672000   -1.430394
516.673000   -1.421243
516.674000   -1.413816
516.675000   -1.408411
516.676000   -1.405177
516.677000   -1.404094
516.678000   -1.404876
516.679000   -1.406985
516.680000   -1.409796
516.681000   -1.412848
516.682000   -1.415906
516.683000   -1.418784
516.684000   -1.421240
516.685000   -1.423057
516.686000   -1.424116
516.687000   -1.424278
516.688000   -1.423272
516.689000   -1.420744
516.690000   -1.416440
516.691000   -1.410351
516.692000   -1.402644
516.693000   -1.393527
516.694000   -1.383292
516.695000   -1.372374
516.696000   -1.361210
516.697000   -1.350041
516.698000   -1.338870
516.699000   -1.327626
516.700000   -1.316393
516.701000   -1.305452
516.702000   -1.295120
516.703000   -1.285683
516.704000   -1.277483
516.705000   -1.270895
516.706000   -1.266112
516.707000   -1.263025
516.708000   -1.261314
516.709000   -1.260689
516.710000   -1.261046
516.711000   -1.262401
516.712000   -1.264743
516.713000   -1.268003
516.714000   -1.272050
516.715000   -1.276572
516.716000   -1.280995
516.717000   -1.284582
516.718000   -1.286687
516.719000   -1.286991
516.720000   -1.285513
516.721000   -1.282420
516.722000   -1.277873
516.723000   -1.271997
516.724000   -1.264883
516.725000   -1.256568
516.726000   -1.247037
516.727000   -1.236339
516.728000   -1.224749
516.729000   -1.212815
516.730000   -1.201180
516.731000   -1.190375
516.732000   -1.180787
516.733000   -1.172722
516.734000   -1.166358
516.735000   -1.161655
516.736000   -1.158404
516.737000   -1.156430
516.738000   -1.155781
516.739000   -1.156704
516.740000   -1.159460
516.741000   -1.164218
516.742000   -1.171108
516.743000   -1.180244
516.744000   -1.191595
516.745000   -1.204936
516.746000   -1.219964
516.747000   -1.236479
516.748000   -1.254434
516.749000   -1.273779
516.750000   -1.294320
516.751000   -1.315710
516.752000   -1.337538
516.753000   -1.359323
516.754000   -1.380480
516.755000   -1.400381
516.756000   -1.418520
516.757000   -1.434635
516.758000   -1.448665
516.759000   -1.460598
516.760000   -1.470398
516.761000   -1.478058
516.762000   -1.483666
516.763000   -1.487369
516.764000   -1.489341
516.765000   -1.489857
516.766000   -1.489366
516.767000   -1.488414
516.768000   -1.487465
516.769000   -1.486808
516.770000   -1.486658
516.771000   -1.487283
516.772000   -1.488935
516.773000   -1.491698
516.774000   -1.495487
516.775000   -1.500198
516.776000   -1.505831
516.777000   -1.512445
516.778000   -1.520048
516.779000   -1.528566
516.780000   -1.537886
516.781000   -1.547831
516.782000   -1.558085
516.783000   -1.568221
516.784000   -1.577877
516.785000   -1.586923
516.786000   -1.595445
516.787000   -1.603600
516.788000   -1.611461
516.789000   -1.618938
516.790000   -1.625739
516.791000   -1.631375
516.792000   -1.635255
516.793000   -1.636899
516.794000   -1.636159
516.795000   -1.633249
516.796000   -1.628571
516.797000   -1.622479
516.798000   -1.615151
516.799000   -1.606580
516.800000   -1.596659
516.801000   -1.585292
516.802000   -1.572570
516.803000   -1.558959
516.804000   -1.545280
516.805000   -1.532446
516.806000   -1.521172
516.807000   -1.511865
516.808000   -1.504734
516.809000   -1.499974
516.810000   -1.497782
516.811000   -1.498253
516.812000   -1.501389
516.813000   -1.507191
516.814000   -1.515641
516.815000   -1.526575
516.816000   -1.539612
516.817000   -1.554239
516.818000   -1.569929
516.819000   -1.586156
516.820000   -1.602307
516.821000   -1.617727
516.822000   -1.631924
516.823000   -1.644681
516.824000   -1.655960
516.825000   -1.665742
516.826000   -1.673955
516.827000   -1.680471
516.828000   -1.685090
516.829000   -1.687548
516.830000   -1.687629
516.831000   -1.685431
516.832000   -1.681514
516.833000   -1.676697
516.834000   -1.671742
516.835000   -1.667191
516.836000   -1.663373
516.837000   -1.660437
516.838000   -1.658337
516.839000   -1.656831
516.840000   -1.655695
516.841000   -1.655029
516.842000   -1.655289
516.843000   -1.657002
516.844000   -1.660499
516.845000   -1.665861
516.846000   -1.672923
516.847000   -1.681261
516.848000   -1.690205
516.849000   -1.698994
516.850000   -1.707110
516.851000   -1.714502
516.852000   -1.721416
516.853000   -1.728044
516.854000   -1.734318
516.855000   -1.739886
516.856000   -1.744165
516.857000   -1.746424
516.858000   -1.745916
516.859000   -1.742139
516.860000   -1.735079
516.861000   -1.725178
516.862000   -1.713059
516.863000   -1.699292
516.864000   -1.684335
516.865000   -1.668534
516.866000   -1.652084
516.867000   -1.635004
516.868000   -1.617245
516.869000   -1.598967
516.870000   -1.580693
516.871000   -1.563117
516.872000   -1.546823
516.873000   -1.532200
516.874000   -1.519462
516.875000   -1.508635
516.876000   -1.499505
516.877000   -1.491668
516.878000   -1.484734
516.879000   -1.478586
516.880000   -1.473417
516.881000   -1.469522
516.882000   -1.467082
516.883000   -1.466055
516.884000   -1.466130
516.885000   -1.466742
516.886000   -1.467153
516.887000   -1.466603
516.888000   -1.464519
516.889000   -1.460645
516.890000   -1.454957
516.891000   -1.447493
516.892000   -1.438254
516.893000   -1.427219
516.894000   -1.414387
516.895000   -1.399804
516.896000   -1.383605
516.897000   -1.366128
516.898000   -1.348038
516.899000   -1.330258
516.900000   -1.313742
516.901000   -1.299303
516.902000   -1.287555
516.903000   -1.278870
516.904000   -1.273339
516.905000   -1.270786
516.906000   -1.270908
516.907000   -1.273532
516.908000   -1.278793
516.909000   -1.287037
516.910000   -1.298574
516.911000   -1.313464
516.912000   -1.331409
516.913000   -1.351755
516.914000   -1.373578
516.915000   -1.395856
516.916000   -1.417698
516.917000   -1.438588
516.918000   -1.458419
516.919000   -1.477260
516.920000   -1.495006
516.921000   -1.511150
516.922000   -1.524856
516.923000   -1.535200
516.924000   -1.541388
516.925000   -1.542972
516.926000   -1.540063
516.927000   -1.533391
516.928000   -1.524050
516.929000   -1.513018
516.930000   -1.500824
516.931000   -1.487604
516.932000   -1.473355
516.933000   -1.458092
516.934000   -1.441976
516.935000   -1.425453
516.936000   -1.409323
516.937000   -1.394609
516.938000   -1.382263
516.939000   -1.372891
516.940000   -1.366641
516.941000   -1.363266
516.942000   -1.362258
516.943000   -1.362999
516.944000   -1.364963
516.945000   -1.367948
516.946000   -1.372167
516.947000   -1.378108
516.948000   -1.386173
516.949000   -1.396292
516.950000   -1.407842
516.951000   -1.419872
516.952000   -1.431373
516.953000   -1.441477
516.954000   -1.449641
516.955000   -1.455763
516.956000   -1.460130
516.957000   -1.463168
516.958000   -1.465089
516.959000   -1.465736
516.960000   -1.464763
516.961000   -1.461859
516.962000   -1.456871
516.963000   -1.449908
516.964000   -1.441396
516.965000   -1.432023
516.966000   -1.422549
516.967000   -1.413563
516.968000   -1.405372
516.969000   -1.398107
516.970000   -1.391862
516.971000   -1.386756
516.972000   -1.382972
516.973000   -1.380754
516.974000   -1.380334
516.975000   -1.381808
516.976000   -1.385086
516.977000   -1.389959
516.978000   -1.396187
516.979000   -1.403454
516.980000   -1.411343
516.981000   -1.419409
516.982000   -1.427301
516.983000   -1.434808
516.984000   -1.441836
516.985000   -1.448349
516.986000   -1.454301
516.987000   -1.459536
516.988000   -1.463766
516.989000   -1.466697
516.990000   -1.468219
516.991000   -1.468507
516.992000   -1.468001
516.993000   -1.467296
516.994000   -1.466984
516.995000   -1.467485
516.996000   -1.468929
516.997000   -1.471177
516.998000   -1.473991
516.999000   -1.477223
517.000000   -1.480922
517.001000   -1.485308
517.001000   -1.485308
517.002000   -1.490649
517.003000   -1.497124
517.004000   -1.504727
517.005000   -1.513215
517.006000   -1.522110
517.007000   -1.530795
517.008000   -1.538725
517.009000   -1.545640
517.010000   -1.551643
517.011000   -1.557104
517.012000   -1.562497
517.013000   -1.568278
517.014000   -1.574750
517.015000   -1.581874
517.016000   -1.589184
517.017000   -1.595994
517.018000   -1.601751
517.019000   -1.606277
517.020000   -1.609788
517.021000   -1.612762
517.022000   -1.615791
517.023000   -1.619374
517.024000   -1.623526
517.025000   -1.627505
517.026000   -1.630153
517.027000   -1.630542
517.028000   -1.628395
517.029000   -1.624087
517.030000   -1.618403
517.031000   -1.612279
517.032000   -1.606550
517.033000   -1.601626
517.034000   -1.597332
517.035000   -1.593148
517.036000   -1.588649
517.037000   -1.583801
517.038000   -1.578982
517.039000   -1.574792
517.040000   -1.571842
517.041000   -1.570620
517.042000   -1.571380
517.043000   -1.573989
517.044000   -1.577835
517.045000   -1.582013
517.046000   -1.585742
517.047000   -1.588720
517.048000   -1.591170
517.049000   -1.593621
517.050000   -1.596666
517.051000   -1.600782
517.052000   -1.606096
517.053000   -1.612209
517.054000   -1.618343
517.055000   -1.623809
517.056000   -1.628414
517.057000   -1.632503
517.058000   -1.636642
517.059000   -1.641309
517.060000   -1.646716
517.061000   -1.652724
517.062000   -1.658823
517.063000   -1.664250
517.064000   -1.668257
517.065000   -1.670412
517.066000   -1.670743
517.067000   -1.669567
517.068000   -1.667207
517.069000   -1.663810
517.070000   -1.659310
517.071000   -1.653473
517.072000   -1.645983
517.073000   -1.636529
517.074000   -1.624977
517.075000   -1.611576
517.076000   -1.596927
517.077000   -1.581704
517.078000   -1.566413
517.079000   -1.551329
517.080000   -1.536550
517.081000   -1.522046
517.082000   -1.507664
517.083000   -1.493247
517.084000   -1.478927
517.085000   -1.465281
517.086000   -1.453115
517.087000   -1.443121
517.088000   -1.435697
517.089000   -1.430882
517.090000   -1.428324
517.091000   -1.427295
517.092000   -1.426863
517.093000   -1.426270
517.094000   -1.425269
517.095000   -1.424050
517.096000   -1.422903
517.097000   -1.421987
517.098000   -1.421253
517.099000   -1.420421
517.100000   -1.418982
517.101000   -1.416293
517.102000   -1.411870
517.103000   -1.405788
517.104000   -1.398772
517.105000   -1.391854
517.106000   -1.385986
517.107000   -1.381822
517.108000   -1.379616
517.109000   -1.379185
517.110000   -1.379962
517.111000   -1.381251
517.112000   -1.382685
517.113000   -1.384548
517.114000   -1.387589
517.115000   -1.392576
517.116000   -1.400008
517.117000   -1.409956
517.118000   -1.422000
517.119000   -1.435242
517.120000   -1.448490
517.121000   -1.460633
517.122000   -1.471128
517.123000   -1.480156
517.124000   -1.488309
517.125000   -1.496171
517.126000   -1.504022
517.127000   -1.511632
517.128000   -1.518243
517.129000   -1.522771
517.130000   -1.524135
517.131000   -1.521712
517.132000   -1.515636
517.133000   -1.506654
517.134000   -1.495709
517.135000   -1.483593
517.136000   -1.470720
517.137000   -1.457045
517.138000   -1.442164
517.139000   -1.425542
517.140000   -1.406889
517.141000   -1.386575
517.142000   -1.365682
517.143000   -1.345613
517.144000   -1.327654
517.145000   -1.312665
517.146000   -1.300898
517.147000   -1.292045
517.148000   -1.285453
517.149000   -1.280475
517.150000   -1.276883
517.151000   -1.275065
517.152000   -1.275749
517.153000   -1.279568
517.154000   -1.286759
517.155000   -1.297026
517.156000   -1.309587
517.157000   -1.323364
517.158000   -1.337222
517.159000   -1.350290
517.160000   -1.362270
517.161000   -1.373396
517.162000   -1.384067
517.163000   -1.394514
517.164000   -1.404673
517.165000   -1.414226
517.166000   -1.422726
517.167000   -1.429699
517.168000   -1.434836
517.169000   -1.438250
517.170000   -1.440547
517.171000   -1.442562
517.172000   -1.445038
517.173000   -1.448491
517.174000   -1.453203
517.175000   -1.459198
517.176000   -1.466187
517.177000   -1.473623
517.178000   -1.480986
517.179000   -1.488124
517.180000   -1.495284
517.181000   -1.502828
517.182000   -1.510989
517.183000   -1.519752
517.184000   -1.528782
517.185000   -1.537436
517.186000   -1.544885
517.187000   -1.550388
517.188000   -1.553645
517.189000   -1.554931
517.190000   -1.554863
517.191000   -1.554092
517.192000   -1.553071
517.193000   -1.551923
517.194000   -1.550435
517.195000   -1.548163
517.196000   -1.544624
517.197000   -1.539593
517.198000   -1.533359
517.199000   -1.526624
517.200000   -1.520167
517.201000   -1.514555
517.202000   -1.510008
517.203000   -1.506403
517.204000   -1.503353
517.205000   -1.500350
517.206000   -1.497036
517.207000   -1.493509
517.208000   -1.490347
517.209000   -1.488320
517.210000   -1.488075
517.211000   -1.489971
517.212000   -1.494001
517.213000   -1.499788
517.214000   -1.506689
517.215000   -1.514024
517.216000   -1.521416
517.217000   -1.529008
517.218000   -1.537329
517.219000   -1.546963
517.220000   -1.558258
517.221000   -1.571124
517.222000   -1.585001
517.223000   -1.599018
517.224000   -1.612254
517.225000   -1.624048
517.226000   -1.634263
517.227000   -1.643229
517.228000   -1.651418
517.229000   -1.659141
517.230000   -1.666400
517.231000   -1.672912
517.232000   -1.678222
517.233000   -1.681857
517.234000   -1.683549
517.235000   -1.683461
517.236000   -1.682147
517.237000   -1.680242
517.238000   -1.678213
517.239000   -1.676323
517.240000   -1.674707
517.241000   -1.673378
517.242000   -1.672175
517.243000   -1.670818
517.244000   -1.669131
517.245000   -1.667192
517.246000   -1.665216
517.247000   -1.663338
517.248000   -1.661575
517.249000   -1.659915
517.250000   -1.658343
517.251000   -1.656750
517.252000   -1.654912
517.253000   -1.652648
517.254000   -1.649998
517.255000   -1.647188
517.256000   -1.644428
517.257000   -1.641820
517.258000   -1.639450
517.259000   -1.637436
517.260000   -1.635834
517.261000   -1.634543
517.262000   -1.633362
517.263000   -1.632149
517.264000   -1.630883
517.265000   -1.629540
517.266000   -1.628017
517.267000   -1.626240
517.268000   -1.624268
517.269000   -1.622186
517.270000   -1.619914
517.271000   -1.617183
517.272000   -1.613709
517.273000   -1.609375
517.274000   -1.604207
517.275000   -1.598243
517.276000   -1.591554
517.277000   -1.584373
517.278000   -1.577027
517.279000   -1.569729
517.280000   -1.562480
517.281000   -1.555176
517.282000   -1.547822
517.283000   -1.540603
517.284000   -1.533760
517.285000   -1.527477
517.286000   -1.521903
517.287000   -1.517172
517.288000   -1.513291
517.289000   -1.510045
517.290000   -1.507061
517.291000   -1.503974
517.292000   -1.500549
517.293000   -1.496646
517.294000   -1.492128
517.295000   -1.486869
517.296000   -1.480834
517.297000   -1.474050
517.298000   -1.466521
517.299000   -1.458225
517.300000   -1.449224
517.301000   -1.439774
517.302000   -1.430275
517.303000   -1.421124
517.304000   -1.412662
517.305000   -1.405234
517.306000   -1.399156
517.307000   -1.394540
517.308000   -1.391208
517.309000   -1.388799
517.310000   -1.387017
517.311000   -1.385791
517.312000   -1.385224
517.313000   -1.385462
517.314000   -1.386641
517.315000   -1.388829
517.316000   -1.391927
517.317000   -1.395645
517.318000   -1.399626
517.319000   -1.403676
517.320000   -1.407926
517.321000   -1.412760
517.322000   -1.418580
517.323000   -1.425608
517.324000   -1.433792
517.325000   -1.442799
517.326000   -1.452077
517.327000   -1.460986
517.328000   -1.469008
517.329000   -1.475918
517.330000   -1.481755
517.331000   -1.486622
517.332000   -1.490527
517.333000   -1.493370
517.334000   -1.494979
517.335000   -1.495103
517.336000   -1.493440
517.337000   -1.489777
517.338000   -1.484156
517.339000   -1.476921
517.340000   -1.468564
517.341000   -1.459573
517.342000   -1.450409
517.343000   -1.441488
517.344000   -1.433077
517.345000   -1.425218
517.346000   -1.417799
517.347000   -1.410745
517.348000   -1.404169
517.349000   -1.398352
517.350000   -1.393591
517.351000   -1.390072
517.352000   -1.387787
517.353000   -1.386492
517.354000   -1.385745
517.355000   -1.385044
517.356000   -1.384025
517.357000   -1.382614
517.358000   -1.381024
517.359000   -1.379594
517.360000   -1.378586
517.361000   -1.378037
517.362000   -1.377719
517.363000   -1.377225
517.364000   -1.376124
517.365000   -1.374142
517.366000   -1.371319
517.367000   -1.368035
517.368000   -1.364882
517.369000   -1.362459
517.370000   -1.361173
517.371000   -1.361121
517.372000   -1.362122
517.373000   -1.363851
517.374000   -1.366018
517.375000   -1.368547
517.376000   -1.371653
517.377000   -1.375769
517.378000   -1.381373
517.379000   -1.388768
517.380000   -1.397868
517.381000   -1.408130
517.382000   -1.418745
517.383000   -1.428908
517.384000   -1.438063
517.385000   -1.446056
517.386000   -1.453118
517.387000   -1.459722
517.388000   -1.466348
517.389000   -1.473168
517.390000   -1.479851
517.391000   -1.485734
517.392000   -1.490157
517.393000   -1.492733
517.394000   -1.493481
517.395000   -1.492812
517.396000   -1.491389
517.397000   -1.489907
517.398000   -1.488808
517.399000   -1.488004
517.400000   -1.486901
517.401000   -1.484714
517.402000   -1.480806
517.403000   -1.474906
517.404000   -1.467190
517.405000   -1.458191
517.406000   -1.448632
517.407000   -1.439196
517.408000   -1.430246
517.409000   -1.421663
517.410000   -1.413035
517.411000   -1.403994
517.412000   -1.394473
517.413000   -1.384818
517.414000   -1.375682
517.415000   -1.367813
517.416000   -1.361826
517.417000   -1.358007
517.418000   -1.356194
517.419000   -1.355864
517.420000   -1.356357
517.421000   -1.357122
517.422000   -1.357901
517.423000   -1.358768
517.424000   -1.360022
517.425000   -1.362035
517.426000   -1.365086
517.427000   -1.369209
517.428000   -1.374114
517.429000   -1.379303
517.430000   -1.384302
517.431000   -1.388894
517.432000   -1.393242
517.433000   -1.397823
517.434000   -1.403235
517.435000   -1.409976
517.436000   -1.418219
517.437000   -1.427696
517.438000   -1.437827
517.439000   -1.447983
517.440000   -1.457753
517.441000   -1.467111
517.442000   -1.476375
517.443000   -1.486032
517.444000   -1.496513
517.445000   -1.507978
517.446000   -1.520155
517.447000   -1.532365
517.448000   -1.543767
517.449000   -1.553662
517.450000   -1.561734
517.451000   -1.568101
517.452000   -1.573179
517.453000   -1.577474
517.454000   -1.581362
517.455000   -1.584862
517.456000   -1.587586
517.457000   -1.588940
517.458000   -1.588443
517.459000   -1.586013
517.460000   -1.582082
517.461000   -1.577453
517.462000   -1.573038
517.463000   -1.569581
517.464000   -1.567382
517.465000   -1.566163
517.466000   -1.565217
517.467000   -1.563760
517.468000   -1.561318
517.469000   -1.557977
517.470000   -1.554274
517.471000   -1.550881
517.472000   -1.548322
517.473000   -1.546809
517.474000   -1.546156
517.475000   -1.545837
517.476000   -1.545171
517.477000   -1.543618
517.478000   -1.541096
517.479000   -1.538064
517.480000   -1.535279
517.481000   -1.533471
517.482000   -1.533133
517.483000   -1.534396
517.484000   -1.536983
517.485000   -1.540292
517.486000   -1.543611
517.487000   -1.546439
517.488000   -1.548718
517.489000   -1.550741
517.490000   -1.552868
517.491000   -1.555299
517.492000   -1.557964
517.493000   -1.560508
517.494000   -1.562381
517.495000   -1.562994
517.496000   -1.561960
517.497000   -1.559306
517.498000   -1.555442
517.499000   -1.550902
517.500000   -1.546119
517.501000   -1.541361
517.501000   -1.541361
517.502000   -1.536772
517.503000   -1.532404
517.504000   -1.528205
517.505000   -1.524124
517.506000   -1.520280
517.507000   -1.516993
517.508000   -1.514582
517.509000   -1.513178
517.510000   -1.512706
517.511000   -1.512989
517.512000   -1.513777
517.513000   -1.514661
517.514000   -1.515120
517.515000   -1.514769
517.516000   -1.513562
517.517000   -1.511739
517.518000   -1.509618
517.519000   -1.507457
517.520000   -1.505400
517.521000   -1.503405
517.522000   -1.501201
517.523000   -1.498400
517.524000   -1.494759
517.525000   -1.490412
517.526000   -1.485851
517.527000   -1.481683
517.528000   -1.478414
517.529000   -1.476292
517.530000   -1.475227
517.531000   -1.474820
517.532000   -1.474516
517.533000   -1.473858
517.534000   -1.472773
517.535000   -1.471630
517.536000   -1.470970
517.537000   -1.471215
517.538000   -1.472539
517.539000   -1.474902
517.540000   -1.478114
517.541000   -1.481833
517.542000   -1.485629
517.543000   -1.489218
517.544000   -1.492670
517.545000   -1.496308
517.546000   -1.500424
517.547000   -1.505112
517.548000   -1.510306
517.549000   -1.515849
517.550000   -1.521462
517.551000   -1.526705
517.552000   -1.531112
517.553000   -1.534435
517.554000   -1.536740
517.555000   -1.538235
517.556000   -1.539051
517.557000   -1.539158
517.558000   -1.538385
517.559000   -1.536446
517.560000   -1.532962
517.561000   -1.527560
517.562000   -1.520052
517.563000   -1.510577
517.564000   -1.499519
517.565000   -1.487309
517.566000   -1.474303
517.567000   -1.460809
517.568000   -1.447129
517.569000   -1.433524
517.570000   -1.420190
517.571000   -1.407367
517.572000   -1.395472
517.573000   -1.385047
517.574000   -1.376533
517.575000   -1.370116
517.576000   -1.365808
517.577000   -1.363558
517.578000   -1.363197
517.579000   -1.364335
517.580000   -1.366418
517.581000   -1.368945
517.582000   -1.371630
517.583000   -1.374344
517.584000   -1.376973
517.585000   -1.379396
517.586000   -1.381508
517.587000   -1.383167
517.588000   -1.384126
517.589000   -1.384093
517.590000   -1.382955
517.591000   -1.380973
517.592000   -1.378732
517.593000   -1.376890
517.594000   -1.375954
517.595000   -1.376174
517.596000   -1.377537
517.597000   -1.379819
517.598000   -1.382679
517.599000   -1.385852
517.600000   -1.389361
517.601000   -1.393517
517.602000   -1.398679
517.603000   -1.405053
517.604000   -1.412681
517.605000   -1.421514
517.606000   -1.431392
517.607000   -1.441997
517.608000   -1.452949
517.609000   -1.464016
517.610000   -1.475204
517.611000   -1.486586
517.612000   -1.498095
517.613000   -1.509543
517.614000   -1.520749
517.615000   -1.531515
517.616000   -1.541511
517.617000   -1.550304
517.618000   -1.557543
517.619000   -1.563123
517.620000   -1.567149
517.621000   -1.569758
517.622000   -1.571071
517.623000   -1.571274
517.624000   -1.570604
517.625000   -1.569215
517.626000   -1.567134
517.627000   -1.564343
517.628000   -1.560933
517.629000   -1.557145
517.630000   -1.553280
517.631000   -1.549588
517.632000   -1.546238
517.633000   -1.543276
517.634000   -1.540565
517.635000   -1.537812
517.636000   -1.534720
517.637000   -1.531195
517.638000   -1.527459
517.639000   -1.523950
517.640000   -1.521133
517.641000   -1.519337
517.642000   -1.518661
517.643000   -1.518929
517.644000   -1.519736
517.645000   -1.520583
517.646000   -1.521108
517.647000   -1.521294
517.648000   -1.521475
517.649000   -1.522133
517.650000   -1.523617
517.651000   -1.525892
517.652000   -1.528483
517.653000   -1.530653
517.654000   -1.531644
517.655000   -1.530944
517.656000   -1.528513
517.657000   -1.524839
517.658000   -1.520751
517.659000   -1.517063
517.660000   -1.514171
517.661000   -1.511951
517.662000   -1.509997
517.663000   -1.507871
517.664000   -1.505310
517.665000   -1.502390
517.666000   -1.499579
517.667000   -1.497556
517.668000   -1.496868
517.669000   -1.497583
517.670000   -1.499241
517.671000   -1.501108
517.672000   -1.502444
517.673000   -1.502675
517.674000   -1.501556
517.675000   -1.499209
517.676000   -1.495987
517.677000   -1.492251
517.678000   -1.488241
517.679000   -1.484114
517.680000   -1.479985
517.681000   -1.475891
517.682000   -1.471786
517.683000   -1.467616
517.684000   -1.463389
517.685000   -1.459155
517.686000   -1.454909
517.687000   -1.450558
517.688000   -1.446001
517.689000   -1.441161
517.690000   -1.435924
517.691000   -1.430118
517.692000   -1.423618
517.693000   -1.416469
517.694000   -1.408908
517.695000   -1.401256
517.696000   -1.393804
517.697000   -1.386770
517.698000   -1.380323
517.699000   -1.374548
517.700000   -1.369429
517.701000   -1.364932
517.702000   -1.361109
517.703000   -1.358097
517.704000   -1.356004
517.705000   -1.354791
517.706000   -1.354263
517.707000   -1.354188
517.708000   -1.354373
517.709000   -1.354675
517.710000   -1.355062
517.711000   -1.355700
517.712000   -1.356932
517.713000   -1.359112
517.714000   -1.362444
517.715000   -1.366943
517.716000   -1.372560
517.717000   -1.379284
517.718000   -1.387053
517.719000   -1.395678
517.720000   -1.404947
517.721000   -1.414728
517.722000   -1.424929
517.723000   -1.435368
517.724000   -1.445704
517.725000   -1.455503
517.726000   -1.464331
517.727000   -1.471769
517.728000   -1.477423
517.729000   -1.481076
517.730000   -1.482856
517.731000   -1.483206
517.732000   -1.482683
517.733000   -1.481751
517.734000   -1.480683
517.735000   -1.479599
517.736000   -1.478532
517.737000   -1.477423
517.738000   -1.476166
517.739000   -1.474759
517.740000   -1.473394
517.741000   -1.472366
517.742000   -1.471902
517.743000   -1.472042
517.744000   -1.472622
517.745000   -1.473299
517.746000   -1.473559
517.747000   -1.472808
517.748000   -1.470607
517.749000   -1.466910
517.750000   -1.462075
517.751000   -1.456638
517.752000   -1.451088
517.753000   -1.445715
517.754000   -1.440528
517.755000   -1.435205
517.756000   -1.429178
517.757000   -1.421893
517.758000   -1.413143
517.759000   -1.403212
517.760000   -1.392708
517.761000   -1.382293
517.762000   -1.372494
517.763000   -1.363594
517.764000   -1.355586
517.765000   -1.348220
517.766000   -1.341202
517.767000   -1.334500
517.768000   -1.328544
517.769000   -1.324093
517.770000   -1.321889
517.771000   -1.322414
517.772000   -1.325819
517.773000   -1.331965
517.774000   -1.340502
517.775000   -1.350906
517.776000   -1.362577
517.777000   -1.375058
517.778000   -1.388134
517.779000   -1.401678
517.780000   -1.415436
517.781000   -1.429001
517.782000   -1.441909
517.783000   -1.453749
517.784000   -1.464126
517.785000   -1.472625
517.786000   -1.478968
517.787000   -1.483279
517.788000   -1.486060
517.789000   -1.487915
517.790000   -1.489332
517.791000   -1.490667
517.792000   -1.492187
517.793000   -1.494040
517.794000   -1.496139
517.795000   -1.498183
517.796000   -1.499964
517.797000   -1.501656
517.798000   -1.503702
517.799000   -1.506479
517.800000   -1.510122
517.801000   -1.514546
517.802000   -1.519481
517.803000   -1.524453
517.804000   -1.528800
517.805000   -1.531942
517.806000   -1.533813
517.807000   -1.534965
517.808000   -1.536166
517.809000   -1.538009
517.810000   -1.540789
517.811000   -1.544511
517.812000   -1.548875
517.813000   -1.553264
517.814000   -1.556864
517.815000   -1.559041
517.816000   -1.559728
517.817000   -1.559341
517.818000   -1.558389
517.819000   -1.557210
517.820000   -1.555898
517.821000   -1.554287
517.822000   -1.551963
517.823000   -1.548351
517.824000   -1.543008
517.825000   -1.536052
517.826000   -1.528241
517.827000   -1.520570
517.828000   -1.513868
517.829000   -1.508652
517.830000   -1.505152
517.831000   -1.503318
517.832000   -1.502821
517.833000   -1.503163
517.834000   -1.503961
517.835000   -1.505167
517.836000   -1.506943
517.837000   -1.509397
517.838000   -1.512488
517.839000   -1.516056
517.840000   -1.519798
517.841000   -1.523216
517.842000   -1.525647
517.843000   -1.526478
517.844000   -1.525454
517.845000   -1.522774
517.846000   -1.518870
517.847000   -1.514197
517.848000   -1.509181
517.849000   -1.504160
517.850000   -1.499282
517.851000   -1.494451
517.852000   -1.489425
517.853000   -1.484068
517.854000   -1.478545
517.855000   -1.473256
517.856000   -1.468646
517.857000   -1.465099
517.858000   -1.462852
517.859000   -1.461889
517.860000   -1.461886
517.861000   -1.462289
517.862000   -1.462562
517.863000   -1.462486
517.864000   -1.462204
517.865000   -1.461974
517.866000   -1.461938
517.867000   -1.462042
517.868000   -1.462051
517.869000   -1.461547
517.870000   -1.459987
517.871000   -1.456865
517.872000   -1.451981
517.873000   -1.445612
517.874000   -1.438374
517.875000   -1.430947
517.876000   -1.423900
517.877000   -1.417607
517.878000   -1.412182
517.879000   -1.407456
517.880000   -1.403060
517.881000   -1.398666
517.882000   -1.394320
517.883000   -1.390517
517.884000   -1.387892
517.885000   -1.386869
517.886000   -1.387486
517.887000   -1.389426
517.888000   -1.392115
517.889000   -1.394813
517.890000   -1.396757
517.891000   -1.397407
517.892000   -1.396686
517.893000   -1.394936
517.894000   -1.392637
517.895000   -1.390148
517.896000   -1.387600
517.897000   -1.384907
517.898000   -1.381821
517.899000   -1.377992
517.900000   -1.373120
517.901000   -1.367180
517.902000   -1.360548
517.903000   -1.353829
517.904000   -1.347547
517.905000   -1.341999
517.906000   -1.337253
517.907000   -1.333192
517.908000   -1.329542
517.909000   -1.325946
517.910000   -1.322114
517.911000   -1.317974
517.912000   -1.313701
517.913000   -1.309606
517.914000   -1.306003
517.915000   -1.303124
517.916000   -1.301035
517.917000   -1.299626
517.918000   -1.298674
517.919000   -1.297969
517.920000   -1.297449
517.921000   -1.297259
517.922000   -1.297637
517.923000   -1.298750
517.924000   -1.300604
517.925000   -1.303069
517.926000   -1.305897
517.927000   -1.308755
517.928000   -1.311305
517.929000   -1.313295
517.930000   -1.314591
517.931000   -1.315124
517.932000   -1.314836
517.933000   -1.313765
517.934000   -1.312136
517.935000   -1.310237
517.936000   -1.308262
517.937000   -1.306306
517.938000   -1.304439
517.939000   -1.302759
517.940000   -1.301362
517.941000   -1.300292
517.942000   -1.299625
517.943000   -1.299663
517.944000   -1.300879
517.945000   -1.303669
517.946000   -1.308240
517.947000   -1.314650
517.948000   -1.322870
517.949000   -1.332776
517.950000   -1.344117
517.951000   -1.356544
517.952000   -1.369754
517.953000   -1.383490
517.954000   -1.397361
517.955000   -1.410801
517.956000   -1.423197
517.957000   -1.434023
517.958000   -1.442907
517.959000   -1.449609
517.960000   -1.453961
517.961000   -1.455839
517.962000   -1.455175
517.963000   -1.451997
517.964000   -1.446487
517.965000   -1.439038
