514.710000   -1.511268
514.711000   -1.496147
514.712000   -1.479929
514.713000   -1.463109
514.714000   -1.446293
514.715000   -1.430147
514.716000   -1.415292
514.717000   -1.402231
514.718000   -1.391299
514.719000   -1.382670
514.720000   -1.376394
514.721000   -1.372459
514.722000   -1.370849
514.723000   -1.371598
514.724000   -1.374787
514.725000   -1.380476
514.726000   -1.388592
514.727000   -1.398866
514.728000   -1.410831
514.729000   -1.423864
514.730000   -1.437237
514.731000   -1.450186
514.731000   -1.450186
514.732000   -1.462007
514.733000   -1.472181
514.734000   -1.480433
514.735000   -1.486674
514.736000   -1.490907
514.737000   -1.493167
514.738000   -1.493495
514.739000   -1.491911
514.740000   -1.488407
514.741000   -1.482985
514.742000   -1.475815
514.743000   -1.467361
514.744000   -1.458325
514.745000   -1.449457
514.746000   -1.441397
514.747000   -1.434577
514.748000   -1.429183
514.749000   -1.425138
514.750000   -1.422162
514.751000   -1.419955
514.752000   -1.418412
514.753000   -1.417687
514.754000   -1.418036
514.755000   -1.419620
514.756000   -1.422402
514.757000   -1.426114
514.758000   -1.430250
514.759000   -1.434130
514.760000   -1.437046
514.761000   -1.438510
514.762000   -1.438386
514.763000   -1.436799
514.764000   -1.433942
514.765000   -1.429959
514.766000   -1.424926
514.767000   -1.418848
514.768000   -1.411691
514.769000   -1.403455
514.770000   -1.394311
514.771000   -1.384696
514.772000   -1.375248
514.773000   -1.366635
514.774000   -1.359435
514.775000   -1.354072
514.776000   -1.350789
514.777000   -1.349637
514.778000   -1.350498
514.779000   -1.353198
514.780000   -1.357636
514.781000   -1.363834
514.782000   -1.371871
514.783000   -1.381798
514.784000   -1.393577
514.785000   -1.407042
514.786000   -1.421870
514.787000   -1.437581
514.788000   -1.453609
514.789000   -1.469425
514.790000   -1.484653
514.791000   -1.499086
514.792000   -1.512630
514.793000   -1.525238
514.794000   -1.536838
514.795000   -1.547299
514.796000   -1.556423
514.797000   -1.563991
514.798000   -1.569855
514.799000   -1.574045
514.800000   -1.576805
514.801000   -1.578556
514.802000   -1.579812
514.803000   -1.581072
514.804000   -1.582724
514.805000   -1.584983
514.806000   -1.587885
514.807000   -1.591348
514.808000   -1.595259
514.809000   -1.599565
514.810000   -1.604289
514.811000   -1.609498
514.812000   -1.615246
514.813000   -1.621478
514.814000   -1.627964
514.815000   -1.634290
514.816000   -1.639904
514.817000   -1.644209
514.818000   -1.646680
514.819000   -1.646947
514.820000   -1.644830
514.821000   -1.640338
514.822000   -1.633608
514.823000   -1.624820
514.824000   -1.614136
514.825000   -1.601690
514.826000   -1.587608
514.827000   -1.572082
514.828000   -1.555437
514.829000   -1.538177
514.830000   -1.520964
514.831000   -1.504529
514.832000   -1.489535
514.833000   -1.476466
514.834000   -1.465570
514.835000   -1.456873
514.836000   -1.450239
514.837000   -1.445486
514.838000   -1.442510
514.839000   -1.441371
514.840000   -1.442272
514.841000   -1.445433
514.842000   -1.450955
514.843000   -1.458740
514.844000   -1.468472
514.845000   -1.479646
514.846000   -1.491653
514.847000   -1.503905
514.848000   -1.515974
514.849000   -1.527639
514.850000   -1.538820
514.851000   -1.549463
514.852000   -1.559464
514.853000   -1.568644
514.854000   -1.576762
514.855000   -1.583545
514.856000   -1.588768
514.857000   -1.592370
514.858000   -1.594541
514.859000   -1.595694
514.860000   -1.596346
514.861000   -1.597002
514.862000   -1.598081
514.863000   -1.599867
514.864000   -1.602485
514.865000   -1.605924
514.866000   -1.610130
514.867000   -1.615126
514.868000   -1.621038
514.869000   -1.627998
514.870000   -1.636025
514.871000   -1.644957
514.872000   -1.654422
514.873000   -1.663855
514.874000   -1.672564
514.875000   -1.679864
514.876000   -1.685247
514.877000   -1.688489
514.878000   -1.689591
514.879000   -1.688638
514.880000   -1.685700
514.881000   -1.680804
514.882000   -1.673924
514.883000   -1.665007
514.884000   -1.654022
514.885000   -1.641071
514.886000   -1.626493
514.887000   -1.610862
514.888000   -1.594854
514.889000   -1.579092
514.890000   -1.564068
514.891000   -1.550108
514.892000   -1.537377
514.893000   -1.525893
514.894000   -1.515604
514.895000   -1.506511
514.896000   -1.498785
514.897000   -1.492741
514.898000   -1.488702
514.899000   -1.486872
514.900000   -1.487269
514.901000   -1.489712
514.902000   -1.493861
514.903000   -1.499289
514.904000   -1.505597
514.905000   -1.512527
514.906000   -1.519985
514.907000   -1.527959
514.908000   -1.536406
514.909000   -1.545174
514.910000   -1.553990
514.911000   -1.562488
514.912000   -1.570291
514.913000   -1.577130
514.914000   -1.582957
514.915000   -1.587965
514.916000   -1.592524
514.917000   -1.597063
514.918000   -1.601985
514.919000   -1.607617
514.920000   -1.614199
514.921000   -1.621915
514.922000   -1.630938
514.923000   -1.641490
514.924000   -1.653827
514.925000   -1.668169
514.926000   -1.684598
514.927000   -1.703007
514.928000   -1.723080
514.929000   -1.744308
514.930000   -1.766010
514.931000   -1.787402
514.932000   -1.807686
514.933000   -1.826133
514.934000   -1.842129
514.935000   -1.855163
514.936000   -1.864818
514.937000   -1.870767
514.938000   -1.872791
514.939000   -1.870797
514.940000   -1.864847
514.941000   -1.855200
514.942000   -1.842326
514.943000   -1.826867
514.944000   -1.809542
514.945000   -1.791060
514.946000   -1.772049
514.947000   -1.753031
514.948000   -1.734407
514.949000   -1.716483
514.950000   -1.699517
514.951000   -1.683777
514.952000   -1.669548
514.953000   -1.657080
514.954000   -1.646521
514.955000   -1.637877
514.956000   -1.631004
514.957000   -1.625639
514.958000   -1.621457
514.959000   -1.618162
514.960000   -1.615564
514.961000   -1.613597
514.962000   -1.612252
514.963000   -1.611488
514.964000   -1.611175
514.965000   -1.611085
514.966000   -1.610911
514.967000   -1.610320
514.968000   -1.609039
514.969000   -1.606954
514.970000   -1.604171
514.971000   -1.600967
514.972000   -1.597690
514.973000   -1.594652
514.974000   -1.592081
514.975000   -1.590105
514.976000   -1.588774
514.977000   -1.588126
514.978000   -1.588297
514.979000   -1.589587
514.980000   -1.592421
514.981000   -1.597214
514.982000   -1.604243
514.983000   -1.613592
514.984000   -1.625141
514.985000   -1.638589
514.986000   -1.653508
514.987000   -1.669433
514.988000   -1.685981
514.989000   -1.702912
514.990000   -1.720082
514.991000   -1.737339
514.992000   -1.754437
514.993000   -1.771007
514.994000   -1.786557
514.995000   -1.800515
514.996000   -1.812321
514.997000   -1.821579
514.998000   -1.828184
514.999000   -1.832316
515.000000   -1.834321
515.001000   -1.834562
515.002000   -1.833325
515.003000   -1.830777
515.004000   -1.826969
515.005000   -1.821879
515.006000   -1.815516
515.007000   -1.808030
515.008000   -1.799744
515.009000   -1.791061
515.010000   -1.782317
515.011000   -1.773679
515.012000   -1.765117
515.013000   -1.756433
515.014000   -1.747313
515.015000   -1.737419
515.016000   -1.726511
515.017000   -1.714539
515.018000   -1.701632
515.019000   -1.687999
515.020000   -1.673832
515.021000   -1.659265
515.022000   -1.644365
515.023000   -1.629148
515.024000   -1.613593
515.025000   -1.597708
515.026000   -1.581623
515.027000   -1.565636
515.028000   -1.550172
515.029000   -1.535696
515.030000   -1.522635
515.031000   -1.511321
515.032000   -1.501960
515.033000   -1.494631
515.034000   -1.489318
515.035000   -1.486013
515.036000   -1.484796
515.037000   -1.485843
515.038000   -1.489355
515.039000   -1.495455
515.040000   -1.504108
515.041000   -1.515071
515.042000   -1.527890
515.043000   -1.541966
515.044000   -1.556679
515.045000   -1.571539
515.046000   -1.586255
515.047000   -1.600672
515.048000   -1.614656
515.049000   -1.627998
515.050000   -1.640388
515.051000   -1.651419
515.052000   -1.660637
515.053000   -1.667640
515.054000   -1.672234
515.055000   -1.674516
515.056000   -1.674823
515.057000   -1.673591
515.058000   -1.671256
515.059000   -1.668211
515.060000   -1.664774
515.061000   -1.661165
515.062000   -1.657509
515.063000   -1.653914
515.064000   -1.650573
515.065000   -1.647811
515.066000   -1.646013
515.067000   -1.645500
515.068000   -1.646437
515.069000   -1.648788
515.070000   -1.652297
515.071000   -1.656508
515.072000   -1.660824
515.073000   -1.664636
515.074000   -1.667453
515.075000   -1.668956
515.076000   -1.668957
515.077000   -1.667314
515.078000   -1.663862
515.079000   -1.658401
515.080000   -1.650708
515.081000   -1.640566
515.082000   -1.627824
515.083000   -1.612514
515.084000   -1.594954
515.085000   -1.575766
515.086000   -1.555762
515.087000   -1.535777
515.088000   -1.516550
515.089000   -1.498667
515.090000   -1.482539
515.091000   -1.468423
515.092000   -1.456506
515.093000   -1.447026
515.094000   -1.440363
515.095000   -1.437009
515.096000   -1.437413
515.097000   -1.441826
515.098000   -1.450214
515.099000   -1.462243
515.100000   -1.477297
515.101000   -1.494560
515.102000   -1.513165
515.103000   -1.532396
515.104000   -1.551787
515.105000   -1.571041
515.106000   -1.589862
515.107000   -1.607869
515.108000   -1.624582
515.109000   -1.639459
515.110000   -1.651944
515.111000   -1.661549
515.112000   -1.667994
515.113000   -1.671325
515.114000   -1.671918
515.115000   -1.670342
515.116000   -1.667191
515.117000   -1.662993
515.118000   -1.658164
515.119000   -1.652977
515.120000   -1.647563
515.121000   -1.641980
515.122000   -1.636364
515.123000   -1.631064
515.124000   -1.626576
515.125000   -1.623338
515.126000   -1.621571
515.127000   -1.621226
515.128000   -1.621990
515.129000   -1.623332
515.130000   -1.624579
515.131000   -1.625085
515.132000   -1.624413
515.133000   -1.622428
515.134000   -1.619194
515.135000   -1.614820
515.136000   -1.609367
515.137000   -1.602825
515.138000   -1.595111
515.139000   -1.586098
515.140000   -1.575675
515.141000   -1.563862
515.142000   -1.550923
515.143000   -1.537337
515.144000   -1.523649
515.145000   -1.510342
515.146000   -1.497777
515.147000   -1.486182
515.148000   -1.475676
515.149000   -1.466311
515.150000   -1.458147
515.151000   -1.451323
515.152000   -1.446093
515.153000   -1.442806
515.154000   -1.441822
515.155000   -1.443442
515.156000   -1.447839
515.157000   -1.455029
515.158000   -1.464866
515.159000   -1.477065
515.160000   -1.491301
515.161000   -1.507351
515.162000   -1.525157
515.163000   -1.544725
515.164000   -1.565968
515.165000   -1.588610
515.166000   -1.612162
515.167000   -1.635925
515.168000   -1.659040
515.169000   -1.680601
515.170000   -1.699879
515.171000   -1.716533
515.172000   -1.730623
515.173000   -1.742450
515.174000   -1.752386
515.175000   -1.760766
515.176000   -1.767823
515.177000   -1.773640
515.178000   -1.778159
515.179000   -1.781319
515.180000   -1.783283
515.181000   -1.784523
515.182000   -1.785657
515.183000   -1.787230
515.184000   -1.789591
515.185000   -1.792844
515.186000   -1.796833
515.187000   -1.801177
515.188000   -1.805373
515.189000   -1.808991
515.190000   -1.811836
515.191000   -1.813925
515.192000   -1.815335
515.193000   -1.816067
515.194000   -1.815978
515.195000   -1.814772
515.196000   -1.812016
515.197000   -1.807189
515.198000   -1.799806
515.199000   -1.789603
515.200000   -1.776651
515.201000   -1.761295
515.202000   -1.744008
515.203000   -1.725274
515.204000   -1.705529
515.205000   -1.685123
515.206000   -1.664312
515.207000   -1.643295
515.208000   -1.622326
515.209000   -1.601848
515.210000   -1.582502
515.211000   -1.565008
515.212000   -1.550012
515.213000   -1.537990
515.214000   -1.529190
515.215000   -1.523618
515.216000   -1.521050
515.217000   -1.521113
515.218000   -1.523425
515.219000   -1.527710
515.220000   -1.533786
515.221000   -1.541459
515.222000   -1.550437
515.223000   -1.560294
515.224000   -1.570475
515.225000   -1.580344
515.226000   -1.589256
515.227000   -1.596681
515.228000   -1.602346
515.229000   -1.606274
515.230000   -1.608701
515.231000   -1.609929
515.231000   -1.609929
515.232000   -1.610221
515.233000   -1.609736
515.234000   -1.608525
515.235000   -1.606562
515.236000   -1.603834
515.237000   -1.600459
515.238000   -1.596745
515.239000   -1.593122
515.240000   -1.589996
515.241000   -1.587627
515.242000   -1.586072
515.243000   -1.585198
515.244000   -1.584724
515.245000   -1.584307
515.246000   -1.583650
515.247000   -1.582590
515.248000   -1.581126
515.249000   -1.579345
515.250000   -1.577327
515.251000   -1.575069
515.252000   -1.572462
515.253000   -1.569303
515.254000   -1.565329
515.255000   -1.560294
515.256000   -1.554061
515.257000   -1.546657
515.258000   -1.538261
515.259000   -1.529111
515.260000   -1.519423
515.261000   -1.509343
515.262000   -1.498936
515.263000   -1.488207
515.264000   -1.477158
515.265000   -1.465871
515.266000   -1.454591
515.267000   -1.443729
515.268000   -1.433794
515.269000   -1.425267
515.270000   -1.418511
515.271000   -1.413723
515.272000   -1.410928
515.273000   -1.410017
515.274000   -1.410808
515.275000   -1.413118
515.276000   -1.416800
515.277000   -1.421720
515.278000   -1.427684
515.279000   -1.434396
515.280000   -1.441459
515.281000   -1.448426
515.282000   -1.454855
515.283000   -1.460361
515.284000   -1.464652
515.285000   -1.467543
515.286000   -1.468952
515.287000   -1.468872
515.288000   -1.467358
515.289000   -1.464542
515.290000   -1.460649
515.291000   -1.456005
515.292000   -1.451012
515.293000   -1.446115
515.294000   -1.441770
515.295000   -1.438433
515.296000   -1.436530
515.297000   -1.436421
515.298000   -1.438366
515.299000   -1.442503
515.300000   -1.448842
515.301000   -1.457261
515.302000   -1.467526
515.303000   -1.479317
515.304000   -1.492266
515.305000   -1.505968
515.306000   -1.519970
515.307000   -1.533759
515.308000   -1.546767
515.309000   -1.558406
515.310000   -1.568104
515.311000   -1.575352
515.312000   -1.579748
515.313000   -1.581032
515.314000   -1.579103
515.315000   -1.574001
515.316000   -1.565892
515.317000   -1.555054
515.318000   -1.541859
515.319000   -1.526760
515.320000   -1.510289
515.321000   -1.493047
515.322000   -1.475719
515.323000   -1.459065
515.324000   -1.443874
515.325000   -1.430888
515.326000   -1.420707
515.327000   -1.413728
515.328000   -1.410101
515.329000   -1.409751
515.330000   -1.412427
515.331000   -1.417787
515.332000   -1.425462
515.333000   -1.435077
515.334000   -1.446231
515.335000   -1.458466
515.336000   -1.471266
515.337000   -1.484066
515.338000   -1.496282
515.339000   -1.507357
515.340000   -1.516828
515.341000   -1.524373
515.342000   -1.529834
515.343000   -1.533206
515.344000   -1.534609
515.345000   -1.534267
515.346000   -1.532470
515.347000   -1.529542
515.348000   -1.525814
515.349000   -1.521644
515.350000   -1.517457
515.351000   -1.513773
515.352000   -1.511162
515.353000   -1.510168
515.354000   -1.511236
515.355000   -1.514659
515.356000   -1.520533
515.357000   -1.528763
515.358000   -1.539111
515.359000   -1.551303
515.360000   -1.565101
515.361000   -1.580303
515.362000   -1.596673
515.363000   -1.613874
515.364000   -1.631438
515.365000   -1.648801
515.366000   -1.665349
515.367000   -1.680501
515.368000   -1.693798
515.369000   -1.704981
515.370000   -1.714002
515.371000   -1.720945
515.372000   -1.725928
515.373000   -1.729041
515.374000   -1.730323
515.375000   -1.729764
515.376000   -1.727342
515.377000   -1.723065
515.378000   -1.717076
515.379000   -1.709716
515.380000   -1.701522
515.381000   -1.693122
515.382000   -1.685134
515.383000   -1.678080
515.384000   -1.672350
515.385000   -1.668177
515.386000   -1.665665
515.387000   -1.664895
515.388000   -1.666045
515.389000   -1.669431
515.390000   -1.675411
515.391000   -1.684248
515.392000   -1.695999
515.393000   -1.710461
515.394000   -1.727180
515.395000   -1.745509
515.396000   -1.764731
515.397000   -1.784229
515.398000   -1.803588
515.399000   -1.822560
515.400000   -1.840951
515.401000   -1.858539
515.402000   -1.875045
515.403000   -1.890149
515.404000   -1.903513
515.405000   -1.914842
515.406000   -1.923993
515.407000   -1.931087
515.408000   -1.936507
515.409000   -1.940763
515.410000   -1.944332
515.411000   -1.947562
515.412000   -1.950626
515.413000   -1.953506
515.414000   -1.956028
515.415000   -1.957974
515.416000   -1.959262
515.417000   -1.960044
515.418000   -1.960649
515.419000   -1.961422
515.420000   -1.962612
515.421000   -1.964314
515.422000   -1.966449
515.423000   -1.968766
515.424000   -1.970918
515.425000   -1.972634
515.426000   -1.973904
515.427000   -1.974984
515.428000   -1.976176
515.429000   -1.977596
515.430000   -1.979079
515.431000   -1.980183
515.432000   -1.980252
515.433000   -1.978508
515.434000   -1.974229
515.435000   -1.966981
515.436000   -1.956782
515.437000   -1.944025
515.438000   -1.929265
515.439000   -1.913059
515.440000   -1.895904
515.441000   -1.878210
515.442000   -1.860284
515.443000   -1.842348
515.444000   -1.824632
515.445000   -1.807518
515.446000   -1.791559
515.447000   -1.777321
515.448000   -1.765213
515.449000   -1.755406
515.450000   -1.747827
515.451000   -1.742164
515.452000   -1.737898
515.453000   -1.734440
515.454000   -1.731413
515.455000   -1.728886
515.456000   -1.727281
515.457000   -1.727081
515.458000   -1.728615
515.459000   -1.731986
515.460000   -1.737054
515.461000   -1.743425
515.462000   -1.750506
515.463000   -1.757708
515.464000   -1.764788
515.465000   -1.772005
515.466000   -1.779870
515.467000   -1.788793
515.468000   -1.798906
515.469000   -1.810042
515.470000   -1.821776
515.471000   -1.833468
515.472000   -1.844356
515.473000   -1.853756
515.474000   -1.861324
515.475000   -1.867144
515.476000   -1.871528
515.477000   -1.874761
515.478000   -1.876974
515.479000   -1.878126
515.480000   -1.878018
515.481000   -1.876309
515.482000   -1.872597
515.483000   -1.866595
515.484000   -1.858285
515.485000   -1.847870
515.486000   -1.835606
515.487000   -1.821687
515.488000   -1.806215
515.489000   -1.789188
515.490000   -1.770498
515.491000   -1.749953
515.492000   -1.727425
515.493000   -1.703081
515.494000   -1.677487
515.495000   -1.651448
515.496000   -1.625752
515.497000   -1.601013
515.498000   -1.577599
515.499000   -1.555591
515.500000   -1.534787
515.501000   -1.514819
515.502000   -1.495411
515.503000   -1.476625
515.504000   -1.458854
515.505000   -1.442593
515.506000   -1.428249
515.507000   -1.416078
515.508000   -1.406174
515.509000   -1.398466
515.510000   -1.392745
515.511000   -1.388770
515.512000   -1.386434
515.513000   -1.385848
515.514000   -1.387240
515.515000   -1.390795
515.516000   -1.396553
515.517000   -1.404397
515.518000   -1.414054
515.519000   -1.425109
515.520000   -1.437042
515.521000   -1.449322
515.522000   -1.461527
515.523000   -1.473402
515.524000   -1.484833
515.525000   -1.495803
515.526000   -1.506349
515.527000   -1.516525
515.528000   -1.526362
515.529000   -1.535832
515.530000   -1.544867
515.531000   -1.553461
515.532000   -1.561792
515.533000   -1.570212
515.534000   -1.579115
515.535000   -1.588774
515.536000   -1.599240
515.537000   -1.610294
515.538000   -1.621448
515.539000   -1.632023
515.540000   -1.641304
515.541000   -1.648735
515.542000   -1.654016
515.543000   -1.657042
515.544000   -1.657790
515.545000   -1.656239
515.546000   -1.652343
515.547000   -1.646023
515.548000   -1.637198
515.549000   -1.625861
515.550000   -1.612194
515.551000   -1.596624
515.552000   -1.579754
515.553000   -1.562212
515.554000   -1.544536
515.555000   -1.527126
515.556000   -1.510243
515.557000   -1.494037
515.558000   -1.478624
515.559000   -1.464209
515.560000   -1.451164
515.561000   -1.439982
515.562000   -1.431131
515.563000   -1.424944
515.564000   -1.421573
515.565000   -1.420988
515.566000   -1.423005
515.567000   -1.427353
515.568000   -1.433775
515.569000   -1.442106
515.570000   -1.452267
515.571000   -1.464166
515.572000   -1.477595
515.573000   -1.492188
515.574000   -1.507416
515.575000   -1.522632
515.576000   -1.537153
515.577000   -1.550372
515.578000   -1.561878
515.579000   -1.571493
515.580000   -1.579238
515.581000   -1.585255
515.582000   -1.589755
515.583000   -1.592985
515.584000   -1.595204
515.585000   -1.596673
515.586000   -1.597657
515.587000   -1.598448
515.588000   -1.599355
515.589000   -1.600660
515.590000   -1.602557
515.591000   -1.605112
515.592000   -1.608251
515.593000   -1.611777
515.594000   -1.615395
515.595000   -1.618767
515.596000   -1.621592
515.597000   -1.623671
515.598000   -1.624916
515.599000   -1.625312
515.600000   -1.624870
515.601000   -1.623586
515.602000   -1.621423
515.603000   -1.618309
515.604000   -1.614176
515.605000   -1.609042
515.606000   -1.603095
515.607000   -1.596685
515.608000   -1.590213
515.609000   -1.584017
515.610000   -1.578304
515.611000   -1.573124
515.612000   -1.568368
515.613000   -1.563813
515.614000   -1.559249
515.615000   -1.554663
515.616000   -1.550305
515.617000   -1.546571
515.618000   -1.543823
515.619000   -1.542291
515.620000   -1.542059
515.621000   -1.543058
515.622000   -1.545098
515.623000   -1.547948
515.624000   -1.551522
515.625000   -1.556005
515.626000   -1.561761
515.627000   -1.569105
515.628000   -1.578160
515.629000   -1.588805
515.630000   -1.600681
515.631000   -1.613211
515.632000   -1.625677
515.633000   -1.637398
515.634000   -1.647930
515.635000   -1.657113
515.636000   -1.664933
515.637000   -1.671368
515.638000   -1.676336
515.639000   -1.679685
515.640000   -1.681203
515.641000   -1.680648
515.642000   -1.677844
515.643000   -1.672851
515.644000   -1.666053
515.645000   -1.658047
515.646000   -1.649430
515.647000   -1.640655
515.648000   -1.631981
515.649000   -1.623457
515.650000   -1.614933
515.651000   -1.606146
515.652000   -1.596941
515.653000   -1.587532
515.654000   -1.578477
515.655000   -1.570410
515.656000   -1.563809
515.657000   -1.558923
515.658000   -1.555765
515.659000   -1.554107
515.660000   -1.553522
515.661000   -1.553534
515.662000   -1.553928
515.663000   -1.554941
515.664000   -1.557099
515.665000   -1.560877
515.666000   -1.566495
515.667000   -1.573869
515.668000   -1.582621
515.669000   -1.592102
515.670000   -1.601520
515.671000   -1.610224
515.672000   -1.618045
515.673000   -1.625296
515.674000   -1.632435
515.675000   -1.639781
515.676000   -1.647422
515.677000   -1.655220
515.678000   -1.662823
515.679000   -1.669730
515.680000   -1.675442
515.681000   -1.679712
515.682000   -1.682647
515.683000   -1.684544
515.684000   -1.685664
515.685000   -1.686109
515.686000   -1.685800
515.687000   -1.684492
515.688000   -1.681803
515.689000   -1.677278
515.690000   -1.670588
515.691000   -1.661795
515.692000   -1.651418
515.693000   -1.640205
515.694000   -1.628850
515.695000   -1.617849
515.696000   -1.607451
515.697000   -1.597630
515.698000   -1.588084
515.699000   -1.578351
515.700000   -1.568089
515.701000   -1.557401
515.702000   -1.546856
515.703000   -1.537142
515.704000   -1.528764
515.705000   -1.521934
515.706000   -1.516563
515.707000   -1.512269
515.708000   -1.508416
515.709000   -1.504294
515.710000   -1.499518
515.711000   -1.494368
515.712000   -1.489570
515.713000   -1.485820
515.714000   -1.483553
515.715000   -1.482908
515.716000   -1.483738
515.717000   -1.485604
515.718000   -1.487862
515.719000   -1.489967
515.720000   -1.491948
515.721000   -1.494457
515.722000   -1.498314
515.723000   -1.504131
515.724000   -1.512198
515.725000   -1.522486
515.726000   -1.534640
515.727000   -1.547998
515.728000   -1.561778
515.729000   -1.575529
515.730000   -1.589443
515.731000   -1.604069
515.731000   -1.604069
515.732000   -1.619844
515.733000   -1.636877
515.734000   -1.654935
515.735000   -1.673479
515.736000   -1.691712
515.737000   -1.708718
515.738000   -1.723733
515.739000   -1.736443
515.740000   -1.746982
515.741000   -1.755655
515.742000   -1.762681
515.743000   -1.768108
515.744000   -1.771796
515.745000   -1.773430
515.746000   -1.772551
515.747000   -1.768682
515.748000   -1.761596
515.749000   -1.751566
515.750000   -1.739268
515.751000   -1.725426
515.752000   -1.710598
515.753000   -1.695129
515.754000   -1.679161
515.755000   -1.662660
515.756000   -1.645490
515.757000   -1.627568
515.758000   -1.609094
515.759000   -1.590637
515.760000   -1.572950
515.761000   -1.556716
515.762000   -1.542416
515.763000   -1.530283
515.764000   -1.520310
515.765000   -1.512251
515.766000   -1.505685
515.767000   -1.500186
515.768000   -1.495597
515.769000   -1.492123
515.770000   -1.490099
515.771000   -1.489758
515.772000   -1.491140
515.773000   -1.494099
515.774000   -1.498331
515.775000   -1.503419
515.776000   -1.508930
515.777000   -1.514596
515.778000   -1.520455
515.779000   -1.526814
515.780000   -1.534067
515.781000   -1.542550
515.782000   -1.552476
515.783000   -1.563912
515.784000   -1.576767
515.785000   -1.590801
515.786000   -1.605703
515.787000   -1.621267
515.788000   -1.637538
515.789000   -1.654717
515.790000   -1.672935
515.791000   -1.692114
515.792000   -1.711935
515.793000   -1.731860
515.794000   -1.751181
515.795000   -1.769121
515.796000   -1.785004
515.797000   -1.798448
515.798000   -1.809430
515.799000   -1.818179
515.800000   -1.824991
515.801000   -1.830098
515.802000   -1.833595
515.803000   -1.835397
515.804000   -1.835239
515.805000   -1.832751
515.806000   -1.827688
515.807000   -1.820154
515.808000   -1.810561
515.809000   -1.799386
515.810000   -1.787003
515.811000   -1.773627
515.812000   -1.759299
515.813000   -1.743897
515.814000   -1.727174
515.815000   -1.708923
515.816000   -1.689200
515.817000   -1.668396
515.818000   -1.647111
515.819000   -1.625984
515.820000   -1.605579
515.821000   -1.586329
515.822000   -1.568490
515.823000   -1.552122
515.824000   -1.537147
515.825000   -1.523541
515.826000   -1.511515
515.827000   -1.501486
515.828000   -1.493898
515.829000   -1.489062
515.830000   -1.487086
515.831000   -1.487859
515.832000   -1.491069
515.833000   -1.496254
515.834000   -1.502922
515.835000   -1.510694
515.836000   -1.519388
515.837000   -1.528999
515.838000   -1.539632
515.839000   -1.551416
515.840000   -1.564440
515.841000   -1.578695
515.842000   -1.594041
515.843000   -1.610180
515.844000   -1.626675
515.845000   -1.643023
515.846000   -1.658760
515.847000   -1.673517
515.848000   -1.687015
515.849000   -1.699015
515.850000   -1.709304
515.851000   -1.717691
515.852000   -1.724013
515.853000   -1.728117
515.854000   -1.729823
515.855000   -1.728962
515.856000   -1.725495
515.857000   -1.719590
515.858000   -1.711575
515.859000   -1.701834
515.860000   -1.690715
515.861000   -1.678454
515.862000   -1.665115
515.863000   -1.650603
515.864000   -1.634788
515.865000   -1.617684
515.866000   -1.599527
515.867000   -1.580722
515.868000   -1.561736
515.869000   -1.543015
515.870000   -1.524919
515.871000   -1.507679
515.872000   -1.491388
515.873000   -1.476049
515.874000   -1.461679
515.875000   -1.448408
515.876000   -1.436493
515.877000   -1.426251
515.878000   -1.417960
515.879000   -1.411775
515.880000   -1.407688
515.881000   -1.405537
515.882000   -1.405073
515.883000   -1.406057
515.884000   -1.408328
515.885000   -1.411802
515.886000   -1.416422
515.887000   -1.422087
515.888000   -1.428609
515.889000   -1.435712
515.890000   -1.443068
515.891000   -1.450373
515.892000   -1.457435
515.893000   -1.464213
515.894000   -1.470813
515.895000   -1.477441
515.896000   -1.484335
515.897000   -1.491677
515.898000   -1.499549
515.899000   -1.507914
515.900000   -1.516646
515.901000   -1.525579
515.902000   -1.534543
515.903000   -1.543382
515.904000   -1.551962
515.905000   -1.560146
515.906000   -1.567764
515.907000   -1.574598
515.908000   -1.580391
515.909000   -1.584890
515.910000   -1.587897
515.911000   -1.589310
515.912000   -1.589135
515.913000   -1.587464
515.914000   -1.584433
515.915000   -1.580163
515.916000   -1.574723
515.917000   -1.568126
515.918000   -1.560360
515.919000   -1.551428
515.920000   -1.541403
515.921000   -1.530462
515.922000   -1.518874
515.923000   -1.506950
515.924000   -1.494968
515.925000   -1.483120
515.926000   -1.471503
515.927000   -1.460148
515.928000   -1.449095
515.929000   -1.438463
515.930000   -1.428472
515.931000   -1.419416
515.932000   -1.411598
515.933000   -1.405259
515.934000   -1.400528
515.935000   -1.397422
515.936000   -1.395887
515.937000   -1.395901
515.938000   -1.397581
515.939000   -1.401237
515.940000   -1.407310
515.941000   -1.416230
515.942000   -1.428277
515.943000   -1.443487
515.944000   -1.461619
515.945000   -1.482177
515.946000   -1.504508
515.947000   -1.527930
515.948000   -1.551853
515.949000   -1.575814
515.950000   -1.599422
515.951000   -1.622286
515.952000   -1.643960
515.953000   -1.663932
515.954000   -1.681638
515.955000   -1.696513
515.956000   -1.708084
515.957000   -1.716076
515.958000   -1.720514
515.959000   -1.721728
515.960000   -1.720268
515.961000   -1.716764
515.962000   -1.711797
515.963000   -1.705827
515.964000   -1.699141
515.965000   -1.691882
515.966000   -1.684130
515.967000   -1.676047
515.968000   -1.667951
515.969000   -1.660270
515.970000   -1.653402
515.971000   -1.647600
515.972000   -1.642912
515.973000   -1.639169
515.974000   -1.636014
515.975000   -1.632983
515.976000   -1.629663
515.977000   -1.625887
515.978000   -1.621813
515.979000   -1.617782
515.980000   -1.614104
515.981000   -1.610926
515.982000   -1.608199
515.983000   -1.605687
515.984000   -1.603000
515.985000   -1.599695
515.986000   -1.595448
515.987000   -1.590237
515.988000   -1.584370
515.989000   -1.578305
515.990000   -1.572466
515.991000   -1.567141
515.992000   -1.562462
515.993000   -1.558380
515.994000   -1.554681
515.995000   -1.551081
515.996000   -1.547481
515.997000   -1.544162
515.998000   -1.541693
515.999000   -1.540657
516.000000   -1.541465
516.001000   -1.544279
516.002000   -1.548991
516.003000   -1.555226
516.004000   -1.562465
516.005000   -1.570292
516.006000   -1.578651
516.007000   -1.587819
516.008000   -1.598151
516.009000   -1.609843
516.010000   -1.622829
516.011000   -1.636770
516.012000   -1.651074
516.013000   -1.664968
516.014000   -1.677699
516.015000   -1.688812
516.016000   -1.698302
516.017000   -1.706474
516.018000   -1.713651
516.019000   -1.719998
516.020000   -1.725478
516.021000   -1.729862
516.022000   -1.732758
516.023000   -1.733714
516.024000   -1.732448
516.025000   -1.729087
516.026000   -1.724156
516.027000   -1.718318
516.028000   -1.712130
516.029000   -1.705957
516.030000   -1.699949
516.031000   -1.694053
516.032000   -1.688044
516.033000   -1.681657
516.034000   -1.674812
516.035000   -1.667805
516.036000   -1.661214
516.037000   -1.655628
516.038000   -1.651430
516.039000   -1.648711
516.040000   -1.647258
516.041000   -1.646567
516.042000   -1.645937
516.043000   -1.644729
516.044000   -1.642731
516.045000   -1.640274
516.046000   -1.637940
516.047000   -1.636200
516.048000   -1.635247
516.049000   -1.634987
516.050000   -1.635062
516.051000   -1.634902
516.052000   -1.633872
516.053000   -1.631589
516.054000   -1.628234
516.055000   -1.624461
516.056000   -1.621010
516.057000   -1.618418
516.058000   -1.616940
516.059000   -1.616537
516.060000   -1.616880
516.061000   -1.617397
516.062000   -1.617493
516.063000   -1.616957
516.064000   -1.616173
516.065000   -1.615830
516.066000   -1.616522
516.067000   -1.618561
516.068000   -1.621944
516.069000   -1.626358
516.070000   -1.631194
516.071000   -1.635652
516.072000   -1.639069
516.073000   -1.641365
516.074000   -1.643117
516.075000   -1.645138
516.076000   -1.648061
516.077000   -1.652169
516.078000   -1.657374
516.079000   -1.663225
516.080000   -1.668943
516.081000   -1.673600
516.082000   -1.676560
516.083000   -1.677893
516.084000   -1.678240
516.085000   -1.678301
516.086000   -1.678522
516.087000   -1.679037
516.088000   -1.679689
516.089000   -1.680046
516.090000   -1.679460
516.091000   -1.677309
516.092000   -1.673438
516.093000   -1.668335
516.094000   -1.662776
516.095000   -1.657413
516.096000   -1.652629
516.097000   -1.648523
516.098000   -1.644919
516.099000   -1.641376
516.100000   -1.637322
516.101000   -1.632412
516.102000   -1.626879
516.103000   -1.621393
516.104000   -1.616654
516.105000   -1.613130
516.106000   -1.611010
516.107000   -1.610200
516.108000   -1.610320
516.109000   -1.610755
516.110000   -1.610874
516.111000   -1.610402
516.112000   -1.609594
516.113000   -1.608961
516.114000   -1.608927
516.115000   -1.609670
516.116000   -1.611109
516.117000   -1.612904
516.118000   -1.614471
516.119000   -1.615098
516.120000   -1.614253
516.121000   -1.611908
516.122000   -1.608484
516.123000   -1.604505
516.124000   -1.600351
516.125000   -1.596217
516.126000   -1.592135
516.127000   -1.587994
516.128000   -1.583576
516.129000   -1.578689
516.130000   -1.573381
516.131000   -1.567993
516.132000   -1.562958
516.133000   -1.558606
516.134000   -1.555101
516.135000   -1.552461
516.136000   -1.550587
516.137000   -1.549269
516.138000   -1.548228
516.139000   -1.547232
516.140000   -1.546258
516.141000   -1.545488
516.142000   -1.545181
516.143000   -1.545560
516.144000   -1.546773
516.145000   -1.548870
516.146000   -1.551757
516.147000   -1.555176
516.148000   -1.558833
516.149000   -1.562700
516.150000   -1.567167
516.151000   -1.572827
516.152000   -1.580181
516.153000   -1.589478
516.154000   -1.600672
516.155000   -1.613406
516.156000   -1.627023
516.157000   -1.640687
516.158000   -1.653712
516.159000   -1.665930
516.160000   -1.677662
516.161000   -1.689340
516.162000   -1.701235
516.163000   -1.713370
516.164000   -1.725543
516.165000   -1.737361
516.166000   -1.748302
516.167000   -1.757861
516.168000   -1.765845
516.169000   -1.772540
516.170000   -1.778491
516.171000   -1.784166
516.172000   -1.789804
516.173000   -1.795418
516.174000   -1.800821
516.175000   -1.805638
516.176000   -1.809369
516.177000   -1.811613
516.178000   -1.812391
516.179000   -1.812148
516.180000   -1.811429
516.181000   -1.810604
516.182000   -1.809797
516.183000   -1.808884
516.184000   -1.807505
516.185000   -1.805086
516.186000   -1.801003
516.187000   -1.794969
516.188000   -1.787335
516.189000   -1.778920
516.190000   -1.770563
516.191000   -1.762863
516.192000   -1.756108
516.193000   -1.750298
516.194000   -1.745174
516.195000   -1.740302
516.196000   -1.735322
516.197000   -1.730277
516.198000   -1.725695
516.199000   -1.722296
516.200000   -1.720672
516.201000   -1.721163
516.202000   -1.723843
516.203000   -1.728537
516.204000   -1.734834
516.205000   -1.742164
516.206000   -1.750026
516.207000   -1.758230
516.208000   -1.766919
516.209000   -1.776361
516.210000   -1.786760
516.211000   -1.798167
516.212000   -1.810443
516.213000   -1.823230
516.214000   -1.835931
516.215000   -1.847847
516.216000   -1.858508
516.217000   -1.867953
516.218000   -1.876619
516.219000   -1.885001
516.220000   -1.893399
516.221000   -1.901835
516.222000   -1.910035
516.223000   -1.917427
516.224000   -1.923237
516.225000   -1.926787
516.226000   -1.927922
516.227000   -1.927106
516.228000   -1.925074
516.229000   -1.922471
516.230000   -1.919716
516.231000   -1.916982
516.231000   -1.916982
516.232000   -1.914186
516.233000   -1.910982
516.234000   -1.906872
516.235000   -1.901501
516.236000   -1.894914
516.237000   -1.887442
516.238000   -1.879396
516.239000   -1.870935
516.240000   -1.862075
516.241000   -1.852709
516.242000   -1.842602
516.243000   -1.831404
516.244000   -1.818822
516.245000   -1.804884
516.246000   -1.789981
516.247000   -1.774649
516.248000   -1.759364
516.249000   -1.744459
516.250000   -1.730103
516.251000   -1.716274
516.252000   -1.702741
516.253000   -1.689164
516.254000   -1.675336
516.255000   -1.661460
516.256000   -1.648163
516.257000   -1.636229
516.258000   -1.626330
516.259000   -1.618886
516.260000   -1.614023
516.261000   -1.611559
516.262000   -1.611009
516.263000   -1.611709
516.264000   -1.613107
516.265000   -1.615096
516.266000   -1.618018
516.267000   -1.622316
516.268000   -1.628248
516.269000   -1.635801
516.270000   -1.644701
516.271000   -1.654425
516.272000   -1.664242
516.273000   -1.673382
516.274000   -1.681383
516.275000   -1.688333
516.276000   -1.694646
516.277000   -1.700672
516.278000   -1.706537
516.279000   -1.712141
516.280000   -1.717189
516.281000   -1.721223
516.282000   -1.723693
516.283000   -1.724182
516.284000   -1.722686
516.285000   -1.719634
516.286000   -1.715592
516.287000   -1.711001
516.288000   -1.706100
516.289000   -1.700920
516.290000   -1.695294
516.291000   -1.688912
516.292000   -1.681466
516.293000   -1.672885
516.294000   -1.663485
516.295000   -1.653828
516.296000   -1.644442
516.297000   -1.635653
516.298000   -1.627532
516.299000   -1.619902
516.300000   -1.612373
516.301000   -1.604458
516.302000   -1.595761
516.303000   -1.586186
516.304000   -1.575984
516.305000   -1.565537
516.306000   -1.555144
516.307000   -1.544939
516.308000   -1.534899
516.309000   -1.524876
516.310000   -1.514643
516.311000   -1.503988
516.312000   -1.492912
516.313000   -1.481821
516.314000   -1.471463
516.315000   -1.462617
516.316000   -1.455872
516.317000   -1.451558
516.318000   -1.449728
516.319000   -1.450145
516.320000   -1.452311
516.321000   -1.455646
516.322000   -1.459864
516.323000   -1.465206
516.324000   -1.472189
516.325000   -1.481222
516.326000   -1.492432
516.327000   -1.505634
516.328000   -1.520338
516.329000   -1.535774
516.330000   -1.551014
516.331000   -1.565315
516.332000   -1.578533
516.333000   -1.591069
516.334000   -1.603427
516.335000   -1.615911
516.336000   -1.628571
516.337000   -1.641219
516.338000   -1.653455
516.339000   -1.664701
516.340000   -1.674370
516.341000   -1.682173
516.342000   -1.688257
516.343000   -1.692964
516.344000   -1.696546
516.345000   -1.699077
516.346000   -1.700474
516.347000   -1.700521
516.348000   -1.698897
516.349000   -1.695253
516.350000   -1.689411
516.351000   -1.681580
516.352000   -1.672315
516.353000   -1.662280
516.354000   -1.652056
516.355000   -1.642068
516.356000   -1.632568
516.357000   -1.623620
516.358000   -1.615118
516.359000   -1.606893
516.360000   -1.598936
516.361000   -1.591516
516.362000   -1.585040
516.363000   -1.579837
516.364000   -1.576046
516.365000   -1.573596
516.366000   -1.572212
516.367000   -1.571429
516.368000   -1.570646
516.369000   -1.569287
516.370000   -1.567053
516.371000   -1.563977
516.372000   -1.560263
516.373000   -1.556125
516.374000   -1.551724
516.375000   -1.547145
516.376000   -1.542355
516.377000   -1.537192
516.378000   -1.531438
516.379000   -1.525052
516.380000   -1.518334
516.381000   -1.511807
516.382000   -1.506002
516.383000   -1.501335
516.384000   -1.498050
516.385000   -1.496181
516.386000   -1.495519
516.387000   -1.495667
516.388000   -1.496300
516.389000   -1.497489
516.390000   -1.499669
516.391000   -1.503327
516.392000   -1.508753
516.393000   -1.515949
516.394000   -1.524609
516.395000   -1.534117
516.396000   -1.543607
516.397000   -1.552194
516.398000   -1.559329
516.399000   -1.564946
516.400000   -1.569236
516.401000   -1.572405
516.402000   -1.574574
516.403000   -1.575767
516.404000   -1.575909
516.405000   -1.574828
516.406000   -1.572323
516.407000   -1.568324
516.408000   -1.563054
516.409000   -1.556996
516.410000   -1.550737
516.411000   -1.544822
516.412000   -1.539651
516.413000   -1.535404
516.414000   -1.532000
516.415000   -1.529120
516.416000   -1.526334
516.417000   -1.523323
516.418000   -1.520010
516.419000   -1.516525
516.420000   -1.513074
516.421000   -1.509807
516.422000   -1.506747
516.423000   -1.503752
516.424000   -1.500530
516.425000   -1.496730
516.426000   -1.492157
516.427000   -1.486980
516.428000   -1.481719
516.429000   -1.477022
516.430000   -1.473426
516.431000   -1.471219
516.432000   -1.470388
516.433000   -1.470622
516.434000   -1.471376
516.435000   -1.472068
516.436000   -1.472360
516.437000   -1.472266
516.438000   -1.471995
516.439000   -1.471742
516.440000   -1.471570
516.441000   -1.471387
516.442000   -1.470969
516.443000   -1.470001
516.444000   -1.468193
516.445000   -1.465504
516.446000   -1.462300
516.447000   -1.459258
516.448000   -1.457114
516.449000   -1.456466
516.450000   -1.457665
516.451000   -1.460785
516.452000   -1.465617
516.453000   -1.471744
516.454000   -1.478722
516.455000   -1.486292
516.456000   -1.494419
516.457000   -1.503164
516.458000   -1.512554
516.459000   -1.522512
516.460000   -1.532833
516.461000   -1.543192
516.462000   -1.553170
516.463000   -1.562343
516.464000   -1.570455
516.465000   -1.577552
516.466000   -1.583973
516.467000   -1.590185
516.468000   -1.596580
516.469000   -1.603354
516.470000   -1.610451
516.471000   -1.617565
516.472000   -1.624199
516.473000   -1.629834
516.474000   -1.634166
516.475000   -1.637252
516.476000   -1.639447
516.477000   -1.641181
516.478000   -1.642781
516.479000   -1.644391
516.480000   -1.645952
516.481000   -1.647213
516.482000   -1.647809
516.483000   -1.647435
516.484000   -1.646062
516.485000   -1.643980
516.486000   -1.641611
516.487000   -1.639267
516.488000   -1.637036
516.489000   -1.634751
516.490000   -1.632002
516.491000   -1.628228
516.492000   -1.622905
516.493000   -1.615773
516.494000   -1.606934
516.495000   -1.596708
516.496000   -1.585436
516.497000   -1.573360
516.498000   -1.560595
516.499000   -1.547131
516.500000   -1.532867
516.501000   -1.517756
516.502000   -1.502019
516.503000   -1.486282
516.504000   -1.471451
516.505000   -1.458421
516.506000   -1.447846
516.507000   -1.440036
516.508000   -1.434960
516.509000   -1.432289
516.510000   -1.431519
516.511000   -1.432178
516.512000   -1.434041
516.513000   -1.437209
516.514000   -1.441957
516.515000   -1.448532
516.516000   -1.457033
516.517000   -1.467393
516.518000   -1.479388
516.519000   -1.492672
516.520000   -1.506840
516.521000   -1.521548
516.522000   -1.536642
516.523000   -1.552149
516.524000   -1.568091
516.525000   -1.584342
516.526000   -1.600586
516.527000   -1.616342
516.528000   -1.630981
516.529000   -1.643780
516.530000   -1.654091
516.531000   -1.661620
516.532000   -1.666550
516.533000   -1.669338
516.534000   -1.670437
516.535000   -1.670162
516.536000   -1.668669
516.537000   -1.665951
516.538000   -1.661843
516.539000   -1.656117
516.540000   -1.648730
516.541000   -1.640096
516.542000   -1.631037
516.543000   -1.622443
516.544000   -1.614996
516.545000   -1.609059
516.546000   -1.604675
516.547000   -1.601604
516.548000   -1.599410
516.549000   -1.597615
516.550000   -1.595913
516.551000   -1.594233
516.552000   -1.592583
516.553000   -1.590851
516.554000   -1.588751
516.555000   -1.585860
516.556000   -1.581697
516.557000   -1.575796
516.558000   -1.567784
516.559000   -1.557434
516.560000   -1.544689
516.561000   -1.529665
516.562000   -1.512627
516.563000   -1.493966
516.564000   -1.474160
516.565000   -1.453724
516.566000   -1.433143
516.567000   -1.412811
516.568000   -1.393058
516.569000   -1.374278
516.570000   -1.357067
516.571000   -1.342193
516.572000   -1.330460
516.573000   -1.322572
516.574000   -1.319017
516.575000   -1.319998
516.576000   -1.325378
516.577000   -1.334743
516.578000   -1.347600
516.579000   -1.363612
516.580000   -1.382628
516.581000   -1.404543
516.582000   -1.429145
516.583000   -1.456049
516.584000   -1.484666
516.585000   -1.514210
516.586000   -1.543756
516.587000   -1.572403
516.588000   -1.599494
516.589000   -1.624691
516.590000   -1.647859
516.591000   -1.668906
516.592000   -1.687712
516.593000   -1.704109
516.594000   -1.717870
516.595000   -1.728713
516.596000   -1.736375
516.597000   -1.740761
516.598000   -1.742034
516.599000   -1.740544
516.600000   -1.736692
516.601000   -1.730835
516.602000   -1.723253
516.603000   -1.714118
516.604000   -1.703494
516.605000   -1.691384
516.606000   -1.677860
516.607000   -1.663216
516.608000   -1.647996
516.609000   -1.632871
516.610000   -1.618450
516.611000   -1.605141
516.612000   -1.593092
516.613000   -1.582180
516.614000   -1.572075
516.615000   -1.562363
516.616000   -1.552746
516.617000   -1.543190
516.618000   -1.533902
516.619000   -1.525186
516.620000   -1.517285
516.621000   -1.510303
516.622000   -1.504191
516.623000   -1.498794
516.624000   -1.493935
516.625000   -1.489516
516.626000   -1.485610
516.627000   -1.482483
516.628000   -1.480530
516.629000   -1.480141
516.630000   -1.481602
516.631000   -1.485048
516.632000   -1.490467
516.633000   -1.497724
516.634000   -1.506623
516.635000   -1.516990
516.636000   -1.528725
516.637000   -1.541801
516.638000   -1.556187
516.639000   -1.571754
516.640000   -1.588231
516.641000   -1.605214
516.642000   -1.622208
516.643000   -1.638702
516.644000   -1.654279
516.645000   -1.668695
516.646000   -1.681884
516.647000   -1.693888
516.648000   -1.704750
516.649000   -1.714437
516.650000   -1.722816
516.651000   -1.729663
516.652000   -1.734717
516.653000   -1.737774
516.654000   -1.738796
516.655000   -1.737956
516.656000   -1.735592
516.657000   -1.732088
516.658000   -1.727765
516.659000   -1.722825
516.660000   -1.717356
516.661000   -1.711352
516.662000   -1.704786
516.663000   -1.697701
516.664000   -1.690271
516.665000   -1.682790
516.666000   -1.675562
516.667000   -1.668780
516.668000   -1.662485
516.669000   -1.656568
516.670000   -1.650815
516.671000   -1.644955
516.672000   -1.638734
516.673000   -1.631965
516.674000   -1.624539
516.675000   -1.616390
516.676000   -1.607445
516.677000   -1.597612
516.678000   -1.586786
516.679000   -1.574870
516.680000   -1.561803
516.681000   -1.547582
516.682000   -1.532309
516.683000   -1.516259
516.684000   -1.499919
516.685000   -1.483927
516.686000   -1.468938
516.687000   -1.455527
516.688000   -1.444151
516.689000   -1.435130
516.690000   -1.428656
516.691000   -1.424836
516.692000   -1.423759
516.693000   -1.425570
516.694000   -1.430426
516.695000   -1.438381
516.696000   -1.449310
516.697000   -1.462924
516.698000   -1.478827
516.699000   -1.496577
516.700000   -1.515729
516.701000   -1.535850
516.702000   -1.556538
516.703000   -1.577424
516.704000   -1.598145
516.705000   -1.618282
516.706000   -1.637349
516.707000   -1.654825
516.708000   -1.670199
516.709000   -1.683024
516.710000   -1.692966
516.711000   -1.699852
516.712000   -1.703735
516.713000   -1.704870
516.714000   -1.703588
516.715000   -1.700183
516.716000   -1.694855
516.717000   -1.687719
516.718000   -1.678850
516.719000   -1.668335
516.720000   -1.656332
516.721000   -1.643112
516.722000   -1.629048
516.723000   -1.614496
516.724000   -1.599683
516.725000   -1.584660
516.726000   -1.569351
516.727000   -1.553631
516.728000   -1.537417
516.729000   -1.520744
516.730000   -1.503789
516.731000   -1.486813
516.731000   -1.486813
516.732000   -1.470051
516.733000   -1.453648
516.734000   -1.437691
516.735000   -1.422265
516.736000   -1.407493
516.737000   -1.393555
516.738000   -1.380675
516.739000   -1.369066
516.740000   -1.358868
516.741000   -1.350124
516.742000   -1.342822
516.743000   -1.336932
516.744000   -1.332422
516.745000   -1.329257
516.746000   -1.327401
516.747000   -1.326825
516.748000   -1.327512
516.749000   -1.329474
516.750000   -1.332763
516.751000   -1.337443
516.752000   -1.343561
516.753000   -1.351146
516.754000   -1.360217
516.755000   -1.370787
516.756000   -1.382862
516.757000   -1.396444
516.758000   -1.411528
516.759000   -1.428042
516.760000   -1.445772
516.761000   -1.464385
516.762000   -1.483526
516.763000   -1.502869
516.764000   -1.522103
516.765000   -1.540918
516.766000   -1.559002
516.767000   -1.576042
516.768000   -1.591728
516.769000   -1.605750
516.770000   -1.617837
516.771000   -1.627828
516.772000   -1.635731
516.773000   -1.641713
516.774000   -1.646051
516.775000   -1.649064
516.776000   -1.651047
516.777000   -1.652218
516.778000   -1.652663
516.779000   -1.652348
516.780000   -1.651209
516.781000   -1.649266
516.782000   -1.646640
516.783000   -1.643504
516.784000   -1.639996
516.785000   -1.636154
516.786000   -1.631861
516.787000   -1.626844
516.788000   -1.620779
516.789000   -1.613460
516.790000   -1.604872
516.791000   -1.595146
516.792000   -1.584478
516.793000   -1.573046
516.794000   -1.560952
516.795000   -1.548187
516.796000   -1.534643
516.797000   -1.520233
516.798000   -1.505100
516.799000   -1.489692
516.800000   -1.474666
516.801000   -1.460748
516.802000   -1.448617
516.803000   -1.438830
516.804000   -1.431762
516.805000   -1.427594
516.806000   -1.426353
516.807000   -1.428022
516.808000   -1.432630
516.809000   -1.440238
516.810000   -1.450888
516.811000   -1.464552
516.812000   -1.481069
516.813000   -1.500114
516.814000   -1.521200
516.815000   -1.543698
516.816000   -1.566854
516.817000   -1.589820
516.818000   -1.611763
516.819000   -1.632028
516.820000   -1.650193
516.821000   -1.666018
516.822000   -1.679382
516.823000   -1.690260
516.824000   -1.698709
516.825000   -1.704825
516.826000   -1.708707
516.827000   -1.710481
516.828000   -1.710450
516.829000   -1.709187
516.830000   -1.707437
516.831000   -1.705918
516.832000   -1.705184
516.833000   -1.705587
516.834000   -1.707263
516.835000   -1.710107
516.836000   -1.713773
516.837000   -1.717839
516.838000   -1.722120
516.839000   -1.726737
516.840000   -1.731884
516.841000   -1.737627
516.842000   -1.743853
516.843000   -1.750281
516.844000   -1.756452
516.845000   -1.761718
516.846000   -1.765363
516.847000   -1.766907
516.848000   -1.766296
516.849000   -1.763742
516.850000   -1.759476
516.851000   -1.753648
516.852000   -1.746299
516.853000   -1.737349
516.854000   -1.726571
516.855000   -1.713682
516.856000   -1.698640
516.857000   -1.681927
516.858000   -1.664441
516.859000   -1.647150
516.860000   -1.630855
516.861000   -1.616113
516.862000   -1.603210
516.863000   -1.592148
516.864000   -1.582723
516.865000   -1.574760
516.866000   -1.568407
516.867000   -1.564191
516.868000   -1.562725
516.869000   -1.564398
516.870000   -1.569271
516.871000   -1.577091
516.872000   -1.587333
516.873000   -1.599260
516.874000   -1.612063
516.875000   -1.625096
516.876000   -1.638076
516.877000   -1.650989
516.878000   -1.663827
516.879000   -1.676453
516.880000   -1.688618
516.881000   -1.699984
516.882000   -1.710120
516.883000   -1.718503
516.884000   -1.724666
516.885000   -1.728485
516.886000   -1.730312
516.887000   -1.730743
516.888000   -1.730348
516.889000   -1.729566
516.890000   -1.728676
516.891000   -1.727759
516.892000   -1.726641
516.893000   -1.724949
516.894000   -1.722438
516.895000   -1.719414
516.896000   -1.716682
516.897000   -1.715079
516.898000   -1.715173
516.899000   -1.717180
516.900000   -1.720969
516.901000   -1.726053
516.902000   -1.731639
516.903000   -1.736813
516.904000   -1.740945
516.905000   -1.743913
516.906000   -1.745862
516.907000   -1.746836
516.908000   -1.746644
516.909000   -1.744887
516.910000   -1.740995
516.911000   -1.734264
516.912000   -1.723943
516.913000   -1.709497
516.914000   -1.690945
516.915000   -1.668857
516.916000   -1.644007
516.917000   -1.617147
516.918000   -1.588942
516.919000   -1.559952
516.920000   -1.530580
516.921000   -1.501043
516.922000   -1.471502
516.923000   -1.442386
516.924000   -1.414540
516.925000   -1.388966
516.926000   -1.366487
516.927000   -1.347616
516.928000   -1.332527
516.929000   -1.321045
516.930000   -1.312651
516.931000   -1.306596
516.932000   -1.302221
516.933000   -1.299338
516.934000   -1.298205
516.935000   -1.299182
516.936000   -1.302490
516.937000   -1.308132
516.938000   -1.315874
516.939000   -1.325228
516.940000   -1.335480
516.941000   -1.345877
516.942000   -1.355992
516.943000   -1.365897
516.944000   -1.375891
516.945000   -1.386192
516.946000   -1.396843
516.947000   -1.407732
516.948000   -1.418591
516.949000   -1.428982
516.950000   -1.438338
516.951000   -1.446238
516.952000   -1.452763
516.953000   -1.458441
516.954000   -1.463863
516.955000   -1.469455
516.956000   -1.475425
516.957000   -1.481769
516.958000   -1.488231
516.959000   -1.494315
516.960000   -1.499460
516.961000   -1.503433
516.962000   -1.506473
516.963000   -1.508993
516.964000   -1.511244
516.965000   -1.513219
516.966000   -1.514667
516.967000   -1.515117
516.968000   -1.513898
516.969000   -1.510248
516.970000   -1.503635
516.971000   -1.494156
516.972000   -1.482492
516.973000   -1.469493
516.974000   -1.455880
516.975000   -1.442171
516.976000   -1.428668
516.977000   -1.415454
516.978000   -1.402391
516.979000   -1.389270
516.980000   -1.376124
516.981000   -1.363408
516.982000   -1.351789
516.983000   -1.341848
516.984000   -1.333955
516.985000   -1.328264
516.986000   -1.324700
516.987000   -1.322958
516.988000   -1.322587
516.989000   -1.323227
516.990000   -1.324846
516.991000   -1.327681
516.992000   -1.332016
516.993000   -1.338034
516.994000   -1.345769
516.995000   -1.355080
516.996000   -1.365627
516.997000   -1.376919
516.998000   -1.388504
516.999000   -1.400224
517.000000   -1.412276
517.001000   -1.425038
517.002000   -1.438860
517.003000   -1.453934
517.004000   -1.470231
517.005000   -1.487478
517.006000   -1.505194
517.007000   -1.522839
517.008000   -1.540099
517.009000   -1.557068
517.010000   -1.574116
517.011000   -1.591627
517.012000   -1.609809
517.013000   -1.628625
517.014000   -1.647772
517.015000   -1.666701
517.016000   -1.684709
517.017000   -1.701189
517.018000   -1.715866
517.019000   -1.728784
517.020000   -1.740055
517.021000   -1.749662
517.022000   -1.757409
517.023000   -1.762932
517.024000   -1.765735
517.025000   -1.765286
517.026000   -1.761249
517.027000   -1.753767
517.028000   -1.743502
517.029000   -1.731362
517.030000   -1.718217
517.031000   -1.704801
517.032000   -1.691692
517.033000   -1.679302
517.034000   -1.667882
517.035000   -1.657603
517.036000   -1.648692
517.037000   -1.641527
517.038000   -1.636570
517.039000   -1.634232
517.040000   -1.634740
517.041000   -1.638068
517.042000   -1.643924
517.043000   -1.651803
517.044000   -1.661083
517.045000   -1.671184
517.046000   -1.681717
517.047000   -1.692522
517.048000   -1.703565
517.049000   -1.714802
517.050000   -1.726102
517.051000   -1.737225
517.052000   -1.747858
517.053000   -1.757667
517.054000   -1.766372
517.055000   -1.773803
517.056000   -1.779876
517.057000   -1.784558
517.058000   -1.787856
517.059000   -1.789808
517.060000   -1.790435
517.061000   -1.789700
517.062000   -1.787535
517.063000   -1.783907
517.064000   -1.778888
517.065000   -1.772676
517.066000   -1.765543
517.067000   -1.757804
517.068000   -1.749796
517.069000   -1.741840
517.070000   -1.734183
517.071000   -1.726972
517.072000   -1.720271
517.073000   -1.714095
517.074000   -1.708404
517.075000   -1.703077
517.076000   -1.697910
517.077000   -1.692676
517.078000   -1.687155
517.079000   -1.681102
517.080000   -1.674215
517.081000   -1.666160
517.082000   -1.656634
517.083000   -1.645433
517.084000   -1.632475
517.085000   -1.617814
517.086000   -1.601643
517.087000   -1.584273
517.088000   -1.566081
517.089000   -1.547458
517.090000   -1.528791
517.091000   -1.510503
517.092000   -1.493064
517.093000   -1.476973
517.094000   -1.462706
517.095000   -1.450678
517.096000   -1.441221
517.097000   -1.434558
517.098000   -1.430776
517.099000   -1.429824
517.100000   -1.431554
517.101000   -1.435757
517.102000   -1.442167
517.103000   -1.450456
517.104000   -1.460237
517.105000   -1.471088
517.106000   -1.482569
517.107000   -1.494237
517.108000   -1.505688
517.109000   -1.516604
517.110000   -1.526787
517.111000   -1.536139
517.112000   -1.544621
517.113000   -1.552247
517.114000   -1.559103
517.115000   -1.565333
517.116000   -1.571088
517.117000   -1.576486
517.118000   -1.581619
517.119000   -1.586567
517.120000   -1.591411
517.121000   -1.596214
517.122000   -1.601018
517.123000   -1.605841
517.124000   -1.610656
517.125000   -1.615342
517.126000   -1.619646
517.127000   -1.623207
517.128000   -1.625618
517.129000   -1.626482
517.130000   -1.625440
517.131000   -1.622201
517.132000   -1.616578
517.133000   -1.608541
517.134000   -1.598195
517.135000   -1.585731
517.136000   -1.571376
517.137000   -1.555375
517.138000   -1.537982
517.139000   -1.519448
517.140000   -1.500051
517.141000   -1.480171
517.142000   -1.460332
517.143000   -1.441141
517.144000   -1.423139
517.145000   -1.406695
517.146000   -1.391979
517.147000   -1.378985
517.148000   -1.367581
517.149000   -1.357606
517.150000   -1.349014
517.151000   -1.341992
517.152000   -1.336896
517.153000   -1.334069
517.154000   -1.333713
517.155000   -1.335850
517.156000   -1.340359
517.157000   -1.346994
517.158000   -1.355435
517.159000   -1.365371
517.160000   -1.376587
517.161000   -1.388966
517.162000   -1.402371
517.163000   -1.416540
517.164000   -1.431059
517.165000   -1.445402
517.166000   -1.458970
517.167000   -1.471139
517.168000   -1.481324
517.169000   -1.489051
517.170000   -1.494013
517.171000   -1.496068
517.172000   -1.495233
517.173000   -1.491696
517.174000   -1.485833
517.175000   -1.478196
517.176000   -1.469457
517.177000   -1.460332
517.178000   -1.451516
517.179000   -1.443656
517.180000   -1.437334
517.181000   -1.433048
517.182000   -1.431194
517.183000   -1.432046
517.184000   -1.435724
517.185000   -1.442146
517.186000   -1.450993
517.187000   -1.461740
517.188000   -1.473761
517.189000   -1.486480
517.190000   -1.499427
517.191000   -1.512239
517.192000   -1.524612
517.193000   -1.536258
517.194000   -1.546846
517.195000   -1.555978
517.196000   -1.563236
517.197000   -1.568315
517.198000   -1.571160
517.199000   -1.571997
517.200000   -1.571248
517.201000   -1.569418
517.202000   -1.567004
517.203000   -1.564419
517.204000   -1.561944
517.205000   -1.559737
517.206000   -1.557895
517.207000   -1.556545
517.208000   -1.555885
517.209000   -1.556161
517.210000   -1.557635
517.211000   -1.560555
517.212000   -1.565113
517.213000   -1.571394
517.214000   -1.579347
517.215000   -1.588790
517.216000   -1.599460
517.217000   -1.611067
517.218000   -1.623318
517.219000   -1.635927
517.220000   -1.648595
517.221000   -1.660978
517.222000   -1.672634
517.223000   -1.683010
517.224000   -1.691493
517.225000   -1.697516
517.226000   -1.700688
517.227000   -1.700878
517.228000   -1.698234
517.229000   -1.693150
517.230000   -1.686185
517.231000   -1.677940
517.231000   -1.677940
517.232000   -1.668963
517.233000   -1.659708
517.234000   -1.650553
517.235000   -1.641853
517.236000   -1.633968
517.237000   -1.627256
517.238000   -1.622055
517.239000   -1.618651
517.240000   -1.617225
517.241000   -1.617811
517.242000   -1.620301
517.243000   -1.624483
517.244000   -1.630113
517.245000   -1.636976
517.246000   -1.644927
517.247000   -1.653902
517.248000   -1.663883
517.249000   -1.674825
517.250000   -1.686588
517.251000   -1.698916
517.252000   -1.711465
517.253000   -1.723853
517.254000   -1.735723
517.255000   -1.746787
517.256000   -1.756818
517.257000   -1.765632
517.258000   -1.773040
517.259000   -1.778827
517.260000   -1.782761
517.261000   -1.784641
517.262000   -1.784363
517.263000   -1.781987
517.264000   -1.777778
517.265000   -1.772211
517.266000   -1.765937
517.267000   -1.759703
517.268000   -1.754231
517.269000   -1.750131
517.270000   -1.747853
517.271000   -1.747693
517.272000   -1.749797
517.273000   -1.754174
517.274000   -1.760721
517.275000   -1.769265
517.276000   -1.779589
517.277000   -1.791386
517.278000   -1.804202
517.279000   -1.817405
517.280000   -1.830201
517.281000   -1.841670
517.282000   -1.850811
517.283000   -1.856652
517.284000   -1.858419
517.285000   -1.855694
517.286000   -1.848437
517.287000   -1.836887
517.288000   -1.821452
517.289000   -1.802624
517.290000   -1.780910
517.291000   -1.756776
517.292000   -1.730666
517.293000   -1.703122
517.294000   -1.674931
517.295000   -1.647135
517.296000   -1.620855
517.297000   -1.597097
517.298000   -1.576634
517.299000   -1.559952
517.300000   -1.547221
517.301000   -1.538311
517.302000   -1.532885
517.303000   -1.530579
517.304000   -1.531123
517.305000   -1.534302
517.306000   -1.539843
517.307000   -1.547353
517.308000   -1.556329
517.309000   -1.566184
517.310000   -1.576272
517.311000   -1.585944
517.312000   -1.594659
517.313000   -1.602098
517.314000   -1.608169
517.315000   -1.612922
517.316000   -1.616464
517.317000   -1.618920
517.318000   -1.620395
517.319000   -1.620951
517.320000   -1.620604
517.321000   -1.619411
517.322000   -1.617587
517.323000   -1.615528
517.324000   -1.613704
517.325000   -1.612523
517.326000   -1.612257
517.327000   -1.612990
517.328000   -1.614604
517.329000   -1.616809
517.330000   -1.619258
517.331000   -1.621714
517.332000   -1.624142
517.333000   -1.626627
517.334000   -1.629244
517.335000   -1.631967
517.336000   -1.634624
517.337000   -1.636885
517.338000   -1.638265
517.339000   -1.638235
517.340000   -1.636417
517.341000   -1.632744
517.342000   -1.627430
517.343000   -1.620812
517.344000   -1.613213
517.345000   -1.604855
517.346000   -1.595809
517.347000   -1.585986
517.348000   -1.575220
517.349000   -1.563459
517.350000   -1.550962
517.351000   -1.538322
517.352000   -1.526297
517.353000   -1.515641
517.354000   -1.506986
517.355000   -1.500769
517.356000   -1.497192
517.357000   -1.496249
517.358000   -1.497837
517.359000   -1.501904
517.360000   -1.508493
517.361000   -1.517651
517.362000   -1.529312
517.363000   -1.543238
517.364000   -1.559018
517.365000   -1.576071
517.366000   -1.593687
517.367000   -1.611107
517.368000   -1.627649
517.369000   -1.642789
517.370000   -1.656167
517.371000   -1.667553
517.372000   -1.676835
517.373000   -1.684012
517.374000   -1.689157
517.375000   -1.692395
517.376000   -1.693896
517.377000   -1.693902
517.378000   -1.692764
517.379000   -1.690932
517.380000   -1.688914
517.381000   -1.687237
517.382000   -1.686376
517.383000   -1.686667
517.384000   -1.688240
517.385000   -1.691018
517.386000   -1.694767
517.387000   -1.699194
517.388000   -1.704004
517.389000   -1.708916
517.390000   -1.713652
517.391000   -1.717915
517.392000   -1.721367
517.393000   -1.723612
517.394000   -1.724235
517.395000   -1.722874
517.396000   -1.719314
517.397000   -1.713527
517.398000   -1.705654
517.399000   -1.695957
517.400000   -1.684774
517.401000   -1.672460
517.402000   -1.659323
517.403000   -1.645593
517.404000   -1.631441
517.405000   -1.617053
517.406000   -1.602683
517.407000   -1.588669
517.408000   -1.575413
517.409000   -1.563367
517.410000   -1.552979
517.411000   -1.544617
517.412000   -1.538488
517.413000   -1.534632
517.414000   -1.532982
517.415000   -1.533454
517.416000   -1.536015
517.417000   -1.540680
517.418000   -1.547491
517.419000   -1.556475
517.420000   -1.567581
517.421000   -1.580622
517.422000   -1.595261
517.423000   -1.611049
517.424000   -1.627514
517.425000   -1.644217
517.426000   -1.660773
517.427000   -1.676837
517.428000   -1.692125
517.429000   -1.706417
517.430000   -1.719547
517.431000   -1.731364
517.432000   -1.741731
517.433000   -1.750530
517.434000   -1.757681
517.435000   -1.763152
517.436000   -1.766991
517.437000   -1.769389
517.438000   -1.770701
517.439000   -1.771368
517.440000   -1.771784
517.441000   -1.772212
517.442000   -1.772766
517.443000   -1.773428
517.444000   -1.774084
517.445000   -1.774574
517.446000   -1.774784
517.447000   -1.774717
517.448000   -1.774471
517.449000   -1.774122
517.450000   -1.773653
517.451000   -1.772942
517.452000   -1.771785
517.453000   -1.769927
517.454000   -1.767085
517.455000   -1.763026
517.456000   -1.757649
517.457000   -1.750990
517.458000   -1.743107
517.459000   -1.733987
517.460000   -1.723524
517.461000   -1.711571
517.462000   -1.697982
517.463000   -1.682651
517.464000   -1.665569
517.465000   -1.646921
517.466000   -1.627135
517.467000   -1.606816
517.468000   -1.586607
517.469000   -1.567085
517.470000   -1.548729
517.471000   -1.531903
517.472000   -1.516850
517.473000   -1.503699
517.474000   -1.492524
517.475000   -1.483416
517.476000   -1.476495
517.477000   -1.471842
517.478000   -1.469423
517.479000   -1.469065
517.480000   -1.470453
517.481000   -1.473143
517.482000   -1.476604
517.483000   -1.480293
517.484000   -1.483779
517.485000   -1.486833
517.486000   -1.489403
517.487000   -1.491532
517.488000   -1.493259
517.489000   -1.494566
517.490000   -1.495358
517.491000   -1.495485
517.492000   -1.494813
517.493000   -1.493306
517.494000   -1.491075
517.495000   -1.488338
517.496000   -1.485325
517.497000   -1.482205
517.498000   -1.479075
517.499000   -1.475978
517.500000   -1.472924
517.501000   -1.469920
517.502000   -1.467033
517.503000   -1.464450
517.504000   -1.462475
517.505000   -1.461444
517.506000   -1.461637
517.507000   -1.463226
517.508000   -1.466246
517.509000   -1.470590
517.510000   -1.476036
517.511000   -1.482332
517.512000   -1.489292
517.513000   -1.496846
517.514000   -1.504987
517.515000   -1.513685
517.516000   -1.522834
517.517000   -1.532224
517.518000   -1.541529
517.519000   -1.550342
517.520000   -1.558236
517.521000   -1.564867
517.522000   -1.570031
517.523000   -1.573669
517.524000   -1.575824
517.525000   -1.576629
517.526000   -1.576274
517.527000   -1.574961
517.528000   -1.572853
517.529000   -1.570048
517.530000   -1.566604
517.531000   -1.562578
517.532000   -1.558054
517.533000   -1.553147
517.534000   -1.548013
517.535000   -1.542837
517.536000   -1.537783
517.537000   -1.532933
517.538000   -1.528238
517.539000   -1.523541
517.540000   -1.518642
517.541000   -1.513366
517.542000   -1.507606
517.543000   -1.501337
517.544000   -1.494601
517.545000   -1.487473
517.546000   -1.480003
517.547000   -1.472191
517.548000   -1.464045
517.549000   -1.455669
517.550000   -1.447315
517.551000   -1.439343
517.552000   -1.432130
517.553000   -1.425993
517.554000   -1.421129
517.555000   -1.417579
517.556000   -1.415228
517.557000   -1.413858
517.558000   -1.413275
517.559000   -1.413437
517.560000   -1.414513
517.561000   -1.416806
517.562000   -1.420609
517.563000   -1.426081
517.564000   -1.433168
517.565000   -1.441606
517.566000   -1.450982
517.567000   -1.460868
517.568000   -1.470980
517.569000   -1.481283
517.570000   -1.491928
517.571000   -1.503063
517.572000   -1.514659
517.573000   -1.526456
517.574000   -1.538004
517.575000   -1.548769
517.576000   -1.558260
517.577000   -1.566164
517.578000   -1.572453
517.579000   -1.577366
517.580000   -1.581256
517.581000   -1.584423
517.582000   -1.587024
517.583000   -1.589095
517.584000   -1.590602
517.585000   -1.591518
517.586000   -1.591901
517.587000   -1.591959
517.588000   -1.592035
517.589000   -1.592492
517.590000   -1.593577
517.591000   -1.595340
517.592000   -1.597631
517.593000   -1.600139
517.594000   -1.602459
517.595000   -1.604186
517.596000   -1.605004
517.597000   -1.604751
517.598000   -1.603400
517.599000   -1.600983
517.600000   -1.597513
517.601000   -1.592936
517.602000   -1.587135
517.603000   -1.579965
517.604000   -1.571311
517.605000   -1.561175
517.606000   -1.549734
517.607000   -1.537347
517.608000   -1.524478
517.609000   -1.511632
517.610000   -1.499302
517.611000   -1.487928
517.612000   -1.477861
517.613000   -1.469349
517.614000   -1.462567
517.615000   -1.457686
517.616000   -1.454940
517.617000   -1.454631
517.618000   -1.457075
517.619000   -1.462512
517.620000   -1.471014
517.621000   -1.482437
517.622000   -1.496409
517.623000   -1.512395
517.624000   -1.529818
517.625000   -1.548199
517.626000   -1.567238
517.627000   -1.586762
517.628000   -1.606605
517.629000   -1.626508
517.630000   -1.646091
517.631000   -1.664868
517.632000   -1.682291
517.633000   -1.697801
517.634000   -1.710922
517.635000   -1.721338
517.636000   -1.728940
517.637000   -1.733793
517.638000   -1.736074
517.639000   -1.736020
517.640000   -1.733901
517.641000   -1.729998
517.642000   -1.724588
517.643000   -1.717948
517.644000   -1.710381
517.645000   -1.702253
517.646000   -1.694022
517.647000   -1.686242
517.648000   -1.679508
517.649000   -1.674346
517.650000   -1.671101
517.651000   -1.669863
517.652000   -1.670443
517.653000   -1.672390
517.654000   -1.675077
517.655000   -1.677848
517.656000   -1.680170
517.657000   -1.681705
517.658000   -1.682231
517.659000   -1.681550
517.660000   -1.679435
517.661000   -1.675636
517.662000   -1.669903
517.663000   -1.662031
517.664000   -1.651927
517.665000   -1.639721
517.666000   -1.625831
517.667000   -1.610892
517.668000   -1.595612
517.669000   -1.580653
517.670000   -1.566580
517.671000   -1.553834
517.672000   -1.542722
517.673000   -1.533450
517.674000   -1.526218
517.675000   -1.521335
517.676000   -1.519225
517.677000   -1.520292
517.678000   -1.524780
517.679000   -1.532720
517.680000   -1.543924
517.681000   -1.558012
517.682000   -1.574451
517.683000   -1.592642
517.684000   -1.612064
517.685000   -1.632391
517.686000   -1.653454
517.687000   -1.675114
517.688000   -1.697140
517.689000   -1.719174
517.690000   -1.740731
517.691000   -1.761222
517.692000   -1.780008
517.693000   -1.796523
517.694000   -1.810463
517.695000   -1.821882
517.696000   -1.831086
517.697000   -1.838433
517.698000   -1.844185
517.699000   -1.848444
517.700000   -1.851146
517.701000   -1.852074
517.702000   -1.850951
517.703000   -1.847641
