516.965000   -0.118639
516.966000   -0.112298
516.967000   -0.106600
516.968000   -0.101553
516.969000   -0.097218
516.970000   -0.093737
516.971000   -0.091353
516.972000   -0.090371
516.973000   -0.091024
516.974000   -0.093346
516.975000   -0.097136
516.976000   -0.101997
516.977000   -0.107445
516.978000   -0.113026
516.979000   -0.118366
516.980000   -0.123170
516.981000   -0.127198
516.982000   -0.130215
516.983000   -0.131931
516.984000   -0.131997
516.985000   -0.130058
516.986000   -0.125866
516.987000   -0.119398
516.988000   -0.110891
516.989000   -0.100748
516.990000   -0.089421
516.991000   -0.077336
516.991000   -0.077336
516.992000   -0.064861
516.993000   -0.052270
516.994000   -0.039758
516.995000   -0.027513
516.996000   -0.015816
516.997000   -0.005048
516.998000   0.004395
516.999000   0.012144
517.000000   0.017834
517.001000   0.021153
517.002000   0.021962
517.003000   0.020350
517.004000   0.016607
517.005000   0.011134
517.006000   0.004389
517.007000   -0.003145
517.008000   -0.011040
517.009000   -0.019073
517.010000   -0.027237
517.011000   -0.035586
517.012000   -0.044096
517.013000   -0.052632
517.014000   -0.060964
517.015000   -0.068787
517.016000   -0.075740
517.017000   -0.081499
517.018000   -0.085952
517.019000   -0.089277
517.020000   -0.091812
517.021000   -0.093884
517.022000   -0.095727
517.023000   -0.097486
517.024000   -0.099252
517.025000   -0.101076
517.026000   -0.102985
517.027000   -0.105070
517.028000   -0.107580
517.029000   -0.110856
517.030000   -0.115154
517.031000   -0.120553
517.032000   -0.127000
517.033000   -0.134368
517.034000   -0.142491
517.035000   -0.151134
517.036000   -0.160000
517.037000   -0.168771
517.038000   -0.177117
517.039000   -0.184670
517.040000   -0.191049
517.041000   -0.195941
517.042000   -0.199185
517.043000   -0.200796
517.044000   -0.200907
517.045000   -0.199671
517.046000   -0.197189
517.047000   -0.193509
517.048000   -0.188681
517.049000   -0.182811
517.050000   -0.176111
517.051000   -0.168902
517.052000   -0.161574
517.053000   -0.154477
517.054000   -0.147844
517.055000   -0.141827
517.056000   -0.136653
517.057000   -0.132680
517.058000   -0.130294
517.059000   -0.129807
517.060000   -0.131425
517.061000   -0.135230
517.062000   -0.141128
517.063000   -0.148828
517.064000   -0.157925
517.065000   -0.168120
517.066000   -0.179304
517.067000   -0.191426
517.068000   -0.204341
517.069000   -0.217800
517.070000   -0.231489
517.071000   -0.245039
517.072000   -0.258009
517.073000   -0.269921
517.074000   -0.280365
517.075000   -0.289084
517.076000   -0.295923
517.077000   -0.300764
517.078000   -0.303540
517.079000   -0.304295
517.080000   -0.303191
517.081000   -0.300460
517.082000   -0.296357
517.083000   -0.291157
517.084000   -0.285178
517.085000   -0.278765
517.086000   -0.272240
517.087000   -0.265918
517.088000   -0.260163
517.089000   -0.255381
517.090000   -0.251929
517.091000   -0.250005
517.092000   -0.249609
517.093000   -0.250599
517.094000   -0.252753
517.095000   -0.255771
517.096000   -0.259309
517.097000   -0.263055
517.098000   -0.266780
517.099000   -0.270314
517.100000   -0.273480
517.101000   -0.276052
517.102000   -0.277783
517.103000   -0.278462
517.104000   -0.277949
517.105000   -0.276170
517.106000   -0.273112
517.107000   -0.268826
517.108000   -0.263376
517.109000   -0.256776
517.110000   -0.248952
517.111000   -0.239808
517.112000   -0.229386
517.113000   -0.217985
517.114000   -0.206104
517.115000   -0.194318
517.116000   -0.183195
517.117000   -0.173242
517.118000   -0.164823
517.119000   -0.158101
517.120000   -0.153054
517.121000   -0.149639
517.122000   -0.147976
517.123000   -0.148328
517.124000   -0.150913
517.125000   -0.155791
517.126000   -0.162848
517.127000   -0.171794
517.128000   -0.182162
517.129000   -0.193342
517.130000   -0.204717
517.131000   -0.215841
517.132000   -0.226499
517.133000   -0.236584
517.134000   -0.246007
517.135000   -0.254701
517.136000   -0.262641
517.137000   -0.269817
517.138000   -0.276194
517.139000   -0.281708
517.140000   -0.286312
517.141000   -0.289992
517.142000   -0.292756
517.143000   -0.294646
517.144000   -0.295839
517.145000   -0.296677
517.146000   -0.297579
517.147000   -0.298877
517.148000   -0.300735
517.149000   -0.303159
517.150000   -0.306071
517.151000   -0.309341
517.152000   -0.312811
517.153000   -0.316369
517.154000   -0.320014
517.155000   -0.323779
517.156000   -0.327591
517.157000   -0.331200
517.158000   -0.334221
517.159000   -0.336238
517.160000   -0.336873
517.161000   -0.335770
517.162000   -0.332599
517.163000   -0.327107
517.164000   -0.319130
517.165000   -0.308554
517.166000   -0.295301
517.167000   -0.279373
517.168000   -0.260953
517.169000   -0.240452
517.170000   -0.218441
517.171000   -0.195533
517.172000   -0.172345
517.173000   -0.149500
517.174000   -0.127591
517.175000   -0.107114
517.176000   -0.088452
517.177000   -0.071927
517.178000   -0.057863
517.179000   -0.046556
517.180000   -0.038175
517.181000   -0.032769
517.182000   -0.030337
517.183000   -0.030846
517.184000   -0.034149
517.185000   -0.039938
517.186000   -0.047778
517.187000   -0.057176
517.188000   -0.067596
517.189000   -0.078457
517.190000   -0.089186
517.191000   -0.099365
517.192000   -0.108788
517.193000   -0.117387
517.194000   -0.125134
517.195000   -0.131992
517.196000   -0.137908
517.197000   -0.142804
517.198000   -0.146579
517.199000   -0.149174
517.200000   -0.150728
517.201000   -0.151653
517.202000   -0.152502
517.203000   -0.153748
517.204000   -0.155663
517.205000   -0.158312
517.206000   -0.161598
517.207000   -0.165287
517.208000   -0.169074
517.209000   -0.172746
517.210000   -0.176334
517.211000   -0.180044
517.212000   -0.184033
517.213000   -0.188277
517.214000   -0.192559
517.215000   -0.196526
517.216000   -0.199735
517.217000   -0.201690
517.218000   -0.201948
517.219000   -0.200245
517.220000   -0.196514
517.221000   -0.190777
517.222000   -0.183037
517.223000   -0.173270
517.224000   -0.161480
517.225000   -0.147725
517.226000   -0.132112
517.227000   -0.114813
517.228000   -0.096151
517.229000   -0.076680
517.230000   -0.057092
517.231000   -0.038056
517.232000   -0.020133
517.233000   -0.003767
517.234000   0.010716
517.235000   0.023158
517.236000   0.033568
517.237000   0.042001
517.238000   0.048397
517.239000   0.052583
517.240000   0.054436
517.241000   0.053986
517.242000   0.051415
517.243000   0.047033
517.244000   0.041259
517.245000   0.034590
517.246000   0.027501
517.247000   0.020301
517.248000   0.013085
517.249000   0.005827
517.250000   -0.001491
517.251000   -0.008821
517.252000   -0.016059
517.253000   -0.023058
517.254000   -0.029637
517.255000   -0.035593
517.256000   -0.040795
517.257000   -0.045285
517.258000   -0.049236
517.259000   -0.052811
517.260000   -0.056082
517.261000   -0.059061
517.262000   -0.061744
517.263000   -0.064066
517.264000   -0.065866
517.265000   -0.066928
517.266000   -0.067131
517.267000   -0.066509
517.268000   -0.065148
517.269000   -0.063095
517.270000   -0.060367
517.271000   -0.057004
517.272000   -0.053058
517.273000   -0.048550
517.274000   -0.043446
517.275000   -0.037712
517.276000   -0.031388
517.277000   -0.024599
517.278000   -0.017503
517.279000   -0.010266
517.280000   -0.003073
517.281000   0.003885
517.282000   0.010465
517.283000   0.016626
517.284000   0.022406
517.285000   0.027780
517.286000   0.032537
517.287000   0.036319
517.288000   0.038742
517.289000   0.039452
517.290000   0.038156
517.291000   0.034707
517.292000   0.029181
517.293000   0.021877
517.294000   0.013164
517.295000   0.003291
517.296000   -0.007621
517.297000   -0.019453
517.298000   -0.032008
517.299000   -0.045006
517.300000   -0.058068
517.301000   -0.070717
517.302000   -0.082419
517.303000   -0.092703
517.304000   -0.101288
517.305000   -0.108129
517.306000   -0.113354
517.307000   -0.117181
517.308000   -0.119874
517.309000   -0.121718
517.310000   -0.122976
517.311000   -0.123865
517.312000   -0.124564
517.313000   -0.125269
517.314000   -0.126255
517.315000   -0.127866
517.316000   -0.130462
517.317000   -0.134372
517.318000   -0.139837
517.319000   -0.146907
517.320000   -0.155366
517.321000   -0.164750
517.322000   -0.174497
517.323000   -0.184143
517.324000   -0.193446
517.325000   -0.202344
517.326000   -0.210861
517.327000   -0.219002
517.328000   -0.226649
517.329000   -0.233506
517.330000   -0.239156
517.331000   -0.243211
517.332000   -0.245508
517.333000   -0.246222
517.334000   -0.245792
517.335000   -0.244727
517.336000   -0.243447
517.337000   -0.242219
517.338000   -0.241157
517.339000   -0.240270
517.340000   -0.239526
517.341000   -0.238965
517.342000   -0.238762
517.343000   -0.239177
517.344000   -0.240447
517.345000   -0.242729
517.346000   -0.246118
517.347000   -0.250623
517.348000   -0.256139
517.349000   -0.262447
517.350000   -0.269282
517.351000   -0.276407
517.352000   -0.283617
517.353000   -0.290710
517.354000   -0.297497
517.355000   -0.303829
517.356000   -0.309554
517.357000   -0.314444
517.358000   -0.318185
517.359000   -0.320450
517.360000   -0.321004
517.361000   -0.319762
517.362000   -0.316778
517.363000   -0.312199
517.364000   -0.306207
517.365000   -0.298955
517.366000   -0.290521
517.367000   -0.280938
517.368000   -0.270277
517.369000   -0.258745
517.370000   -0.246717
517.371000   -0.234661
517.372000   -0.222993
517.373000   -0.211953
517.374000   -0.201556
517.375000   -0.191642
517.376000   -0.181987
517.377000   -0.172403
517.378000   -0.162823
517.379000   -0.153350
517.380000   -0.144216
517.381000   -0.135688
517.382000   -0.127961
517.383000   -0.121111
517.384000   -0.115117
517.385000   -0.109900
517.386000   -0.105360
517.387000   -0.101410
517.388000   -0.098017
517.389000   -0.095188
517.390000   -0.092927
517.391000   -0.091189
517.392000   -0.089882
517.393000   -0.088907
517.394000   -0.088162
517.395000   -0.087544
517.396000   -0.086964
517.397000   -0.086378
517.398000   -0.085800
517.399000   -0.085293
517.400000   -0.084952
517.401000   -0.084927
517.402000   -0.085447
517.403000   -0.086769
517.404000   -0.089110
517.405000   -0.092609
517.406000   -0.097329
517.407000   -0.103280
517.408000   -0.110424
517.409000   -0.118676
517.410000   -0.127930
517.411000   -0.138085
517.412000   -0.149034
517.413000   -0.160625
517.414000   -0.172645
517.415000   -0.184859
517.416000   -0.197063
517.417000   -0.209125
517.418000   -0.221006
517.419000   -0.232733
517.420000   -0.244355
517.421000   -0.255880
517.422000   -0.267238
517.423000   -0.278293
517.424000   -0.288892
517.425000   -0.298936
517.426000   -0.308416
517.427000   -0.317383
517.428000   -0.325876
517.429000   -0.333836
517.430000   -0.341072
517.431000   -0.347283
517.432000   -0.352105
517.433000   -0.355176
517.434000   -0.356210
517.435000   -0.355048
517.436000   -0.351678
517.437000   -0.346191
517.438000   -0.338723
517.439000   -0.329409
517.440000   -0.318367
517.441000   -0.305709
517.442000   -0.291553
517.443000   -0.276056
517.444000   -0.259428
517.445000   -0.241919
517.446000   -0.223764
517.447000   -0.205144
517.448000   -0.186207
517.449000   -0.167114
517.450000   -0.148029
517.451000   -0.129076
517.452000   -0.110330
517.453000   -0.091845
517.454000   -0.073675
517.455000   -0.055877
517.456000   -0.038527
517.457000   -0.021757
517.458000   -0.005769
517.459000   0.009249
517.460000   0.023204
517.461000   0.036086
517.462000   0.047887
517.463000   0.058527
517.464000   0.067840
517.465000   0.075600
517.466000   0.081597
517.467000   0.085715
517.468000   0.087974
517.469000   0.088504
517.470000   0.087472
517.471000   0.085025
517.472000   0.081270
517.473000   0.076289
517.474000   0.070185
517.475000   0.063120
517.476000   0.055299
517.477000   0.046894
517.478000   0.038015
517.479000   0.028750
517.480000   0.019189
517.481000   0.009425
517.482000   -0.000446
517.483000   -0.010299
517.484000   -0.019956
517.485000   -0.029243
517.486000   -0.038091
517.487000   -0.046533
517.488000   -0.054597
517.489000   -0.062247
517.490000   -0.069418
517.491000   -0.076060
517.491000   -0.076060
517.492000   -0.082135
517.493000   -0.087602
517.494000   -0.092422
517.495000   -0.096574
517.496000   -0.100041
517.497000   -0.102756
517.498000   -0.104636
517.499000   -0.105663
517.500000   -0.105957
517.501000   -0.105746
517.502000   -0.105285
517.503000   -0.104755
517.504000   -0.104186
517.505000   -0.103469
517.506000   -0.102447
517.507000   -0.101017
517.508000   -0.099187
517.509000   -0.097085
517.510000   -0.094882
517.511000   -0.092703
517.512000   -0.090536
517.513000   -0.088258
517.514000   -0.085759
517.515000   -0.083058
517.516000   -0.080275
517.517000   -0.077563
517.518000   -0.075075
517.519000   -0.072924
517.520000   -0.071147
517.521000   -0.069681
517.522000   -0.068399
517.523000   -0.067190
517.524000   -0.066014
517.525000   -0.064876
517.526000   -0.063789
517.527000   -0.062778
517.528000   -0.061875
517.529000   -0.061109
517.530000   -0.060495
517.531000   -0.060042
517.532000   -0.059760
517.533000   -0.059674
517.534000   -0.059846
517.535000   -0.060380
517.536000   -0.061424
517.537000   -0.063141
517.538000   -0.065655
517.539000   -0.068997
517.540000   -0.073082
517.541000   -0.077743
517.542000   -0.082812
517.543000   -0.088205
517.544000   -0.093936
517.545000   -0.100080
517.546000   -0.106715
517.547000   -0.113826
517.548000   -0.121246
517.549000   -0.128654
517.550000   -0.135644
517.551000   -0.141834
517.552000   -0.146976
517.553000   -0.150970
517.554000   -0.153837
517.555000   -0.155674
517.556000   -0.156612
517.557000   -0.156759
517.558000   -0.156190
517.559000   -0.154945
517.560000   -0.153045
517.561000   -0.150493
517.562000   -0.147274
517.563000   -0.143381
517.564000   -0.138886
517.565000   -0.133976
517.566000   -0.128890
517.567000   -0.123835
517.568000   -0.118929
517.569000   -0.114178
517.570000   -0.109484
517.571000   -0.104669
517.572000   -0.099544
517.573000   -0.094020
517.574000   -0.088203
517.575000   -0.082355
517.576000   -0.076736
517.577000   -0.071497
517.578000   -0.066635
517.579000   -0.062013
517.580000   -0.057409
517.581000   -0.052574
517.582000   -0.047308
517.583000   -0.041546
517.584000   -0.035353
517.585000   -0.028841
517.586000   -0.022089
517.587000   -0.015116
517.588000   -0.007906
517.589000   -0.000429
517.590000   0.007331
517.591000   0.015360
517.592000   0.023584
517.593000   0.031857
517.594000   0.039962
517.595000   0.047640
517.596000   0.054602
517.597000   0.060541
517.598000   0.065166
517.599000   0.068250
517.600000   0.069664
517.601000   0.069346
517.602000   0.067219
517.603000   0.063153
517.604000   0.057034
517.605000   0.048855
517.606000   0.038758
517.607000   0.027026
517.608000   0.014062
517.609000   0.000349
517.610000   -0.013614
517.611000   -0.027435
517.612000   -0.040917
517.613000   -0.054035
517.614000   -0.066820
517.615000   -0.079295
517.616000   -0.091458
517.617000   -0.103285
517.618000   -0.114717
517.619000   -0.125655
517.620000   -0.136020
517.621000   -0.145866
517.622000   -0.155395
517.623000   -0.164835
517.624000   -0.174317
517.625000   -0.183835
517.626000   -0.193246
517.627000   -0.202289
517.628000   -0.210589
517.629000   -0.217716
517.630000   -0.223328
517.631000   -0.227338
517.632000   -0.229892
517.633000   -0.231204
517.634000   -0.231419
517.635000   -0.230590
517.636000   -0.228683
517.637000   -0.225583
517.638000   -0.221093
517.639000   -0.215034
517.640000   -0.207446
517.641000   -0.198721
517.642000   -0.189438
517.643000   -0.180077
517.644000   -0.170874
517.645000   -0.161829
517.646000   -0.152746
517.647000   -0.143275
517.648000   -0.132982
517.649000   -0.121507
517.650000   -0.108772
517.651000   -0.095004
517.652000   -0.080540
517.653000   -0.065672
517.654000   -0.050614
517.655000   -0.035523
517.656000   -0.020506
517.657000   -0.005599
517.658000   0.009190
517.659000   0.023763
517.660000   0.037836
517.661000   0.051021
517.662000   0.062980
517.663000   0.073495
517.664000   0.082477
517.665000   0.089971
517.666000   0.096173
517.667000   0.101414
517.668000   0.106049
517.669000   0.110283
517.670000   0.114119
517.671000   0.117468
517.672000   0.120249
517.673000   0.122425
517.674000   0.124021
517.675000   0.125138
517.676000   0.125967
517.677000   0.126718
517.678000   0.127439
517.679000   0.127856
517.680000   0.127448
517.681000   0.125645
517.682000   0.121975
517.683000   0.116127
517.684000   0.107998
517.685000   0.097716
517.686000   0.085615
517.687000   0.072105
517.688000   0.057472
517.689000   0.041825
517.690000   0.025228
517.691000   0.007814
517.692000   -0.010188
517.693000   -0.028463
517.694000   -0.046612
517.695000   -0.064139
517.696000   -0.080508
517.697000   -0.095312
517.698000   -0.108428
517.699000   -0.119983
517.700000   -0.130207
517.701000   -0.139318
517.702000   -0.147460
517.703000   -0.154653
517.704000   -0.160746
517.705000   -0.165430
517.706000   -0.168368
517.707000   -0.169426
517.708000   -0.168783
517.709000   -0.166803
517.710000   -0.163837
517.711000   -0.160108
517.712000   -0.155676
517.713000   -0.150436
517.714000   -0.144139
517.715000   -0.136495
517.716000   -0.127364
517.717000   -0.116936
517.718000   -0.105671
517.719000   -0.094085
517.720000   -0.082588
517.721000   -0.071448
517.722000   -0.060801
517.723000   -0.050669
517.724000   -0.040991
517.725000   -0.031690
517.726000   -0.022785
517.727000   -0.014442
517.728000   -0.006916
517.729000   -0.000432
517.730000   0.004887
517.731000   0.009047
517.732000   0.012200
517.733000   0.014642
517.734000   0.016775
517.735000   0.019017
517.736000   0.021645
517.737000   0.024714
517.738000   0.028123
517.739000   0.031733
517.740000   0.035455
517.741000   0.039286
517.742000   0.043303
517.743000   0.047633
517.744000   0.052383
517.745000   0.057518
517.746000   0.062781
517.747000   0.067750
517.748000   0.072007
517.749000   0.075256
517.750000   0.077373
517.751000   0.078378
517.752000   0.078395
517.753000   0.077589
517.754000   0.076079
517.755000   0.073855
517.756000   0.070811
517.757000   0.066881
517.758000   0.062127
517.759000   0.056736
517.760000   0.050968
517.761000   0.045127
517.762000   0.039526
517.763000   0.034449
517.764000   0.030111
517.765000   0.026655
517.766000   0.024191
517.767000   0.022829
517.768000   0.022646
517.769000   0.023685
517.770000   0.026012
517.771000   0.029741
517.772000   0.034999
517.773000   0.041850
517.774000   0.050230
517.775000   0.059934
517.776000   0.070663
517.777000   0.082052
517.778000   0.093686
517.779000   0.105166
517.780000   0.116167
517.781000   0.126455
517.782000   0.135824
517.783000   0.144031
517.784000   0.150804
517.785000   0.155929
517.786000   0.159331
517.787000   0.161055
517.788000   0.161193
517.789000   0.159850
517.790000   0.157185
517.791000   0.153410
517.792000   0.148742
517.793000   0.143368
517.794000   0.137454
517.795000   0.131174
517.796000   0.124716
517.797000   0.118237
517.798000   0.111850
517.799000   0.105653
517.800000   0.099775
517.801000   0.094349
517.802000   0.089445
517.803000   0.085029
517.804000   0.080987
517.805000   0.077191
517.806000   0.073540
517.807000   0.069943
517.808000   0.066245
517.809000   0.062253
517.810000   0.057816
517.811000   0.052837
517.812000   0.047234
517.813000   0.040974
517.814000   0.034154
517.815000   0.027034
517.816000   0.019968
517.817000   0.013289
517.818000   0.007266
517.819000   0.002175
517.820000   -0.001709
517.821000   -0.004203
517.822000   -0.005256
517.823000   -0.004914
517.824000   -0.003272
517.825000   -0.000437
517.826000   0.003520
517.827000   0.008578
517.828000   0.014739
517.829000   0.021934
517.830000   0.029916
517.831000   0.038224
517.832000   0.046290
517.833000   0.053597
517.834000   0.059801
517.835000   0.064792
517.836000   0.068648
517.837000   0.071491
517.838000   0.073351
517.839000   0.074066
517.840000   0.073266
517.841000   0.070550
517.842000   0.065705
517.843000   0.058809
517.844000   0.050240
517.845000   0.040601
517.846000   0.030591
517.847000   0.020850
517.848000   0.011818
517.849000   0.003661
517.850000   -0.003663
517.851000   -0.010281
517.852000   -0.016333
517.853000   -0.021928
517.854000   -0.027109
517.855000   -0.031834
517.856000   -0.036056
517.857000   -0.039825
517.858000   -0.043361
517.859000   -0.047006
517.860000   -0.051120
517.861000   -0.055967
517.862000   -0.061640
517.863000   -0.068010
517.864000   -0.074760
517.865000   -0.081525
517.866000   -0.088073
517.867000   -0.094417
517.868000   -0.100839
517.869000   -0.107737
517.870000   -0.115428
517.871000   -0.124033
517.872000   -0.133450
517.873000   -0.143382
517.874000   -0.153393
517.875000   -0.163013
517.876000   -0.171922
517.877000   -0.180170
517.878000   -0.188117
517.879000   -0.196118
517.880000   -0.204296
517.881000   -0.212528
517.882000   -0.220498
517.883000   -0.227743
517.884000   -0.233719
517.885000   -0.237925
517.886000   -0.240123
517.887000   -0.240436
517.888000   -0.239164
517.889000   -0.236558
517.890000   -0.232745
517.891000   -0.227750
517.892000   -0.221522
517.893000   -0.213972
517.894000   -0.205025
517.895000   -0.194720
517.896000   -0.183334
517.897000   -0.171365
517.898000   -0.159325
517.899000   -0.147590
517.900000   -0.136372
517.901000   -0.125751
517.902000   -0.115724
517.903000   -0.106246
517.904000   -0.097275
517.905000   -0.088866
517.906000   -0.081276
517.907000   -0.074859
517.908000   -0.069833
517.909000   -0.066185
517.910000   -0.063709
517.911000   -0.062081
517.912000   -0.060908
517.913000   -0.059748
517.914000   -0.058166
517.915000   -0.055936
517.916000   -0.053156
517.917000   -0.050089
517.918000   -0.046966
517.919000   -0.043933
517.920000   -0.041062
517.921000   -0.038351
517.922000   -0.035681
517.923000   -0.032813
517.924000   -0.029519
517.925000   -0.025862
517.926000   -0.022280
517.927000   -0.019340
517.928000   -0.017515
517.929000   -0.017099
517.930000   -0.018208
517.931000   -0.020756
517.932000   -0.024433
517.933000   -0.028748
517.934000   -0.033312
517.935000   -0.038182
517.936000   -0.043745
517.937000   -0.050337
517.938000   -0.058055
517.939000   -0.066777
517.940000   -0.076202
517.941000   -0.085859
517.942000   -0.095121
517.943000   -0.103354
517.944000   -0.110237
517.945000   -0.115885
517.946000   -0.120591
517.947000   -0.124592
517.948000   -0.128020
517.949000   -0.130903
517.950000   -0.133133
517.951000   -0.134422
517.952000   -0.134342
517.953000   -0.132566
517.954000   -0.129157
517.955000   -0.124475
517.956000   -0.118887
517.957000   -0.112629
517.958000   -0.105795
517.959000   -0.098346
517.960000   -0.090079
517.961000   -0.080648
517.962000   -0.069765
517.963000   -0.057555
517.964000   -0.044611
517.965000   -0.031645
517.966000   -0.019231
517.967000   -0.007721
517.968000   0.002774
517.969000   0.012434
517.970000   0.021727
517.971000   0.031212
517.972000   0.041115
517.973000   0.051127
517.974000   0.060722
517.975000   0.069490
517.976000   0.077235
517.977000   0.083975
517.978000   0.089914
517.979000   0.095418
517.980000   0.100895
517.981000   0.106523
517.982000   0.112081
517.983000   0.117138
517.984000   0.121335
517.985000   0.124448
517.986000   0.126341
517.987000   0.126947
517.988000   0.126311
517.989000   0.124613
517.990000   0.122080
517.991000   0.118813
517.991000   0.118813
517.992000   0.114791
517.993000   0.110032
517.994000   0.104617
517.995000   0.098615
517.996000   0.092077
517.997000   0.085136
517.998000   0.078086
517.999000   0.071331
518.000000   0.065208
518.001000   0.059817
518.002000   0.055079
518.003000   0.050855
518.004000   0.046980
518.005000   0.043289
518.006000   0.039681
518.007000   0.036182
518.008000   0.032933
518.009000   0.030023
518.010000   0.027204
518.011000   0.023876
518.012000   0.019415
518.013000   0.013435
518.014000   0.005822
518.015000   -0.003330
518.016000   -0.013750
518.017000   -0.025001
518.018000   -0.036582
518.019000   -0.048169
518.020000   -0.059737
518.021000   -0.071338
518.022000   -0.082850
518.023000   -0.093998
518.024000   -0.104518
518.025000   -0.114180
518.026000   -0.122709
518.027000   -0.129751
518.028000   -0.135006
518.029000   -0.138383
518.030000   -0.139992
518.031000   -0.139984
518.032000   -0.138501
518.033000   -0.135784
518.034000   -0.132209
518.035000   -0.128151
518.036000   -0.123863
518.037000   -0.119498
518.038000   -0.115230
518.039000   -0.111283
518.040000   -0.107836
518.041000   -0.104968
518.042000   -0.102756
518.043000   -0.101372
518.044000   -0.100966
518.045000   -0.101497
518.046000   -0.102743
518.047000   -0.104491
518.048000   -0.106703
518.049000   -0.109476
518.050000   -0.112878
518.051000   -0.116881
518.052000   -0.121374
518.053000   -0.126138
518.054000   -0.130785
518.055000   -0.134820
518.056000   -0.137853
518.057000   -0.139763
518.058000   -0.140642
518.059000   -0.140643
518.060000   -0.139891
518.061000   -0.138468
518.062000   -0.136423
518.063000   -0.133745
518.064000   -0.130363
518.065000   -0.126253
518.066000   -0.121591
518.067000   -0.116788
518.068000   -0.112346
518.069000   -0.108701
518.070000   -0.106144
518.071000   -0.104818
518.072000   -0.104745
518.073000   -0.105835
518.074000   -0.107953
518.075000   -0.111093
518.076000   -0.115460
518.077000   -0.121330
518.078000   -0.128844
518.079000   -0.137936
518.080000   -0.148366
518.081000   -0.159812
518.082000   -0.171885
518.083000   -0.184080
518.084000   -0.195860
518.085000   -0.206865
518.086000   -0.216944
518.087000   -0.225986
518.088000   -0.233798
518.089000   -0.240096
518.090000   -0.244609
518.091000   -0.247146
518.092000   -0.247568
518.093000   -0.245811
518.094000   -0.242106
518.095000   -0.237056
518.096000   -0.231385
518.097000   -0.225697
518.098000   -0.220397
518.099000   -0.215753
518.100000   -0.211965
518.101000   -0.209137
518.102000   -0.207217
518.103000   -0.206158
518.104000   -0.206145
518.105000   -0.207484
518.106000   -0.210315
518.107000   -0.214491
518.108000   -0.219642
518.109000   -0.225258
518.110000   -0.230691
518.111000   -0.235121
518.112000   -0.237758
518.113000   -0.238273
518.114000   -0.236868
518.115000   -0.233882
518.116000   -0.229498
518.117000   -0.223705
518.118000   -0.216365
518.119000   -0.207249
518.120000   -0.196028
518.121000   -0.182338
518.122000   -0.166090
518.123000   -0.147750
518.124000   -0.128105
518.125000   -0.107851
518.126000   -0.087441
518.127000   -0.067122
518.128000   -0.047018
518.129000   -0.027129
518.130000   -0.007289
518.131000   0.012691
518.132000   0.032669
518.133000   0.052082
518.134000   0.070287
518.135000   0.086825
518.136000   0.101435
518.137000   0.113999
518.138000   0.124544
518.139000   0.133288
518.140000   0.140615
518.141000   0.146832
518.142000   0.151883
518.143000   0.155449
518.144000   0.157241
518.145000   0.157125
518.146000   0.155109
518.147000   0.151342
518.148000   0.146179
518.149000   0.140221
518.150000   0.134149
518.151000   0.128308
518.152000   0.122567
518.153000   0.116656
518.154000   0.110412
518.155000   0.103750
518.156000   0.096612
518.157000   0.089027
518.158000   0.081203
518.159000   0.073517
518.160000   0.066249
518.161000   0.059309
518.162000   0.052393
518.163000   0.045283
518.164000   0.037890
518.165000   0.030177
518.166000   0.022173
518.167000   0.014064
518.168000   0.006247
518.169000   -0.000797
518.170000   -0.006805
518.171000   -0.011810
518.172000   -0.015918
518.173000   -0.019206
518.174000   -0.021778
518.175000   -0.023784
518.176000   -0.025316
518.177000   -0.026312
518.178000   -0.026561
518.179000   -0.025910
518.180000   -0.024481
518.181000   -0.022585
518.182000   -0.020542
518.183000   -0.018655
518.184000   -0.017217
518.185000   -0.016413
518.186000   -0.016207
518.187000   -0.016313
518.188000   -0.016389
518.189000   -0.016379
518.190000   -0.016560
518.191000   -0.017267
518.192000   -0.018724
518.193000   -0.021046
518.194000   -0.024235
518.195000   -0.028127
518.196000   -0.032392
518.197000   -0.036643
518.198000   -0.040660
518.199000   -0.044500
518.200000   -0.048346
518.201000   -0.052332
518.202000   -0.056505
518.203000   -0.060833
518.204000   -0.065175
518.205000   -0.069271
518.206000   -0.072793
518.207000   -0.075496
518.208000   -0.077377
518.209000   -0.078627
518.210000   -0.079426
518.211000   -0.079859
518.212000   -0.079942
518.213000   -0.079644
518.214000   -0.078860
518.215000   -0.077435
518.216000   -0.075262
518.217000   -0.072431
518.218000   -0.069233
518.219000   -0.066001
518.220000   -0.062994
518.221000   -0.060411
518.222000   -0.058398
518.223000   -0.056973
518.224000   -0.055970
518.225000   -0.055112
518.226000   -0.054187
518.227000   -0.053195
518.228000   -0.052261
518.229000   -0.051454
518.230000   -0.050721
518.231000   -0.049954
518.232000   -0.049027
518.233000   -0.047749
518.234000   -0.045892
518.235000   -0.043321
518.236000   -0.040101
518.237000   -0.036408
518.238000   -0.032371
518.239000   -0.027996
518.240000   -0.023239
518.241000   -0.018099
518.242000   -0.012553
518.243000   -0.006446
518.244000   0.000409
518.245000   0.008006
518.246000   0.016056
518.247000   0.024127
518.248000   0.031803
518.249000   0.038766
518.250000   0.044802
518.251000   0.049816
518.252000   0.053862
518.253000   0.057085
518.254000   0.059465
518.255000   0.060630
518.256000   0.060014
518.257000   0.057133
518.258000   0.051738
518.259000   0.043841
518.260000   0.033665
518.261000   0.021582
518.262000   0.008100
518.263000   -0.006226
518.264000   -0.020985
518.265000   -0.035948
518.266000   -0.050871
518.267000   -0.065369
518.268000   -0.078919
518.269000   -0.090947
518.270000   -0.100951
518.271000   -0.108566
518.272000   -0.113564
518.273000   -0.115939
518.274000   -0.116011
518.275000   -0.114309
518.276000   -0.111396
518.277000   -0.107790
518.278000   -0.103962
518.279000   -0.100313
518.280000   -0.097133
518.281000   -0.094528
518.282000   -0.092481
518.283000   -0.091139
518.284000   -0.090931
518.285000   -0.092302
518.286000   -0.095494
518.287000   -0.100503
518.288000   -0.107121
518.289000   -0.114938
518.290000   -0.123310
518.291000   -0.131407
518.292000   -0.138552
518.293000   -0.144625
518.294000   -0.149926
518.295000   -0.154765
518.296000   -0.159296
518.297000   -0.163529
518.298000   -0.167367
518.299000   -0.170593
518.300000   -0.172847
518.301000   -0.173740
518.302000   -0.173201
518.303000   -0.171674
518.304000   -0.169794
518.305000   -0.168018
518.306000   -0.166536
518.307000   -0.165322
518.308000   -0.164188
518.309000   -0.162818
518.310000   -0.160800
518.311000   -0.157824
518.312000   -0.154030
518.313000   -0.150021
518.314000   -0.146440
518.315000   -0.143730
518.316000   -0.142108
518.317000   -0.141618
518.318000   -0.142152
518.319000   -0.143427
518.320000   -0.145021
518.321000   -0.146650
518.322000   -0.148533
518.323000   -0.151212
518.324000   -0.155077
518.325000   -0.160185
518.326000   -0.166324
518.327000   -0.173081
518.328000   -0.179854
518.329000   -0.185817
518.330000   -0.190068
518.331000   -0.192195
518.332000   -0.192602
518.333000   -0.192020
518.334000   -0.191032
518.335000   -0.190021
518.336000   -0.189214
518.337000   -0.188677
518.338000   -0.188240
518.339000   -0.187451
518.340000   -0.185866
518.341000   -0.183609
518.342000   -0.181335
518.343000   -0.179631
518.344000   -0.178755
518.345000   -0.178671
518.346000   -0.179127
518.347000   -0.179666
518.348000   -0.179603
518.349000   -0.178118
518.350000   -0.174706
518.351000   -0.169552
518.352000   -0.163172
518.353000   -0.156008
518.354000   -0.148378
518.355000   -0.140511
518.356000   -0.132520
518.357000   -0.124313
518.358000   -0.115546
518.359000   -0.105856
518.360000   -0.095330
518.361000   -0.084500
518.362000   -0.073922
518.363000   -0.063986
518.364000   -0.054929
518.365000   -0.046865
518.366000   -0.039738
518.367000   -0.033258
518.368000   -0.026952
518.369000   -0.020573
518.370000   -0.014459
518.371000   -0.009233
518.372000   -0.005376
518.373000   -0.003128
518.374000   -0.002526
518.375000   -0.003432
518.376000   -0.005521
518.377000   -0.008277
518.378000   -0.011196
518.379000   -0.014166
518.380000   -0.017516
518.381000   -0.021631
518.382000   -0.026722
518.383000   -0.032816
518.384000   -0.039796
518.385000   -0.047395
518.386000   -0.055183
518.387000   -0.062580
518.388000   -0.069054
518.389000   -0.074385
518.390000   -0.078651
518.391000   -0.082046
518.392000   -0.084791
518.393000   -0.087075
518.394000   -0.089000
518.395000   -0.090525
518.396000   -0.091445
518.397000   -0.091456
518.398000   -0.090404
518.399000   -0.088462
518.400000   -0.086023
518.401000   -0.083467
518.402000   -0.081019
518.403000   -0.078697
518.404000   -0.076316
518.405000   -0.073511
518.406000   -0.069788
518.407000   -0.064745
518.408000   -0.058406
518.409000   -0.051216
518.410000   -0.043677
518.411000   -0.036133
518.412000   -0.028749
518.413000   -0.021552
518.414000   -0.014442
518.415000   -0.007196
518.416000   0.000395
518.417000   0.008294
518.418000   0.016138
518.419000   0.023474
518.420000   0.029955
518.421000   0.035351
518.422000   0.039597
518.423000   0.042859
518.424000   0.045540
518.425000   0.048176
518.426000   0.051238
518.427000   0.054944
518.428000   0.059294
518.429000   0.064185
518.430000   0.069411
518.431000   0.074673
518.432000   0.079694
518.433000   0.084305
518.434000   0.088433
518.435000   0.092000
518.436000   0.094797
518.437000   0.096478
518.438000   0.096714
518.439000   0.095263
518.440000   0.091952
518.441000   0.086712
518.442000   0.079673
518.443000   0.071193
518.444000   0.061782
518.445000   0.051928
518.446000   0.041961
518.447000   0.032091
518.448000   0.022513
518.449000   0.013395
518.450000   0.004804
518.451000   -0.003253
518.452000   -0.010726
518.453000   -0.017495
518.454000   -0.023487
518.455000   -0.028840
518.456000   -0.033936
518.457000   -0.039273
518.458000   -0.045326
518.459000   -0.052450
518.460000   -0.060813
518.461000   -0.070344
518.462000   -0.080754
518.463000   -0.091659
518.464000   -0.102784
518.465000   -0.114074
518.466000   -0.125611
518.467000   -0.137450
518.468000   -0.149524
518.469000   -0.161632
518.470000   -0.173481
518.471000   -0.184717
518.472000   -0.194987
518.473000   -0.204068
518.474000   -0.211966
518.475000   -0.218851
518.476000   -0.224889
518.477000   -0.230149
518.478000   -0.234623
518.479000   -0.238290
518.480000   -0.241127
518.481000   -0.243059
518.482000   -0.243958
518.483000   -0.243737
518.484000   -0.242406
518.485000   -0.240002
518.486000   -0.236525
518.487000   -0.231952
518.488000   -0.226310
518.489000   -0.219700
518.490000   -0.212242
518.491000   -0.204047
518.491000   -0.204047
518.492000   -0.195339
518.493000   -0.186583
518.494000   -0.178397
518.495000   -0.171352
518.496000   -0.165860
518.497000   -0.162148
518.498000   -0.160233
518.499000   -0.159871
518.500000   -0.160551
518.501000   -0.161688
518.502000   -0.162938
518.503000   -0.164279
518.504000   -0.165766
518.505000   -0.167329
518.506000   -0.168743
518.507000   -0.169648
518.508000   -0.169544
518.509000   -0.167803
518.510000   -0.163824
518.511000   -0.157403
518.512000   -0.148962
518.513000   -0.139285
518.514000   -0.129129
518.515000   -0.119067
518.516000   -0.109466
518.517000   -0.100485
518.518000   -0.092060
518.519000   -0.083942
518.520000   -0.075888
518.521000   -0.067960
518.522000   -0.060509
518.523000   -0.053873
518.524000   -0.048190
518.525000   -0.043402
518.526000   -0.039328
518.527000   -0.035685
518.528000   -0.032079
518.529000   -0.028071
518.530000   -0.023428
518.531000   -0.018347
518.532000   -0.013301
518.533000   -0.008755
518.534000   -0.005052
518.535000   -0.002392
518.536000   -0.000815
518.537000   -0.000165
518.538000   -0.000091
518.539000   -0.000224
518.540000   -0.000496
518.541000   -0.001206
518.542000   -0.002729
518.543000   -0.005288
518.544000   -0.008927
518.545000   -0.013544
518.546000   -0.018892
518.547000   -0.024549
518.548000   -0.029959
518.549000   -0.034675
518.550000   -0.038632
518.551000   -0.042071
518.552000   -0.045263
518.553000   -0.048408
518.554000   -0.051627
518.555000   -0.054947
518.556000   -0.058227
518.557000   -0.061135
518.558000   -0.063267
518.559000   -0.064433
518.560000   -0.064772
518.561000   -0.064540
518.562000   -0.063905
518.563000   -0.062916
518.564000   -0.061516
518.565000   -0.059527
518.566000   -0.056611
518.567000   -0.052327
518.568000   -0.046414
518.569000   -0.039060
518.570000   -0.030757
518.571000   -0.021993
518.572000   -0.013136
518.573000   -0.004448
518.574000   0.003928
518.575000   0.012042
518.576000   0.020169
518.577000   0.028669
518.578000   0.037702
518.579000   0.047116
518.580000   0.056680
518.581000   0.066283
518.582000   0.075961
518.583000   0.085853
518.584000   0.096168
518.585000   0.107187
518.586000   0.119220
518.587000   0.132446
518.588000   0.146717
518.589000   0.161602
518.590000   0.176604
518.591000   0.191255
518.592000   0.205106
518.593000   0.217727
518.594000   0.228778
518.595000   0.238072
518.596000   0.245552
518.597000   0.251148
518.598000   0.254713
518.599000   0.256144
518.600000   0.255486
518.601000   0.252918
518.602000   0.248706
518.603000   0.243222
518.604000   0.236953
518.605000   0.230441
518.606000   0.224127
518.607000   0.218153
518.608000   0.212344
518.609000   0.206360
518.610000   0.199859
518.611000   0.192570
518.612000   0.184356
518.613000   0.175248
518.614000   0.165432
518.615000   0.155149
518.616000   0.144470
518.617000   0.133107
518.618000   0.120510
518.619000   0.106162
518.620000   0.089780
518.621000   0.071362
518.622000   0.051157
518.623000   0.029664
518.624000   0.007598
518.625000   -0.014245
518.626000   -0.035271
518.627000   -0.055199
518.628000   -0.073868
518.629000   -0.091032
518.630000   -0.106350
518.631000   -0.119479
518.632000   -0.130107
518.633000   -0.137926
518.634000   -0.142661
518.635000   -0.144237
518.636000   -0.142935
518.637000   -0.139322
518.638000   -0.134032
518.639000   -0.127602
518.640000   -0.120406
518.641000   -0.112622
518.642000   -0.104204
518.643000   -0.094926
518.644000   -0.084591
518.645000   -0.073335
518.646000   -0.061712
518.647000   -0.050448
518.648000   -0.040168
518.649000   -0.031285
518.650000   -0.024011
518.651000   -0.018355
518.652000   -0.014131
518.653000   -0.011071
518.654000   -0.009099
518.655000   -0.008442
518.656000   -0.009435
518.657000   -0.012283
518.658000   -0.016966
518.659000   -0.023265
518.660000   -0.030804
518.661000   -0.039048
518.662000   -0.047360
518.663000   -0.055159
518.664000   -0.062085
518.665000   -0.067974
518.666000   -0.072718
518.667000   -0.076188
518.668000   -0.078245
518.669000   -0.078815
518.670000   -0.077927
518.671000   -0.075688
518.672000   -0.072279
518.673000   -0.068054
518.674000   -0.063567
518.675000   -0.059420
518.676000   -0.056089
518.677000   -0.053854
518.678000   -0.052824
518.679000   -0.052992
518.680000   -0.054183
518.681000   -0.055997
518.682000   -0.057995
518.683000   -0.059949
518.684000   -0.061843
518.685000   -0.063665
518.686000   -0.065315
518.687000   -0.066628
518.688000   -0.067423
518.689000   -0.067476
518.690000   -0.066479
518.691000   -0.064179
518.692000   -0.060683
518.693000   -0.056549
518.694000   -0.052537
518.695000   -0.049344
518.696000   -0.047485
518.697000   -0.047246
518.698000   -0.048649
518.699000   -0.051456
518.700000   -0.055280
518.701000   -0.059862
518.702000   -0.065320
518.703000   -0.072009
518.704000   -0.080175
518.705000   -0.089772
518.706000   -0.100470
518.707000   -0.111736
518.708000   -0.122911
518.709000   -0.133260
518.710000   -0.142128
518.711000   -0.149224
518.712000   -0.154680
518.713000   -0.158751
518.714000   -0.161562
518.715000   -0.163071
518.716000   -0.163126
518.717000   -0.161538
518.718000   -0.158088
518.719000   -0.152541
518.720000   -0.144788
518.721000   -0.135038
518.722000   -0.123760
518.723000   -0.111448
518.724000   -0.098495
518.725000   -0.085198
518.726000   -0.071761
518.727000   -0.058278
518.728000   -0.044685
518.729000   -0.030836
518.730000   -0.016748
518.731000   -0.002735
518.732000   0.010754
518.733000   0.023339
518.734000   0.034775
518.735000   0.044966
518.736000   0.053984
518.737000   0.062100
518.738000   0.069733
518.739000   0.077175
518.740000   0.084252
518.741000   0.090390
518.742000   0.095004
518.743000   0.097728
518.744000   0.098438
518.745000   0.097241
518.746000   0.094480
518.747000   0.090747
518.748000   0.086732
518.749000   0.082816
518.750000   0.078850
518.751000   0.074457
518.752000   0.069357
518.753000   0.063418
518.754000   0.056604
518.755000   0.048978
518.756000   0.040741
518.757000   0.032244
518.758000   0.023834
518.759000   0.015603
518.760000   0.007414
518.761000   -0.000873
518.762000   -0.009301
518.763000   -0.017840
518.764000   -0.026420
518.765000   -0.034887
518.766000   -0.042944
518.767000   -0.050201
518.768000   -0.056491
518.769000   -0.062121
518.770000   -0.067645
518.771000   -0.073551
518.772000   -0.080127
518.773000   -0.087437
518.774000   -0.095260
518.775000   -0.103029
518.776000   -0.109826
518.777000   -0.114660
518.778000   -0.116995
518.779000   -0.116907
518.780000   -0.114716
518.781000   -0.110690
518.782000   -0.105023
518.783000   -0.097867
518.784000   -0.089315
518.785000   -0.079338
518.786000   -0.067807
518.787000   -0.054764
518.788000   -0.040793
518.789000   -0.026889
518.790000   -0.013984
518.791000   -0.002713
518.792000   0.006595
518.793000   0.013878
518.794000   0.019327
518.795000   0.023364
518.796000   0.026508
518.797000   0.029120
518.798000   0.031267
518.799000   0.032896
518.800000   0.033996
518.801000   0.034573
518.802000   0.034619
518.803000   0.034138
518.804000   0.033207
518.805000   0.032006
518.806000   0.030738
518.807000   0.029465
518.808000   0.028042
518.809000   0.026234
518.810000   0.023764
518.811000   0.020360
518.812000   0.015848
518.813000   0.010238
518.814000   0.003758
518.815000   -0.003210
518.816000   -0.010360
518.817000   -0.017697
518.818000   -0.025452
518.819000   -0.033860
518.820000   -0.043034
518.821000   -0.052915
518.822000   -0.063267
518.823000   -0.073690
518.824000   -0.083692
518.825000   -0.092932
518.826000   -0.101552
518.827000   -0.110156
518.828000   -0.119408
518.829000   -0.129745
518.830000   -0.141311
518.831000   -0.153985
518.832000   -0.167400
518.833000   -0.180984
518.834000   -0.194119
518.835000   -0.206407
518.836000   -0.217701
518.837000   -0.227875
518.838000   -0.236673
518.839000   -0.243756
518.840000   -0.248758
518.841000   -0.251263
518.842000   -0.250807
518.843000   -0.246949
518.844000   -0.239471
518.845000   -0.228525
518.846000   -0.214543
518.847000   -0.198083
518.848000   -0.179796
518.849000   -0.160368
518.850000   -0.140391
518.851000   -0.120250
518.852000   -0.100139
518.853000   -0.080196
518.854000   -0.060685
518.855000   -0.041993
518.856000   -0.024484
518.857000   -0.008417
518.858000   0.006034
518.859000   0.018825
518.860000   0.030098
518.861000   0.040160
518.862000   0.049371
518.863000   0.057953
518.864000   0.065878
518.865000   0.072969
518.866000   0.079069
518.867000   0.084105
518.868000   0.088084
518.869000   0.091085
518.870000   0.093251
518.871000   0.094736
518.872000   0.095565
518.873000   0.095485
518.874000   0.093992
518.875000   0.090560
518.876000   0.084828
518.877000   0.076640
518.878000   0.065961
518.879000   0.052881
518.880000   0.037696
518.881000   0.020867
518.882000   0.002804
518.883000   -0.016342
518.884000   -0.036604
518.885000   -0.057965
518.886000   -0.080223
518.887000   -0.103024
518.888000   -0.125928
518.889000   -0.148382
518.890000   -0.169704
518.891000   -0.189247
518.892000   -0.206640
518.893000   -0.221808
518.894000   -0.234792
518.895000   -0.245608
518.896000   -0.254221
518.897000   -0.260582
518.898000   -0.264622
518.899000   -0.266188
518.900000   -0.265127
518.901000   -0.261556
518.902000   -0.256039
518.903000   -0.249433
518.904000   -0.242614
518.905000   -0.236284
518.906000   -0.230862
518.907000   -0.226429
518.908000   -0.222716
518.909000   -0.219238
518.910000   -0.215624
518.911000   -0.211917
518.912000   -0.208508
518.913000   -0.205827
518.914000   -0.204130
518.915000   -0.203433
518.916000   -0.203531
518.917000   -0.204022
518.918000   -0.204299
518.919000   -0.203713
518.920000   -0.201895
518.921000   -0.198902
518.922000   -0.195007
518.923000   -0.190430
518.924000   -0.185228
518.925000   -0.179278
518.926000   -0.172327
518.927000   -0.164050
518.928000   -0.154143
518.929000   -0.142543
518.930000   -0.129559
518.931000   -0.115709
518.932000   -0.101473
518.933000   -0.087174
518.934000   -0.072965
518.935000   -0.058951
518.936000   -0.045321
518.937000   -0.032344
518.938000   -0.020343
518.939000   -0.009803
518.940000   -0.001314
518.941000   0.004676
518.942000   0.008029
518.943000   0.008919
518.944000   0.007730
518.945000   0.004893
518.946000   0.000835
518.947000   -0.004038
518.948000   -0.009533
518.949000   -0.015691
518.950000   -0.022534
518.951000   -0.029874
518.952000   -0.037322
518.953000   -0.044363
518.954000   -0.050442
518.955000   -0.054996
518.956000   -0.057483
518.957000   -0.057603
518.958000   -0.055549
518.959000   -0.051848
518.960000   -0.047048
518.961000   -0.041566
518.962000   -0.035668
518.963000   -0.029463
518.964000   -0.022892
518.965000   -0.015751
518.966000   -0.007881
518.967000   0.000445
518.968000   0.008480
518.969000   0.015425
518.970000   0.020729
518.971000   0.024159
518.972000   0.025788
518.973000   0.025968
518.974000   0.025309
518.975000   0.024534
518.976000   0.024114
518.977000   0.023909
518.978000   0.023392
518.979000   0.022087
518.980000   0.019742
518.981000   0.016333
518.982000   0.012055
518.983000   0.007341
518.984000   0.002819
518.985000   -0.000915
518.986000   -0.003705
518.987000   -0.005845
518.988000   -0.007659
518.989000   -0.009279
518.990000   -0.010673
518.991000   -0.011710
518.991000   -0.011710
518.992000   -0.012179
518.993000   -0.011796
518.994000   -0.010275
518.995000   -0.007544
518.996000   -0.003973
518.997000   -0.000193
518.998000   0.003235
518.999000   0.005927
519.000000   0.007664
519.001000   0.008393
519.002000   0.008262
519.003000   0.007647
519.004000   0.006979
519.005000   0.006276
519.006000   0.004980
519.007000   0.002432
519.008000   -0.001757
519.009000   -0.007673
519.010000   -0.015154
519.011000   -0.023811
519.012000   -0.032995
519.013000   -0.041826
519.014000   -0.049511
519.015000   -0.055853
519.016000   -0.061151
519.017000   -0.065691
519.018000   -0.069576
519.019000   -0.072807
519.020000   -0.075343
519.021000   -0.077085
519.022000   -0.077802
519.023000   -0.077156
519.024000   -0.075052
519.025000   -0.071930
519.026000   -0.068471
519.027000   -0.065257
519.028000   -0.062715
519.029000   -0.061154
519.030000   -0.060755
519.031000   -0.061481
519.032000   -0.063003
519.033000   -0.064857
519.034000   -0.066947
519.035000   -0.069684
519.036000   -0.073556
519.037000   -0.078827
519.038000   -0.085504
519.039000   -0.093365
519.040000   -0.101948
519.041000   -0.110505
519.042000   -0.118055
519.043000   -0.123800
519.044000   -0.127628
519.045000   -0.129911
519.046000   -0.131021
519.047000   -0.131167
519.048000   -0.130439
519.049000   -0.128856
519.050000   -0.126334
519.051000   -0.122628
519.052000   -0.117408
519.053000   -0.110706
519.054000   -0.103213
519.055000   -0.095860
519.056000   -0.089383
519.057000   -0.084233
519.058000   -0.080611
519.059000   -0.078484
519.060000   -0.077536
519.061000   -0.077156
519.062000   -0.076723
519.063000   -0.076185
519.064000   -0.076100
519.065000   -0.077085
519.066000   -0.079482
519.067000   -0.083335
519.068000   -0.088418
519.069000   -0.094238
519.070000   -0.100004
519.071000   -0.104728
519.072000   -0.107706
519.073000   -0.108980
519.074000   -0.109084
519.075000   -0.108554
519.076000   -0.107722
519.077000   -0.106694
519.078000   -0.105361
519.079000   -0.103384
519.080000   -0.100202
519.081000   -0.095256
519.082000   -0.088415
519.083000   -0.080054
519.084000   -0.070718
519.085000   -0.060867
519.086000   -0.050819
519.087000   -0.040770
519.088000   -0.030808
519.089000   -0.020892
519.090000   -0.010893
519.091000   -0.000852
519.092000   0.008728
519.093000   0.017040
519.094000   0.023394
519.095000   0.027412
519.096000   0.029007
519.097000   0.028317
519.098000   0.025689
519.099000   0.021670
519.100000   0.016871
519.101000   0.011631
519.102000   0.005902
519.103000   -0.000411
519.104000   -0.007188
519.105000   -0.014123
519.106000   -0.020810
519.107000   -0.026795
519.108000   -0.031572
519.109000   -0.034599
519.110000   -0.035484
519.111000   -0.034268
519.112000   -0.031394
519.113000   -0.027412
519.114000   -0.022836
519.115000   -0.018086
519.116000   -0.013441
519.117000   -0.009015
519.118000   -0.004769
519.119000   -0.000611
519.120000   0.003399
519.121000   0.006962
519.122000   0.009743
519.123000   0.011518
519.124000   0.012160
519.125000   0.011676
519.126000   0.010282
519.127000   0.008387
519.128000   0.006507
519.129000   0.005084
519.130000   0.004255
519.131000   0.003855
519.132000   0.003656
519.133000   0.003528
519.134000   0.003418
519.135000   0.003357
519.136000   0.003544
519.137000   0.004350
519.138000   0.006159
519.139000   0.009063
519.140000   0.012740
519.141000   0.016722
519.142000   0.020723
519.143000   0.024635
519.144000   0.028287
519.145000   0.031489
519.146000   0.034256
519.147000   0.036806
519.148000   0.039346
519.149000   0.041838
519.150000   0.044021
519.151000   0.045660
519.152000   0.046672
519.153000   0.047031
519.154000   0.046657
519.155000   0.045537
519.156000   0.043844
519.157000   0.041825
519.158000   0.039581
519.159000   0.037008
519.160000   0.033944
519.161000   0.030352
519.162000   0.026354
519.163000   0.022092
519.164000   0.017664
519.165000   0.013292
519.166000   0.009340
519.167000   0.006040
519.168000   0.003226
519.169000   0.000442
519.170000   -0.002775
519.171000   -0.006724
519.172000   -0.011521
519.173000   -0.017108
519.174000   -0.023168
519.175000   -0.029152
519.176000   -0.034648
519.177000   -0.039778
519.178000   -0.045071
519.179000   -0.051072
519.180000   -0.058138
519.181000   -0.066397
519.182000   -0.075740
519.183000   -0.085826
519.184000   -0.096125
519.185000   -0.106100
519.186000   -0.115519
519.187000   -0.124538
519.188000   -0.133473
519.189000   -0.142562
519.190000   -0.151891
519.191000   -0.161345
519.192000   -0.170607
519.193000   -0.179193
519.194000   -0.186522
519.195000   -0.192118
519.196000   -0.195920
519.197000   -0.198174
519.198000   -0.199067
519.199000   -0.198540
519.200000   -0.196299
519.201000   -0.191899
519.202000   -0.184923
519.203000   -0.175103
519.204000   -0.162366
519.205000   -0.147055
519.206000   -0.129996
519.207000   -0.112113
519.208000   -0.094103
519.209000   -0.076351
519.210000   -0.058983
519.211000   -0.041981
519.212000   -0.025293
519.213000   -0.008804
519.214000   0.007516
519.215000   0.023315
519.216000   0.038018
519.217000   0.051213
519.218000   0.062768
519.219000   0.072789
519.220000   0.081525
519.221000   0.089272
519.222000   0.096381
519.223000   0.103189
519.224000   0.109700
519.225000   0.115522
519.226000   0.120256
519.227000   0.123737
519.228000   0.126049
519.229000   0.127441
519.230000   0.128240
519.231000   0.128823
519.232000   0.129634
519.233000   0.130886
519.234000   0.132215
519.235000   0.133021
519.236000   0.132954
519.237000   0.132016
519.238000   0.130464
519.239000   0.128648
519.240000   0.126901
519.241000   0.125553
519.242000   0.124847
519.243000   0.124636
519.244000   0.124463
519.245000   0.123977
519.246000   0.123069
519.247000   0.121791
519.248000   0.120245
519.249000   0.118502
519.250000   0.116685
519.251000   0.115086
519.252000   0.113921
519.253000   0.112992
519.254000   0.111944
519.255000   0.110630
519.256000   0.109151
519.257000   0.107732
519.258000   0.106602
519.259000   0.106005
519.260000   0.106347
519.261000   0.108083
519.262000   0.111131
519.263000   0.114754
519.264000   0.118154
519.265000   0.120802
519.266000   0.122396
519.267000   0.122752
519.268000   0.121813
519.269000   0.119802
519.270000   0.117286
519.271000   0.114720
519.272000   0.111763
519.273000   0.107578
519.274000   0.101518
519.275000   0.093315
519.276000   0.082995
519.277000   0.070795
519.278000   0.057135
519.279000   0.042652
519.280000   0.028074
519.281000   0.013762
519.282000   -0.000416
519.283000   -0.014580
519.284000   -0.028593
519.285000   -0.042177
519.286000   -0.055093
519.287000   -0.067208
519.288000   -0.078375
519.289000   -0.088257
519.290000   -0.096514
519.291000   -0.103297
519.292000   -0.109112
519.293000   -0.114342
519.294000   -0.119145
519.295000   -0.123561
519.296000   -0.127545
519.297000   -0.130865
519.298000   -0.132956
519.299000   -0.133042
519.300000   -0.130845
519.301000   -0.127094
519.302000   -0.122923
519.303000   -0.119291
519.304000   -0.116880
519.305000   -0.116082
519.306000   -0.116944
519.307000   -0.119087
519.308000   -0.121721
519.309000   -0.124120
519.310000   -0.126502
519.311000   -0.129887
519.312000   -0.135182
519.313000   -0.142831
519.314000   -0.152891
519.315000   -0.165145
519.316000   -0.179128
519.317000   -0.194055
519.318000   -0.208909
519.319000   -0.223016
519.320000   -0.236471
519.321000   -0.249572
519.322000   -0.262308
519.323000   -0.274447
519.324000   -0.285769
519.325000   -0.296099
519.326000   -0.305183
519.327000   -0.312593
519.328000   -0.317896
519.329000   -0.321110
519.330000   -0.322646
519.331000   -0.322848
519.332000   -0.321930
519.333000   -0.320161
519.334000   -0.317899
519.335000   -0.315453
519.336000   -0.312946
519.337000   -0.310295
519.338000   -0.307421
519.339000   -0.304437
519.340000   -0.301490
519.341000   -0.298630
519.342000   -0.295945
519.343000   -0.293617
519.344000   -0.291784
519.345000   -0.290337
519.346000   -0.288815
519.347000   -0.286626
519.348000   -0.283615
519.349000   -0.280150
519.350000   -0.276645
519.351000   -0.273375
519.352000   -0.270512
519.353000   -0.268091
519.354000   -0.265887
519.355000   -0.263317
519.356000   -0.259506
519.357000   -0.253863
519.358000   -0.246719
519.359000   -0.238966
519.360000   -0.231354
519.361000   -0.224289
519.362000   -0.217882
519.363000   -0.212010
519.364000   -0.206323
519.365000   -0.200237
519.366000   -0.193133
519.367000   -0.184897
519.368000   -0.176098
519.369000   -0.167439
519.370000   -0.159353
519.371000   -0.152048
519.372000   -0.145610
519.373000   -0.140002
519.374000   -0.135007
519.375000   -0.130226
519.376000   -0.125338
519.377000   -0.120446
519.378000   -0.115923
519.379000   -0.112061
519.380000   -0.109106
519.381000   -0.107288
519.382000   -0.106656
519.383000   -0.106948
519.384000   -0.107559
519.385000   -0.107713
519.386000   -0.106906
519.387000   -0.105079
519.388000   -0.102325
519.389000   -0.098814
519.390000   -0.094855
519.391000   -0.090693
519.392000   -0.086316
519.393000   -0.081437
519.394000   -0.075601
519.395000   -0.068522
519.396000   -0.060415
519.397000   -0.051837
519.398000   -0.043445
519.399000   -0.035993
519.400000   -0.030166
519.401000   -0.026336
519.402000   -0.024498
519.403000   -0.024318
519.404000   -0.025397
519.405000   -0.027684
519.406000   -0.031550
519.407000   -0.037448
519.408000   -0.045700
519.409000   -0.056401
519.410000   -0.069312
519.411000   -0.083844
519.412000   -0.099121
519.413000   -0.114152
519.414000   -0.128212
519.415000   -0.141119
519.416000   -0.153031
519.417000   -0.164098
519.418000   -0.174369
519.419000   -0.183792
519.420000   -0.192162
519.421000   -0.199104
519.422000   -0.204143
519.423000   -0.206909
519.424000   -0.207363
519.425000   -0.205716
519.426000   -0.202189
519.427000   -0.197134
519.428000   -0.191170
519.429000   -0.184857
519.430000   -0.178466
519.431000   -0.171986
519.432000   -0.165271
519.433000   -0.158208
519.434000   -0.150725
519.435000   -0.142650
519.436000   -0.133954
519.437000   -0.125210
519.438000   -0.117209
519.439000   -0.110391
519.440000   -0.104777
519.441000   -0.100123
519.442000   -0.096108
519.443000   -0.092445
519.444000   -0.088808
519.445000   -0.084871
519.446000   -0.080661
519.447000   -0.076522
519.448000   -0.072644
519.449000   -0.068923
519.450000   -0.065103
519.451000   -0.060969
519.452000   -0.056524
519.453000   -0.051994
519.454000   -0.047674
519.455000   -0.043844
519.456000   -0.040776
519.457000   -0.038625
519.458000   -0.037376
519.459000   -0.036932
519.460000   -0.037274
519.461000   -0.038592
519.462000   -0.041208
519.463000   -0.045315
519.464000   -0.050871
519.465000   -0.057981
519.466000   -0.066989
519.467000   -0.078065
519.468000   -0.091039
519.469000   -0.105522
519.470000   -0.121070
519.471000   -0.137197
519.472000   -0.153215
519.473000   -0.168127
519.474000   -0.181094
519.475000   -0.192028
519.476000   -0.201181
519.477000   -0.208599
519.478000   -0.214143
519.479000   -0.217660
519.480000   -0.219051
519.481000   -0.218189
519.482000   -0.214803
519.483000   -0.208617
519.484000   -0.199822
519.485000   -0.189055
519.486000   -0.176914
519.487000   -0.163832
519.488000   -0.150198
519.489000   -0.136441
519.490000   -0.122989
519.491000   -0.110132
519.491000   -0.110132
519.492000   -0.097949
519.493000   -0.086545
519.494000   -0.076270
519.495000   -0.067453
519.496000   -0.060202
519.497000   -0.054518
519.498000   -0.050425
519.499000   -0.047946
519.500000   -0.046973
519.501000   -0.047170
519.502000   -0.048048
519.503000   -0.049259
519.504000   -0.050613
519.505000   -0.051882
519.506000   -0.052872
519.507000   -0.053590
519.508000   -0.054239
519.509000   -0.055067
519.510000   -0.056244
519.511000   -0.057801
519.512000   -0.059682
519.513000   -0.061813
519.514000   -0.064071
519.515000   -0.066362
519.516000   -0.068811
519.517000   -0.071771
519.518000   -0.075645
519.519000   -0.080690
519.520000   -0.086889
519.521000   -0.093945
519.522000   -0.101533
519.523000   -0.109520
519.524000   -0.117868
519.525000   -0.126625
519.526000   -0.135937
519.527000   -0.145905
519.528000   -0.156420
519.529000   -0.167047
519.530000   -0.177015
519.531000   -0.185532
519.532000   -0.192235
519.533000   -0.197063
519.534000   -0.199989
519.535000   -0.201109
519.536000   -0.200631
519.537000   -0.198721
519.538000   -0.195376
519.539000   -0.190370
519.540000   -0.183330
519.541000   -0.174024
519.542000   -0.162450
519.543000   -0.148751
519.544000   -0.133365
519.545000   -0.117038
519.546000   -0.100542
519.547000   -0.084462
519.548000   -0.069121
519.549000   -0.054566
519.550000   -0.040672
519.551000   -0.027317
519.552000   -0.014405
519.553000   -0.002041
519.554000   0.009262
519.555000   0.018812
519.556000   0.026054
519.557000   0.030695
519.558000   0.032722
519.559000   0.032417
519.560000   0.030301
519.561000   0.027010
519.562000   0.023084
519.563000   0.018686
519.564000   0.013660
519.565000   0.007842
519.566000   0.001218
519.567000   -0.006040
519.568000   -0.013536
519.569000   -0.020685
519.570000   -0.026963
519.571000   -0.032186
519.572000   -0.036590
519.573000   -0.040785
519.574000   -0.045441
519.575000   -0.051001
519.576000   -0.057589
519.577000   -0.064985
519.578000   -0.072669
519.579000   -0.080050
519.580000   -0.086756
519.581000   -0.092656
519.582000   -0.097916
519.583000   -0.102894
519.584000   -0.107784
519.585000   -0.112507
519.586000   -0.116807
519.587000   -0.120364
519.588000   -0.122859
519.589000   -0.123961
519.590000   -0.123269
519.591000   -0.120544
519.592000   -0.116138
519.593000   -0.110780
519.594000   -0.105129
519.595000   -0.099665
519.596000   -0.094704
519.597000   -0.090372
519.598000   -0.086512
519.599000   -0.082621
519.600000   -0.078086
519.601000   -0.072887
519.602000   -0.067810
519.603000   -0.063719
519.604000   -0.061073
519.605000   -0.059918
519.606000   -0.059989
519.607000   -0.060772
519.608000   -0.061547
519.609000   -0.061442
519.610000   -0.059753
519.611000   -0.056578
519.612000   -0.052641
519.613000   -0.048560
519.614000   -0.044622
519.615000   -0.040903
519.616000   -0.037355
519.617000   -0.033826
519.618000   -0.030019
519.619000   -0.025560
519.620000   -0.020465
519.621000   -0.015485
519.622000   -0.011557
519.623000   -0.009328
519.624000   -0.009128
519.625000   -0.011036
519.626000   -0.014913
519.627000   -0.020407
519.628000   -0.026957
519.629000   -0.034011
519.630000   -0.041611
519.631000   -0.050381
519.632000   -0.060832
519.633000   -0.073096
519.634000   -0.086976
519.635000   -0.102034
519.636000   -0.117638
519.637000   -0.132937
519.638000   -0.146889
519.639000   -0.158804
519.640000   -0.168947
519.641000   -0.177930
519.642000   -0.186082
519.643000   -0.193423
519.644000   -0.199804
519.645000   -0.204942
519.646000   -0.208307
519.647000   -0.209015
519.648000   -0.206363
519.649000   -0.200886
519.650000   -0.193933
519.651000   -0.186643
519.652000   -0.179745
519.653000   -0.173671
519.654000   -0.168568
519.655000   -0.164166
519.656000   -0.159632
519.657000   -0.153988
519.658000   -0.147244
519.659000   -0.140417
519.660000   -0.134458
519.661000   -0.129906
519.662000   -0.126990
519.663000   -0.125712
519.664000   -0.125799
519.665000   -0.126575
519.666000   -0.127001
519.667000   -0.126369
519.668000   -0.125017
519.669000   -0.123669
519.670000   -0.122703
519.671000   -0.122129
519.672000   -0.121752
519.673000   -0.121246
519.674000   -0.120117
519.675000   -0.117611
519.676000   -0.112908
519.677000   -0.105918
519.678000   -0.097445
519.679000   -0.088365
519.680000   -0.079291
519.681000   -0.070660
519.682000   -0.062823
519.683000   -0.056010
519.684000   -0.050182
519.685000   -0.044932
519.686000   -0.039877
519.687000   -0.035414
519.688000   -0.032446
519.689000   -0.031632
519.690000   -0.033238
519.691000   -0.037229
519.692000   -0.043339
519.693000   -0.051049
519.694000   -0.059517
519.695000   -0.067639
519.696000   -0.074610
519.697000   -0.080433
519.698000   -0.085406
519.699000   -0.089640
519.700000   -0.093073
519.701000   -0.095574
519.702000   -0.096988
519.703000   -0.097067
519.704000   -0.095343
519.705000   -0.091268
519.706000   -0.084969
519.707000   -0.077475
519.708000   -0.069898
519.709000   -0.063021
519.710000   -0.057340
519.711000   -0.053156
519.712000   -0.050573
519.713000   -0.049382
519.714000   -0.048974
519.715000   -0.048695
519.716000   -0.048710
519.717000   -0.049872
519.718000   -0.052867
519.719000   -0.057947
519.720000   -0.065027
519.721000   -0.073780
519.722000   -0.083645
519.723000   -0.093762
519.724000   -0.102971
519.725000   -0.110264
519.726000   -0.115474
519.727000   -0.119026
519.728000   -0.121309
519.729000   -0.122531
519.730000   -0.122755
519.731000   -0.121921
519.732000   -0.119813
519.733000   -0.115994
519.734000   -0.109871
519.735000   -0.101175
519.736000   -0.090373
519.737000   -0.078321
519.738000   -0.065820
519.739000   -0.053495
519.740000   -0.041789
519.741000   -0.030965
519.742000   -0.021037
519.743000   -0.011692
519.744000   -0.002447
519.745000   0.006717
519.746000   0.015102
519.747000   0.021889
519.748000   0.026544
519.749000   0.028846
519.750000   0.028819
519.751000   0.026727
519.752000   0.023143
519.753000   0.018979
519.754000   0.015158
519.755000   0.011964
519.756000   0.009022
519.757000   0.005883
519.758000   0.002289
519.759000   -0.001821
519.760000   -0.006335
519.761000   -0.010948
519.762000   -0.015088
519.763000   -0.017943
519.764000   -0.018841
519.765000   -0.017792
519.766000   -0.015387
519.767000   -0.012324
519.768000   -0.009172
519.769000   -0.006334
519.770000   -0.004061
519.771000   -0.002420
519.772000   -0.001253
519.773000   -0.000254
519.774000   0.000670
519.775000   0.001149
519.776000   0.000585
519.777000   -0.001544
519.778000   -0.005573
519.779000   -0.011647
519.780000   -0.019705
519.781000   -0.029416
519.782000   -0.040135
519.783000   -0.051120
519.784000   -0.061996
519.785000   -0.072798
519.786000   -0.083609
519.787000   -0.094361
519.788000   -0.104840
519.789000   -0.114718
519.790000   -0.123529
519.791000   -0.130619
519.792000   -0.135239
519.793000   -0.137022
519.794000   -0.136380
519.795000   -0.134195
519.796000   -0.131330
519.797000   -0.128430
519.798000   -0.125910
519.799000   -0.123940
519.800000   -0.122375
519.801000   -0.120715
519.802000   -0.118366
519.803000   -0.115241
519.804000   -0.111892
519.805000   -0.108963
519.806000   -0.106833
519.807000   -0.105623
519.808000   -0.105291
519.809000   -0.105673
519.810000   -0.106458
519.811000   -0.107198
519.812000   -0.107499
519.813000   -0.107248
519.814000   -0.106552
519.815000   -0.105573
519.816000   -0.104490
519.817000   -0.103498
519.818000   -0.102769
519.819000   -0.102351
519.820000   -0.102044
519.821000   -0.101398
519.822000   -0.100030
519.823000   -0.097986
519.824000   -0.095727
519.825000   -0.093834
519.826000   -0.092745
519.827000   -0.092649
519.828000   -0.093453
519.829000   -0.094762
519.830000   -0.095913
519.831000   -0.096243
519.832000   -0.095550
519.833000   -0.094222
519.834000   -0.092890
519.835000   -0.092063
519.836000   -0.092025
519.837000   -0.092856
519.838000   -0.094460
519.839000   -0.096563
519.840000   -0.098828
519.841000   -0.101195
519.842000   -0.104051
519.843000   -0.107878
519.844000   -0.112879
519.845000   -0.118951
519.846000   -0.125782
519.847000   -0.132928
519.848000   -0.139828
519.849000   -0.145827
519.850000   -0.150322
519.851000   -0.153049
519.852000   -0.154200
519.853000   -0.154210
519.854000   -0.153510
519.855000   -0.152426
519.856000   -0.151166
519.857000   -0.149803
519.858000   -0.148217
519.859000   -0.146086
519.860000   -0.143058
519.861000   -0.139087
519.862000   -0.134558
519.863000   -0.130030
519.864000   -0.125933
519.865000   -0.122478
519.866000   -0.119681
519.867000   -0.117398
519.868000   -0.115358
519.869000   -0.113250
519.870000   -0.110904
519.871000   -0.108475
519.872000   -0.106380
519.873000   -0.105027
519.874000   -0.104613
519.875000   -0.105113
519.876000   -0.106348
519.877000   -0.108024
519.878000   -0.109755
519.879000   -0.111121
519.880000   -0.111799
519.881000   -0.111663
519.882000   -0.110738
519.883000   -0.109062
519.884000   -0.106634
519.885000   -0.103419
519.886000   -0.099361
519.887000   -0.094381
519.888000   -0.088397
519.889000   -0.081442
519.890000   -0.073836
519.891000   -0.066217
519.892000   -0.059348
519.893000   -0.053877
519.894000   -0.050229
519.895000   -0.048581
519.896000   -0.048861
519.897000   -0.050781
519.898000   -0.053962
519.899000   -0.058128
519.900000   -0.063214
519.901000   -0.069281
519.902000   -0.076362
519.903000   -0.084403
519.904000   -0.093249
519.905000   -0.102639
519.906000   -0.112193
519.907000   -0.121423
519.908000   -0.129793
519.909000   -0.136839
519.910000   -0.142300
519.911000   -0.146165
519.912000   -0.148614
519.913000   -0.149918
519.914000   -0.150352
519.915000   -0.150098
519.916000   -0.149153
519.917000   -0.147309
519.918000   -0.144250
519.919000   -0.139743
519.920000   -0.133785
519.921000   -0.126567
519.922000   -0.118324
519.923000   -0.109246
519.924000   -0.099437
519.925000   -0.088914
519.926000   -0.077626
519.927000   -0.065547
519.928000   -0.052832
519.929000   -0.039937
519.930000   -0.027557
519.931000   -0.016436
519.932000   -0.007196
519.933000   -0.000261
519.934000   0.004180
519.935000   0.006154
519.936000   0.005794
519.937000   0.003169
519.938000   -0.001769
519.939000   -0.009069
519.940000   -0.018639
519.941000   -0.030196
519.942000   -0.043296
519.943000   -0.057381
519.944000   -0.071843
519.945000   -0.086098
519.946000   -0.099667
519.947000   -0.112213
519.948000   -0.123557
519.949000   -0.133673
519.950000   -0.142666
519.951000   -0.150716
519.952000   -0.158029
519.953000   -0.164795
519.954000   -0.171162
519.955000   -0.177249
519.956000   -0.183181
519.957000   -0.189156
519.958000   -0.195463
