516.591000   0.159628
516.592000   0.152826
516.593000   0.146764
516.594000   0.141447
516.595000   0.136713
516.596000   0.132442
516.597000   0.128623
516.598000   0.125329
516.599000   0.122702
516.600000   0.120972
516.601000   0.120454
516.602000   0.121373
516.603000   0.123554
516.604000   0.126416
516.605000   0.129308
516.606000   0.131741
516.607000   0.133410
516.608000   0.134187
516.609000   0.134143
516.610000   0.133581
516.611000   0.132936
516.612000   0.132448
516.613000   0.131971
516.614000   0.131210
516.615000   0.130034
516.616000   0.128511
516.617000   0.126835
516.618000   0.125278
516.619000   0.124180
516.620000   0.123924
516.621000   0.124842
516.622000   0.127126
516.623000   0.130858
516.624000   0.136104
516.625000   0.142899
516.626000   0.151176
516.627000   0.160754
516.628000   0.171435
516.629000   0.183130
516.630000   0.195882
516.631000   0.209717
516.632000   0.224420
516.633000   0.239542
516.634000   0.254586
516.635000   0.269111
516.636000   0.282739
516.637000   0.295178
516.638000   0.306302
516.639000   0.316203
516.640000   0.325047
516.641000   0.332825
516.642000   0.339328
516.643000   0.344407
516.644000   0.348133
516.645000   0.350754
516.646000   0.352563
516.647000   0.353824
516.648000   0.354796
516.649000   0.355742
516.650000   0.356854
516.651000   0.358169
516.652000   0.359637
516.653000   0.361256
516.654000   0.363131
516.655000   0.365438
516.656000   0.368322
516.657000   0.371846
516.658000   0.376032
516.659000   0.380868
516.660000   0.386195
516.661000   0.391614
516.662000   0.396623
516.663000   0.400816
516.664000   0.403948
516.665000   0.405901
516.666000   0.406641
516.667000   0.406259
516.668000   0.405012
516.669000   0.403156
516.670000   0.400625
516.671000   0.397061
516.672000   0.392150
516.673000   0.385828
516.674000   0.378289
516.675000   0.369911
516.676000   0.361158
516.677000   0.352517
516.678000   0.344416
516.679000   0.337079
516.680000   0.330454
516.681000   0.324347
516.682000   0.318577
516.683000   0.313025
516.684000   0.307614
516.685000   0.302273
516.686000   0.296945
516.687000   0.291634
516.688000   0.286421
516.689000   0.281288
516.690000   0.275999
516.691000   0.270244
516.692000   0.263838
516.693000   0.256781
516.694000   0.249224
516.695000   0.241412
516.696000   0.233672
516.697000   0.226355
516.698000   0.219667
516.699000   0.213505
516.700000   0.207619
516.701000   0.201851
516.702000   0.196199
516.703000   0.190751
516.704000   0.185614
516.705000   0.180895
516.706000   0.176727
516.707000   0.173281
516.708000   0.170661
516.709000   0.168803
516.710000   0.167552
516.711000   0.166783
516.712000   0.166423
516.713000   0.166437
516.714000   0.166822
516.715000   0.167635
516.716000   0.169015
516.717000   0.171101
516.718000   0.173794
516.719000   0.176684
516.720000   0.179264
516.721000   0.181116
516.722000   0.181958
516.723000   0.181643
516.724000   0.180193
516.725000   0.177863
516.726000   0.175118
516.727000   0.172348
516.728000   0.169463
516.729000   0.165969
516.730000   0.161369
516.731000   0.155384
516.732000   0.147982
516.733000   0.139377
516.734000   0.130041
516.735000   0.120687
516.736000   0.112075
516.737000   0.104664
516.738000   0.098504
516.739000   0.093544
516.740000   0.089819
516.741000   0.087425
516.742000   0.086450
516.743000   0.086952
516.744000   0.088981
516.745000   0.092581
516.746000   0.097689
516.747000   0.103988
516.748000   0.111006
516.749000   0.118365
516.750000   0.125902
516.751000   0.133667
516.752000   0.141881
516.753000   0.150880
516.754000   0.161088
516.755000   0.172903
516.756000   0.186445
516.757000   0.201367
516.758000   0.217012
516.759000   0.232633
516.760000   0.247495
516.761000   0.260926
516.762000   0.272399
516.763000   0.281655
516.764000   0.288762
516.765000   0.293926
516.766000   0.297050
516.767000   0.297682
516.768000   0.295400
516.769000   0.290056
516.770000   0.281788
516.771000   0.270968
516.772000   0.258176
516.773000   0.244170
516.774000   0.229775
516.775000   0.215652
516.776000   0.202172
516.777000   0.189574
516.778000   0.178130
516.779000   0.168118
516.780000   0.159743
516.781000   0.153097
516.782000   0.148182
516.783000   0.144974
516.784000   0.143439
516.785000   0.143388
516.786000   0.144346
516.787000   0.145677
516.788000   0.146810
516.789000   0.147353
516.790000   0.147137
516.791000   0.146219
516.792000   0.144881
516.793000   0.143567
516.794000   0.142595
516.795000   0.141811
516.796000   0.140677
516.797000   0.138650
516.798000   0.135386
516.799000   0.130759
516.800000   0.124834
516.801000   0.117889
516.802000   0.110421
516.803000   0.102994
516.804000   0.095861
516.805000   0.088744
516.806000   0.081150
516.807000   0.072802
516.808000   0.063774
516.809000   0.054439
516.810000   0.045357
516.811000   0.037176
516.812000   0.030517
516.813000   0.025779
516.814000   0.022957
516.815000   0.021754
516.816000   0.021830
516.817000   0.022885
516.818000   0.024613
516.819000   0.026684
516.820000   0.028818
516.821000   0.030887
516.822000   0.032931
516.823000   0.034971
516.824000   0.036832
516.825000   0.038259
516.826000   0.039090
516.827000   0.039271
516.828000   0.038835
516.829000   0.037931
516.830000   0.036863
516.831000   0.036076
516.832000   0.036006
516.833000   0.036839
516.834000   0.038459
516.835000   0.040606
516.836000   0.043006
516.837000   0.045419
516.838000   0.047690
516.839000   0.049811
516.840000   0.051948
516.841000   0.054361
516.842000   0.057143
516.843000   0.059977
516.844000   0.062272
516.845000   0.063475
516.846000   0.063224
516.847000   0.061336
516.848000   0.057805
516.849000   0.052825
516.850000   0.046799
516.851000   0.040181
516.852000   0.033213
516.853000   0.025886
516.854000   0.018169
516.855000   0.010120
516.856000   0.001838
516.857000   -0.006541
516.858000   -0.014767
516.859000   -0.022437
516.860000   -0.029064
516.861000   -0.034279
516.862000   -0.037971
516.863000   -0.040179
516.864000   -0.040885
516.865000   -0.039923
516.866000   -0.036981
516.867000   -0.031638
516.868000   -0.023428
516.869000   -0.011927
516.870000   0.003108
516.871000   0.021570
516.872000   0.042945
516.873000   0.066479
516.874000   0.091368
516.875000   0.116840
516.876000   0.142206
516.877000   0.166939
516.878000   0.190735
516.879000   0.213460
516.880000   0.234910
516.881000   0.254595
516.882000   0.271856
516.883000   0.286167
516.884000   0.297275
516.885000   0.305202
516.886000   0.310241
516.887000   0.312949
516.888000   0.314060
516.889000   0.314278
516.890000   0.314060
516.891000   0.313601
516.892000   0.313016
516.893000   0.312474
516.894000   0.312190
516.895000   0.312357
516.896000   0.313121
516.897000   0.314589
516.898000   0.316807
516.899000   0.319709
516.900000   0.323117
516.901000   0.326824
516.902000   0.330686
516.903000   0.334612
516.904000   0.338422
516.905000   0.341751
516.906000   0.344169
516.907000   0.345357
516.908000   0.345119
516.909000   0.343279
516.910000   0.339684
516.911000   0.334310
516.912000   0.327324
516.913000   0.319014
516.914000   0.309689
516.915000   0.299715
516.916000   0.289573
516.917000   0.279762
516.918000   0.270540
516.919000   0.261802
516.920000   0.253258
516.921000   0.244674
516.922000   0.236010
516.923000   0.227447
516.924000   0.219332
516.925000   0.212053
516.926000   0.205913
516.927000   0.200987
516.928000   0.197034
516.929000   0.193582
516.930000   0.190155
516.931000   0.186440
516.932000   0.182342
516.933000   0.177917
516.934000   0.173232
516.935000   0.168327
516.936000   0.163265
516.937000   0.158110
516.938000   0.152839
516.939000   0.147404
516.940000   0.141872
516.941000   0.136501
516.942000   0.131728
516.943000   0.128107
516.944000   0.126215
516.945000   0.126541
516.946000   0.129380
516.947000   0.134730
516.948000   0.142322
516.949000   0.151756
516.950000   0.162616
516.951000   0.174534
516.952000   0.187247
516.953000   0.200633
516.954000   0.214690
516.955000   0.229443
516.956000   0.244754
516.957000   0.260206
516.958000   0.275214
516.959000   0.289197
516.960000   0.301665
516.961000   0.312261
516.962000   0.320791
516.963000   0.327244
516.964000   0.331726
516.965000   0.334270
516.966000   0.334680
516.967000   0.332642
516.968000   0.327940
516.969000   0.320547
516.970000   0.310617
516.971000   0.298464
516.972000   0.284546
516.973000   0.269423
516.974000   0.253639
516.975000   0.237572
516.976000   0.221410
516.977000   0.205271
516.978000   0.189279
516.979000   0.173581
516.980000   0.158339
516.981000   0.143749
516.982000   0.130066
516.983000   0.117585
516.984000   0.106524
516.985000   0.096909
516.986000   0.088599
516.987000   0.081398
516.988000   0.075081
516.989000   0.069409
516.990000   0.064163
516.991000   0.059225
516.992000   0.054625
516.993000   0.050430
516.994000   0.046500
516.995000   0.042456
516.996000   0.037908
516.997000   0.032628
516.998000   0.026576
516.999000   0.019879
517.000000   0.012835
517.001000   0.005902
517.001000   0.005902
517.002000   -0.000424
517.003000   -0.005872
517.004000   -0.010548
517.005000   -0.014746
517.006000   -0.018686
517.007000   -0.022427
517.008000   -0.025869
517.009000   -0.028768
517.010000   -0.030737
517.011000   -0.031289
517.012000   -0.030031
517.013000   -0.026913
517.014000   -0.022222
517.015000   -0.016327
517.016000   -0.009475
517.017000   -0.001766
517.018000   0.006809
517.019000   0.016325
517.020000   0.026875
517.021000   0.038445
517.022000   0.050763
517.023000   0.063328
517.024000   0.075622
517.025000   0.087247
517.026000   0.097947
517.027000   0.107575
517.028000   0.116107
517.029000   0.123655
517.030000   0.130463
517.031000   0.136821
517.032000   0.142956
517.033000   0.149023
517.034000   0.155153
517.035000   0.161476
517.036000   0.168127
517.037000   0.175262
517.038000   0.183072
517.039000   0.191779
517.040000   0.201541
517.041000   0.212255
517.042000   0.223462
517.043000   0.234475
517.044000   0.244577
517.045000   0.253148
517.046000   0.259733
517.047000   0.264104
517.048000   0.266303
517.049000   0.266595
517.050000   0.265231
517.051000   0.262209
517.052000   0.257338
517.053000   0.250463
517.054000   0.241590
517.055000   0.230879
517.056000   0.218631
517.057000   0.205292
517.058000   0.191422
517.059000   0.177602
517.060000   0.164306
517.061000   0.151903
517.062000   0.140745
517.063000   0.131184
517.064000   0.123512
517.065000   0.117924
517.066000   0.114534
517.067000   0.113429
517.068000   0.114670
517.069000   0.118199
517.070000   0.123713
517.071000   0.130695
517.072000   0.138585
517.073000   0.146910
517.074000   0.155344
517.075000   0.163735
517.076000   0.172132
517.077000   0.180728
517.078000   0.189654
517.079000   0.198703
517.080000   0.207322
517.081000   0.214892
517.082000   0.220936
517.083000   0.225160
517.084000   0.227449
517.085000   0.227885
517.086000   0.226754
517.087000   0.224435
517.088000   0.221156
517.089000   0.216870
517.090000   0.211409
517.091000   0.204688
517.092000   0.196767
517.093000   0.187844
517.094000   0.178240
517.095000   0.168391
517.096000   0.158794
517.097000   0.149899
517.098000   0.142005
517.099000   0.135273
517.100000   0.129815
517.101000   0.125713
517.102000   0.122992
517.103000   0.121599
517.104000   0.121429
517.105000   0.122380
517.106000   0.124346
517.107000   0.127095
517.108000   0.130170
517.109000   0.132995
517.110000   0.135063
517.111000   0.136060
517.112000   0.135905
517.113000   0.134776
517.114000   0.133108
517.115000   0.131486
517.116000   0.130394
517.117000   0.129966
517.118000   0.130006
517.119000   0.130240
517.120000   0.130475
517.121000   0.130640
517.122000   0.130779
517.123000   0.131036
517.124000   0.131612
517.125000   0.132631
517.126000   0.133936
517.127000   0.135048
517.128000   0.135380
517.129000   0.134497
517.130000   0.132215
517.131000   0.128598
517.132000   0.123915
517.133000   0.118587
517.134000   0.113084
517.135000   0.107744
517.136000   0.102646
517.137000   0.097713
517.138000   0.092899
517.139000   0.088242
517.140000   0.083821
517.141000   0.079748
517.142000   0.076185
517.143000   0.073359
517.144000   0.071469
517.145000   0.070578
517.146000   0.070627
517.147000   0.071558
517.148000   0.073363
517.149000   0.076058
517.150000   0.079650
517.151000   0.084164
517.152000   0.089646
517.153000   0.096130
517.154000   0.103569
517.155000   0.111819
517.156000   0.120687
517.157000   0.129964
517.158000   0.139381
517.159000   0.148590
517.160000   0.157219
517.161000   0.164967
517.162000   0.171663
517.163000   0.177207
517.164000   0.181470
517.165000   0.184277
517.166000   0.185502
517.167000   0.185130
517.168000   0.183269
517.169000   0.180145
517.170000   0.176116
517.171000   0.171647
517.172000   0.167203
517.173000   0.163088
517.174000   0.159398
517.175000   0.156151
517.176000   0.153391
517.177000   0.151169
517.178000   0.149497
517.179000   0.148344
517.180000   0.147694
517.181000   0.147567
517.182000   0.147969
517.183000   0.148841
517.184000   0.150083
517.185000   0.151615
517.186000   0.153370
517.187000   0.155246
517.188000   0.157123
517.189000   0.158947
517.190000   0.160778
517.191000   0.162760
517.192000   0.165015
517.193000   0.167585
517.194000   0.170442
517.195000   0.173542
517.196000   0.176822
517.197000   0.180201
517.198000   0.183624
517.199000   0.187108
517.200000   0.190721
517.201000   0.194468
517.202000   0.198154
517.203000   0.201401
517.204000   0.203787
517.205000   0.204957
517.206000   0.204683
517.207000   0.202906
517.208000   0.199794
517.209000   0.195743
517.210000   0.191262
517.211000   0.186782
517.212000   0.182593
517.213000   0.178940
517.214000   0.176113
517.215000   0.174415
517.216000   0.174064
517.217000   0.175168
517.218000   0.177766
517.219000   0.181848
517.220000   0.187308
517.221000   0.193870
517.222000   0.201103
517.223000   0.208504
517.224000   0.215592
517.225000   0.221971
517.226000   0.227365
517.227000   0.231660
517.228000   0.234932
517.229000   0.237408
517.230000   0.239349
517.231000   0.240967
517.232000   0.242452
517.233000   0.244004
517.234000   0.245816
517.235000   0.248001
517.236000   0.250571
517.237000   0.253491
517.238000   0.256735
517.239000   0.260273
517.240000   0.263990
517.241000   0.267686
517.242000   0.271152
517.243000   0.274225
517.244000   0.276806
517.245000   0.278861
517.246000   0.280427
517.247000   0.281589
517.248000   0.282387
517.249000   0.282718
517.250000   0.282348
517.251000   0.281048
517.252000   0.278710
517.253000   0.275366
517.254000   0.271134
517.255000   0.266160
517.256000   0.260575
517.257000   0.254452
517.258000   0.247726
517.259000   0.240195
517.260000   0.231641
517.261000   0.221941
517.262000   0.211107
517.263000   0.199255
517.264000   0.186587
517.265000   0.173394
517.266000   0.160062
517.267000   0.147041
517.268000   0.134810
517.269000   0.123900
517.270000   0.114896
517.271000   0.108366
517.272000   0.104773
517.273000   0.104411
517.274000   0.107391
517.275000   0.113665
517.276000   0.123028
517.277000   0.135064
517.278000   0.149125
517.279000   0.164418
517.280000   0.180130
517.281000   0.195533
517.282000   0.210066
517.283000   0.223395
517.284000   0.235428
517.285000   0.246241
517.286000   0.255854
517.287000   0.264048
517.288000   0.270435
517.289000   0.274710
517.290000   0.276812
517.291000   0.276948
517.292000   0.275533
517.293000   0.273120
517.294000   0.270311
517.295000   0.267658
517.296000   0.265568
517.297000   0.264269
517.298000   0.263885
517.299000   0.264511
517.300000   0.266219
517.301000   0.269016
517.302000   0.272822
517.303000   0.277480
517.304000   0.282786
517.305000   0.288488
517.306000   0.294259
517.307000   0.299692
517.308000   0.304338
517.309000   0.307786
517.310000   0.309707
517.311000   0.309870
517.312000   0.308158
517.313000   0.304588
517.314000   0.299299
517.315000   0.292485
517.316000   0.284243
517.317000   0.274483
517.318000   0.263010
517.319000   0.249666
517.320000   0.234429
517.321000   0.217451
517.322000   0.199083
517.323000   0.179877
517.324000   0.160507
517.325000   0.141570
517.326000   0.123386
517.327000   0.106058
517.328000   0.089670
517.329000   0.074419
517.330000   0.060610
517.331000   0.048617
517.332000   0.038836
517.333000   0.031630
517.334000   0.027231
517.335000   0.025616
517.336000   0.026461
517.337000   0.029240
517.338000   0.033359
517.339000   0.038248
517.340000   0.043420
517.341000   0.048523
517.342000   0.053384
517.343000   0.057991
517.344000   0.062414
517.345000   0.066691
517.346000   0.070788
517.347000   0.074614
517.348000   0.078047
517.349000   0.080957
517.350000   0.083240
517.351000   0.084856
517.352000   0.085863
517.353000   0.086410
517.354000   0.086645
517.355000   0.086602
517.356000   0.086179
517.357000   0.085204
517.358000   0.083525
517.359000   0.081069
517.360000   0.077885
517.361000   0.074161
517.362000   0.070208
517.363000   0.066366
517.364000   0.062875
517.365000   0.059836
517.366000   0.057272
517.367000   0.055192
517.368000   0.053596
517.369000   0.052466
517.370000   0.051770
517.371000   0.051480
517.372000   0.051574
517.373000   0.051988
517.374000   0.052578
517.375000   0.053123
517.376000   0.053368
517.377000   0.053053
517.378000   0.051933
517.379000   0.049816
517.380000   0.046611
517.381000   0.042355
517.382000   0.037195
517.383000   0.031340
517.384000   0.025034
517.385000   0.018559
517.386000   0.012218
517.387000   0.006289
517.388000   0.001012
517.389000   -0.003398
517.390000   -0.006715
517.391000   -0.008710
517.392000   -0.009200
517.393000   -0.008135
517.394000   -0.005605
517.395000   -0.001800
517.396000   0.003054
517.397000   0.008754
517.398000   0.015175
517.399000   0.022300
517.400000   0.030195
517.401000   0.038913
517.402000   0.048390
517.403000   0.058392
517.404000   0.068567
517.405000   0.078523
517.406000   0.087898
517.407000   0.096400
517.408000   0.103841
517.409000   0.110140
517.410000   0.115301
517.411000   0.119322
517.412000   0.122123
517.413000   0.123558
517.414000   0.123503
517.415000   0.121944
517.416000   0.119022
517.417000   0.115040
517.418000   0.110435
517.419000   0.105710
517.420000   0.101324
517.421000   0.097624
517.422000   0.094880
517.423000   0.093377
517.424000   0.093466
517.425000   0.095530
517.426000   0.099929
517.427000   0.106922
517.428000   0.116617
517.429000   0.128928
517.430000   0.143555
517.431000   0.160001
517.432000   0.177648
517.433000   0.195850
517.434000   0.214028
517.435000   0.231740
517.436000   0.248713
517.437000   0.264817
517.438000   0.279992
517.439000   0.294141
517.440000   0.307071
517.441000   0.318525
517.442000   0.328259
517.443000   0.336107
517.444000   0.342021
517.445000   0.346112
517.446000   0.348669
517.447000   0.350103
517.448000   0.350783
517.449000   0.350855
517.450000   0.350211
517.451000   0.348637
517.452000   0.345966
517.453000   0.342194
517.454000   0.337528
517.455000   0.332391
517.456000   0.327327
517.457000   0.322831
517.458000   0.319167
517.459000   0.316333
517.460000   0.314159
517.461000   0.312427
517.462000   0.310921
517.463000   0.309421
517.464000   0.307696
517.465000   0.305495
517.466000   0.302548
517.467000   0.298570
517.468000   0.293267
517.469000   0.286357
517.470000   0.277637
517.471000   0.267028
517.472000   0.254593
517.473000   0.240531
517.474000   0.225176
517.475000   0.208990
517.476000   0.192487
517.477000   0.176100
517.478000   0.160090
517.479000   0.144605
517.480000   0.129815
517.481000   0.115947
517.482000   0.103268
517.483000   0.092046
517.484000   0.082531
517.485000   0.074922
517.486000   0.069268
517.487000   0.065334
517.488000   0.062610
517.489000   0.060464
517.490000   0.058307
517.491000   0.055672
517.492000   0.052253
517.493000   0.047927
517.494000   0.042742
517.495000   0.036872
517.496000   0.030512
517.497000   0.023814
517.498000   0.016924
517.499000   0.010053
517.500000   0.003505
517.501000   -0.002361
517.501000   -0.002361
517.502000   -0.007183
517.503000   -0.010644
517.504000   -0.012508
517.505000   -0.012636
517.506000   -0.010987
517.507000   -0.007625
517.508000   -0.002706
517.509000   0.003548
517.510000   0.010896
517.511000   0.019128
517.512000   0.028092
517.513000   0.037705
517.514000   0.047917
517.515000   0.058648
517.516000   0.069678
517.517000   0.080603
517.518000   0.090888
517.519000   0.099989
517.520000   0.107458
517.521000   0.113016
517.522000   0.116587
517.523000   0.118293
517.524000   0.118377
517.525000   0.117057
517.526000   0.114406
517.527000   0.110396
517.528000   0.105014
517.529000   0.098339
517.530000   0.090535
517.531000   0.081834
517.532000   0.072492
517.533000   0.062757
517.534000   0.052802
517.535000   0.042690
517.536000   0.032429
517.537000   0.022059
517.538000   0.011690
517.539000   0.001491
517.540000   -0.008330
517.541000   -0.017536
517.542000   -0.025877
517.543000   -0.033117
517.544000   -0.039113
517.545000   -0.043887
517.546000   -0.047664
517.547000   -0.050815
517.548000   -0.053734
517.549000   -0.056715
517.550000   -0.059840
517.551000   -0.062960
517.552000   -0.065745
517.553000   -0.067827
517.554000   -0.068946
517.555000   -0.069043
517.556000   -0.068221
517.557000   -0.066655
517.558000   -0.064515
517.559000   -0.061920
517.560000   -0.058934
517.561000   -0.055568
517.562000   -0.051801
517.563000   -0.047622
517.564000   -0.043067
517.565000   -0.038211
517.566000   -0.033131
517.567000   -0.027855
517.568000   -0.022344
517.569000   -0.016511
517.570000   -0.010234
517.571000   -0.003378
517.572000   0.004179
517.573000   0.012493
517.574000   0.021506
517.575000   0.031042
517.576000   0.040843
517.577000   0.050603
517.578000   0.060014
517.579000   0.068817
517.580000   0.076833
517.581000   0.083961
517.582000   0.090096
517.583000   0.095043
517.584000   0.098509
517.585000   0.100202
517.586000   0.099940
517.587000   0.097737
517.588000   0.093815
517.589000   0.088585
517.590000   0.082570
517.591000   0.076320
517.592000   0.070329
517.593000   0.065014
517.594000   0.060733
517.595000   0.057792
517.596000   0.056432
517.597000   0.056813
517.598000   0.058980
517.599000   0.062864
517.600000   0.068295
517.601000   0.075032
517.602000   0.082779
517.603000   0.091193
517.604000   0.099904
517.605000   0.108577
517.606000   0.116989
517.607000   0.125069
517.608000   0.132895
517.609000   0.140663
517.610000   0.148622
517.611000   0.156996
517.612000   0.165921
517.613000   0.175420
517.614000   0.185420
517.615000   0.195793
517.616000   0.206410
517.617000   0.217183
517.618000   0.228058
517.619000   0.238975
517.620000   0.249803
517.621000   0.260321
517.622000   0.270252
517.623000   0.279350
517.624000   0.287467
517.625000   0.294569
517.626000   0.300718
517.627000   0.306022
517.628000   0.310584
517.629000   0.314463
517.630000   0.317674
517.631000   0.320218
517.632000   0.322090
517.633000   0.323254
517.634000   0.323594
517.635000   0.322925
517.636000   0.321054
517.637000   0.317844
517.638000   0.313234
517.639000   0.307203
517.640000   0.299731
517.641000   0.290790
517.642000   0.280347
517.643000   0.268387
517.644000   0.254955
517.645000   0.240207
517.646000   0.224436
517.647000   0.208038
517.648000   0.191418
517.649000   0.174918
517.650000   0.158780
517.651000   0.143164
517.652000   0.128169
517.653000   0.113864
517.654000   0.100315
517.655000   0.087615
517.656000   0.075880
517.657000   0.065207
517.658000   0.055611
517.659000   0.046980
517.660000   0.039089
517.661000   0.031655
517.662000   0.024429
517.663000   0.017279
517.664000   0.010253
517.665000   0.003580
517.666000   -0.002389
517.667000   -0.007266
517.668000   -0.010706
517.669000   -0.012429
517.670000   -0.012232
517.671000   -0.009984
517.672000   -0.005647
517.673000   0.000713
517.674000   0.008927
517.675000   0.018756
517.676000   0.029897
517.677000   0.041995
517.678000   0.054656
517.679000   0.067502
517.680000   0.080220
517.681000   0.092592
517.682000   0.104476
517.683000   0.115777
517.684000   0.126403
517.685000   0.136230
517.686000   0.145077
517.687000   0.152725
517.688000   0.158969
517.689000   0.163662
517.690000   0.166732
517.691000   0.168166
517.692000   0.167988
517.693000   0.166249
517.694000   0.163022
517.695000   0.158399
517.696000   0.152486
517.697000   0.145412
517.698000   0.137352
517.699000   0.128522
517.700000   0.119162
517.701000   0.109518
517.702000   0.099825
517.703000   0.090314
517.704000   0.081214
517.705000   0.072746
517.706000   0.065152
517.707000   0.058716
517.708000   0.053773
517.709000   0.050683
517.710000   0.049780
517.711000   0.051321
517.712000   0.055455
517.713000   0.062196
517.714000   0.071392
517.715000   0.082713
517.716000   0.095680
517.717000   0.109723
517.718000   0.124262
517.719000   0.138778
517.720000   0.152894
517.721000   0.166443
517.722000   0.179466
517.723000   0.192137
517.724000   0.204663
517.725000   0.217226
517.726000   0.229999
517.727000   0.243166
517.728000   0.256930
517.729000   0.271495
517.730000   0.287037
517.731000   0.303670
517.732000   0.321398
517.733000   0.340059
517.734000   0.359312
517.735000   0.378683
517.736000   0.397644
517.737000   0.415689
517.738000   0.432393
517.739000   0.447457
517.740000   0.460711
517.741000   0.472077
517.742000   0.481486
517.743000   0.488822
517.744000   0.493930
517.745000   0.496672
517.746000   0.496965
517.747000   0.494772
517.748000   0.490085
517.749000   0.482908
517.750000   0.473276
517.751000   0.461271
517.752000   0.447022
517.753000   0.430686
517.754000   0.412430
517.755000   0.392424
517.756000   0.370830
517.757000   0.347793
517.758000   0.323459
517.759000   0.298000
517.760000   0.271646
517.761000   0.244686
517.762000   0.217448
517.763000   0.190292
517.764000   0.163621
517.765000   0.137877
517.766000   0.113513
517.767000   0.090952
517.768000   0.070556
517.769000   0.052607
517.770000   0.037282
517.771000   0.024625
517.772000   0.014531
517.773000   0.006763
517.774000   0.000998
517.775000   -0.003131
517.776000   -0.005999
517.777000   -0.007962
517.778000   -0.009322
517.779000   -0.010304
517.780000   -0.011038
517.781000   -0.011566
517.782000   -0.011828
517.783000   -0.011659
517.784000   -0.010805
517.785000   -0.008967
517.786000   -0.005860
517.787000   -0.001254
517.788000   0.005013
517.789000   0.013019
517.790000   0.022753
517.791000   0.034111
517.792000   0.046911
517.793000   0.060921
517.794000   0.075896
517.795000   0.091609
517.796000   0.107876
517.797000   0.124560
517.798000   0.141541
517.799000   0.158666
517.800000   0.175699
517.801000   0.192331
517.802000   0.208226
517.803000   0.223088
517.804000   0.236694
517.805000   0.248910
517.806000   0.259683
517.807000   0.269026
517.808000   0.276978
517.809000   0.283570
517.810000   0.288813
517.811000   0.292711
517.812000   0.295298
517.813000   0.296653
517.814000   0.296900
517.815000   0.296192
517.816000   0.294693
517.817000   0.292552
517.818000   0.289864
517.819000   0.286653
517.820000   0.282902
517.821000   0.278601
517.822000   0.273795
517.823000   0.268587
517.824000   0.263122
517.825000   0.257552
517.826000   0.252018
517.827000   0.246635
517.828000   0.241464
517.829000   0.236498
517.830000   0.231671
517.831000   0.226888
517.832000   0.222053
517.833000   0.217088
517.834000   0.211939
517.835000   0.206593
517.836000   0.201112
517.837000   0.195648
517.838000   0.190417
517.839000   0.185663
517.840000   0.181618
517.841000   0.178485
517.842000   0.176419
517.843000   0.175511
517.844000   0.175790
517.845000   0.177242
517.846000   0.179820
517.847000   0.183427
517.848000   0.187880
517.849000   0.192897
517.850000   0.198120
517.851000   0.203168
517.852000   0.207687
517.853000   0.211411
517.854000   0.214182
517.855000   0.215940
517.856000   0.216684
517.857000   0.216447
517.858000   0.215305
517.859000   0.213415
517.860000   0.211024
517.861000   0.208458
517.862000   0.206069
517.863000   0.204177
517.864000   0.203018
517.865000   0.202724
517.866000   0.203321
517.867000   0.204743
517.868000   0.206853
517.869000   0.209479
517.870000   0.212436
517.871000   0.215544
517.872000   0.218653
517.873000   0.221651
517.874000   0.224428
517.875000   0.226819
517.876000   0.228583
517.877000   0.229462
517.878000   0.229269
517.879000   0.227958
517.880000   0.225645
517.881000   0.222584
517.882000   0.219075
517.883000   0.215346
517.884000   0.211456
517.885000   0.207295
517.886000   0.202669
517.887000   0.197400
517.888000   0.191402
517.889000   0.184716
517.890000   0.177501
517.891000   0.169993
517.892000   0.162438
517.893000   0.155019
517.894000   0.147795
517.895000   0.140727
517.896000   0.133761
517.897000   0.126919
517.898000   0.120332
517.899000   0.114235
517.900000   0.108938
517.901000   0.104774
517.902000   0.102004
517.903000   0.100714
517.904000   0.100766
517.905000   0.101835
517.906000   0.103509
517.907000   0.105399
517.908000   0.107209
517.909000   0.108779
517.910000   0.110084
517.911000   0.111179
517.912000   0.112060
517.913000   0.112529
517.914000   0.112197
517.915000   0.110649
517.916000   0.107630
517.917000   0.103142
517.918000   0.097448
517.919000   0.091035
517.920000   0.084533
517.921000   0.078577
517.922000   0.073649
517.923000   0.069979
517.924000   0.067583
517.925000   0.066358
517.926000   0.066138
517.927000   0.066690
517.928000   0.067731
517.929000   0.068968
517.930000   0.070160
517.931000   0.071132
517.932000   0.071724
517.933000   0.071743
517.934000   0.071011
517.935000   0.069426
517.936000   0.066974
517.937000   0.063726
517.938000   0.059835
517.939000   0.055555
517.940000   0.051201
517.941000   0.047017
517.942000   0.043050
517.943000   0.039169
517.944000   0.035221
517.945000   0.031131
517.946000   0.026934
517.947000   0.022759
517.948000   0.018834
517.949000   0.015468
517.950000   0.013008
517.951000   0.011724
517.952000   0.011747
517.953000   0.013115
517.954000   0.015840
517.955000   0.019918
517.956000   0.025289
517.957000   0.031821
517.958000   0.039329
517.959000   0.047607
517.960000   0.056418
517.961000   0.065428
517.962000   0.074168
517.963000   0.082117
517.964000   0.088835
517.965000   0.094041
517.966000   0.097635
517.967000   0.099686
517.968000   0.100416
517.969000   0.100138
517.970000   0.099138
517.971000   0.097552
517.972000   0.095344
517.973000   0.092424
517.974000   0.088799
517.975000   0.084623
517.976000   0.080180
517.977000   0.075833
517.978000   0.071989
517.979000   0.069039
517.980000   0.067261
517.981000   0.066721
517.982000   0.067261
517.983000   0.068598
517.984000   0.070464
517.985000   0.072657
517.986000   0.075063
517.987000   0.077647
517.988000   0.080433
517.989000   0.083462
517.990000   0.086739
517.991000   0.090174
517.992000   0.093560
517.993000   0.096640
517.994000   0.099247
517.995000   0.101361
517.996000   0.103103
517.997000   0.104685
517.998000   0.106306
517.999000   0.108040
518.000000   0.109781
518.001000   0.111270
518.001000   0.111270
518.002000   0.112213
518.003000   0.112418
518.004000   0.111859
518.005000   0.110672
518.006000   0.109105
518.007000   0.107432
518.008000   0.105873
518.009000   0.104592
518.010000   0.103801
518.011000   0.103773
518.012000   0.104740
518.013000   0.106835
518.014000   0.110131
518.015000   0.114685
518.016000   0.120538
518.017000   0.127680
518.018000   0.136048
518.019000   0.145555
518.020000   0.156078
518.021000   0.167328
518.022000   0.178792
518.023000   0.189919
518.024000   0.200321
518.025000   0.209805
518.026000   0.218273
518.027000   0.225629
518.028000   0.231754
518.029000   0.236577
518.030000   0.240133
518.031000   0.242514
518.032000   0.243802
518.033000   0.244107
518.034000   0.243616
518.035000   0.242556
518.036000   0.241105
518.037000   0.239356
518.038000   0.237349
518.039000   0.235125
518.040000   0.232739
518.041000   0.230218
518.042000   0.227518
518.043000   0.224540
518.044000   0.221147
518.045000   0.217116
518.046000   0.212132
518.047000   0.205870
518.048000   0.198145
518.049000   0.188994
518.050000   0.178677
518.051000   0.167563
518.052000   0.155997
518.053000   0.144241
518.054000   0.132480
518.055000   0.120827
518.056000   0.109364
518.057000   0.098211
518.058000   0.087555
518.059000   0.077649
518.060000   0.068761
518.061000   0.061111
518.062000   0.054853
518.063000   0.050081
518.064000   0.046812
518.065000   0.044992
518.066000   0.044576
518.067000   0.045596
518.068000   0.048188
518.069000   0.052552
518.070000   0.058856
518.071000   0.067117
518.072000   0.077140
518.073000   0.088511
518.074000   0.100638
518.075000   0.112865
518.076000   0.124611
518.077000   0.135469
518.078000   0.145232
518.079000   0.153860
518.080000   0.161412
518.081000   0.168004
518.082000   0.173716
518.083000   0.178485
518.084000   0.182086
518.085000   0.184248
518.086000   0.184765
518.087000   0.183558
518.088000   0.180693
518.089000   0.176360
518.090000   0.170802
518.091000   0.164237
518.092000   0.156779
518.093000   0.148454
518.094000   0.139306
518.095000   0.129476
518.096000   0.119233
518.097000   0.108952
518.098000   0.099048
518.099000   0.089879
518.100000   0.081683
518.101000   0.074545
518.102000   0.068384
518.103000   0.063029
518.104000   0.058351
518.105000   0.054364
518.106000   0.051246
518.107000   0.049282
518.108000   0.048764
518.109000   0.049892
518.110000   0.052718
518.111000   0.057101
518.112000   0.062725
518.113000   0.069208
518.114000   0.076188
518.115000   0.083360
518.116000   0.090493
518.117000   0.097449
518.118000   0.104213
518.119000   0.110861
518.120000   0.117393
518.121000   0.123568
518.122000   0.128986
518.123000   0.133304
518.124000   0.136396
518.125000   0.138404
518.126000   0.139727
518.127000   0.140973
518.128000   0.142823
518.129000   0.145793
518.130000   0.150022
518.131000   0.155314
518.132000   0.161375
518.133000   0.167986
518.134000   0.175053
518.135000   0.182600
518.136000   0.190738
518.137000   0.199614
518.138000   0.209313
518.139000   0.219721
518.140000   0.230494
518.141000   0.241192
518.142000   0.251458
518.143000   0.261093
518.144000   0.270053
518.145000   0.278403
518.146000   0.286262
518.147000   0.293751
518.148000   0.300917
518.149000   0.307672
518.150000   0.313799
518.151000   0.319020
518.152000   0.323045
518.153000   0.325597
518.154000   0.326439
518.155000   0.325409
518.156000   0.322460
518.157000   0.317624
518.158000   0.310891
518.159000   0.302069
518.160000   0.290847
518.161000   0.276961
518.162000   0.260338
518.163000   0.241155
518.164000   0.219855
518.165000   0.197112
518.166000   0.173738
518.167000   0.150513
518.168000   0.128040
518.169000   0.106721
518.170000   0.086846
518.171000   0.068651
518.172000   0.052340
518.173000   0.038074
518.174000   0.025957
518.175000   0.016017
518.176000   0.008169
518.177000   0.002172
518.178000   -0.002379
518.179000   -0.005975
518.180000   -0.009065
518.181000   -0.011977
518.182000   -0.014883
518.183000   -0.017803
518.184000   -0.020620
518.185000   -0.023129
518.186000   -0.025132
518.187000   -0.026542
518.188000   -0.027395
518.189000   -0.027769
518.190000   -0.027714
518.191000   -0.027227
518.192000   -0.026235
518.193000   -0.024564
518.194000   -0.021931
518.195000   -0.018003
518.196000   -0.012538
518.197000   -0.005483
518.198000   0.003066
518.199000   0.012995
518.200000   0.024231
518.201000   0.036736
518.202000   0.050477
518.203000   0.065406
518.204000   0.081415
518.205000   0.098288
518.206000   0.115659
518.207000   0.133065
518.208000   0.150034
518.209000   0.166157
518.210000   0.181092
518.211000   0.194560
518.212000   0.206379
518.213000   0.216493
518.214000   0.224958
518.215000   0.231872
518.216000   0.237313
518.217000   0.241344
518.218000   0.244062
518.219000   0.245619
518.220000   0.246218
518.221000   0.246098
518.222000   0.245529
518.223000   0.244797
518.224000   0.244156
518.225000   0.243797
518.226000   0.243849
518.227000   0.244392
518.228000   0.245450
518.229000   0.246948
518.230000   0.248697
518.231000   0.250441
518.232000   0.251925
518.233000   0.252928
518.234000   0.253220
518.235000   0.252516
518.236000   0.250493
518.237000   0.246858
518.238000   0.241416
518.239000   0.234098
518.240000   0.224977
518.241000   0.214259
518.242000   0.202227
518.243000   0.189143
518.244000   0.175184
518.245000   0.160460
518.246000   0.145081
518.247000   0.129209
518.248000   0.113064
518.249000   0.096903
518.250000   0.080990
518.251000   0.065573
518.252000   0.050839
518.253000   0.036871
518.254000   0.023663
518.255000   0.011193
518.256000   -0.000489
518.257000   -0.011230
518.258000   -0.020814
518.259000   -0.029030
518.260000   -0.035723
518.261000   -0.040825
518.262000   -0.044378
518.263000   -0.046509
518.264000   -0.047371
518.265000   -0.047076
518.266000   -0.045699
518.267000   -0.043324
518.268000   -0.040118
518.269000   -0.036325
518.270000   -0.032217
518.271000   -0.028059
518.272000   -0.024105
518.273000   -0.020571
518.274000   -0.017572
518.275000   -0.015094
518.276000   -0.012998
518.277000   -0.011054
518.278000   -0.008973
518.279000   -0.006441
518.280000   -0.003170
518.281000   0.001049
518.282000   0.006348
518.283000   0.012813
518.284000   0.020508
518.285000   0.029475
518.286000   0.039711
518.287000   0.051160
518.288000   0.063700
518.289000   0.077113
518.290000   0.091016
518.291000   0.104846
518.292000   0.117980
518.293000   0.129901
518.294000   0.140311
518.295000   0.149146
518.296000   0.156537
518.297000   0.162747
518.298000   0.168079
518.299000   0.172742
518.300000   0.176753
518.301000   0.180012
518.302000   0.182452
518.303000   0.184125
518.304000   0.185184
518.305000   0.185833
518.306000   0.186264
518.307000   0.186609
518.308000   0.186904
518.309000   0.187071
518.310000   0.186932
518.311000   0.186290
518.312000   0.185010
518.313000   0.183078
518.314000   0.180600
518.315000   0.177774
518.316000   0.174833
518.317000   0.171984
518.318000   0.169345
518.319000   0.166874
518.320000   0.164395
518.321000   0.161702
518.322000   0.158664
518.323000   0.155270
518.324000   0.151631
518.325000   0.147974
518.326000   0.144626
518.327000   0.141930
518.328000   0.140097
518.329000   0.139084
518.330000   0.138679
518.331000   0.138669
518.332000   0.138928
518.333000   0.139431
518.334000   0.140242
518.335000   0.141494
518.336000   0.143352
518.337000   0.145911
518.338000   0.149101
518.339000   0.152717
518.340000   0.156580
518.341000   0.160618
518.342000   0.164866
518.343000   0.169432
518.344000   0.174461
518.345000   0.180113
518.346000   0.186507
518.347000   0.193612
518.348000   0.201171
518.349000   0.208790
518.350000   0.216119
518.351000   0.222983
518.352000   0.229403
518.353000   0.235572
518.354000   0.241793
518.355000   0.248396
518.356000   0.255632
518.357000   0.263563
518.358000   0.272072
518.359000   0.280950
518.360000   0.289984
518.361000   0.298971
518.362000   0.307720
518.363000   0.316060
518.364000   0.323856
518.365000   0.331005
518.366000   0.337339
518.367000   0.342501
518.368000   0.345976
518.369000   0.347289
518.370000   0.346161
518.371000   0.342573
518.372000   0.336768
518.373000   0.329220
518.374000   0.320564
518.375000   0.311422
518.376000   0.302185
518.377000   0.292927
518.378000   0.283534
518.379000   0.273843
518.380000   0.263705
518.381000   0.253022
518.382000   0.241787
518.383000   0.230101
518.384000   0.218145
518.385000   0.206086
518.386000   0.193997
518.387000   0.181901
518.388000   0.169872
518.389000   0.158074
518.390000   0.146739
518.391000   0.136124
518.392000   0.126474
518.393000   0.117999
518.394000   0.110863
518.395000   0.105155
518.396000   0.100834
518.397000   0.097713
518.398000   0.095476
518.399000   0.093724
518.400000   0.092043
518.401000   0.090075
518.402000   0.087585
518.403000   0.084492
518.404000   0.080813
518.405000   0.076509
518.406000   0.071437
518.407000   0.065444
518.408000   0.058496
518.409000   0.050713
518.410000   0.042369
518.411000   0.033859
518.412000   0.025656
518.413000   0.018240
518.414000   0.011984
518.415000   0.007081
518.416000   0.003589
518.417000   0.001483
518.418000   0.000686
518.419000   0.001094
518.420000   0.002606
518.421000   0.005141
518.422000   0.008636
518.423000   0.013022
518.424000   0.018180
518.425000   0.023920
518.426000   0.029988
518.427000   0.036075
518.428000   0.041848
518.429000   0.047014
518.430000   0.051377
518.431000   0.054863
518.432000   0.057511
518.433000   0.059407
518.434000   0.060623
518.435000   0.061173
518.436000   0.061016
518.437000   0.060088
518.438000   0.058385
518.439000   0.056038
518.440000   0.053312
518.441000   0.050548
518.442000   0.048057
518.443000   0.046027
518.444000   0.044517
518.445000   0.043489
518.446000   0.042857
518.447000   0.042546
518.448000   0.042538
518.449000   0.042897
518.450000   0.043757
518.451000   0.045269
518.452000   0.047539
518.453000   0.050580
518.454000   0.054308
518.455000   0.058575
518.456000   0.063212
518.457000   0.068075
518.458000   0.073079
518.459000   0.078201
518.460000   0.083449
518.461000   0.088798
518.462000   0.094162
518.463000   0.099424
518.464000   0.104489
518.465000   0.109285
518.466000   0.113754
518.467000   0.117883
518.468000   0.121756
518.469000   0.125544
518.470000   0.129463
518.471000   0.133726
518.472000   0.138530
518.473000   0.144056
518.474000   0.150410
518.475000   0.157579
518.476000   0.165476
518.477000   0.174042
518.478000   0.183304
518.479000   0.193350
518.480000   0.204284
518.481000   0.216177
518.482000   0.229056
518.483000   0.242882
518.484000   0.257506
518.485000   0.272665
518.486000   0.288035
518.487000   0.303285
518.488000   0.318072
518.489000   0.332012
518.490000   0.344651
518.491000   0.355503
518.492000   0.364128
518.493000   0.370188
518.494000   0.373469
518.495000   0.373903
518.496000   0.371597
518.497000   0.366817
518.498000   0.359899
518.499000   0.351171
518.500000   0.340960
518.501000   0.329645
518.501000   0.329645
518.502000   0.317706
518.503000   0.305706
518.504000   0.294209
518.505000   0.283723
518.506000   0.274663
518.507000   0.267339
518.508000   0.261943
518.509000   0.258556
518.510000   0.257162
518.511000   0.257663
518.512000   0.259864
518.513000   0.263443
518.514000   0.267944
518.515000   0.272839
518.516000   0.277622
518.517000   0.281870
518.518000   0.285283
518.519000   0.287707
518.520000   0.289146
518.521000   0.289723
518.522000   0.289620
518.523000   0.289011
518.524000   0.288032
518.525000   0.286769
518.526000   0.285238
518.527000   0.283385
518.528000   0.281118
518.529000   0.278345
518.530000   0.275008
518.531000   0.271106
518.532000   0.266707
518.533000   0.261914
518.534000   0.256781
518.535000   0.251238
518.536000   0.245086
518.537000   0.238070
518.538000   0.229993
518.539000   0.220795
518.540000   0.210610
518.541000   0.199765
518.542000   0.188732
518.543000   0.177988
518.544000   0.167872
518.545000   0.158530
518.546000   0.150006
518.547000   0.142345
518.548000   0.135642
518.549000   0.130025
518.550000   0.125635
518.551000   0.122591
518.552000   0.120966
518.553000   0.120741
518.554000   0.121769
518.555000   0.123777
518.556000   0.126420
518.557000   0.129349
518.558000   0.132240
518.559000   0.134822
518.560000   0.136886
518.561000   0.138313
518.562000   0.139077
518.563000   0.139203
518.564000   0.138660
518.565000   0.137312
518.566000   0.134967
518.567000   0.131490
518.568000   0.126876
518.569000   0.121265
518.570000   0.114933
518.571000   0.108266
518.572000   0.101710
518.573000   0.095684
518.574000   0.090480
518.575000   0.086245
518.576000   0.083044
518.577000   0.080947
518.578000   0.080063
518.579000   0.080533
518.580000   0.082495
518.581000   0.086062
518.582000   0.091308
518.583000   0.098240
518.584000   0.106768
518.585000   0.116668
518.586000   0.127583
518.587000   0.139082
518.588000   0.150721
518.589000   0.162095
518.590000   0.172893
518.591000   0.182927
518.592000   0.192144
518.593000   0.200568
518.594000   0.208198
518.595000   0.214950
518.596000   0.220680
518.597000   0.225281
518.598000   0.228738
518.599000   0.231150
518.600000   0.232713
518.601000   0.233696
518.602000   0.234384
518.603000   0.235018
518.604000   0.235746
518.605000   0.236618
518.606000   0.237625
518.607000   0.238741
518.608000   0.239944
518.609000   0.241217
518.610000   0.242543
518.611000   0.243899
518.612000   0.245240
518.613000   0.246487
518.614000   0.247510
518.615000   0.248126
518.616000   0.248128
518.617000   0.247338
518.618000   0.245645
518.619000   0.243030
518.620000   0.239561
518.621000   0.235393
518.622000   0.230730
518.623000   0.225774
518.624000   0.220658
518.625000   0.215423
518.626000   0.210070
518.627000   0.204632
518.628000   0.199214
518.629000   0.193977
518.630000   0.189119
518.631000   0.184855
518.632000   0.181414
518.633000   0.179027
518.634000   0.177902
518.635000   0.178210
518.636000   0.180092
518.637000   0.183676
518.638000   0.189048
518.639000   0.196212
518.640000   0.205049
518.641000   0.215308
518.642000   0.226631
518.643000   0.238583
518.644000   0.250687
518.645000   0.262461
518.646000   0.273463
518.647000   0.283326
518.648000   0.291757
518.649000   0.298509
518.650000   0.303371
518.651000   0.306181
518.652000   0.306873
518.653000   0.305510
518.654000   0.302284
518.655000   0.297471
518.656000   0.291392
518.657000   0.284377
518.658000   0.276737
518.659000   0.268737
518.660000   0.260592
518.661000   0.252482
518.662000   0.244582
518.663000   0.237067
518.664000   0.230077
518.665000   0.223681
518.666000   0.217867
518.667000   0.212566
518.668000   0.207668
518.669000   0.203024
518.670000   0.198458
518.671000   0.193800
518.672000   0.188916
518.673000   0.183720
518.674000   0.178140
518.675000   0.172065
518.676000   0.165339
518.677000   0.157797
518.678000   0.149309
518.679000   0.139803
518.680000   0.129271
518.681000   0.117777
518.682000   0.105461
518.683000   0.092519
518.684000   0.079162
518.685000   0.065561
518.686000   0.051844
518.687000   0.038122
518.688000   0.024517
518.689000   0.011169
518.690000   -0.001750
518.691000   -0.014010
518.692000   -0.025304
518.693000   -0.035254
518.694000   -0.043444
518.695000   -0.049489
518.696000   -0.053098
518.697000   -0.054110
518.698000   -0.052497
518.699000   -0.048362
518.700000   -0.041901
518.701000   -0.033365
518.702000   -0.023016
518.703000   -0.011111
518.704000   0.002072
518.705000   0.016175
518.706000   0.030761
518.707000   0.045365
518.708000   0.059568
518.709000   0.073056
518.710000   0.085661
518.711000   0.097370
518.712000   0.108300
518.713000   0.118622
518.714000   0.128463
518.715000   0.137828
518.716000   0.146648
518.717000   0.154856
518.718000   0.162453
518.719000   0.169533
518.720000   0.176263
518.721000   0.182865
518.722000   0.189569
518.723000   0.196565
518.724000   0.203953
518.725000   0.211703
518.726000   0.219652
518.727000   0.227513
518.728000   0.234905
518.729000   0.241415
518.730000   0.246664
518.731000   0.250363
518.732000   0.252346
518.733000   0.252560
518.734000   0.250979
518.735000   0.247494
518.736000   0.241870
518.737000   0.233829
518.738000   0.223186
518.739000   0.209948
518.740000   0.194348
518.741000   0.176819
518.742000   0.157937
518.743000   0.138322
518.744000   0.118507
518.745000   0.098859
518.746000   0.079609
518.747000   0.060947
518.748000   0.043118
518.749000   0.026452
518.750000   0.011359
518.751000   -0.001702
518.752000   -0.012270
518.753000   -0.019976
518.754000   -0.024646
518.755000   -0.026389
518.756000   -0.025579
518.757000   -0.022750
518.758000   -0.018478
518.759000   -0.013280
518.760000   -0.007541
518.761000   -0.001461
518.762000   0.004956
518.763000   0.011823
518.764000   0.019200
518.765000   0.026965
518.766000   0.034832
518.767000   0.042493
518.768000   0.049735
518.769000   0.056495
518.770000   0.062867
518.771000   0.069096
518.772000   0.075525
518.773000   0.082478
518.774000   0.090120
518.775000   0.098395
518.776000   0.107102
518.777000   0.116020
518.778000   0.124983
518.779000   0.133913
518.780000   0.142836
518.781000   0.151880
518.782000   0.161235
518.783000   0.171055
518.784000   0.181348
518.785000   0.191950
518.786000   0.202602
518.787000   0.213031
518.788000   0.223006
518.789000   0.232371
518.790000   0.241077
518.791000   0.249185
518.792000   0.256813
518.793000   0.264007
518.794000   0.270638
518.795000   0.276428
518.796000   0.281064
518.797000   0.284297
518.798000   0.285985
518.799000   0.286105
518.800000   0.284756
518.801000   0.282136
518.802000   0.278467
518.803000   0.273909
518.804000   0.268520
518.805000   0.262296
518.806000   0.255242
518.807000   0.247392
518.808000   0.238809
518.809000   0.229576
518.810000   0.219812
518.811000   0.209675
518.812000   0.199306
518.813000   0.188735
518.814000   0.177846
518.815000   0.166431
518.816000   0.154281
518.817000   0.141253
518.818000   0.127309
518.819000   0.112559
518.820000   0.097272
518.821000   0.081822
518.822000   0.066556
518.823000   0.051688
518.824000   0.037320
518.825000   0.023532
518.826000   0.010453
518.827000   -0.001720
518.828000   -0.012731
518.829000   -0.022277
518.830000   -0.030061
518.831000   -0.035898
518.832000   -0.039819
518.833000   -0.042076
518.834000   -0.043027
518.835000   -0.043007
518.836000   -0.042258
518.837000   -0.040894
518.838000   -0.038909
518.839000   -0.036212
518.840000   -0.032728
518.841000   -0.028512
518.842000   -0.023773
518.843000   -0.018801
518.844000   -0.013864
518.845000   -0.009141
518.846000   -0.004693
518.847000   -0.000467
518.848000   0.003684
518.849000   0.007948
518.850000   0.012465
518.851000   0.017248
518.852000   0.022161
518.853000   0.026979
518.854000   0.031498
518.855000   0.035636
518.856000   0.039480
518.857000   0.043279
518.858000   0.047390
518.859000   0.052217
518.860000   0.058138
518.861000   0.065419
518.862000   0.074158
518.863000   0.084270
518.864000   0.095553
518.865000   0.107747
518.866000   0.120560
518.867000   0.133684
518.868000   0.146805
518.869000   0.159608
518.870000   0.171756
518.871000   0.182840
518.872000   0.192348
518.873000   0.199746
518.874000   0.204611
518.875000   0.206725
518.876000   0.206082
518.877000   0.202861
518.878000   0.197373
518.879000   0.189997
518.880000   0.181117
518.881000   0.171038
518.882000   0.159934
518.883000   0.147919
518.884000   0.135150
518.885000   0.121874
518.886000   0.108401
518.887000   0.095057
518.888000   0.082134
518.889000   0.069874
518.890000   0.058448
518.891000   0.047936
518.892000   0.038303
518.893000   0.029434
518.894000   0.021200
518.895000   0.013488
518.896000   0.006216
518.897000   -0.000650
518.898000   -0.007057
518.899000   -0.012849
518.900000   -0.017815
518.901000   -0.021841
518.902000   -0.025024
518.903000   -0.027613
518.904000   -0.029854
518.905000   -0.031900
518.906000   -0.033784
518.907000   -0.035414
518.908000   -0.036571
518.909000   -0.036925
518.910000   -0.036122
518.911000   -0.033935
518.912000   -0.030337
518.913000   -0.025408
518.914000   -0.019213
518.915000   -0.011762
518.916000   -0.003029
518.917000   0.007028
518.918000   0.018468
518.919000   0.031359
518.920000   0.045724
518.921000   0.061442
518.922000   0.078209
518.923000   0.095616
518.924000   0.113247
518.925000   0.130718
518.926000   0.147704
518.927000   0.163953
518.928000   0.179309
518.929000   0.193711
518.930000   0.207145
518.931000   0.219573
518.932000   0.230898
518.933000   0.240990
518.934000   0.249715
518.935000   0.256968
518.936000   0.262689
518.937000   0.266901
518.938000   0.269714
518.939000   0.271310
518.940000   0.271861
518.941000   0.271428
518.942000   0.269957
518.943000   0.267341
518.944000   0.263488
518.945000   0.258358
518.946000   0.251977
518.947000   0.244453
518.948000   0.235986
518.949000   0.226854
518.950000   0.217328
518.951000   0.207560
518.952000   0.197590
518.953000   0.187435
518.954000   0.177147
518.955000   0.166814
518.956000   0.156547
518.957000   0.146480
518.958000   0.136776
518.959000   0.127585
518.960000   0.118964
518.961000   0.110840
518.962000   0.103072
518.963000   0.095526
518.964000   0.088090
518.965000   0.080683
518.966000   0.073274
518.967000   0.065903
518.968000   0.058707
518.969000   0.051884
518.970000   0.045609
518.971000   0.039987
518.972000   0.035051
518.973000   0.030794
518.974000   0.027217
518.975000   0.024376
518.976000   0.022412
518.977000   0.021559
518.978000   0.022107
518.979000   0.024319
518.980000   0.028320
518.981000   0.034023
518.982000   0.041134
518.983000   0.049234
518.984000   0.057890
518.985000   0.066745
518.986000   0.075572
518.987000   0.084302
518.988000   0.093000
518.989000   0.101799
518.990000   0.110810
518.991000   0.120085
518.992000   0.129634
518.993000   0.139456
518.994000   0.149556
518.995000   0.159939
518.996000   0.170599
518.997000   0.181504
518.998000   0.192569
518.999000   0.203619
519.000000   0.214374
519.001000   0.224443
519.001000   0.224443
519.002000   0.233356
519.003000   0.240639
519.004000   0.245910
519.005000   0.248958
519.006000   0.249768
519.007000   0.248505
519.008000   0.245429
519.009000   0.240791
519.010000   0.234756
519.011000   0.227412
519.012000   0.218872
519.013000   0.209363
519.014000   0.199245
519.015000   0.188967
519.016000   0.179000
519.017000   0.169764
519.018000   0.161559
519.019000   0.154509
519.020000   0.148562
519.021000   0.143534
519.022000   0.139202
519.023000   0.135360
519.024000   0.131837
519.025000   0.128504
519.026000   0.125284
519.027000   0.122145
519.028000   0.119059
519.029000   0.115910
519.030000   0.112464
519.031000   0.108458
519.032000   0.103738
519.033000   0.098321
519.034000   0.092398
519.035000   0.086309
519.036000   0.080498
519.037000   0.075430
519.038000   0.071440
519.039000   0.068608
519.040000   0.066777
519.041000   0.065715
519.042000   0.065244
519.043000   0.065282
519.044000   0.065840
519.045000   0.067015
519.046000   0.068983
519.047000   0.071938
519.048000   0.076012
519.049000   0.081208
519.050000   0.087426
519.051000   0.094536
519.052000   0.102412
519.053000   0.110937
519.054000   0.119993
519.055000   0.129472
519.056000   0.139273
519.057000   0.149254
519.058000   0.159140
519.059000   0.168464
519.060000   0.176637
519.061000   0.183102
519.062000   0.187463
519.063000   0.189555
519.064000   0.189464
519.065000   0.187516
519.066000   0.184189
519.067000   0.179962
519.068000   0.175167
519.069000   0.169973
519.070000   0.164492
519.071000   0.158869
519.072000   0.153303
519.073000   0.148041
519.074000   0.143355
519.075000   0.139519
519.076000   0.136779
519.077000   0.135296
519.078000   0.135093
519.079000   0.136041
519.080000   0.137887
519.081000   0.140299
519.082000   0.142933
519.083000   0.145484
519.084000   0.147730
519.085000   0.149551
519.086000   0.150902
519.087000   0.151715
519.088000   0.151826
519.089000   0.150979
519.090000   0.148918
519.091000   0.145490
519.092000   0.140730
519.093000   0.134892
519.094000   0.128439
519.095000   0.121973
519.096000   0.116066
519.097000   0.111095
519.098000   0.107175
519.099000   0.104261
519.100000   0.102282
519.101000   0.101244
519.102000   0.101270
519.103000   0.102592
519.104000   0.105508
519.105000   0.110299
519.106000   0.117126
519.107000   0.125975
519.108000   0.136662
519.109000   0.148869
519.110000   0.162174
519.111000   0.176103
519.112000   0.190188
519.113000   0.204022
519.114000   0.217284
519.115000   0.229722
519.116000   0.241102
519.117000   0.251168
519.118000   0.259640
519.119000   0.266255
519.120000   0.270834
519.121000   0.273349
519.122000   0.273950
519.123000   0.272930
519.124000   0.270653
519.125000   0.267468
519.126000   0.263663
519.127000   0.259464
519.128000   0.255065
519.129000   0.250630
519.130000   0.246294
519.131000   0.242166
519.132000   0.238319
519.133000   0.234776
519.134000   0.231493
519.135000   0.228345
519.136000   0.225153
519.137000   0.221731
519.138000   0.217907
519.139000   0.213513
519.140000   0.208378
519.141000   0.202349
519.142000   0.195314
519.143000   0.187202
519.144000   0.177992
519.145000   0.167753
519.146000   0.156680
519.147000   0.145071
519.148000   0.133225
519.149000   0.121395
519.150000   0.109823
519.151000   0.098789
519.152000   0.088601
519.153000   0.079542
519.154000   0.071830
519.155000   0.065596
519.156000   0.060898
519.157000   0.057728
519.158000   0.056039
519.159000   0.055813
519.160000   0.057116
519.161000   0.060093
519.162000   0.064892
519.163000   0.071571
519.164000   0.080065
519.165000   0.090202
519.166000   0.101743
519.167000   0.114377
519.168000   0.127718
519.169000   0.141377
519.170000   0.155048
519.171000   0.168519
519.172000   0.181620
519.173000   0.194184
519.174000   0.206054
519.175000   0.217115
519.176000   0.227258
519.177000   0.236325
519.178000   0.244133
519.179000   0.250574
519.180000   0.255674
519.181000   0.259575
519.182000   0.262499
519.183000   0.264743
519.184000   0.266665
519.185000   0.268651
519.186000   0.271015
519.187000   0.273900
519.188000   0.277286
519.189000   0.281078
519.190000   0.285168
519.191000   0.289434
519.192000   0.293728
519.193000   0.297876
519.194000   0.301709
519.195000   0.305054
519.196000   0.307679
519.197000   0.309256
519.198000   0.309417
519.199000   0.307863
519.200000   0.304410
519.201000   0.299024
519.202000   0.291853
519.203000   0.283244
519.204000   0.273705
519.205000   0.263792
519.206000   0.253987
519.207000   0.244654
519.208000   0.236048
519.209000   0.228329
519.210000   0.221549
519.211000   0.215676
519.212000   0.210627
519.213000   0.206319
519.214000   0.202705
519.215000   0.199793
519.216000   0.197618
519.217000   0.196179
519.218000   0.195355
519.219000   0.194880
519.220000   0.194386
519.221000   0.193519
519.222000   0.192038
519.223000   0.189893
519.224000   0.187221
519.225000   0.184242
519.226000   0.181109
519.227000   0.177819
519.228000   0.174245
519.229000   0.170224
519.230000   0.165633
519.231000   0.160457
519.232000   0.154805
519.233000   0.148893
519.234000   0.142985
519.235000   0.137307
519.236000   0.131987
519.237000   0.127037
519.238000   0.122377
519.239000   0.117865
519.240000   0.113337
519.241000   0.108641
519.242000   0.103665
519.243000   0.098353
519.244000   0.092704
519.245000   0.086756
519.246000   0.080533
519.247000   0.073985
519.248000   0.066960
519.249000   0.059249
519.250000   0.050673
519.251000   0.041159
519.252000   0.030784
519.253000   0.019800
519.254000   0.008589
519.255000   -0.002445
519.256000   -0.013013
519.257000   -0.022992
519.258000   -0.032353
519.259000   -0.041038
519.260000   -0.048908
519.261000   -0.055763
519.262000   -0.061378
519.263000   -0.065560
519.264000   -0.068215
519.265000   -0.069392
519.266000   -0.069246
519.267000   -0.067944
519.268000   -0.065600
519.269000   -0.062276
519.270000   -0.058007
519.271000   -0.052824
519.272000   -0.046760
519.273000   -0.039859
519.274000   -0.032167
519.275000   -0.023736
519.276000   -0.014653
519.277000   -0.005054
519.278000   0.004908
519.279000   0.015104
519.280000   0.025440
519.281000   0.035845
519.282000   0.046277
519.283000   0.056730
519.284000   0.067217
519.285000   0.077691
519.286000   0.087960
519.287000   0.097745
519.288000   0.106800
519.289000   0.115000
519.290000   0.122349
519.291000   0.128968
519.292000   0.135079
519.293000   0.140953
519.294000   0.146794
519.295000   0.152589
519.296000   0.158081
519.297000   0.162922
519.298000   0.166843
519.299000   0.169717
519.300000   0.171560
519.301000   0.172519
519.302000   0.172834
519.303000   0.172765
519.304000   0.172462
519.305000   0.171856
519.306000   0.170732
519.307000   0.168879
519.308000   0.166196
519.309000   0.162716
519.310000   0.158603
519.311000   0.154157
519.312000   0.149778
519.313000   0.145886
519.314000   0.142784
519.315000   0.140603
519.316000   0.139380
519.317000   0.139150
519.318000   0.139974
519.319000   0.141942
519.320000   0.145165
519.321000   0.149771
519.322000   0.155867
519.323000   0.163435
519.324000   0.172202
519.325000   0.181637
519.326000   0.191112
519.327000   0.200064
519.328000   0.208093
519.329000   0.215010
519.330000   0.220847
519.331000   0.225839
519.332000   0.230328
519.333000   0.234581
519.334000   0.238683
519.335000   0.242617
519.336000   0.246402
519.337000   0.250152
519.338000   0.254055
519.339000   0.258327
519.340000   0.263194
519.341000   0.268871
519.342000   0.275491
519.343000   0.282999
519.344000   0.291097
519.345000   0.299346
519.346000   0.307287
519.347000   0.314515
519.348000   0.320719
519.349000   0.325725
519.350000   0.329528
519.351000   0.332262
519.352000   0.334065
519.353000   0.334893
519.354000   0.334506
519.355000   0.332618
519.356000   0.329039
519.357000   0.323754
519.358000   0.316947
519.359000   0.308998
519.360000   0.300432
519.361000   0.291811
519.362000   0.283555
519.363000   0.275832
519.364000   0.268599
519.365000   0.261747
519.366000   0.255193
519.367000   0.248913
519.368000   0.242942
519.369000   0.237372
519.370000   0.232336
519.371000   0.227948
519.372000   0.224170
519.373000   0.220753
519.374000   0.217335
519.375000   0.213556
519.376000   0.209123
519.377000   0.203846
519.378000   0.197696
519.379000   0.190847
519.380000   0.183656
519.381000   0.176504
519.382000   0.169612
519.383000   0.163030
519.384000   0.156738
519.385000   0.150736
519.386000   0.145111
519.387000   0.140091
519.388000   0.136051
519.389000   0.133455
519.390000   0.132733
519.391000   0.134167
519.392000   0.137871
519.393000   0.143819
519.394000   0.151847
519.395000   0.161655
519.396000   0.172859
519.397000   0.185040
519.398000   0.197792
519.399000   0.210722
519.400000   0.223386
519.401000   0.235233
519.402000   0.245652
519.403000   0.254087
519.404000   0.260111
519.405000   0.263484
519.406000   0.264202
519.407000   0.262487
519.408000   0.258682
519.409000   0.253041
519.410000   0.245614
519.411000   0.236360
519.412000   0.225319
519.413000   0.212657
519.414000   0.198637
519.415000   0.183617
519.416000   0.168044
519.417000   0.152402
519.418000   0.137099
519.419000   0.122392
519.420000   0.108431
519.421000   0.095345
519.422000   0.083250
519.423000   0.072204
519.424000   0.062202
519.425000   0.053213
519.426000   0.045214
519.427000   0.038183
519.428000   0.032070
519.429000   0.026806
519.430000   0.022349
519.431000   0.018681
519.432000   0.015729
519.433000   0.013320
519.434000   0.011245
519.435000   0.009355
519.436000   0.007580
519.437000   0.005861
519.438000   0.004070
519.439000   0.002029
519.440000   -0.000420
519.441000   -0.003392
519.442000   -0.006945
519.443000   -0.011010
519.444000   -0.015312
519.445000   -0.019393
519.446000   -0.022768
519.447000   -0.025113
519.448000   -0.026317
519.449000   -0.026363
519.450000   -0.025220
519.451000   -0.022818
519.452000   -0.019048
519.453000   -0.013750
519.454000   -0.006722
519.455000   0.002186
519.456000   0.012938
519.457000   0.025244
519.458000   0.038654
519.459000   0.052706
519.460000   0.066991
519.461000   0.081147
519.462000   0.094874
519.463000   0.107998
519.464000   0.120495
519.465000   0.132428
519.466000   0.143864
519.467000   0.154870
519.468000   0.165579
519.469000   0.176206
519.470000   0.186972
519.471000   0.197997
519.472000   0.209310
519.473000   0.220938
519.474000   0.232962
519.475000   0.245475
519.476000   0.258509
519.477000   0.272014
519.478000   0.285879
519.479000   0.299926
519.480000   0.313879
519.481000   0.327395
519.482000   0.340168
519.483000   0.352010
519.484000   0.362800
519.485000   0.372360
519.486000   0.380410
519.487000   0.386650
519.488000   0.390876
519.489000   0.393015
519.490000   0.393095
519.491000   0.391209
519.492000   0.387511
519.493000   0.382195
519.494000   0.375407
519.495000   0.367184
519.496000   0.357489
519.497000   0.346327
519.498000   0.333820
519.499000   0.320189
519.500000   0.305676
519.501000   0.290498
519.501000   0.290498
519.502000   0.274865
519.503000   0.258985
519.504000   0.243011
519.505000   0.227029
519.506000   0.211144
519.507000   0.195595
519.508000   0.180764
519.509000   0.167094
519.510000   0.154978
519.511000   0.144717
519.512000   0.136532
519.513000   0.130526
519.514000   0.126606
519.515000   0.124499
519.516000   0.123861
519.517000   0.124365
519.518000   0.125736
519.519000   0.127750
519.520000   0.130249
519.521000   0.133159
519.522000   0.136448
519.523000   0.139984
519.524000   0.143472
519.525000   0.146553
519.526000   0.148959
519.527000   0.150588
519.528000   0.151498
519.529000   0.151862
519.530000   0.151921
519.531000   0.151920
519.532000   0.151999
519.533000   0.152093
519.534000   0.151999
519.535000   0.151523
519.536000   0.150595
519.537000   0.149286
519.538000   0.147771
519.539000   0.146282
519.540000   0.145058
519.541000   0.144276
519.542000   0.143955
519.543000   0.143943
519.544000   0.144037
519.545000   0.144109
519.546000   0.144130
519.547000   0.144126
519.548000   0.144114
519.549000   0.144058
519.550000   0.143856
519.551000   0.143329
519.552000   0.142213
519.553000   0.140218
519.554000   0.137106
519.555000   0.132726
519.556000   0.127007
519.557000   0.119932
519.558000   0.111544
519.559000   0.101960
519.560000   0.091348
519.561000   0.079815
519.562000   0.067346
519.563000   0.053884
519.564000   0.039442
519.565000   0.024145
519.566000   0.008226
519.567000   -0.007976
519.568000   -0.024020
519.569000   -0.039421
519.570000   -0.053807
519.571000   -0.067066
519.572000   -0.079309
519.573000   -0.090707
519.574000   -0.101378
519.575000   -0.111339
519.576000   -0.120493
519.577000   -0.128619
519.578000   -0.135415
519.579000   -0.140616
519.580000   -0.144164
519.581000   -0.146231
519.582000   -0.147062
519.583000   -0.146830
519.584000   -0.145605
