516.565000   0.380973
516.566000   0.390858
516.567000   0.400475
516.568000   0.409610
516.569000   0.418134
516.570000   0.425992
516.571000   0.433191
516.572000   0.439804
516.573000   0.445967
516.574000   0.451828
516.575000   0.457479
516.576000   0.462927
516.577000   0.468135
516.578000   0.473073
516.579000   0.477744
516.580000   0.482189
516.581000   0.486488
516.582000   0.490770
516.583000   0.495178
516.584000   0.499799
516.585000   0.504562
516.586000   0.509197
516.587000   0.513290
516.588000   0.516372
516.589000   0.518017
516.590000   0.517915
516.591000   0.515945
516.592000   0.512191
516.593000   0.506881
516.594000   0.500246
516.595000   0.492387
516.596000   0.483280
516.597000   0.472866
516.598000   0.461135
516.599000   0.448149
516.600000   0.434054
516.601000   0.419079
516.602000   0.403525
516.603000   0.387729
516.604000   0.372001
516.605000   0.356588
516.606000   0.341665
516.607000   0.327348
516.608000   0.313703
516.609000   0.300779
516.610000   0.288651
516.611000   0.277455
516.612000   0.267404
516.613000   0.258735
516.614000   0.251620
516.615000   0.246080
516.616000   0.242007
516.617000   0.239241
516.618000   0.237659
516.619000   0.237220
516.620000   0.237986
516.621000   0.240097
516.622000   0.243725
516.623000   0.248983
516.624000   0.255864
516.625000   0.264228
516.626000   0.273854
516.627000   0.284492
516.628000   0.295894
516.629000   0.307838
516.630000   0.320154
516.631000   0.332724
516.632000   0.345484
516.633000   0.358402
516.634000   0.371433
516.635000   0.384492
516.636000   0.397429
516.637000   0.410041
516.638000   0.422119
516.639000   0.433499
516.640000   0.444100
516.641000   0.453935
516.642000   0.463083
516.643000   0.471643
516.644000   0.479688
516.645000   0.487225
516.646000   0.494181
516.647000   0.500444
516.648000   0.505927
516.649000   0.510613
516.650000   0.514550
516.651000   0.517814
516.652000   0.520463
516.653000   0.522492
516.654000   0.523825
516.655000   0.524344
516.656000   0.523908
516.657000   0.522364
516.658000   0.519581
516.659000   0.515477
516.660000   0.510048
516.661000   0.503377
516.662000   0.495634
516.663000   0.487063
516.664000   0.477931
516.665000   0.468427
516.666000   0.458579
516.667000   0.448290
516.668000   0.437453
516.669000   0.426051
516.670000   0.414195
516.671000   0.402116
516.672000   0.390100
516.673000   0.378426
516.674000   0.367299
516.675000   0.356826
516.676000   0.347065
516.677000   0.338105
516.678000   0.330119
516.679000   0.323338
516.680000   0.317983
516.681000   0.314191
516.682000   0.311968
516.683000   0.311209
516.684000   0.311717
516.685000   0.313220
516.686000   0.315392
516.687000   0.317902
516.688000   0.320471
516.689000   0.322885
516.690000   0.324997
516.691000   0.326712
516.692000   0.327972
516.693000   0.328715
516.694000   0.328815
516.695000   0.328094
516.696000   0.326416
516.697000   0.323787
516.698000   0.320384
516.699000   0.316512
516.700000   0.312549
516.701000   0.308884
516.702000   0.305868
516.703000   0.303752
516.704000   0.302670
516.705000   0.302685
516.706000   0.303860
516.707000   0.306289
516.708000   0.310060
516.709000   0.315210
516.710000   0.321685
516.711000   0.329324
516.712000   0.337858
516.713000   0.346921
516.714000   0.356075
516.715000   0.364871
516.716000   0.372928
516.717000   0.379971
516.718000   0.385835
516.719000   0.390448
516.720000   0.393829
516.721000   0.396063
516.722000   0.397262
516.723000   0.397490
516.724000   0.396749
516.725000   0.395044
516.726000   0.392458
516.727000   0.389177
516.728000   0.385469
516.729000   0.381657
516.730000   0.378080
516.731000   0.375044
516.732000   0.372738
516.733000   0.371190
516.734000   0.370306
516.735000   0.369955
516.736000   0.370028
516.737000   0.370432
516.738000   0.371085
516.739000   0.371906
516.740000   0.372824
516.741000   0.373773
516.742000   0.374663
516.743000   0.375355
516.744000   0.375674
516.745000   0.375464
516.746000   0.374618
516.747000   0.373103
516.748000   0.370974
516.749000   0.368391
516.750000   0.365604
516.751000   0.362901
516.752000   0.360496
516.753000   0.358467
516.754000   0.356785
516.755000   0.355390
516.756000   0.354260
516.757000   0.353450
516.758000   0.353124
516.759000   0.353574
516.760000   0.355183
516.761000   0.358315
516.762000   0.363178
516.763000   0.369767
516.764000   0.377914
516.765000   0.387346
516.766000   0.397739
516.767000   0.408768
516.768000   0.420164
516.769000   0.431741
516.770000   0.443360
516.771000   0.454855
516.772000   0.465983
516.773000   0.476454
516.774000   0.485977
516.775000   0.494289
516.776000   0.501192
516.777000   0.506596
516.778000   0.510547
516.779000   0.513210
516.780000   0.514807
516.781000   0.515507
516.782000   0.515340
516.783000   0.514204
516.784000   0.511919
516.785000   0.508311
516.786000   0.503282
516.787000   0.496868
516.788000   0.489256
516.789000   0.480725
516.790000   0.471515
516.791000   0.461710
516.792000   0.451257
516.793000   0.440068
516.794000   0.428099
516.795000   0.415385
516.796000   0.402074
516.797000   0.388437
516.798000   0.374855
516.799000   0.361750
516.800000   0.349490
516.801000   0.338355
516.802000   0.328543
516.803000   0.320172
516.804000   0.313273
516.805000   0.307788
516.806000   0.303609
516.807000   0.300606
516.808000   0.298655
516.809000   0.297632
516.810000   0.297399
516.811000   0.297790
516.812000   0.298598
516.813000   0.299554
516.814000   0.300319
516.815000   0.300541
516.816000   0.299918
516.817000   0.298267
516.818000   0.295549
516.819000   0.291856
516.820000   0.287368
516.821000   0.282310
516.822000   0.276908
516.823000   0.271361
516.824000   0.265873
516.825000   0.260713
516.826000   0.256236
516.827000   0.252860
516.828000   0.250993
516.829000   0.250955
516.830000   0.252953
516.831000   0.257088
516.832000   0.263345
516.833000   0.271592
516.834000   0.281613
516.835000   0.293153
516.836000   0.305953
516.837000   0.319766
516.838000   0.334340
516.839000   0.349405
516.840000   0.364676
516.841000   0.379817
516.842000   0.394425
516.843000   0.408072
516.844000   0.420406
516.845000   0.431225
516.846000   0.440478
516.847000   0.448200
516.848000   0.454421
516.849000   0.459123
516.850000   0.462254
516.851000   0.463761
516.852000   0.463634
516.853000   0.461976
516.854000   0.459042
516.855000   0.455241
516.856000   0.451070
516.857000   0.447015
516.858000   0.443480
516.859000   0.440764
516.860000   0.439056
516.861000   0.438421
516.862000   0.438827
516.863000   0.440209
516.864000   0.442533
516.865000   0.445816
516.866000   0.450080
516.867000   0.455298
516.868000   0.461340
516.869000   0.467936
516.870000   0.474640
516.871000   0.480862
516.872000   0.485986
516.873000   0.489547
516.874000   0.491332
516.875000   0.491390
516.876000   0.489950
516.877000   0.487316
516.878000   0.483775
516.879000   0.479545
516.880000   0.474749
516.881000   0.469459
516.882000   0.463787
516.883000   0.457960
516.884000   0.452326
516.885000   0.447285
516.886000   0.443192
516.887000   0.440289
516.888000   0.438687
516.889000   0.438335
516.890000   0.439003
516.891000   0.440298
516.892000   0.441757
516.893000   0.442948
516.894000   0.443530
516.895000   0.443274
516.896000   0.442071
516.897000   0.439931
516.898000   0.436937
516.899000   0.433140
516.900000   0.428482
516.901000   0.422869
516.902000   0.416300
516.903000   0.408932
516.904000   0.401048
516.905000   0.392995
516.906000   0.385131
516.907000   0.377790
516.908000   0.371241
516.909000   0.365623
516.910000   0.360936
516.911000   0.357106
516.912000   0.354070
516.913000   0.351797
516.914000   0.350276
516.915000   0.349492
516.916000   0.349446
516.917000   0.350177
516.918000   0.351716
516.919000   0.353972
516.920000   0.356689
516.921000   0.359534
516.922000   0.362230
516.923000   0.364610
516.924000   0.366627
516.925000   0.368369
516.926000   0.370070
516.927000   0.372071
516.928000   0.374691
516.929000   0.378130
516.930000   0.382473
516.931000   0.387747
516.932000   0.393931
516.933000   0.400946
516.934000   0.408659
516.935000   0.416918
516.936000   0.425594
516.937000   0.434553
516.938000   0.443587
516.939000   0.452383
516.940000   0.460581
516.941000   0.467846
516.942000   0.473910
516.943000   0.478579
516.944000   0.481747
516.945000   0.483424
516.946000   0.483731
516.947000   0.482828
516.948000   0.480840
516.949000   0.477907
516.950000   0.474268
516.951000   0.470273
516.952000   0.466336
516.953000   0.462865
516.954000   0.460255
516.955000   0.458882
516.956000   0.459060
516.957000   0.460968
516.958000   0.464627
516.959000   0.469952
516.960000   0.476800
516.961000   0.484986
516.962000   0.494276
516.963000   0.504401
516.964000   0.515078
516.965000   0.526004
516.966000   0.536801
516.967000   0.546961
516.968000   0.555886
516.969000   0.563017
516.970000   0.567938
516.971000   0.570418
516.972000   0.570405
516.973000   0.568023
516.974000   0.563547
516.975000   0.557325
516.976000   0.549641
516.977000   0.540652
516.978000   0.530487
516.979000   0.519373
516.980000   0.507679
516.981000   0.495871
516.982000   0.484455
516.983000   0.473922
516.984000   0.464700
516.985000   0.457076
516.986000   0.451146
516.987000   0.446827
516.988000   0.443945
516.989000   0.442299
516.990000   0.441672
516.991000   0.441821
516.992000   0.442483
516.993000   0.443391
516.994000   0.444278
516.995000   0.444812
516.996000   0.444534
516.997000   0.442905
516.998000   0.439448
516.999000   0.433860
517.000000   0.426048
517.001000   0.416126
517.001000   0.416126
517.002000   0.404407
517.003000   0.391362
517.004000   0.377513
517.005000   0.363300
517.006000   0.349072
517.007000   0.335186
517.008000   0.322070
517.009000   0.310182
517.010000   0.299941
517.011000   0.291688
517.012000   0.285703
517.013000   0.282213
517.014000   0.281373
517.015000   0.283219
517.016000   0.287669
517.017000   0.294552
517.018000   0.303610
517.019000   0.314475
517.020000   0.326687
517.021000   0.339752
517.022000   0.353216
517.023000   0.366655
517.024000   0.379584
517.025000   0.391404
517.026000   0.401477
517.027000   0.409270
517.028000   0.414437
517.029000   0.416855
517.030000   0.416644
517.031000   0.414182
517.032000   0.410038
517.033000   0.404823
517.034000   0.399015
517.035000   0.392925
517.036000   0.386803
517.037000   0.380913
517.038000   0.375513
517.039000   0.370823
517.040000   0.367034
517.041000   0.364350
517.042000   0.362998
517.043000   0.363192
517.044000   0.365115
517.045000   0.368918
517.046000   0.374711
517.047000   0.382473
517.048000   0.391986
517.049000   0.402878
517.050000   0.414755
517.051000   0.427310
517.052000   0.440313
517.053000   0.453500
517.054000   0.466482
517.055000   0.478776
517.056000   0.489886
517.057000   0.499368
517.058000   0.506897
517.059000   0.512328
517.060000   0.515728
517.061000   0.517302
517.062000   0.517248
517.063000   0.515616
517.064000   0.512335
517.065000   0.507353
517.066000   0.500723
517.067000   0.492589
517.068000   0.483156
517.069000   0.472676
517.070000   0.461467
517.071000   0.449886
517.072000   0.438267
517.073000   0.426886
517.074000   0.415988
517.075000   0.405807
517.076000   0.396520
517.077000   0.388214
517.078000   0.380914
517.079000   0.374653
517.080000   0.369523
517.081000   0.365622
517.082000   0.362979
517.083000   0.361530
517.084000   0.361160
517.085000   0.361715
517.086000   0.362986
517.087000   0.364721
517.088000   0.366670
517.089000   0.368647
517.090000   0.370497
517.091000   0.372017
517.092000   0.372903
517.093000   0.372836
517.094000   0.371597
517.095000   0.369112
517.096000   0.365442
517.097000   0.360767
517.098000   0.355394
517.099000   0.349711
517.100000   0.344078
517.101000   0.338731
517.102000   0.333802
517.103000   0.329435
517.104000   0.325834
517.105000   0.323237
517.106000   0.321858
517.107000   0.321875
517.108000   0.323428
517.109000   0.326592
517.110000   0.331322
517.111000   0.337454
517.112000   0.344779
517.113000   0.353102
517.114000   0.362224
517.115000   0.371903
517.116000   0.381856
517.117000   0.391810
517.118000   0.401523
517.119000   0.410749
517.120000   0.419209
517.121000   0.426636
517.122000   0.432856
517.123000   0.437806
517.124000   0.441495
517.125000   0.443989
517.126000   0.445445
517.127000   0.446127
517.128000   0.446353
517.129000   0.446381
517.130000   0.446352
517.131000   0.446349
517.132000   0.446464
517.133000   0.446819
517.134000   0.447542
517.135000   0.448768
517.136000   0.450653
517.137000   0.453344
517.138000   0.456884
517.139000   0.461138
517.140000   0.465844
517.141000   0.470728
517.142000   0.475548
517.143000   0.480093
517.144000   0.484176
517.145000   0.487685
517.146000   0.490610
517.147000   0.492968
517.148000   0.494689
517.149000   0.495593
517.150000   0.495500
517.151000   0.494323
517.152000   0.492099
517.153000   0.488991
517.154000   0.485294
517.155000   0.481430
517.156000   0.477874
517.157000   0.475007
517.158000   0.473032
517.159000   0.472014
517.160000   0.471972
517.161000   0.472891
517.162000   0.474691
517.163000   0.477222
517.164000   0.480315
517.165000   0.483855
517.166000   0.487776
517.167000   0.492010
517.168000   0.496458
517.169000   0.501011
517.170000   0.505573
517.171000   0.510022
517.172000   0.514192
517.173000   0.517916
517.174000   0.521080
517.175000   0.523599
517.176000   0.525294
517.177000   0.525793
517.178000   0.524587
517.179000   0.521148
517.180000   0.515036
517.181000   0.505942
517.182000   0.493743
517.183000   0.478536
517.184000   0.460616
517.185000   0.440359
517.186000   0.418083
517.187000   0.394025
517.188000   0.368458
517.189000   0.341773
517.190000   0.314480
517.191000   0.287162
517.192000   0.260459
517.193000   0.235067
517.194000   0.211702
517.195000   0.190995
517.196000   0.173422
517.197000   0.159333
517.198000   0.149003
517.199000   0.142605
517.200000   0.140150
517.201000   0.141493
517.202000   0.146415
517.203000   0.154715
517.204000   0.166187
517.205000   0.180535
517.206000   0.197326
517.207000   0.216039
517.208000   0.236148
517.209000   0.257178
517.210000   0.278740
517.211000   0.300586
517.212000   0.322621
517.213000   0.344816
517.214000   0.367021
517.215000   0.388816
517.216000   0.409580
517.217000   0.428715
517.218000   0.445814
517.219000   0.460715
517.220000   0.473473
517.221000   0.484323
517.222000   0.493617
517.223000   0.501696
517.224000   0.508772
517.225000   0.514912
517.226000   0.520158
517.227000   0.524623
517.228000   0.528481
517.229000   0.531887
517.230000   0.534930
517.231000   0.537646
517.232000   0.540038
517.233000   0.542063
517.234000   0.543627
517.235000   0.544607
517.236000   0.544909
517.237000   0.544466
517.238000   0.543180
517.239000   0.540895
517.240000   0.537448
517.241000   0.532744
517.242000   0.526756
517.243000   0.519447
517.244000   0.510731
517.245000   0.500529
517.246000   0.488859
517.247000   0.475867
517.248000   0.461819
517.249000   0.447117
517.250000   0.432289
517.251000   0.417923
517.252000   0.404503
517.253000   0.392299
517.254000   0.381408
517.255000   0.371889
517.256000   0.363843
517.257000   0.357416
517.258000   0.352776
517.259000   0.350109
517.260000   0.349618
517.261000   0.351438
517.262000   0.355526
517.263000   0.361617
517.264000   0.369315
517.265000   0.378206
517.266000   0.387911
517.267000   0.398106
517.268000   0.408570
517.269000   0.419237
517.270000   0.430171
517.271000   0.441448
517.272000   0.453009
517.273000   0.464642
517.274000   0.476086
517.275000   0.487105
517.276000   0.497480
517.277000   0.506999
517.278000   0.515508
517.279000   0.522963
517.280000   0.529420
517.281000   0.534997
517.282000   0.539825
517.283000   0.544043
517.284000   0.547792
517.285000   0.551157
517.286000   0.554133
517.287000   0.556660
517.288000   0.558683
517.289000   0.560183
517.290000   0.561137
517.291000   0.561466
517.292000   0.561015
517.293000   0.559579
517.294000   0.556921
517.295000   0.552750
517.296000   0.546733
517.297000   0.538585
517.298000   0.528141
517.299000   0.515366
517.300000   0.500317
517.301000   0.483112
517.302000   0.463947
517.303000   0.443106
517.304000   0.420914
517.305000   0.397685
517.306000   0.373760
517.307000   0.349576
517.308000   0.325678
517.309000   0.302659
517.310000   0.281092
517.311000   0.261502
517.312000   0.244377
517.313000   0.230132
517.314000   0.219025
517.315000   0.211128
517.316000   0.206409
517.317000   0.204796
517.318000   0.206173
517.319000   0.210333
517.320000   0.216976
517.321000   0.225763
517.322000   0.236374
517.323000   0.248486
517.324000   0.261722
517.325000   0.275708
517.326000   0.290177
517.327000   0.304989
517.328000   0.320066
517.329000   0.335328
517.330000   0.350694
517.331000   0.366132
517.332000   0.381643
517.333000   0.397184
517.334000   0.412623
517.335000   0.427797
517.336000   0.442565
517.337000   0.456809
517.338000   0.470388
517.339000   0.483127
517.340000   0.494846
517.341000   0.505405
517.342000   0.514694
517.343000   0.522589
517.344000   0.528965
517.345000   0.533764
517.346000   0.537009
517.347000   0.538777
517.348000   0.539152
517.349000   0.538243
517.350000   0.536223
517.351000   0.533287
517.352000   0.529549
517.353000   0.524982
517.354000   0.519500
517.355000   0.513052
517.356000   0.505625
517.357000   0.497222
517.358000   0.487865
517.359000   0.477617
517.360000   0.466573
517.361000   0.454800
517.362000   0.442285
517.363000   0.428985
517.364000   0.414905
517.365000   0.400122
517.366000   0.384759
517.367000   0.368955
517.368000   0.352883
517.369000   0.336768
517.370000   0.320869
517.371000   0.305408
517.372000   0.290536
517.373000   0.276360
517.374000   0.262974
517.375000   0.250425
517.376000   0.238682
517.377000   0.227653
517.378000   0.217250
517.379000   0.207435
517.380000   0.198199
517.381000   0.189542
517.382000   0.181484
517.383000   0.174088
517.384000   0.167434
517.385000   0.161556
517.386000   0.156459
517.387000   0.152171
517.388000   0.148812
517.389000   0.146579
517.390000   0.145662
517.391000   0.146188
517.392000   0.148226
517.393000   0.151806
517.394000   0.156892
517.395000   0.163384
517.396000   0.171154
517.397000   0.180110
517.398000   0.190201
517.399000   0.201360
517.400000   0.213445
517.401000   0.226268
517.402000   0.239650
517.403000   0.253417
517.404000   0.267378
517.405000   0.281354
517.406000   0.295263
517.407000   0.309158
517.408000   0.323192
517.409000   0.337533
517.410000   0.352323
517.411000   0.367684
517.412000   0.383673
517.413000   0.400208
517.414000   0.417050
517.415000   0.433870
517.416000   0.450331
517.417000   0.466118
517.418000   0.480924
517.419000   0.494431
517.420000   0.506324
517.421000   0.516288
517.422000   0.523970
517.423000   0.528966
517.424000   0.530903
517.425000   0.529574
517.426000   0.525024
517.427000   0.517546
517.428000   0.507576
517.429000   0.495617
517.430000   0.482202
517.431000   0.467869
517.432000   0.453100
517.433000   0.438297
517.434000   0.423816
517.435000   0.410009
517.436000   0.397203
517.437000   0.385650
517.438000   0.375502
517.439000   0.366838
517.440000   0.359695
517.441000   0.354032
517.442000   0.349684
517.443000   0.346398
517.444000   0.343927
517.445000   0.342103
517.446000   0.340839
517.447000   0.340084
517.448000   0.339788
517.449000   0.339894
517.450000   0.340313
517.451000   0.340886
517.452000   0.341394
517.453000   0.341657
517.454000   0.341614
517.455000   0.341341
517.456000   0.340996
517.457000   0.340751
517.458000   0.340784
517.459000   0.341261
517.460000   0.342291
517.461000   0.343891
517.462000   0.346025
517.463000   0.348668
517.464000   0.351841
517.465000   0.355587
517.466000   0.359919
517.467000   0.364820
517.468000   0.370273
517.469000   0.376264
517.470000   0.382763
517.471000   0.389736
517.472000   0.397185
517.473000   0.405144
517.474000   0.413637
517.475000   0.422597
517.476000   0.431857
517.477000   0.441189
517.478000   0.450337
517.479000   0.458984
517.480000   0.466744
517.481000   0.473215
517.482000   0.478068
517.483000   0.481088
517.484000   0.482164
517.485000   0.481239
517.486000   0.478297
517.487000   0.473355
517.488000   0.466460
517.489000   0.457694
517.490000   0.447235
517.491000   0.435415
517.492000   0.422721
517.493000   0.409709
517.494000   0.396879
517.495000   0.384595
517.496000   0.373110
517.497000   0.362622
517.498000   0.353299
517.499000   0.345271
517.500000   0.338636
517.501000   0.333465
517.501000   0.333465
517.502000   0.329797
517.503000   0.327623
517.504000   0.326888
517.505000   0.327522
517.506000   0.329447
517.507000   0.332493
517.508000   0.336326
517.509000   0.340481
517.510000   0.344515
517.511000   0.348121
517.512000   0.351174
517.513000   0.353719
517.514000   0.355939
517.515000   0.358110
517.516000   0.360505
517.517000   0.363288
517.518000   0.366512
517.519000   0.370233
517.520000   0.374608
517.521000   0.379894
517.522000   0.386390
517.523000   0.394360
517.524000   0.404011
517.525000   0.415483
517.526000   0.428831
517.527000   0.443993
517.528000   0.460819
517.529000   0.479118
517.530000   0.498667
517.531000   0.519167
517.532000   0.540201
517.533000   0.561231
517.534000   0.581643
517.535000   0.600783
517.536000   0.617911
517.537000   0.632193
517.538000   0.642798
517.539000   0.649079
517.540000   0.650691
517.541000   0.647642
517.542000   0.640266
517.543000   0.629167
517.544000   0.615090
517.545000   0.598764
517.546000   0.580789
517.547000   0.561647
517.548000   0.541789
517.549000   0.521670
517.550000   0.501732
517.551000   0.482367
517.552000   0.463883
517.553000   0.446491
517.554000   0.430319
517.555000   0.415415
517.556000   0.401754
517.557000   0.389273
517.558000   0.377920
517.559000   0.367679
517.560000   0.358578
517.561000   0.350694
517.562000   0.344163
517.563000   0.339159
517.564000   0.335793
517.565000   0.333998
517.566000   0.333538
517.567000   0.334131
517.568000   0.335547
517.569000   0.337652
517.570000   0.340422
517.571000   0.343941
517.572000   0.348344
517.573000   0.353692
517.574000   0.359848
517.575000   0.366518
517.576000   0.373399
517.577000   0.380289
517.578000   0.387103
517.579000   0.393856
517.580000   0.400640
517.581000   0.407589
517.582000   0.414819
517.583000   0.422349
517.584000   0.430089
517.585000   0.437923
517.586000   0.445782
517.587000   0.453669
517.588000   0.461622
517.589000   0.469690
517.590000   0.477908
517.591000   0.486288
517.592000   0.494753
517.593000   0.503051
517.594000   0.510766
517.595000   0.517424
517.596000   0.522600
517.597000   0.525978
517.598000   0.527376
517.599000   0.526773
517.600000   0.524313
517.601000   0.520217
517.602000   0.514620
517.603000   0.507492
517.604000   0.498743
517.605000   0.488379
517.606000   0.476550
517.607000   0.463547
517.608000   0.449771
517.609000   0.435704
517.610000   0.421850
517.611000   0.408619
517.612000   0.396229
517.613000   0.384746
517.614000   0.374197
517.615000   0.364634
517.616000   0.356126
517.617000   0.348751
517.618000   0.342618
517.619000   0.337884
517.620000   0.334694
517.621000   0.333030
517.622000   0.332651
517.623000   0.333231
517.624000   0.334524
517.625000   0.336428
517.626000   0.338971
517.627000   0.342297
517.628000   0.346647
517.629000   0.352295
517.630000   0.359404
517.631000   0.367916
517.632000   0.377607
517.633000   0.388205
517.634000   0.399451
517.635000   0.411090
517.636000   0.422879
517.637000   0.434606
517.638000   0.446118
517.639000   0.457290
517.640000   0.467945
517.641000   0.477813
517.642000   0.486602
517.643000   0.494074
517.644000   0.500071
517.645000   0.504519
517.646000   0.507448
517.647000   0.508996
517.648000   0.509369
517.649000   0.508710
517.650000   0.506985
517.651000   0.504033
517.652000   0.499694
517.653000   0.493871
517.654000   0.486551
517.655000   0.477823
517.656000   0.467899
517.657000   0.457111
517.658000   0.445845
517.659000   0.434413
517.660000   0.423000
517.661000   0.411699
517.662000   0.400573
517.663000   0.389677
517.664000   0.379090
517.665000   0.368954
517.666000   0.359501
517.667000   0.351036
517.668000   0.343827
517.669000   0.337997
517.670000   0.333529
517.671000   0.330368
517.672000   0.328491
517.673000   0.327931
517.674000   0.328801
517.675000   0.331307
517.676000   0.335729
517.677000   0.342322
517.678000   0.351150
517.679000   0.362013
517.680000   0.374539
517.681000   0.388312
517.682000   0.402964
517.683000   0.418238
517.684000   0.434037
517.685000   0.450430
517.686000   0.467564
517.687000   0.485502
517.688000   0.504085
517.689000   0.522947
517.690000   0.541627
517.691000   0.559638
517.692000   0.576509
517.693000   0.591829
517.694000   0.605288
517.695000   0.616685
517.696000   0.625879
517.697000   0.632717
517.698000   0.637013
517.699000   0.638597
517.700000   0.637346
517.701000   0.633190
517.702000   0.626144
517.703000   0.616359
517.704000   0.604143
517.705000   0.589913
517.706000   0.574086
517.707000   0.557005
517.708000   0.538945
517.709000   0.520155
517.710000   0.500859
517.711000   0.481263
517.712000   0.461586
517.713000   0.442110
517.714000   0.423165
517.715000   0.405080
517.716000   0.388086
517.717000   0.372296
517.718000   0.357731
517.719000   0.344348
517.720000   0.332047
517.721000   0.320692
517.722000   0.310167
517.723000   0.300412
517.724000   0.291366
517.725000   0.282873
517.726000   0.274673
517.727000   0.266526
517.728000   0.258341
517.729000   0.250186
517.730000   0.242230
517.731000   0.234716
517.732000   0.227947
517.733000   0.222254
517.734000   0.217900
517.735000   0.215041
517.736000   0.213786
517.737000   0.214267
517.738000   0.216631
517.739000   0.220976
517.740000   0.227311
517.741000   0.235589
517.742000   0.245743
517.743000   0.257669
517.744000   0.271173
517.745000   0.285976
517.746000   0.301776
517.747000   0.318311
517.748000   0.335343
517.749000   0.352613
517.750000   0.369846
517.751000   0.386780
517.752000   0.403170
517.753000   0.418717
517.754000   0.433037
517.755000   0.445740
517.756000   0.456546
517.757000   0.465324
517.758000   0.472060
517.759000   0.476831
517.760000   0.479804
517.761000   0.481221
517.762000   0.481305
517.763000   0.480196
517.764000   0.477980
517.765000   0.474796
517.766000   0.470876
517.767000   0.466507
517.768000   0.461951
517.769000   0.457385
517.770000   0.452915
517.771000   0.448598
517.772000   0.444436
517.773000   0.440375
517.774000   0.436341
517.775000   0.432279
517.776000   0.428158
517.777000   0.423928
517.778000   0.419511
517.779000   0.414864
517.780000   0.410033
517.781000   0.405089
517.782000   0.400006
517.783000   0.394654
517.784000   0.388901
517.785000   0.382727
517.786000   0.376245
517.787000   0.369688
517.788000   0.363377
517.789000   0.357676
517.790000   0.352899
517.791000   0.349206
517.792000   0.346610
517.793000   0.345081
517.794000   0.344631
517.795000   0.345327
517.796000   0.347248
517.797000   0.350443
517.798000   0.354920
517.799000   0.360647
517.800000   0.367524
517.801000   0.375364
517.802000   0.383947
517.803000   0.393103
517.804000   0.402747
517.805000   0.412866
517.806000   0.423481
517.807000   0.434615
517.808000   0.446267
517.809000   0.458335
517.810000   0.470552
517.811000   0.482527
517.812000   0.493871
517.813000   0.504282
517.814000   0.513556
517.815000   0.521565
517.816000   0.528234
517.817000   0.533527
517.818000   0.537381
517.819000   0.539621
517.820000   0.539952
517.821000   0.538083
517.822000   0.533854
517.823000   0.527281
517.824000   0.518542
517.825000   0.507930
517.826000   0.495800
517.827000   0.482479
517.828000   0.468172
517.829000   0.452918
517.830000   0.436692
517.831000   0.419541
517.832000   0.401655
517.833000   0.383344
517.834000   0.364983
517.835000   0.346959
517.836000   0.329631
517.837000   0.313274
517.838000   0.298000
517.839000   0.283756
517.840000   0.270435
517.841000   0.257990
517.842000   0.246482
517.843000   0.236069
517.844000   0.226984
517.845000   0.219501
517.846000   0.213875
517.847000   0.210226
517.848000   0.208477
517.849000   0.208432
517.850000   0.209925
517.851000   0.212899
517.852000   0.217410
517.853000   0.223584
517.854000   0.231558
517.855000   0.241415
517.856000   0.253095
517.857000   0.266324
517.858000   0.280648
517.859000   0.295579
517.860000   0.310717
517.861000   0.325801
517.862000   0.340702
517.863000   0.355400
517.864000   0.369946
517.865000   0.384385
517.866000   0.398620
517.867000   0.412367
517.868000   0.425281
517.869000   0.437138
517.870000   0.447904
517.871000   0.457704
517.872000   0.466753
517.873000   0.475274
517.874000   0.483432
517.875000   0.491265
517.876000   0.498652
517.877000   0.505375
517.878000   0.511229
517.879000   0.516083
517.880000   0.519884
517.881000   0.522639
517.882000   0.524409
517.883000   0.525299
517.884000   0.525420
517.885000   0.524779
517.886000   0.523203
517.887000   0.520403
517.888000   0.516122
517.889000   0.510219
517.890000   0.502699
517.891000   0.493715
517.892000   0.483559
517.893000   0.472611
517.894000   0.461198
517.895000   0.449450
517.896000   0.437334
517.897000   0.424804
517.898000   0.411898
517.899000   0.398743
517.900000   0.385542
517.901000   0.372579
517.902000   0.360214
517.903000   0.348821
517.904000   0.338655
517.905000   0.329799
517.906000   0.322255
517.907000   0.316045
517.908000   0.311238
517.909000   0.307942
517.910000   0.306302
517.911000   0.306507
517.912000   0.308768
517.913000   0.313208
517.914000   0.319736
517.915000   0.328041
517.916000   0.337708
517.917000   0.348304
517.918000   0.359431
517.919000   0.370782
517.920000   0.382209
517.921000   0.393759
517.922000   0.405565
517.923000   0.417626
517.924000   0.429684
517.925000   0.441342
517.926000   0.452230
517.927000   0.462092
517.928000   0.470808
517.929000   0.478402
517.930000   0.485038
517.931000   0.490946
517.932000   0.496306
517.933000   0.501155
517.934000   0.505409
517.935000   0.508947
517.936000   0.511643
517.937000   0.513385
517.938000   0.514092
517.939000   0.513749
517.940000   0.512428
517.941000   0.510245
517.942000   0.507262
517.943000   0.503383
517.944000   0.498399
517.945000   0.492081
517.946000   0.484279
517.947000   0.474976
517.948000   0.464329
517.949000   0.452666
517.950000   0.440423
517.951000   0.428004
517.952000   0.415668
517.953000   0.403548
517.954000   0.391724
517.955000   0.380270
517.956000   0.369289
517.957000   0.358935
517.958000   0.349438
517.959000   0.341081
517.960000   0.334139
517.961000   0.328757
517.962000   0.324884
517.963000   0.322303
517.964000   0.320739
517.965000   0.319956
517.966000   0.319844
517.967000   0.320443
517.968000   0.321932
517.969000   0.324544
517.970000   0.328423
517.971000   0.333475
517.972000   0.339360
517.973000   0.345628
517.974000   0.351843
517.975000   0.357681
517.976000   0.362986
517.977000   0.367789
517.978000   0.372274
517.979000   0.376673
517.980000   0.381125
517.981000   0.385619
517.982000   0.390050
517.983000   0.394309
517.984000   0.398337
517.985000   0.402169
517.986000   0.405939
517.987000   0.409864
517.988000   0.414198
517.989000   0.419167
517.990000   0.424913
517.991000   0.431448
517.992000   0.438619
517.993000   0.446103
517.994000   0.453504
517.995000   0.460459
517.996000   0.466727
517.997000   0.472219
517.998000   0.476965
517.999000   0.481014
518.000000   0.484307
518.001000   0.486634
518.001000   0.486634
518.002000   0.487684
518.003000   0.487157
518.004000   0.484873
518.005000   0.480826
518.006000   0.475177
518.007000   0.468192
518.008000   0.460143
518.009000   0.451216
518.010000   0.441500
518.011000   0.431031
518.012000   0.419849
518.013000   0.408042
518.014000   0.395784
518.015000   0.383352
518.016000   0.371102
518.017000   0.359429
518.018000   0.348703
518.019000   0.339220
518.020000   0.331166
518.021000   0.324570
518.022000   0.319322
518.023000   0.315263
518.024000   0.312284
518.025000   0.310381
518.026000   0.309672
518.027000   0.310359
518.028000   0.312670
518.029000   0.316757
518.030000   0.322575
518.031000   0.329825
518.032000   0.338065
518.033000   0.346884
518.034000   0.355997
518.035000   0.365269
518.036000   0.374683
518.037000   0.384267
518.038000   0.394017
518.039000   0.403821
518.040000   0.413448
518.041000   0.422621
518.042000   0.431099
518.043000   0.438709
518.044000   0.445314
518.045000   0.450793
518.046000   0.455029
518.047000   0.457940
518.048000   0.459528
518.049000   0.459885
518.050000   0.459150
518.051000   0.457445
518.052000   0.454873
518.053000   0.451540
518.054000   0.447568
518.055000   0.443111
518.056000   0.438356
518.057000   0.433540
518.058000   0.428929
518.059000   0.424726
518.060000   0.420975
518.061000   0.417608
518.062000   0.414552
518.063000   0.411779
518.064000   0.409291
518.065000   0.407089
518.066000   0.405178
518.067000   0.403597
518.068000   0.402414
518.069000   0.401673
518.070000   0.401338
518.071000   0.401311
518.072000   0.401490
518.073000   0.401777
518.074000   0.402061
518.075000   0.402210
518.076000   0.402113
518.077000   0.401719
518.078000   0.401060
518.079000   0.400212
518.080000   0.399247
518.081000   0.398219
518.082000   0.397173
518.083000   0.396135
518.084000   0.395114
518.085000   0.394142
518.086000   0.393352
518.087000   0.393014
518.088000   0.393520
518.089000   0.395262
518.090000   0.398500
518.091000   0.403312
518.092000   0.409616
518.093000   0.417204
518.094000   0.425790
518.095000   0.435064
518.096000   0.444753
518.097000   0.454646
518.098000   0.464581
518.099000   0.474395
518.100000   0.483875
518.101000   0.492742
518.102000   0.500653
518.103000   0.507228
518.104000   0.512089
518.105000   0.514925
518.106000   0.515556
518.107000   0.513975
518.108000   0.510351
518.109000   0.504966
518.110000   0.498103
518.111000   0.489966
518.112000   0.480696
518.113000   0.470430
518.114000   0.459357
518.115000   0.447738
518.116000   0.435906
518.117000   0.424253
518.118000   0.413189
518.119000   0.403075
518.120000   0.394152
518.121000   0.386510
518.122000   0.380103
518.123000   0.374790
518.124000   0.370376
518.125000   0.366641
518.126000   0.363378
518.127000   0.360421
518.128000   0.357657
518.129000   0.354993
518.130000   0.352295
518.131000   0.349336
518.132000   0.345813
518.133000   0.341431
518.134000   0.335982
518.135000   0.329401
518.136000   0.321792
518.137000   0.313436
518.138000   0.304747
518.139000   0.296182
518.140000   0.288128
518.141000   0.280868
518.142000   0.274637
518.143000   0.269707
518.144000   0.266418
518.145000   0.265162
518.146000   0.266348
518.147000   0.270356
518.148000   0.277484
518.149000   0.287888
518.150000   0.301530
518.151000   0.318159
518.152000   0.337340
518.153000   0.358521
518.154000   0.381093
518.155000   0.404438
518.156000   0.427962
518.157000   0.451115
518.158000   0.473375
518.159000   0.494223
518.160000   0.513110
518.161000   0.529447
518.162000   0.542641
518.163000   0.552189
518.164000   0.557784
518.165000   0.559364
518.166000   0.557116
518.167000   0.551425
518.168000   0.542813
518.169000   0.531884
518.170000   0.519255
518.171000   0.505480
518.172000   0.491023
518.173000   0.476296
518.174000   0.461697
518.175000   0.447611
518.176000   0.434370
518.177000   0.422230
518.178000   0.411360
518.179000   0.401857
518.180000   0.393747
518.181000   0.386956
518.182000   0.381319
518.183000   0.376631
518.184000   0.372704
518.185000   0.369370
518.186000   0.366456
518.187000   0.363775
518.188000   0.361157
518.189000   0.358485
518.190000   0.355703
518.191000   0.352804
518.192000   0.349836
518.193000   0.346926
518.194000   0.344258
518.195000   0.342016
518.196000   0.340324
518.197000   0.339250
518.198000   0.338870
518.199000   0.339324
518.200000   0.340824
518.201000   0.343591
518.202000   0.347809
518.203000   0.353615
518.204000   0.361105
518.205000   0.370314
518.206000   0.381217
518.207000   0.393753
518.208000   0.407858
518.209000   0.423450
518.210000   0.440333
518.211000   0.458113
518.212000   0.476248
518.213000   0.494156
518.214000   0.511260
518.215000   0.526997
518.216000   0.540831
518.217000   0.552312
518.218000   0.561120
518.219000   0.567081
518.220000   0.570148
518.221000   0.570382
518.222000   0.567940
518.223000   0.563029
518.224000   0.555866
518.225000   0.546677
518.226000   0.535734
518.227000   0.523393
518.228000   0.510104
518.229000   0.496382
518.230000   0.482732
518.231000   0.469544
518.232000   0.457055
518.233000   0.445362
518.234000   0.434470
518.235000   0.424346
518.236000   0.414966
518.237000   0.406358
518.238000   0.398606
518.239000   0.391814
518.240000   0.386029
518.241000   0.381204
518.242000   0.377226
518.243000   0.373946
518.244000   0.371220
518.245000   0.368948
518.246000   0.367099
518.247000   0.365705
518.248000   0.364841
518.249000   0.364592
518.250000   0.365004
518.251000   0.366047
518.252000   0.367586
518.253000   0.369378
518.254000   0.371131
518.255000   0.372577
518.256000   0.373526
518.257000   0.373893
518.258000   0.373712
518.259000   0.373085
518.260000   0.372098
518.261000   0.370735
518.262000   0.368897
518.263000   0.366507
518.264000   0.363622
518.265000   0.360493
518.266000   0.357550
518.267000   0.355335
518.268000   0.354401
518.269000   0.355187
518.270000   0.357937
518.271000   0.362688
518.272000   0.369302
518.273000   0.377538
518.274000   0.387101
518.275000   0.397659
518.276000   0.408866
518.277000   0.420369
518.278000   0.431823
518.279000   0.442859
518.280000   0.453010
518.281000   0.461658
518.282000   0.468087
518.283000   0.471639
518.284000   0.471864
518.285000   0.468627
518.286000   0.462141
518.287000   0.452937
518.288000   0.441732
518.289000   0.429258
518.290000   0.416105
518.291000   0.402694
518.292000   0.389346
518.293000   0.376378
518.294000   0.364152
518.295000   0.353096
518.296000   0.343692
518.297000   0.336446
518.298000   0.331803
518.299000   0.330025
518.300000   0.331078
518.301000   0.334623
518.302000   0.340127
518.303000   0.347011
518.304000   0.354757
518.305000   0.362980
518.306000   0.371451
518.307000   0.380073
518.308000   0.388766
518.309000   0.397304
518.310000   0.405244
518.311000   0.412026
518.312000   0.417179
518.313000   0.420462
518.314000   0.421913
518.315000   0.421827
518.316000   0.420690
518.317000   0.419065
518.318000   0.417435
518.319000   0.416062
518.320000   0.414972
518.321000   0.414088
518.322000   0.413365
518.323000   0.412862
518.324000   0.412742
518.325000   0.413261
518.326000   0.414740
518.327000   0.417481
518.328000   0.421629
518.329000   0.427062
518.330000   0.433422
518.331000   0.440275
518.332000   0.447227
518.333000   0.453982
518.334000   0.460359
518.335000   0.466287
518.336000   0.471774
518.337000   0.476808
518.338000   0.481223
518.339000   0.484650
518.340000   0.486639
518.341000   0.486818
518.342000   0.484979
518.343000   0.481087
518.344000   0.475265
518.345000   0.467764
518.346000   0.458913
518.347000   0.449013
518.348000   0.438233
518.349000   0.426621
518.350000   0.414226
518.351000   0.401192
518.352000   0.387775
518.353000   0.374332
518.354000   0.361297
518.355000   0.349154
518.356000   0.338352
518.357000   0.329161
518.358000   0.321581
518.359000   0.315415
518.360000   0.310405
518.361000   0.306335
518.362000   0.303070
518.363000   0.300581
518.364000   0.298961
518.365000   0.298375
518.366000   0.298939
518.367000   0.300575
518.368000   0.303003
518.369000   0.305878
518.370000   0.308914
518.371000   0.311942
518.372000   0.314914
518.373000   0.317895
518.374000   0.321028
518.375000   0.324450
518.376000   0.328153
518.377000   0.331942
518.378000   0.335533
518.379000   0.338687
518.380000   0.341288
518.381000   0.343371
518.382000   0.345130
518.383000   0.346901
518.384000   0.349098
518.385000   0.352091
518.386000   0.356107
518.387000   0.361237
518.388000   0.367495
518.389000   0.374865
518.390000   0.383324
518.391000   0.392898
518.392000   0.403689
518.393000   0.415853
518.394000   0.429510
518.395000   0.444614
518.396000   0.460891
518.397000   0.477892
518.398000   0.495064
518.399000   0.511815
518.400000   0.527589
518.401000   0.541946
518.402000   0.554611
518.403000   0.565447
518.404000   0.574368
518.405000   0.581259
518.406000   0.585977
518.407000   0.588406
518.408000   0.588489
518.409000   0.586222
518.410000   0.581707
518.411000   0.575214
518.412000   0.567185
518.413000   0.558143
518.414000   0.548565
518.415000   0.538829
518.416000   0.529227
518.417000   0.519999
518.418000   0.511340
518.419000   0.503421
518.420000   0.496454
518.421000   0.490713
518.422000   0.486462
518.423000   0.483823
518.424000   0.482671
518.425000   0.482655
518.426000   0.483306
518.427000   0.484153
518.428000   0.484802
518.429000   0.484962
518.430000   0.484455
518.431000   0.483192
518.432000   0.481102
518.433000   0.478039
518.434000   0.473781
518.435000   0.468134
518.436000   0.461049
518.437000   0.452672
518.438000   0.443290
518.439000   0.433253
518.440000   0.422930
518.441000   0.412699
518.442000   0.402933
518.443000   0.393996
518.444000   0.386274
518.445000   0.380178
518.446000   0.376117
518.447000   0.374436
518.448000   0.375331
518.449000   0.378802
518.450000   0.384659
518.451000   0.392549
518.452000   0.401957
518.453000   0.412214
518.454000   0.422576
518.455000   0.432333
518.456000   0.440897
518.457000   0.447853
518.458000   0.452963
518.459000   0.456114
518.460000   0.457229
518.461000   0.456167
518.462000   0.452701
518.463000   0.446642
518.464000   0.437989
518.465000   0.426979
518.466000   0.414069
518.467000   0.399871
518.468000   0.385078
518.469000   0.370378
518.470000   0.356363
518.471000   0.343471
518.472000   0.332010
518.473000   0.322209
518.474000   0.314261
518.475000   0.308317
518.476000   0.304493
518.477000   0.302884
518.478000   0.303572
518.479000   0.306597
518.480000   0.311860
518.481000   0.319030
518.482000   0.327573
518.483000   0.336890
518.484000   0.346457
518.485000   0.355914
518.486000   0.365099
518.487000   0.374048
518.488000   0.382922
518.489000   0.391877
518.490000   0.400923
518.491000   0.409903
518.492000   0.418601
518.493000   0.426851
518.494000   0.434595
518.495000   0.441889
518.496000   0.448893
518.497000   0.455831
518.498000   0.462925
518.499000   0.470290
518.500000   0.477863
518.501000   0.485421
518.501000   0.485421
518.502000   0.492667
518.503000   0.499318
518.504000   0.505161
518.505000   0.510106
518.506000   0.514200
518.507000   0.517604
518.508000   0.520484
518.509000   0.522873
518.510000   0.524621
518.511000   0.525496
518.512000   0.525316
518.513000   0.524030
518.514000   0.521738
518.515000   0.518683
518.516000   0.515214
518.517000   0.511704
518.518000   0.508402
518.519000   0.505347
518.520000   0.502414
518.521000   0.499426
518.522000   0.496245
518.523000   0.492811
518.524000   0.489149
518.525000   0.485368
518.526000   0.481645
518.527000   0.478153
518.528000   0.474964
518.529000   0.472015
518.530000   0.469174
518.531000   0.466337
518.532000   0.463509
518.533000   0.460823
518.534000   0.458538
518.535000   0.457000
518.536000   0.456551
518.537000   0.457394
518.538000   0.459506
518.539000   0.462689
518.540000   0.466693
518.541000   0.471305
518.542000   0.476382
518.543000   0.481842
518.544000   0.487650
518.545000   0.493759
518.546000   0.500020
518.547000   0.506113
518.548000   0.511596
518.549000   0.516042
518.550000   0.519118
518.551000   0.520613
518.552000   0.520427
518.553000   0.518572
518.554000   0.515160
518.555000   0.510363
518.556000   0.504354
518.557000   0.497270
518.558000   0.489243
518.559000   0.480428
518.560000   0.471003
518.561000   0.461149
518.562000   0.451042
518.563000   0.440858
518.564000   0.430762
518.565000   0.420863
518.566000   0.411169
518.567000   0.401612
518.568000   0.392105
518.569000   0.382581
518.570000   0.373010
518.571000   0.363401
518.572000   0.353824
518.573000   0.344398
518.574000   0.335242
518.575000   0.326397
518.576000   0.317804
518.577000   0.309375
518.578000   0.301056
518.579000   0.292854
518.580000   0.284825
518.581000   0.277067
518.582000   0.269728
518.583000   0.262984
518.584000   0.256995
518.585000   0.251892
518.586000   0.247812
518.587000   0.244944
518.588000   0.243500
518.589000   0.243658
518.590000   0.245541
518.591000   0.249253
518.592000   0.254903
518.593000   0.262603
518.594000   0.272434
518.595000   0.284430
518.596000   0.298591
518.597000   0.314869
518.598000   0.333137
518.599000   0.353190
518.600000   0.374773
518.601000   0.397614
518.602000   0.421408
518.603000   0.445762
518.604000   0.470160
518.605000   0.493990
518.606000   0.516597
518.607000   0.537317
518.608000   0.555527
518.609000   0.570725
518.610000   0.582622
518.611000   0.591169
518.612000   0.596477
518.613000   0.598683
518.614000   0.597904
518.615000   0.594283
518.616000   0.588053
518.617000   0.579549
518.618000   0.569208
518.619000   0.557545
518.620000   0.545107
518.621000   0.532384
518.622000   0.519698
518.623000   0.507184
518.624000   0.494869
518.625000   0.482760
518.626000   0.470876
518.627000   0.459236
518.628000   0.447862
518.629000   0.436792
518.630000   0.426073
518.631000   0.415713
518.632000   0.405637
518.633000   0.395707
518.634000   0.385792
518.635000   0.375820
518.636000   0.365808
518.637000   0.355889
518.638000   0.346335
518.639000   0.337518
518.640000   0.329791
518.641000   0.323348
518.642000   0.318192
518.643000   0.314221
518.644000   0.311326
518.645000   0.309442
518.646000   0.308558
518.647000   0.308728
518.648000   0.310052
518.649000   0.312621
518.650000   0.316408
518.651000   0.321207
518.652000   0.326681
518.653000   0.332476
518.654000   0.338312
518.655000   0.344036
518.656000   0.349634
518.657000   0.355222
518.658000   0.360987
518.659000   0.367080
518.660000   0.373512
518.661000   0.380150
518.662000   0.386814
518.663000   0.393362
518.664000   0.399731
518.665000   0.405937
518.666000   0.412063
518.667000   0.418230
518.668000   0.424533
518.669000   0.430978
518.670000   0.437467
518.671000   0.443864
518.672000   0.450065
518.673000   0.456033
518.674000   0.461789
518.675000   0.467424
518.676000   0.473080
518.677000   0.478922
518.678000   0.485075
518.679000   0.491606
518.680000   0.498540
518.681000   0.505890
518.682000   0.513634
518.683000   0.521693
518.684000   0.529922
518.685000   0.538143
518.686000   0.546168
518.687000   0.553809
518.688000   0.560846
518.689000   0.567014
518.690000   0.572022
518.691000   0.575583
518.692000   0.577434
518.693000   0.577342
518.694000   0.575123
518.695000   0.570665
518.696000   0.563912
518.697000   0.554808
518.698000   0.543285
518.699000   0.529337
518.700000   0.513105
518.701000   0.494922
518.702000   0.475281
518.703000   0.454786
518.704000   0.434098
518.705000   0.413879
518.706000   0.394714
518.707000   0.377042
518.708000   0.361144
518.709000   0.347199
518.710000   0.335321
518.711000   0.325585
518.712000   0.318038
518.713000   0.312710
518.714000   0.309618
518.715000   0.308752
518.716000   0.310031
518.717000   0.313303
518.718000   0.318384
518.719000   0.325115
518.720000   0.333391
518.721000   0.343145
518.722000   0.354329
518.723000   0.366872
518.724000   0.380659
518.725000   0.395480
518.726000   0.411004
518.727000   0.426802
518.728000   0.442437
518.729000   0.457534
518.730000   0.471833
518.731000   0.485211
518.732000   0.497696
518.733000   0.509434
518.734000   0.520590
518.735000   0.531215
518.736000   0.541202
518.737000   0.550351
518.738000   0.558460
518.739000   0.565390
518.740000   0.571088
518.741000   0.575607
518.742000   0.579080
518.743000   0.581644
518.744000   0.583325
518.745000   0.583982
518.746000   0.583365
518.747000   0.581227
518.748000   0.577399
518.749000   0.571819
518.750000   0.564546
518.751000   0.555753
518.752000   0.545695
518.753000   0.534613
518.754000   0.522634
518.755000   0.509754
518.756000   0.495929
518.757000   0.481195
518.758000   0.465721
518.759000   0.449822
518.760000   0.433940
518.761000   0.418604
518.762000   0.404347
518.763000   0.391590
518.764000   0.380553
518.765000   0.371271
518.766000   0.363679
518.767000   0.357715
518.768000   0.353359
518.769000   0.350656
518.770000   0.349704
518.771000   0.350621
518.772000   0.353455
518.773000   0.358092
518.774000   0.364221
518.775000   0.371432
518.776000   0.379339
518.777000   0.387668
518.778000   0.396288
518.779000   0.405197
518.780000   0.414484
518.781000   0.424258
518.782000   0.434557
518.783000   0.445288
518.784000   0.456240
518.785000   0.467134
518.786000   0.477696
518.787000   0.487705
518.788000   0.497028
518.789000   0.505626
518.790000   0.513536
518.791000   0.520809
518.792000   0.527432
518.793000   0.533290
518.794000   0.538192
518.795000   0.541932
518.796000   0.544352
518.797000   0.545382
518.798000   0.545067
518.799000   0.543557
518.800000   0.541067
518.801000   0.537801
518.802000   0.533897
518.803000   0.529434
518.804000   0.524460
518.805000   0.519023
518.806000   0.513181
518.807000   0.507021
518.808000   0.500652
518.809000   0.494193
518.810000   0.487729
518.811000   0.481270
518.812000   0.474761
518.813000   0.468127
518.814000   0.461324
518.815000   0.454368
518.816000   0.447332
518.817000   0.440353
518.818000   0.433618
518.819000   0.427334
518.820000   0.421695
518.821000   0.416867
518.822000   0.412997
518.823000   0.410201
518.824000   0.408542
518.825000   0.408011
518.826000   0.408566
518.827000   0.410179
518.828000   0.412862
518.829000   0.416646
518.830000   0.421548
518.831000   0.427551
518.832000   0.434594
518.833000   0.442547
518.834000   0.451203
518.835000   0.460310
518.836000   0.469624
518.837000   0.478936
518.838000   0.488053
518.839000   0.496770
518.840000   0.504860
518.841000   0.512086
518.842000   0.518210
518.843000   0.522980
518.844000   0.526150
518.845000   0.527543
518.846000   0.527107
518.847000   0.524919
518.848000   0.521141
518.849000   0.515962
518.850000   0.509568
518.851000   0.502144
518.852000   0.493855
518.853000   0.484838
518.854000   0.475224
518.855000   0.465179
518.856000   0.454905
518.857000   0.444610
518.858000   0.434467
518.859000   0.424622
518.860000   0.415226
518.861000   0.406442
518.862000   0.398397
518.863000   0.391143
518.864000   0.384669
518.865000   0.378946
518.866000   0.373921
518.867000   0.369497
518.868000   0.365512
518.869000   0.361788
518.870000   0.358171
518.871000   0.354530
518.872000   0.350724
518.873000   0.346634
518.874000   0.342231
518.875000   0.337613
518.876000   0.332973
518.877000   0.328556
518.878000   0.324652
518.879000   0.321594
518.880000   0.319726
518.881000   0.319335
518.882000   0.320637
518.883000   0.323804
518.884000   0.329001
518.885000   0.336341
518.886000   0.345819
518.887000   0.357281
518.888000   0.370458
518.889000   0.385023
518.890000   0.400642
518.891000   0.416993
518.892000   0.433786
518.893000   0.450781
518.894000   0.467747
518.895000   0.484381
518.896000   0.500283
518.897000   0.515019
518.898000   0.528231
518.899000   0.539690
518.900000   0.549273
518.901000   0.556909
518.902000   0.562572
518.903000   0.566288
518.904000   0.568120
518.905000   0.568143
518.906000   0.566451
518.907000   0.563194
518.908000   0.558595
518.909000   0.552927
518.910000   0.546469
518.911000   0.539450
518.912000   0.532041
518.913000   0.524345
518.914000   0.516383
518.915000   0.508098
518.916000   0.499411
518.917000   0.490313
518.918000   0.480925
518.919000   0.471494
518.920000   0.462316
518.921000   0.453651
518.922000   0.445672
518.923000   0.438433
518.924000   0.431869
518.925000   0.425847
518.926000   0.420253
518.927000   0.415061
518.928000   0.410351
518.929000   0.406268
518.930000   0.402967
518.931000   0.400566
518.932000   0.399100
518.933000   0.398475
518.934000   0.398484
518.935000   0.398891
518.936000   0.399542
518.937000   0.400432
518.938000   0.401696
518.939000   0.403527
518.940000   0.406064
518.941000   0.409312
518.942000   0.413122
518.943000   0.417233
518.944000   0.421357
518.945000   0.425272
518.946000   0.428890
518.947000   0.432249
518.948000   0.435443
518.949000   0.438523
518.950000   0.441423
518.951000   0.443983
518.952000   0.445982
518.953000   0.447184
518.954000   0.447407
518.955000   0.446592
518.956000   0.444832
518.957000   0.442348
518.958000   0.439404
518.959000   0.436208
518.960000   0.432841
518.961000   0.429262
518.962000   0.425351
518.963000   0.420985
518.964000   0.416100
518.965000   0.410727
518.966000   0.404977
518.967000   0.399002
518.968000   0.392928
518.969000   0.386809
518.970000   0.380599
518.971000   0.374150
518.972000   0.367226
518.973000   0.359595
518.974000   0.351130
518.975000   0.341889
518.976000   0.332139
518.977000   0.322340
518.978000   0.313083
518.979000   0.304992
518.980000   0.298608
518.981000   0.294306
518.982000   0.292304
518.983000   0.292727
518.984000   0.295660
518.985000   0.301152
518.986000   0.309212
518.987000   0.319784
518.988000   0.332722
518.989000   0.347730
518.990000   0.364300
518.991000   0.381695
518.992000   0.399048
518.993000   0.415526
518.994000   0.430459
518.995000   0.443428
518.996000   0.454292
518.997000   0.463147
518.998000   0.470224
518.999000   0.475763
519.000000   0.479940
519.001000   0.482912
519.001000   0.482912
519.002000   0.484896
519.003000   0.486210
519.004000   0.487241
519.005000   0.488390
519.006000   0.490012
519.007000   0.492374
519.008000   0.495606
519.009000   0.499661
519.010000   0.504298
519.011000   0.509137
519.012000   0.513765
519.013000   0.517822
519.014000   0.521026
519.015000   0.523189
519.016000   0.524192
519.017000   0.523954
519.018000   0.522340
519.019000   0.519088
519.020000   0.513850
519.021000   0.506370
519.022000   0.496643
519.023000   0.484949
519.024000   0.471786
519.025000   0.457773
519.026000   0.443553
519.027000   0.429707
519.028000   0.416668
519.029000   0.404666
519.030000   0.393774
519.031000   0.384013
519.032000   0.375415
519.033000   0.368038
519.034000   0.361959
519.035000   0.357266
519.036000   0.354048
519.037000   0.352351
519.038000   0.352094
519.039000   0.353032
519.040000   0.354830
519.041000   0.357196
519.042000   0.359954
519.043000   0.363045
519.044000   0.366518
519.045000   0.370512
519.046000   0.375232
519.047000   0.380833
519.048000   0.387260
519.049000   0.394199
519.050000   0.401214
519.051000   0.407928
519.052000   0.414116
519.053000   0.419732
519.054000   0.424900
519.055000   0.429875
519.056000   0.434940
519.057000   0.440252
519.058000   0.445728
519.059000   0.451112
519.060000   0.456132
519.061000   0.460606
519.062000   0.464454
519.063000   0.467679
519.064000   0.470353
519.065000   0.472613
519.066000   0.474640
519.067000   0.476583
519.068000   0.478473
519.069000   0.480223
519.070000   0.481686
519.071000   0.482708
519.072000   0.483169
519.073000   0.483033
519.074000   0.482378
519.075000   0.481385
519.076000   0.480237
519.077000   0.478982
519.078000   0.477513
519.079000   0.475670
519.080000   0.473352
519.081000   0.470551
519.082000   0.467343
519.083000   0.463869
519.084000   0.460320
519.085000   0.456886
519.086000   0.453693
519.087000   0.450743
519.088000   0.447933
519.089000   0.445129
519.090000   0.442201
519.091000   0.439044
519.092000   0.435590
519.093000   0.431840
519.094000   0.427870
519.095000   0.423775
519.096000   0.419578
519.097000   0.415194
519.098000   0.410523
519.099000   0.405561
519.100000   0.400441
519.101000   0.395409
519.102000   0.390812
519.103000   0.387065
519.104000   0.384600
519.105000   0.383742
519.106000   0.384620
519.107000   0.387165
519.108000   0.391208
519.109000   0.396549
519.110000   0.402991
519.111000   0.410347
519.112000   0.418435
519.113000   0.427063
519.114000   0.435985
519.115000   0.444852
519.116000   0.453220
519.117000   0.460623
519.118000   0.466657
519.119000   0.470993
519.120000   0.473371
519.121000   0.473604
519.122000   0.471612
519.123000   0.467449
519.124000   0.461292
519.125000   0.453401
519.126000   0.444096
519.127000   0.433749
519.128000   0.422742
519.129000   0.411424
519.130000   0.400095
519.131000   0.389041
519.132000   0.378548
519.133000   0.368876
519.134000   0.360210
519.135000   0.352663
519.136000   0.346323
519.137000   0.341278
519.138000   0.337617
519.139000   0.335395
519.140000   0.334628
519.141000   0.335285
519.142000   0.337283
519.143000   0.340452
519.144000   0.344542
519.145000   0.349267
519.146000   0.354361
519.147000   0.359588
519.148000   0.364725
519.149000   0.369580
519.150000   0.374056
519.151000   0.378182
519.152000   0.382073
519.153000   0.385847
519.154000   0.389586
519.155000   0.393381
519.156000   0.397363
519.157000   0.401699
519.158000   0.406596
519.159000   0.412327
519.160000   0.419244
519.161000   0.427738
519.162000   0.438138
519.163000   0.450631
519.164000   0.465232
519.165000   0.481813
519.166000   0.500095
519.167000   0.519662
519.168000   0.539996
519.169000   0.560559
519.170000   0.580842
519.171000   0.600331
519.172000   0.618440
519.173000   0.634503
519.174000   0.647859
519.175000   0.657952
519.176000   0.664386
519.177000   0.666933
519.178000   0.665569
519.179000   0.660487
519.180000   0.652054
519.181000   0.640717
519.182000   0.626939
519.183000   0.611219
519.184000   0.594121
519.185000   0.576246
519.186000   0.558169
519.187000   0.540399
519.188000   0.523383
519.189000   0.507514
519.190000   0.493086
519.191000   0.480226
519.192000   0.468872
519.193000   0.458827
519.194000   0.449848
519.195000   0.441685
519.196000   0.434103
519.197000   0.426907
519.198000   0.419974
519.199000   0.413241
519.200000   0.406624
519.201000   0.399973
519.202000   0.393129
519.203000   0.386029
519.204000   0.378740
519.205000   0.371429
519.206000   0.364312
519.207000   0.357639
519.208000   0.351659
519.209000   0.346551
519.210000   0.342339
519.211000   0.338907
519.212000   0.336103
519.213000   0.333833
519.214000   0.332111
519.215000   0.331057
519.216000   0.330857
519.217000   0.331700
519.218000   0.333709
519.219000   0.336864
519.220000   0.341009
519.221000   0.345935
519.222000   0.351490
519.223000   0.357642
519.224000   0.364475
519.225000   0.372130
519.226000   0.380736
519.227000   0.390340
519.228000   0.400861
519.229000   0.412052
519.230000   0.423546
519.231000   0.434928
519.232000   0.445813
519.233000   0.455887
519.234000   0.464923
519.235000   0.472786
519.236000   0.479408
519.237000   0.484733
519.238000   0.488670
519.239000   0.491092
519.240000   0.491912
519.241000   0.491128
519.242000   0.488858
519.243000   0.485332
519.244000   0.480891
519.245000   0.475957
519.246000   0.470958
519.247000   0.466239
519.248000   0.462003
519.249000   0.458345
519.250000   0.455315
519.251000   0.452957
519.252000   0.451323
519.253000   0.450478
519.254000   0.450513
519.255000   0.451537
519.256000   0.453613
519.257000   0.456685
519.258000   0.460567
519.259000   0.465020
519.260000   0.469822
519.261000   0.474802
519.262000   0.479853
519.263000   0.484956
519.264000   0.490197
519.265000   0.495734
519.266000   0.501722
519.267000   0.508231
519.268000   0.515245
519.269000   0.522700
519.270000   0.530514
519.271000   0.538607
519.272000   0.546925
519.273000   0.555453
519.274000   0.564209
519.275000   0.573189
519.276000   0.582288
519.277000   0.591272
519.278000   0.599826
519.279000   0.607621
519.280000   0.614369
519.281000   0.619872
519.282000   0.624039
519.283000   0.626899
519.284000   0.628543
519.285000   0.629029
519.286000   0.628301
519.287000   0.626223
519.288000   0.622659
519.289000   0.617539
519.290000   0.610905
519.291000   0.602930
519.292000   0.593917
519.293000   0.584248
519.294000   0.574265
519.295000   0.564148
519.296000   0.553876
519.297000   0.543293
519.298000   0.532207
519.299000   0.520488
519.300000   0.508168
519.301000   0.495482
519.302000   0.482855
519.303000   0.470795
519.304000   0.459740
519.305000   0.449932
519.306000   0.441415
519.307000   0.434121
519.308000   0.427967
519.309000   0.422930
519.310000   0.419080
519.311000   0.416562
519.312000   0.415533
519.313000   0.416039
519.314000   0.417917
519.315000   0.420781
519.316000   0.424100
519.317000   0.427295
519.318000   0.429851
519.319000   0.431410
519.320000   0.431833
519.321000   0.431184
519.322000   0.429650
519.323000   0.427422
519.324000   0.424613
519.325000   0.421252
519.326000   0.417329
519.327000   0.412862
519.328000   0.407993
519.329000   0.403029
519.330000   0.398411
519.331000   0.394632
519.332000   0.392110
519.333000   0.391094
519.334000   0.391648
519.335000   0.393675
519.336000   0.396946
519.337000   0.401159
519.338000   0.406035
519.339000   0.411375
519.340000   0.417065
519.341000   0.423028
519.342000   0.429186
519.343000   0.435454
519.344000   0.441748
519.345000   0.447948
519.346000   0.453852
519.347000   0.459230
519.348000   0.463941
519.349000   0.467989
519.350000   0.471486
519.351000   0.474586
519.352000   0.477445
519.353000   0.480212
519.354000   0.483038
519.355000   0.486032
519.356000   0.489210
519.357000   0.492528
519.358000   0.495961
519.359000   0.499517
519.360000   0.503195
519.361000   0.506934
519.362000   0.510626
519.363000   0.514179
519.364000   0.517569
519.365000   0.520806
519.366000   0.523856
519.367000   0.526661
519.368000   0.529199
519.369000   0.531492
519.370000   0.533565
519.371000   0.535420
519.372000   0.537085
519.373000   0.538678
519.374000   0.540407
519.375000   0.542469
519.376000   0.544972
519.377000   0.547955
519.378000   0.551449
519.379000   0.555469
519.380000   0.559999
519.381000   0.564995
519.382000   0.570432
519.383000   0.576326
519.384000   0.582710
519.385000   0.589562
519.386000   0.596767
519.387000   0.604169
519.388000   0.611604
519.389000   0.618890
519.390000   0.625823
519.391000   0.632224
519.392000   0.638005
519.393000   0.643191
519.394000   0.647878
519.395000   0.652161
519.396000   0.656087
519.397000   0.659655
519.398000   0.662797
519.399000   0.665392
519.400000   0.667315
519.401000   0.668503
519.402000   0.668982
519.403000   0.668871
519.404000   0.668335
519.405000   0.667521
519.406000   0.666515
519.407000   0.665328
519.408000   0.663877
519.409000   0.662001
519.410000   0.659487
519.411000   0.656128
519.412000   0.651769
519.413000   0.646350
519.414000   0.639899
519.415000   0.632491
519.416000   0.624188
519.417000   0.615000
519.418000   0.604873
519.419000   0.593749
519.420000   0.581624
519.421000   0.568595
519.422000   0.554883
519.423000   0.540843
519.424000   0.526924
519.425000   0.513563
519.426000   0.501069
519.427000   0.489592
519.428000   0.479165
519.429000   0.469768
519.430000   0.461354
519.431000   0.453875
519.432000   0.447309
519.433000   0.441690
519.434000   0.437091
519.435000   0.433541
519.436000   0.430911
519.437000   0.428889
519.438000   0.427070
519.439000   0.425068
519.440000   0.422583
519.441000   0.419441
519.442000   0.415628
519.443000   0.411308
519.444000   0.406785
519.445000   0.402359
519.446000   0.398179
519.447000   0.394244
519.448000   0.390544
519.449000   0.387167
519.450000   0.384315
519.451000   0.382274
519.452000   0.381370
519.453000   0.381934
519.454000   0.384225
519.455000   0.388343
519.456000   0.394170
519.457000   0.401384
519.458000   0.409561
519.459000   0.418273
519.460000   0.427150
519.461000   0.435909
519.462000   0.444358
519.463000   0.452373
519.464000   0.459855
519.465000   0.466669
519.466000   0.472580
519.467000   0.477228
519.468000   0.480219
519.469000   0.481299
519.470000   0.480456
519.471000   0.477923
519.472000   0.474104
519.473000   0.469477
519.474000   0.464508
519.475000   0.459584
519.476000   0.454949
519.477000   0.450677
519.478000   0.446763
519.479000   0.443262
519.480000   0.440325
519.481000   0.438146
519.482000   0.436890
519.483000   0.436626
519.484000   0.437305
519.485000   0.438785
519.486000   0.440854
519.487000   0.443251
519.488000   0.445726
519.489000   0.448117
519.490000   0.450380
519.491000   0.452549
519.492000   0.454684
519.493000   0.456825
519.494000   0.459002
519.495000   0.461271
519.496000   0.463644
519.497000   0.465981
519.498000   0.468073
519.499000   0.469829
519.500000   0.471344
519.501000   0.472847
519.501000   0.472847
519.502000   0.474622
519.503000   0.476962
519.504000   0.480162
519.505000   0.484502
519.506000   0.490146
519.507000   0.497045
519.508000   0.505017
519.509000   0.513870
519.510000   0.523433
519.511000   0.533520
519.512000   0.543892
519.513000   0.554268
519.514000   0.564379
519.515000   0.574013
519.516000   0.582943
519.517000   0.590780
519.518000   0.597038
519.519000   0.601329
519.520000   0.603453
519.521000   0.603352
519.522000   0.601060
519.523000   0.596700
519.524000   0.590519
519.525000   0.582871
519.526000   0.574110
519.527000   0.564477
519.528000   0.554155
519.529000   0.543362
519.530000   0.532353
519.531000   0.521364
519.532000   0.510576
519.533000   0.500123
519.534000   0.490133
519.535000   0.480741
519.536000   0.472054
519.537000   0.464033
519.538000   0.456472
519.539000   0.449098
519.540000   0.441651
519.541000   0.433923
519.542000   0.425791
519.543000   0.417267
519.544000   0.408549
519.545000   0.400008
519.546000   0.392069
519.547000   0.385035
519.548000   0.379048
519.549000   0.374185
519.550000   0.370505
519.551000   0.368057
519.552000   0.366912
519.553000   0.367183
519.554000   0.369048
519.555000   0.372739
519.556000   0.378482
519.557000   0.386369
519.558000   0.396267
