516.968000   0.424094
516.969000   0.430213
516.970000   0.438154
516.971000   0.447681
516.972000   0.458520
516.973000   0.470340
516.974000   0.482757
516.975000   0.495334
516.976000   0.507615
516.977000   0.519181
516.978000   0.529712
516.979000   0.539015
516.980000   0.546998
516.981000   0.553623
516.982000   0.558874
516.983000   0.562771
516.984000   0.565385
516.985000   0.566826
516.986000   0.567235
516.987000   0.566787
516.988000   0.565692
516.989000   0.564170
516.990000   0.562387
516.991000   0.560427
516.992000   0.558289
516.993000   0.555906
516.994000   0.553154
516.995000   0.549840
516.996000   0.545708
516.997000   0.540500
516.998000   0.534030
516.999000   0.526207
517.000000   0.517026
517.001000   0.506568
517.001000   0.506568
517.002000   0.495003
517.003000   0.482570
517.004000   0.469531
517.005000   0.456141
517.006000   0.442660
517.007000   0.429378
517.008000   0.416593
517.009000   0.404549
517.010000   0.393407
517.011000   0.383254
517.012000   0.374157
517.013000   0.366185
517.014000   0.359423
517.015000   0.353945
517.016000   0.349785
517.017000   0.346916
517.018000   0.345229
517.019000   0.344538
517.020000   0.344640
517.021000   0.345404
517.022000   0.346824
517.023000   0.349003
517.024000   0.352096
517.025000   0.356247
517.026000   0.361581
517.027000   0.368200
517.028000   0.376155
517.029000   0.385442
517.030000   0.396047
517.031000   0.407984
517.032000   0.421311
517.033000   0.436103
517.034000   0.452423
517.035000   0.470284
517.036000   0.489608
517.037000   0.510170
517.038000   0.531570
517.039000   0.553285
517.040000   0.574763
517.041000   0.595510
517.042000   0.615126
517.043000   0.633294
517.044000   0.649722
517.045000   0.664121
517.046000   0.676206
517.047000   0.685700
517.048000   0.692347
517.049000   0.695975
517.050000   0.696577
517.051000   0.694338
517.052000   0.689610
517.053000   0.682824
517.054000   0.674416
517.055000   0.664755
517.056000   0.654079
517.057000   0.642449
517.058000   0.629784
517.059000   0.615981
517.060000   0.601011
517.061000   0.584960
517.062000   0.568016
517.063000   0.550424
517.064000   0.532431
517.065000   0.514239
517.066000   0.495931
517.067000   0.477464
517.068000   0.458732
517.069000   0.439680
517.070000   0.420370
517.071000   0.400993
517.072000   0.381849
517.073000   0.363322
517.074000   0.345834
517.075000   0.329778
517.076000   0.315423
517.077000   0.302898
517.078000   0.292286
517.079000   0.283712
517.080000   0.277375
517.081000   0.273524
517.082000   0.272425
517.083000   0.274328
517.084000   0.279421
517.085000   0.287743
517.086000   0.299106
517.087000   0.313125
517.088000   0.329343
517.089000   0.347334
517.090000   0.366743
517.091000   0.387286
517.092000   0.408745
517.093000   0.430945
517.094000   0.453679
517.095000   0.476569
517.096000   0.499000
517.097000   0.520237
517.098000   0.539590
517.099000   0.556494
517.100000   0.570531
517.101000   0.581429
517.102000   0.589070
517.103000   0.593492
517.104000   0.594816
517.105000   0.593176
517.106000   0.588718
517.107000   0.581669
517.108000   0.572367
517.109000   0.561220
517.110000   0.548672
517.111000   0.535182
517.112000   0.521243
517.113000   0.507373
517.114000   0.494030
517.115000   0.481509
517.116000   0.469929
517.117000   0.459316
517.118000   0.449665
517.119000   0.440966
517.120000   0.433227
517.121000   0.426522
517.122000   0.421035
517.123000   0.417026
517.124000   0.414720
517.125000   0.414203
517.126000   0.415439
517.127000   0.418351
517.128000   0.422861
517.129000   0.428909
517.130000   0.436469
517.131000   0.445572
517.132000   0.456281
517.133000   0.468587
517.134000   0.482292
517.135000   0.497015
517.136000   0.512325
517.137000   0.527860
517.138000   0.543362
517.139000   0.558663
517.140000   0.573682
517.141000   0.588406
517.142000   0.602843
517.143000   0.616926
517.144000   0.630464
517.145000   0.643204
517.146000   0.654909
517.147000   0.665379
517.148000   0.674439
517.149000   0.681958
517.150000   0.687873
517.151000   0.692188
517.152000   0.694903
517.153000   0.695903
517.154000   0.694934
517.155000   0.691671
517.156000   0.685816
517.157000   0.677166
517.158000   0.665667
517.159000   0.651452
517.160000   0.634844
517.161000   0.616288
517.162000   0.596198
517.163000   0.574827
517.164000   0.552288
517.165000   0.528672
517.166000   0.504142
517.167000   0.478978
517.168000   0.453601
517.169000   0.428569
517.170000   0.404512
517.171000   0.382000
517.172000   0.361417
517.173000   0.342940
517.174000   0.326633
517.175000   0.312539
517.176000   0.300729
517.177000   0.291317
517.178000   0.284458
517.179000   0.280325
517.180000   0.279048
517.181000   0.280621
517.182000   0.284867
517.183000   0.291489
517.184000   0.300151
517.185000   0.310523
517.186000   0.322312
517.187000   0.335309
517.188000   0.349426
517.189000   0.364658
517.190000   0.380956
517.191000   0.398119
517.192000   0.415825
517.193000   0.433721
517.194000   0.451481
517.195000   0.468824
517.196000   0.485534
517.197000   0.501476
517.198000   0.516568
517.199000   0.530687
517.200000   0.543583
517.201000   0.554904
517.202000   0.564295
517.203000   0.571486
517.204000   0.576337
517.205000   0.578829
517.206000   0.579064
517.207000   0.577252
517.208000   0.573666
517.209000   0.568572
517.210000   0.562174
517.211000   0.554624
517.212000   0.546063
517.213000   0.536659
517.214000   0.526608
517.215000   0.516131
517.216000   0.505482
517.217000   0.494932
517.218000   0.484729
517.219000   0.475016
517.220000   0.465818
517.221000   0.457118
517.222000   0.448956
517.223000   0.441477
517.224000   0.434921
517.225000   0.429580
517.226000   0.425763
517.227000   0.423753
517.228000   0.423745
517.229000   0.425792
517.230000   0.429833
517.231000   0.435772
517.232000   0.443534
517.233000   0.453065
517.234000   0.464304
517.235000   0.477160
517.236000   0.491496
517.237000   0.507100
517.238000   0.523634
517.239000   0.540618
517.240000   0.557508
517.241000   0.573799
517.242000   0.589098
517.243000   0.603119
517.244000   0.615657
517.245000   0.626568
517.246000   0.635763
517.247000   0.643173
517.248000   0.648701
517.249000   0.652223
517.250000   0.653677
517.251000   0.653132
517.252000   0.650776
517.253000   0.646871
517.254000   0.641699
517.255000   0.635534
517.256000   0.628611
517.257000   0.621064
517.258000   0.612866
517.259000   0.603865
517.260000   0.593894
517.261000   0.582849
517.262000   0.570709
517.263000   0.557531
517.264000   0.543428
517.265000   0.528582
517.266000   0.513222
517.267000   0.497550
517.268000   0.481672
517.269000   0.465640
517.270000   0.449559
517.271000   0.433646
517.272000   0.418206
517.273000   0.403606
517.274000   0.390263
517.275000   0.378619
517.276000   0.369080
517.277000   0.361877
517.278000   0.357012
517.279000   0.354347
517.280000   0.353716
517.281000   0.354989
517.282000   0.358072
517.283000   0.362909
517.284000   0.369476
517.285000   0.377755
517.286000   0.387651
517.287000   0.398890
517.288000   0.411041
517.289000   0.423654
517.290000   0.436377
517.291000   0.448995
517.292000   0.461435
517.293000   0.473762
517.294000   0.486168
517.295000   0.498895
517.296000   0.512071
517.297000   0.525593
517.298000   0.539216
517.299000   0.552698
517.300000   0.565869
517.301000   0.578645
517.302000   0.591022
517.303000   0.603066
517.304000   0.614875
517.305000   0.626480
517.306000   0.637741
517.307000   0.648344
517.308000   0.657898
517.309000   0.666030
517.310000   0.672427
517.311000   0.676878
517.312000   0.679306
517.313000   0.679794
517.314000   0.678521
517.315000   0.675601
517.316000   0.670971
517.317000   0.664486
517.318000   0.656100
517.319000   0.645952
517.320000   0.634377
517.321000   0.621873
517.322000   0.609070
517.323000   0.596654
517.324000   0.585225
517.325000   0.575157
517.326000   0.566597
517.327000   0.559584
517.328000   0.554121
517.329000   0.550178
517.330000   0.547690
517.331000   0.546579
517.332000   0.546779
517.333000   0.548224
517.334000   0.550750
517.335000   0.554017
517.336000   0.557576
517.337000   0.561010
517.338000   0.564018
517.339000   0.566423
517.340000   0.568190
517.341000   0.569442
517.342000   0.570461
517.343000   0.571583
517.344000   0.573016
517.345000   0.574768
517.346000   0.576768
517.347000   0.578973
517.348000   0.581386
517.349000   0.584034
517.350000   0.586974
517.351000   0.590306
517.352000   0.594166
517.353000   0.598608
517.354000   0.603466
517.355000   0.608368
517.356000   0.612872
517.357000   0.616565
517.358000   0.619084
517.359000   0.620120
517.360000   0.619466
517.361000   0.617057
517.362000   0.612941
517.363000   0.607128
517.364000   0.599488
517.365000   0.589840
517.366000   0.578112
517.367000   0.564400
517.368000   0.548948
517.369000   0.532127
517.370000   0.514431
517.371000   0.496442
517.372000   0.478731
517.373000   0.461699
517.374000   0.445512
517.375000   0.430203
517.376000   0.415796
517.377000   0.402341
517.378000   0.389919
517.379000   0.378655
517.380000   0.368743
517.381000   0.360425
517.382000   0.353878
517.383000   0.349075
517.384000   0.345823
517.385000   0.343936
517.386000   0.343344
517.387000   0.344113
517.388000   0.346463
517.389000   0.350770
517.390000   0.357492
517.391000   0.366937
517.392000   0.379065
517.393000   0.393603
517.394000   0.410279
517.395000   0.428903
517.396000   0.449362
517.397000   0.471616
517.398000   0.495661
517.399000   0.521396
517.400000   0.548460
517.401000   0.576248
517.402000   0.604089
517.403000   0.631356
517.404000   0.657487
517.405000   0.681983
517.406000   0.704440
517.407000   0.724577
517.408000   0.742176
517.409000   0.756963
517.410000   0.768579
517.411000   0.776712
517.412000   0.781205
517.413000   0.782065
517.414000   0.779434
517.415000   0.773553
517.416000   0.764768
517.417000   0.753512
517.418000   0.740216
517.419000   0.725205
517.420000   0.708705
517.421000   0.690944
517.422000   0.672205
517.423000   0.652820
517.424000   0.633153
517.425000   0.613608
517.426000   0.594642
517.427000   0.576695
517.428000   0.560036
517.429000   0.544663
517.430000   0.530401
517.431000   0.517062
517.432000   0.504537
517.433000   0.492810
517.434000   0.481957
517.435000   0.472145
517.436000   0.463593
517.437000   0.456452
517.438000   0.450681
517.439000   0.446107
517.440000   0.442581
517.441000   0.440064
517.442000   0.438603
517.443000   0.438272
517.444000   0.439142
517.445000   0.441299
517.446000   0.444840
517.447000   0.449813
517.448000   0.456167
517.449000   0.463786
517.450000   0.472559
517.451000   0.482375
517.452000   0.493090
517.453000   0.504502
517.454000   0.516374
517.455000   0.528465
517.456000   0.540484
517.457000   0.551986
517.458000   0.562352
517.459000   0.570935
517.460000   0.577207
517.461000   0.580819
517.462000   0.581603
517.463000   0.579577
517.464000   0.574943
517.465000   0.568043
517.466000   0.559210
517.467000   0.548636
517.468000   0.536408
517.469000   0.522641
517.470000   0.507558
517.471000   0.491463
517.472000   0.474709
517.473000   0.457687
517.474000   0.440823
517.475000   0.424526
517.476000   0.409084
517.477000   0.394614
517.478000   0.381147
517.479000   0.368741
517.480000   0.357510
517.481000   0.347598
517.482000   0.339177
517.483000   0.332468
517.484000   0.327738
517.485000   0.325209
517.486000   0.324908
517.487000   0.326623
517.488000   0.330045
517.489000   0.334910
517.490000   0.341061
517.491000   0.348453
517.492000   0.357169
517.493000   0.367406
517.494000   0.379401
517.495000   0.393255
517.496000   0.408790
517.497000   0.425607
517.498000   0.443259
517.499000   0.461378
517.500000   0.479702
517.501000   0.498076
517.501000   0.498076
517.502000   0.516449
517.503000   0.534829
517.504000   0.553183
517.505000   0.571282
517.506000   0.588667
517.507000   0.604796
517.508000   0.619189
517.509000   0.631482
517.510000   0.641421
517.511000   0.648860
517.512000   0.653774
517.513000   0.656255
517.514000   0.656430
517.515000   0.654369
517.516000   0.650089
517.517000   0.643660
517.518000   0.635251
517.519000   0.625099
517.520000   0.613489
517.521000   0.600774
517.522000   0.587406
517.523000   0.573892
517.524000   0.560658
517.525000   0.547915
517.526000   0.535667
517.527000   0.523822
517.528000   0.512286
517.529000   0.500987
517.530000   0.489918
517.531000   0.479172
517.532000   0.468952
517.533000   0.459481
517.534000   0.450844
517.535000   0.442953
517.536000   0.435679
517.537000   0.428997
517.538000   0.423007
517.539000   0.417899
517.540000   0.413936
517.541000   0.411455
517.542000   0.410829
517.543000   0.412331
517.544000   0.416012
517.545000   0.421728
517.546000   0.429263
517.547000   0.438398
517.548000   0.448884
517.549000   0.460419
517.550000   0.472670
517.551000   0.485324
517.552000   0.498080
517.553000   0.510552
517.554000   0.522204
517.555000   0.532451
517.556000   0.540805
517.557000   0.546903
517.558000   0.550441
517.559000   0.551166
517.560000   0.548958
517.561000   0.543907
517.562000   0.536267
517.563000   0.526338
517.564000   0.514421
517.565000   0.500881
517.566000   0.486149
517.567000   0.470644
517.568000   0.454724
517.569000   0.438712
517.570000   0.422956
517.571000   0.407850
517.572000   0.393767
517.573000   0.380960
517.574000   0.369531
517.575000   0.359485
517.576000   0.350765
517.577000   0.343264
517.578000   0.336864
517.579000   0.331531
517.580000   0.327389
517.581000   0.324681
517.582000   0.323597
517.583000   0.324106
517.584000   0.326018
517.585000   0.329153
517.586000   0.333416
517.587000   0.338798
517.588000   0.345393
517.589000   0.353423
517.590000   0.363199
517.591000   0.374976
517.592000   0.388794
517.593000   0.404500
517.594000   0.421907
517.595000   0.440851
517.596000   0.461141
517.597000   0.482530
517.598000   0.504757
517.599000   0.527609
517.600000   0.550926
517.601000   0.574534
517.602000   0.598170
517.603000   0.621490
517.604000   0.644113
517.605000   0.665626
517.606000   0.685595
517.607000   0.703632
517.608000   0.719464
517.609000   0.732946
517.610000   0.743982
517.611000   0.752382
517.612000   0.757821
517.613000   0.759974
517.614000   0.758683
517.615000   0.754025
517.616000   0.746267
517.617000   0.735816
517.618000   0.723189
517.619000   0.708960
517.620000   0.693650
517.621000   0.677637
517.622000   0.661193
517.623000   0.644604
517.624000   0.628219
517.625000   0.612384
517.626000   0.597346
517.627000   0.583249
517.628000   0.570212
517.629000   0.558348
517.630000   0.547720
517.631000   0.538286
517.632000   0.529966
517.633000   0.522741
517.634000   0.516678
517.635000   0.511894
517.636000   0.508499
517.637000   0.506603
517.638000   0.506306
517.639000   0.507639
517.640000   0.510463
517.641000   0.514458
517.642000   0.519242
517.643000   0.524509
517.644000   0.530092
517.645000   0.535976
517.646000   0.542283
517.647000   0.549246
517.648000   0.557122
517.649000   0.566045
517.650000   0.575914
517.651000   0.586433
517.652000   0.597259
517.653000   0.608092
517.654000   0.618707
517.655000   0.628943
517.656000   0.638692
517.657000   0.647844
517.658000   0.656180
517.659000   0.663309
517.660000   0.668758
517.661000   0.672127
517.662000   0.673164
517.663000   0.671762
517.664000   0.667952
517.665000   0.661891
517.666000   0.653828
517.667000   0.644031
517.668000   0.632710
517.669000   0.620028
517.670000   0.606173
517.671000   0.591390
517.672000   0.575975
517.673000   0.560249
517.674000   0.544556
517.675000   0.529240
517.676000   0.514592
517.677000   0.500735
517.678000   0.487602
517.679000   0.475039
517.680000   0.462924
517.681000   0.451209
517.682000   0.439927
517.683000   0.429202
517.684000   0.419259
517.685000   0.410394
517.686000   0.402851
517.687000   0.396684
517.688000   0.391800
517.689000   0.388097
517.690000   0.385567
517.691000   0.384300
517.692000   0.384477
517.693000   0.386340
517.694000   0.390154
517.695000   0.396132
517.696000   0.404345
517.697000   0.414682
517.698000   0.426911
517.699000   0.440771
517.700000   0.456017
517.701000   0.472419
517.702000   0.489762
517.703000   0.507843
517.704000   0.526475
517.705000   0.545456
517.706000   0.564508
517.707000   0.583234
517.708000   0.601164
517.709000   0.617863
517.710000   0.632992
517.711000   0.646335
517.712000   0.657780
517.713000   0.667305
517.714000   0.674939
517.715000   0.680705
517.716000   0.684562
517.717000   0.686398
517.718000   0.686102
517.719000   0.683635
517.720000   0.679073
517.721000   0.672596
517.722000   0.664469
517.723000   0.655008
517.724000   0.644534
517.725000   0.633285
517.726000   0.621332
517.727000   0.608576
517.728000   0.594855
517.729000   0.580071
517.730000   0.564262
517.731000   0.547628
517.732000   0.530520
517.733000   0.513397
517.734000   0.496740
517.735000   0.480948
517.736000   0.466285
517.737000   0.452934
517.738000   0.441072
517.739000   0.430907
517.740000   0.422660
517.741000   0.416546
517.742000   0.412758
517.743000   0.411431
517.744000   0.412602
517.745000   0.416163
517.746000   0.421877
517.747000   0.429445
517.748000   0.438572
517.749000   0.449003
517.750000   0.460543
517.751000   0.473074
517.752000   0.486531
517.753000   0.500842
517.754000   0.515843
517.755000   0.531260
517.756000   0.546763
517.757000   0.562019
517.758000   0.576740
517.759000   0.590728
517.760000   0.603927
517.761000   0.616424
517.762000   0.628384
517.763000   0.639905
517.764000   0.650925
517.765000   0.661252
517.766000   0.670640
517.767000   0.678847
517.768000   0.685655
517.769000   0.690894
517.770000   0.694470
517.771000   0.696346
517.772000   0.696491
517.773000   0.694833
517.774000   0.691280
517.775000   0.685788
517.776000   0.678369
517.777000   0.669044
517.778000   0.657831
517.779000   0.644810
517.780000   0.630207
517.781000   0.614412
517.782000   0.597897
517.783000   0.581103
517.784000   0.564373
517.785000   0.547963
517.786000   0.532056
517.787000   0.516793
517.788000   0.502319
517.789000   0.488819
517.790000   0.476513
517.791000   0.465579
517.792000   0.456041
517.793000   0.447742
517.794000   0.440447
517.795000   0.433935
517.796000   0.428042
517.797000   0.422658
517.798000   0.417735
517.799000   0.413312
517.800000   0.409503
517.801000   0.406432
517.802000   0.404156
517.803000   0.402668
517.804000   0.401963
517.805000   0.402068
517.806000   0.403039
517.807000   0.404959
517.808000   0.407921
517.809000   0.412020
517.810000   0.417295
517.811000   0.423671
517.812000   0.430935
517.813000   0.438785
517.814000   0.446901
517.815000   0.454972
517.816000   0.462697
517.817000   0.469803
517.818000   0.476080
517.819000   0.481407
517.820000   0.485716
517.821000   0.488919
517.822000   0.490921
517.823000   0.491709
517.824000   0.491435
517.825000   0.490416
517.826000   0.489084
517.827000   0.487922
517.828000   0.487390
517.829000   0.487842
517.830000   0.489446
517.831000   0.492184
517.832000   0.495934
517.833000   0.500561
517.834000   0.505951
517.835000   0.511998
517.836000   0.518581
517.837000   0.525553
517.838000   0.532732
517.839000   0.539876
517.840000   0.546644
517.841000   0.552607
517.842000   0.557324
517.843000   0.560451
517.844000   0.561805
517.845000   0.561388
517.846000   0.559377
517.847000   0.556088
517.848000   0.551907
517.849000   0.547186
517.850000   0.542186
517.851000   0.537105
517.852000   0.532146
517.853000   0.527541
517.854000   0.523548
517.855000   0.520432
517.856000   0.518471
517.857000   0.517929
517.858000   0.518987
517.859000   0.521667
517.860000   0.525786
517.861000   0.531003
517.862000   0.536904
517.863000   0.543087
517.864000   0.549241
517.865000   0.555204
517.866000   0.560991
517.867000   0.566739
517.868000   0.572584
517.869000   0.578551
517.870000   0.584555
517.871000   0.590461
517.872000   0.596102
517.873000   0.601256
517.874000   0.605684
517.875000   0.609217
517.876000   0.611830
517.877000   0.613616
517.878000   0.614669
517.879000   0.614959
517.880000   0.614317
517.881000   0.612507
517.882000   0.609315
517.883000   0.604619
517.884000   0.598447
517.885000   0.590997
517.886000   0.582613
517.887000   0.573672
517.888000   0.564444
517.889000   0.555043
517.890000   0.545514
517.891000   0.535909
517.892000   0.526269
517.893000   0.516574
517.894000   0.506760
517.895000   0.496805
517.896000   0.486766
517.897000   0.476730
517.898000   0.466738
517.899000   0.456778
517.900000   0.446807
517.901000   0.436754
517.902000   0.426513
517.903000   0.415994
517.904000   0.405200
517.905000   0.394265
517.906000   0.383388
517.907000   0.372744
517.908000   0.362434
517.909000   0.352536
517.910000   0.343169
517.911000   0.334501
517.912000   0.326743
517.913000   0.320139
517.914000   0.314960
517.915000   0.311449
517.916000   0.309714
517.917000   0.309612
517.918000   0.310788
517.919000   0.312821
517.920000   0.315358
517.921000   0.318157
517.922000   0.321105
517.923000   0.324230
517.924000   0.327702
517.925000   0.331756
517.926000   0.336572
517.927000   0.342235
517.928000   0.348824
517.929000   0.356515
517.930000   0.365554
517.931000   0.376154
517.932000   0.388415
517.933000   0.402327
517.934000   0.417781
517.935000   0.434567
517.936000   0.452330
517.937000   0.470581
517.938000   0.488767
517.939000   0.506356
517.940000   0.522885
517.941000   0.538000
517.942000   0.551487
517.943000   0.563272
517.944000   0.573343
517.945000   0.581598
517.946000   0.587739
517.947000   0.591358
517.948000   0.592151
517.949000   0.590082
517.950000   0.585411
517.951000   0.578620
517.952000   0.570334
517.953000   0.561229
517.954000   0.551941
517.955000   0.542981
517.956000   0.534721
517.957000   0.527454
517.958000   0.521431
517.959000   0.516847
517.960000   0.513793
517.961000   0.512255
517.962000   0.512131
517.963000   0.513243
517.964000   0.515289
517.965000   0.517807
517.966000   0.520223
517.967000   0.521985
517.968000   0.522685
517.969000   0.522100
517.970000   0.520182
517.971000   0.517028
517.972000   0.512870
517.973000   0.508036
517.974000   0.502867
517.975000   0.497650
517.976000   0.492639
517.977000   0.488100
517.978000   0.484329
517.979000   0.481611
517.980000   0.480166
517.981000   0.480121
517.982000   0.481514
517.983000   0.484288
517.984000   0.488229
517.985000   0.492907
517.986000   0.497725
517.987000   0.502055
517.988000   0.505358
517.989000   0.507266
517.990000   0.507589
517.991000   0.506286
517.992000   0.503416
517.993000   0.499054
517.994000   0.493174
517.995000   0.485642
517.996000   0.476336
517.997000   0.465279
517.998000   0.452677
517.999000   0.438895
518.000000   0.424408
518.001000   0.409764
518.001000   0.409764
518.002000   0.395516
518.003000   0.382113
518.004000   0.369816
518.005000   0.358724
518.006000   0.348836
518.007000   0.340106
518.008000   0.332488
518.009000   0.325992
518.010000   0.320710
518.011000   0.316780
518.012000   0.314261
518.013000   0.313048
518.014000   0.312918
518.015000   0.313688
518.016000   0.315320
518.017000   0.317954
518.018000   0.321875
518.019000   0.327466
518.020000   0.335110
518.021000   0.345058
518.022000   0.357284
518.023000   0.371462
518.024000   0.387093
518.025000   0.403674
518.026000   0.420777
518.027000   0.438092
518.028000   0.455458
518.029000   0.472866
518.030000   0.490403
518.031000   0.508100
518.032000   0.525771
518.033000   0.543030
518.034000   0.559478
518.035000   0.574848
518.036000   0.589039
518.037000   0.602091
518.038000   0.614147
518.039000   0.625415
518.040000   0.636111
518.041000   0.646337
518.042000   0.655979
518.043000   0.664760
518.044000   0.672399
518.045000   0.678706
518.046000   0.683610
518.047000   0.687144
518.048000   0.689437
518.049000   0.690689
518.050000   0.691091
518.051000   0.690680
518.052000   0.689267
518.053000   0.686539
518.054000   0.682231
518.055000   0.676215
518.056000   0.668509
518.057000   0.659265
518.058000   0.648757
518.059000   0.637366
518.060000   0.625482
518.061000   0.613344
518.062000   0.600940
518.063000   0.588103
518.064000   0.574686
518.065000   0.560654
518.066000   0.546098
518.067000   0.531228
518.068000   0.516374
518.069000   0.501956
518.070000   0.488386
518.071000   0.475918
518.072000   0.464626
518.073000   0.454534
518.074000   0.445705
518.075000   0.438247
518.076000   0.432288
518.077000   0.427969
518.078000   0.425449
518.079000   0.424893
518.080000   0.426396
518.081000   0.429881
518.082000   0.435045
518.083000   0.441391
518.084000   0.448308
518.085000   0.455178
518.086000   0.461487
518.087000   0.466915
518.088000   0.471374
518.089000   0.474967
518.090000   0.477841
518.091000   0.480015
518.092000   0.481333
518.093000   0.481545
518.094000   0.480430
518.095000   0.477891
518.096000   0.474018
518.097000   0.469098
518.098000   0.463578
518.099000   0.457974
518.100000   0.452746
518.101000   0.448166
518.102000   0.444285
518.103000   0.440990
518.104000   0.438115
518.105000   0.435553
518.106000   0.433292
518.107000   0.431424
518.108000   0.430101
518.109000   0.429456
518.110000   0.429499
518.111000   0.430040
518.112000   0.430723
518.113000   0.431127
518.114000   0.430889
518.115000   0.429794
518.116000   0.427821
518.117000   0.425158
518.118000   0.422161
518.119000   0.419270
518.120000   0.416866
518.121000   0.415158
518.122000   0.414172
518.123000   0.413840
518.124000   0.414133
518.125000   0.415128
518.126000   0.417014
518.127000   0.420051
518.128000   0.424498
518.129000   0.430517
518.130000   0.438109
518.131000   0.447134
518.132000   0.457393
518.133000   0.468729
518.134000   0.481096
518.135000   0.494545
518.136000   0.509179
518.137000   0.525091
518.138000   0.542309
518.139000   0.560731
518.140000   0.580066
518.141000   0.599803
518.142000   0.619268
518.143000   0.637777
518.144000   0.654776
518.145000   0.669912
518.146000   0.683043
518.147000   0.694195
518.148000   0.703469
518.149000   0.710952
518.150000   0.716672
518.151000   0.720604
518.152000   0.722730
518.153000   0.723129
518.154000   0.722024
518.155000   0.719784
518.156000   0.716882
518.157000   0.713837
518.158000   0.711169
518.159000   0.709358
518.160000   0.708765
518.161000   0.709521
518.162000   0.711495
518.163000   0.714414
518.164000   0.717991
518.165000   0.721978
518.166000   0.726175
518.167000   0.730397
518.168000   0.734457
518.169000   0.738161
518.170000   0.741293
518.171000   0.743599
518.172000   0.744817
518.173000   0.744755
518.174000   0.743336
518.175000   0.740578
518.176000   0.736561
518.177000   0.731409
518.178000   0.725287
518.179000   0.718422
518.180000   0.711086
518.181000   0.703514
518.182000   0.695839
518.183000   0.688117
518.184000   0.680394
518.185000   0.672730
518.186000   0.665175
518.187000   0.657731
518.188000   0.650350
518.189000   0.642978
518.190000   0.635579
518.191000   0.628099
518.192000   0.620406
518.193000   0.612310
518.194000   0.603642
518.195000   0.594285
518.196000   0.584171
518.197000   0.573300
518.198000   0.561780
518.199000   0.549835
518.200000   0.537723
518.201000   0.525586
518.202000   0.513388
518.203000   0.501009
518.204000   0.488345
518.205000   0.475327
518.206000   0.461892
518.207000   0.447983
518.208000   0.433568
518.209000   0.418680
518.210000   0.403442
518.211000   0.388039
518.212000   0.372669
518.213000   0.357522
518.214000   0.342755
518.215000   0.328447
518.216000   0.314594
518.217000   0.301188
518.218000   0.288319
518.219000   0.276258
518.220000   0.265450
518.221000   0.256409
518.222000   0.249567
518.223000   0.245186
518.224000   0.243339
518.225000   0.243923
518.226000   0.246692
518.227000   0.251355
518.228000   0.257670
518.229000   0.265513
518.230000   0.274897
518.231000   0.285915
518.232000   0.298618
518.233000   0.312915
518.234000   0.328586
518.235000   0.345366
518.236000   0.363035
518.237000   0.381469
518.238000   0.400645
518.239000   0.420624
518.240000   0.441494
518.241000   0.463261
518.242000   0.485770
518.243000   0.508696
518.244000   0.531612
518.245000   0.554040
518.246000   0.575519
518.247000   0.595674
518.248000   0.614265
518.249000   0.631221
518.250000   0.646649
518.251000   0.660794
518.252000   0.673919
518.253000   0.686120
518.254000   0.697230
518.255000   0.706922
518.256000   0.714874
518.257000   0.720892
518.258000   0.724964
518.259000   0.727263
518.260000   0.728113
518.261000   0.727875
518.262000   0.726767
518.263000   0.724751
518.264000   0.721592
518.265000   0.717004
518.266000   0.710768
518.267000   0.702781
518.268000   0.693060
518.269000   0.681755
518.270000   0.669146
518.271000   0.655621
518.272000   0.641580
518.273000   0.627319
518.274000   0.612993
518.275000   0.598701
518.276000   0.584588
518.277000   0.570870
518.278000   0.557839
518.279000   0.545864
518.280000   0.535391
518.281000   0.526882
518.282000   0.520696
518.283000   0.516959
518.284000   0.515568
518.285000   0.516281
518.286000   0.518804
518.287000   0.522840
518.288000   0.528122
518.289000   0.534451
518.290000   0.541710
518.291000   0.549804
518.292000   0.558526
518.293000   0.567440
518.294000   0.575933
518.295000   0.583368
518.296000   0.589210
518.297000   0.593077
518.298000   0.594757
518.299000   0.594217
518.300000   0.591590
518.301000   0.587101
518.302000   0.580954
518.303000   0.573272
518.304000   0.564158
518.305000   0.553783
518.306000   0.542401
518.307000   0.530326
518.308000   0.517917
518.309000   0.505573
518.310000   0.493710
518.311000   0.482679
518.312000   0.472638
518.313000   0.463504
518.314000   0.455058
518.315000   0.447106
518.316000   0.439567
518.317000   0.432508
518.318000   0.426138
518.319000   0.420768
518.320000   0.416740
518.321000   0.414277
518.322000   0.413363
518.323000   0.413772
518.324000   0.415219
518.325000   0.417492
518.326000   0.420496
518.327000   0.424242
518.328000   0.428825
518.329000   0.434396
518.330000   0.441086
518.331000   0.448890
518.332000   0.457604
518.333000   0.466910
518.334000   0.476534
518.335000   0.486333
518.336000   0.496301
518.337000   0.506546
518.338000   0.517269
518.339000   0.528724
518.340000   0.541114
518.341000   0.554462
518.342000   0.568575
518.343000   0.583133
518.344000   0.597813
518.345000   0.612328
518.346000   0.626427
518.347000   0.639885
518.348000   0.652501
518.349000   0.664072
518.350000   0.674293
518.351000   0.682635
518.352000   0.688372
518.353000   0.690781
518.354000   0.689361
518.355000   0.683926
518.356000   0.674613
518.357000   0.661849
518.358000   0.646301
518.359000   0.628766
518.360000   0.609982
518.361000   0.590476
518.362000   0.570587
518.363000   0.550596
518.364000   0.530818
518.365000   0.511619
518.366000   0.493416
518.367000   0.476671
518.368000   0.461866
518.369000   0.449397
518.370000   0.439424
518.371000   0.431796
518.372000   0.426139
518.373000   0.422016
518.374000   0.419066
518.375000   0.417091
518.376000   0.416094
518.377000   0.416270
518.378000   0.417914
518.379000   0.421277
518.380000   0.426430
518.381000   0.433267
518.382000   0.441591
518.383000   0.451162
518.384000   0.461738
518.385000   0.473138
518.386000   0.485278
518.387000   0.498164
518.388000   0.511800
518.389000   0.526064
518.390000   0.540651
518.391000   0.555157
518.392000   0.569172
518.393000   0.582301
518.394000   0.594200
518.395000   0.604665
518.396000   0.613712
518.397000   0.621517
518.398000   0.628225
518.399000   0.633788
518.400000   0.637984
518.401000   0.640570
518.402000   0.641374
518.403000   0.640310
518.404000   0.637359
518.405000   0.632572
518.406000   0.626087
518.407000   0.618084
518.408000   0.608691
518.409000   0.597959
518.410000   0.585928
518.411000   0.572722
518.412000   0.558569
518.413000   0.543752
518.414000   0.528517
518.415000   0.513045
518.416000   0.497502
518.417000   0.482034
518.418000   0.466699
518.419000   0.451470
518.420000   0.436359
518.421000   0.421514
518.422000   0.407220
518.423000   0.393824
518.424000   0.381654
518.425000   0.371030
518.426000   0.362261
518.427000   0.355527
518.428000   0.350783
518.429000   0.347855
518.430000   0.346607
518.431000   0.347007
518.432000   0.349107
518.433000   0.352980
518.434000   0.358684
518.435000   0.366253
518.436000   0.375639
518.437000   0.386605
518.438000   0.398776
518.439000   0.411808
518.440000   0.425513
518.441000   0.439856
518.442000   0.454891
518.443000   0.470665
518.444000   0.487181
518.445000   0.504384
518.446000   0.522114
518.447000   0.540049
518.448000   0.557762
518.449000   0.574832
518.450000   0.590913
518.451000   0.605748
518.452000   0.619176
518.453000   0.631116
518.454000   0.641554
518.455000   0.650448
518.456000   0.657564
518.457000   0.662429
518.458000   0.664512
518.459000   0.663447
518.460000   0.659152
518.461000   0.651835
518.462000   0.641942
518.463000   0.630052
518.464000   0.616736
518.465000   0.602402
518.466000   0.587211
518.467000   0.571167
518.468000   0.554293
518.469000   0.536724
518.470000   0.518700
518.471000   0.500532
518.472000   0.482570
518.473000   0.465161
518.474000   0.448595
518.475000   0.432997
518.476000   0.418258
518.477000   0.404114
518.478000   0.390310
518.479000   0.376715
518.480000   0.363369
518.481000   0.350511
518.482000   0.338597
518.483000   0.328240
518.484000   0.320040
518.485000   0.314349
518.486000   0.311206
518.487000   0.310469
518.488000   0.311995
518.489000   0.315709
518.490000   0.321627
518.491000   0.329851
518.492000   0.340539
518.493000   0.353816
518.494000   0.369612
518.495000   0.387522
518.496000   0.406858
518.497000   0.426876
518.498000   0.446955
518.499000   0.466661
518.500000   0.485760
518.501000   0.504194
518.501000   0.504194
518.502000   0.522026
518.503000   0.539304
518.504000   0.555869
518.505000   0.571250
518.506000   0.584807
518.507000   0.595948
518.508000   0.604256
518.509000   0.609531
518.510000   0.611800
518.511000   0.611308
518.512000   0.608466
518.513000   0.603709
518.514000   0.597288
518.515000   0.589199
518.516000   0.579310
518.517000   0.567538
518.518000   0.553939
518.519000   0.538743
518.520000   0.522371
518.521000   0.505428
518.522000   0.488621
518.523000   0.472548
518.524000   0.457481
518.525000   0.443402
518.526000   0.430242
518.527000   0.418044
518.528000   0.407001
518.529000   0.397434
518.530000   0.389770
518.531000   0.384501
518.532000   0.382064
518.533000   0.382634
518.534000   0.386003
518.535000   0.391715
518.536000   0.399291
518.537000   0.408357
518.538000   0.418659
518.539000   0.430077
518.540000   0.442630
518.541000   0.456473
518.542000   0.471797
518.543000   0.488631
518.544000   0.506757
518.545000   0.525846
518.546000   0.545623
518.547000   0.565897
518.548000   0.586539
518.549000   0.607463
518.550000   0.628622
518.551000   0.649994
518.552000   0.671442
518.553000   0.692523
518.554000   0.712442
518.555000   0.730255
518.556000   0.745078
518.557000   0.756226
518.558000   0.763294
518.559000   0.766204
518.560000   0.765204
518.561000   0.760740
518.562000   0.753186
518.563000   0.742635
518.564000   0.729034
518.565000   0.712428
518.566000   0.693090
518.567000   0.671516
518.568000   0.648373
518.569000   0.624438
518.570000   0.600536
518.571000   0.577439
518.572000   0.555723
518.573000   0.535659
518.574000   0.517252
518.575000   0.500333
518.576000   0.484639
518.577000   0.469885
518.578000   0.455833
518.579000   0.442371
518.580000   0.429569
518.581000   0.417636
518.582000   0.406737
518.583000   0.396841
518.584000   0.387795
518.585000   0.379496
518.586000   0.371974
518.587000   0.365376
518.588000   0.359943
518.589000   0.355991
518.590000   0.353878
518.591000   0.353890
518.592000   0.356078
518.593000   0.360216
518.594000   0.365943
518.595000   0.372891
518.596000   0.380741
518.597000   0.389251
518.598000   0.398292
518.599000   0.407885
518.600000   0.418177
518.601000   0.429312
518.602000   0.441268
518.603000   0.453819
518.604000   0.466608
518.605000   0.479209
518.606000   0.491201
518.607000   0.502240
518.608000   0.512111
518.609000   0.520739
518.610000   0.528153
518.611000   0.534411
518.612000   0.539508
518.613000   0.543306
518.614000   0.545515
518.615000   0.545760
518.616000   0.543734
518.617000   0.539302
518.618000   0.532552
518.619000   0.523785
518.620000   0.513450
518.621000   0.501983
518.622000   0.489654
518.623000   0.476573
518.624000   0.462787
518.625000   0.448391
518.626000   0.433596
518.627000   0.418757
518.628000   0.404356
518.629000   0.390940
518.630000   0.379018
518.631000   0.368973
518.632000   0.361061
518.633000   0.355420
518.634000   0.352006
518.635000   0.350620
518.636000   0.351065
518.637000   0.353266
518.638000   0.357275
518.639000   0.363190
518.640000   0.371061
518.641000   0.380836
518.642000   0.392371
518.643000   0.405440
518.644000   0.419748
518.645000   0.435000
518.646000   0.450986
518.647000   0.467577
518.648000   0.484660
518.649000   0.502052
518.650000   0.519456
518.651000   0.536501
518.652000   0.552820
518.653000   0.568053
518.654000   0.581766
518.655000   0.593445
518.656000   0.602649
518.657000   0.609149
518.658000   0.612952
518.659000   0.614238
518.660000   0.613292
518.661000   0.610481
518.662000   0.606213
518.663000   0.600848
518.664000   0.594649
518.665000   0.587827
518.666000   0.580596
518.667000   0.573159
518.668000   0.565635
518.669000   0.558008
518.670000   0.550156
518.671000   0.541938
518.672000   0.533257
518.673000   0.524022
518.674000   0.514094
518.675000   0.503324
518.676000   0.491641
518.677000   0.479087
518.678000   0.465775
518.679000   0.451861
518.680000   0.437561
518.681000   0.423189
518.682000   0.409113
518.683000   0.395656
518.684000   0.383071
518.685000   0.371626
518.686000   0.361648
518.687000   0.353473
518.688000   0.347367
518.689000   0.343517
518.690000   0.342076
518.691000   0.343216
518.692000   0.347090
518.693000   0.353754
518.694000   0.363122
518.695000   0.375023
518.696000   0.389230
518.697000   0.405431
518.698000   0.423187
518.699000   0.441992
518.700000   0.461387
518.701000   0.481016
518.702000   0.500586
518.703000   0.519812
518.704000   0.538485
518.705000   0.556532
518.706000   0.573915
518.707000   0.590468
518.708000   0.605873
518.709000   0.619792
518.710000   0.631991
518.711000   0.642370
518.712000   0.650903
518.713000   0.657572
518.714000   0.662365
518.715000   0.665303
518.716000   0.666419
518.717000   0.665726
518.718000   0.663234
518.719000   0.659016
518.720000   0.653253
518.721000   0.646212
518.722000   0.638131
518.723000   0.629147
518.724000   0.619354
518.725000   0.608877
518.726000   0.597790
518.727000   0.586050
518.728000   0.573571
518.729000   0.560382
518.730000   0.546707
518.731000   0.532891
518.732000   0.519286
518.733000   0.506222
518.734000   0.494035
518.735000   0.483015
518.736000   0.473328
518.737000   0.464998
518.738000   0.457980
518.739000   0.452209
518.740000   0.447626
518.741000   0.444167
518.742000   0.441767
518.743000   0.440389
518.744000   0.440011
518.745000   0.440533
518.746000   0.441709
518.747000   0.443205
518.748000   0.444724
518.749000   0.446114
518.750000   0.447387
518.751000   0.448650
518.752000   0.450035
518.753000   0.451674
518.754000   0.453661
518.755000   0.455978
518.756000   0.458507
518.757000   0.461131
518.758000   0.463819
518.759000   0.466620
518.760000   0.469587
518.761000   0.472712
518.762000   0.475953
518.763000   0.479282
518.764000   0.482659
518.765000   0.485960
518.766000   0.488979
518.767000   0.491471
518.768000   0.493211
518.769000   0.493988
518.770000   0.493571
518.771000   0.491686
518.772000   0.488048
518.773000   0.482398
518.774000   0.474499
518.775000   0.464139
518.776000   0.451225
518.777000   0.435896
518.778000   0.418565
518.779000   0.399846
518.780000   0.380426
518.781000   0.360979
518.782000   0.342169
518.783000   0.324601
518.784000   0.308727
518.785000   0.294839
518.786000   0.283164
518.787000   0.273946
518.788000   0.267467
518.789000   0.264007
518.790000   0.263797
518.791000   0.266979
518.792000   0.273589
518.793000   0.283485
518.794000   0.296314
518.795000   0.311588
518.796000   0.328829
518.797000   0.347651
518.798000   0.367773
518.799000   0.388970
518.800000   0.411013
518.801000   0.433672
518.802000   0.456694
518.803000   0.479703
518.804000   0.502151
518.805000   0.523460
518.806000   0.543208
518.807000   0.561211
518.808000   0.577510
518.809000   0.592335
518.810000   0.606043
518.811000   0.619024
518.812000   0.631568
518.813000   0.643779
518.814000   0.655632
518.815000   0.667079
518.816000   0.678080
518.817000   0.688584
518.818000   0.698501
518.819000   0.707692
518.820000   0.715969
518.821000   0.723088
518.822000   0.728713
518.823000   0.732367
518.824000   0.733481
518.825000   0.731531
518.826000   0.726151
518.827000   0.717208
518.828000   0.704822
518.829000   0.689372
518.830000   0.671434
518.831000   0.651592
518.832000   0.630206
518.833000   0.607409
518.834000   0.583355
518.835000   0.558394
518.836000   0.533069
518.837000   0.508047
518.838000   0.484035
518.839000   0.461715
518.840000   0.441679
518.841000   0.424366
518.842000   0.409995
518.843000   0.398565
518.844000   0.389926
518.845000   0.383850
518.846000   0.380068
518.847000   0.378299
518.848000   0.378304
518.849000   0.379953
518.850000   0.383236
518.851000   0.388133
518.852000   0.394381
518.853000   0.401470
518.854000   0.408881
518.855000   0.416257
518.856000   0.423444
518.857000   0.430468
518.858000   0.437520
518.859000   0.444926
518.860000   0.453016
518.861000   0.461903
518.862000   0.471411
518.863000   0.481240
518.864000   0.491131
518.865000   0.500905
518.866000   0.510456
518.867000   0.519751
518.868000   0.528813
518.869000   0.537619
518.870000   0.545905
518.871000   0.553114
518.872000   0.558595
518.873000   0.561820
518.874000   0.562504
518.875000   0.560644
518.876000   0.556530
518.877000   0.550711
518.878000   0.543844
518.879000   0.536434
518.880000   0.528680
518.881000   0.520608
518.882000   0.512274
518.883000   0.503830
518.884000   0.495500
518.885000   0.487553
518.886000   0.480289
518.887000   0.473998
518.888000   0.468847
518.889000   0.464728
518.890000   0.461263
518.891000   0.458011
518.892000   0.454632
518.893000   0.450953
518.894000   0.446984
518.895000   0.442929
518.896000   0.439188
518.897000   0.436293
518.898000   0.434703
518.899000   0.434615
518.900000   0.436005
518.901000   0.438817
518.902000   0.443069
518.903000   0.448867
518.904000   0.456387
518.905000   0.465873
518.906000   0.477614
518.907000   0.491855
518.908000   0.508613
518.909000   0.527560
518.910000   0.548134
518.911000   0.569731
518.912000   0.591796
518.913000   0.613840
518.914000   0.635439
518.915000   0.656246
518.916000   0.675990
518.917000   0.694409
518.918000   0.711099
518.919000   0.725467
518.920000   0.736883
518.921000   0.744833
518.922000   0.748989
518.923000   0.749231
518.924000   0.745667
518.925000   0.738647
518.926000   0.728737
518.927000   0.716589
518.928000   0.702710
518.929000   0.687337
518.930000   0.670544
518.931000   0.652396
518.932000   0.633024
518.933000   0.612645
518.934000   0.591581
518.935000   0.570296
518.936000   0.549363
518.937000   0.529265
518.938000   0.510172
518.939000   0.492010
518.940000   0.474693
518.941000   0.458228
518.942000   0.442701
518.943000   0.428278
518.944000   0.415235
518.945000   0.403960
518.946000   0.394843
518.947000   0.388058
518.948000   0.383501
518.949000   0.380912
518.950000   0.379967
518.951000   0.380329
518.952000   0.381729
518.953000   0.384026
518.954000   0.387257
518.955000   0.391594
518.956000   0.397192
518.957000   0.404050
518.958000   0.412045
518.959000   0.421021
518.960000   0.430832
518.961000   0.441369
518.962000   0.452600
518.963000   0.464592
518.964000   0.477493
518.965000   0.491415
518.966000   0.506259
518.967000   0.521663
518.968000   0.537106
518.969000   0.551963
518.970000   0.565553
518.971000   0.577243
518.972000   0.586565
518.973000   0.593299
518.974000   0.597453
518.975000   0.599120
518.976000   0.598271
518.977000   0.594716
518.978000   0.588213
518.979000   0.578556
518.980000   0.565699
518.981000   0.549865
518.982000   0.531582
518.983000   0.511643
518.984000   0.490988
518.985000   0.470513
518.986000   0.450886
518.987000   0.432533
518.988000   0.415715
518.989000   0.400550
518.990000   0.387072
518.991000   0.375315
518.992000   0.365392
518.993000   0.357505
518.994000   0.351900
518.995000   0.348740
518.996000   0.348028
518.997000   0.349642
518.998000   0.353375
518.999000   0.358953
519.000000   0.366137
519.001000   0.374848
519.001000   0.374848
519.002000   0.385177
519.003000   0.397314
519.004000   0.411408
519.005000   0.427429
519.006000   0.445127
519.007000   0.464109
519.008000   0.483871
519.009000   0.503845
519.010000   0.523481
519.011000   0.542316
519.012000   0.559985
519.013000   0.576194
519.014000   0.590651
519.015000   0.603040
519.016000   0.613063
519.017000   0.620499
519.018000   0.625162
519.019000   0.626867
519.020000   0.625520
519.021000   0.621203
519.022000   0.614190
519.023000   0.604901
519.024000   0.593845
519.025000   0.581579
519.026000   0.568661
519.027000   0.555518
519.028000   0.542316
519.029000   0.529025
519.030000   0.515625
519.031000   0.502208
519.032000   0.488964
519.033000   0.476120
519.034000   0.463864
519.035000   0.452302
519.036000   0.441459
519.037000   0.431268
519.038000   0.421564
519.039000   0.412163
519.040000   0.402967
519.041000   0.393999
519.042000   0.385366
519.043000   0.377209
519.044000   0.369673
519.045000   0.362935
519.046000   0.357207
519.047000   0.352590
519.048000   0.348938
519.049000   0.345990
519.050000   0.343594
519.051000   0.341763
519.052000   0.340649
519.053000   0.340482
519.054000   0.341565
519.055000   0.344248
519.056000   0.348820
519.057000   0.355321
519.058000   0.363573
519.059000   0.373413
519.060000   0.384786
519.061000   0.397693
519.062000   0.412108
519.063000   0.427923
519.064000   0.444952
519.065000   0.462954
519.066000   0.481569
519.067000   0.500225
519.068000   0.518204
519.069000   0.534807
519.070000   0.549444
519.071000   0.561643
519.072000   0.571065
519.073000   0.577543
519.074000   0.581142
519.075000   0.582097
519.076000   0.580556
519.077000   0.576478
519.078000   0.569858
519.079000   0.560906
519.080000   0.550029
519.081000   0.537717
519.082000   0.524503
519.083000   0.510964
519.084000   0.497738
519.085000   0.485438
519.086000   0.474481
519.087000   0.465062
519.088000   0.457260
519.089000   0.451096
519.090000   0.446501
519.091000   0.443306
519.092000   0.441307
519.093000   0.440361
519.094000   0.440424
519.095000   0.441438
519.096000   0.443169
519.097000   0.445282
519.098000   0.447504
519.099000   0.449666
519.100000   0.451651
519.101000   0.453395
519.102000   0.454935
519.103000   0.456456
519.104000   0.458257
519.105000   0.460612
519.106000   0.463676
519.107000   0.467518
519.108000   0.472158
519.109000   0.477528
519.110000   0.483466
519.111000   0.489763
519.112000   0.496248
519.113000   0.502844
519.114000   0.509527
519.115000   0.516211
519.116000   0.522724
519.117000   0.528882
519.118000   0.534510
519.119000   0.539418
519.120000   0.543417
519.121000   0.546398
519.122000   0.548395
519.123000   0.549578
519.124000   0.550156
519.125000   0.550258
519.126000   0.549933
519.127000   0.549174
519.128000   0.547923
519.129000   0.546084
519.130000   0.543589
519.131000   0.540456
519.132000   0.536797
519.133000   0.532718
519.134000   0.528148
519.135000   0.522821
519.136000   0.516447
519.137000   0.508803
519.138000   0.499744
519.139000   0.489231
519.140000   0.477388
519.141000   0.464539
519.142000   0.451157
519.143000   0.437741
519.144000   0.424742
519.145000   0.412562
519.146000   0.401504
519.147000   0.391715
519.148000   0.383215
519.149000   0.376016
519.150000   0.370194
519.151000   0.365909
519.152000   0.363349
519.153000   0.362637
519.154000   0.363761
519.155000   0.366575
519.156000   0.370779
519.157000   0.375939
519.158000   0.381581
519.159000   0.387308
519.160000   0.392888
519.161000   0.398256
519.162000   0.403426
519.163000   0.408397
519.164000   0.413153
519.165000   0.417669
519.166000   0.421845
519.167000   0.425516
519.168000   0.428576
519.169000   0.431094
519.170000   0.433332
519.171000   0.435649
519.172000   0.438363
519.173000   0.441700
519.174000   0.445834
519.175000   0.450888
519.176000   0.456880
519.177000   0.463726
519.178000   0.471319
519.179000   0.479582
519.180000   0.488469
519.181000   0.497909
519.182000   0.507747
519.183000   0.517782
519.184000   0.527800
519.185000   0.537518
519.186000   0.546532
519.187000   0.554362
519.188000   0.560593
519.189000   0.564956
519.190000   0.567319
519.191000   0.567632
519.192000   0.565916
519.193000   0.562295
519.194000   0.556980
519.195000   0.550159
519.196000   0.541939
519.197000   0.532417
519.198000   0.521777
519.199000   0.510303
519.200000   0.498320
519.201000   0.486138
519.202000   0.474070
519.203000   0.462457
519.204000   0.451615
519.205000   0.441739
519.206000   0.432904
519.207000   0.425175
519.208000   0.418676
519.209000   0.413541
519.210000   0.409790
519.211000   0.407310
519.212000   0.405956
519.213000   0.405648
519.214000   0.406336
519.215000   0.407935
519.216000   0.410334
519.217000   0.413479
519.218000   0.417382
519.219000   0.422043
519.220000   0.427397
519.221000   0.433382
519.222000   0.440014
519.223000   0.447363
519.224000   0.455424
519.225000   0.464038
519.226000   0.472951
519.227000   0.481937
519.228000   0.490836
519.229000   0.499516
519.230000   0.507837
519.231000   0.515667
519.232000   0.522900
519.233000   0.529416
519.234000   0.535025
519.235000   0.539477
519.236000   0.542576
519.237000   0.544259
519.238000   0.544545
519.239000   0.543453
519.240000   0.541008
519.241000   0.537323
519.242000   0.532585
519.243000   0.526958
519.244000   0.520519
519.245000   0.513311
519.246000   0.505441
519.247000   0.497074
519.248000   0.488322
519.249000   0.479208
519.250000   0.469754
519.251000   0.460058
519.252000   0.450256
519.253000   0.440458
519.254000   0.430751
519.255000   0.421272
519.256000   0.412251
519.257000   0.403925
519.258000   0.396444
519.259000   0.389884
519.260000   0.384334
519.261000   0.379893
519.262000   0.376596
519.263000   0.374372
519.264000   0.373134
519.265000   0.372873
519.266000   0.373676
519.267000   0.375643
519.268000   0.378834
519.269000   0.383306
519.270000   0.389116
519.271000   0.396242
519.272000   0.404557
519.273000   0.413908
519.274000   0.424228
519.275000   0.435563
519.276000   0.448002
519.277000   0.461590
519.278000   0.476320
519.279000   0.492167
519.280000   0.509067
519.281000   0.526877
519.282000   0.545430
519.283000   0.564607
519.284000   0.584345
519.285000   0.604549
519.286000   0.624955
519.287000   0.645100
519.288000   0.664406
519.289000   0.682255
519.290000   0.698010
519.291000   0.711073
519.292000   0.720981
519.293000   0.727475
519.294000   0.730477
519.295000   0.730012
519.296000   0.726147
519.297000   0.719051
519.298000   0.709039
519.299000   0.696515
519.300000   0.681894
519.301000   0.665592
519.302000   0.648052
519.303000   0.629732
519.304000   0.611049
519.305000   0.592301
519.306000   0.573643
519.307000   0.555125
519.308000   0.536718
519.309000   0.518313
519.310000   0.499773
519.311000   0.481030
519.312000   0.462148
519.313000   0.443307
519.314000   0.424699
519.315000   0.406439
519.316000   0.388589
519.317000   0.371239
519.318000   0.354507
519.319000   0.338530
519.320000   0.323529
519.321000   0.309855
519.322000   0.297970
519.323000   0.288355
519.324000   0.281391
519.325000   0.277321
519.326000   0.276274
519.327000   0.278249
519.328000   0.283089
519.329000   0.290573
519.330000   0.300531
519.331000   0.312898
519.332000   0.327670
519.333000   0.344811
519.334000   0.364192
519.335000   0.385599
519.336000   0.408713
519.337000   0.433055
519.338000   0.458013
519.339000   0.482983
519.340000   0.507469
519.341000   0.531103
519.342000   0.553591
519.343000   0.574648
519.344000   0.593976
519.345000   0.611234
519.346000   0.625946
519.347000   0.637484
519.348000   0.645243
519.349000   0.648857
519.350000   0.648301
519.351000   0.643874
519.352000   0.636117
519.353000   0.625722
519.354000   0.613447
519.355000   0.599997
519.356000   0.585877
519.357000   0.571404
519.358000   0.556872
519.359000   0.542665
519.360000   0.529253
519.361000   0.517122
519.362000   0.506701
519.363000   0.498350
519.364000   0.492349
519.365000   0.488813
519.366000   0.487599
519.367000   0.488414
519.368000   0.491004
519.369000   0.495213
519.370000   0.500927
519.371000   0.507994
519.372000   0.516208
519.373000   0.525382
519.374000   0.535406
519.375000   0.546164
519.376000   0.557409
519.377000   0.568827
519.378000   0.580196
519.379000   0.591438
519.380000   0.602583
519.381000   0.613750
519.382000   0.625162
519.383000   0.637174
519.384000   0.650165
519.385000   0.664262
519.386000   0.679198
519.387000   0.694488
519.388000   0.709667
519.389000   0.724372
519.390000   0.738329
519.391000   0.751337
519.392000   0.763286
519.393000   0.774146
519.394000   0.783830
519.395000   0.792026
519.396000   0.798245
519.397000   0.802023
519.398000   0.803004
519.399000   0.800880
519.400000   0.795361
519.401000   0.786239
519.402000   0.773482
519.403000   0.757286
519.404000   0.738026
519.405000   0.716124
519.406000   0.691974
519.407000   0.665950
519.408000   0.638402
519.409000   0.609633
519.410000   0.579946
519.411000   0.549704
519.412000   0.519399
519.413000   0.489644
519.414000   0.461015
519.415000   0.433784
519.416000   0.407877
519.417000   0.383090
519.418000   0.359264
519.419000   0.336352
519.420000   0.314432
519.421000   0.293757
519.422000   0.274766
519.423000   0.257970
519.424000   0.243710
519.425000   0.232035
519.426000   0.222871
519.427000   0.216178
519.428000   0.211954
519.429000   0.210203
519.430000   0.210967
519.431000   0.214362
519.432000   0.220533
519.433000   0.229526
519.434000   0.241192
519.435000   0.255287
519.436000   0.271563
519.437000   0.289726
519.438000   0.309408
519.439000   0.330247
519.440000   0.351989
519.441000   0.374499
519.442000   0.397653
519.443000   0.421192
519.444000   0.444771
519.445000   0.468101
519.446000   0.490962
519.447000   0.513139
519.448000   0.534440
519.449000   0.554763
519.450000   0.574116
519.451000   0.592560
519.452000   0.610084
519.453000   0.626526
519.454000   0.641636
519.455000   0.655139
519.456000   0.666714
519.457000   0.676017
519.458000   0.682777
519.459000   0.686905
519.460000   0.688525
519.461000   0.687901
519.462000   0.685280
519.463000   0.680780
519.464000   0.674440
519.465000   0.666282
519.466000   0.656340
519.467000   0.644740
519.468000   0.631784
519.469000   0.617973
519.470000   0.603950
519.471000   0.590374
519.472000   0.577772
519.473000   0.566490
519.474000   0.556749
519.475000   0.548650
519.476000   0.542185
519.477000   0.537328
519.478000   0.534095
519.479000   0.532566
519.480000   0.532863
519.481000   0.535095
519.482000   0.539275
519.483000   0.545285
519.484000   0.552815
519.485000   0.561324
519.486000   0.570168
519.487000   0.578817
519.488000   0.586971
519.489000   0.594586
519.490000   0.601807
519.491000   0.608835
519.492000   0.615803
519.493000   0.622730
519.494000   0.629471
519.495000   0.635755
519.496000   0.641370
519.497000   0.646279
519.498000   0.650607
519.499000   0.654546
519.500000   0.658231
519.501000   0.661710
519.501000   0.661710
519.502000   0.664998
519.503000   0.668029
519.504000   0.670500
519.505000   0.671925
519.506000   0.671845
519.507000   0.669946
519.508000   0.666050
519.509000   0.660070
519.510000   0.651997
519.511000   0.641941
519.512000   0.630091
519.513000   0.616526
519.514000   0.601191
519.515000   0.584137
519.516000   0.565678
519.517000   0.546345
519.518000   0.526755
519.519000   0.507465
519.520000   0.488938
519.521000   0.471582
519.522000   0.455755
519.523000   0.441668
519.524000   0.429385
519.525000   0.418938
519.526000   0.410376
519.527000   0.403715
519.528000   0.398867
519.529000   0.395656
519.530000   0.393927
519.531000   0.393627
519.532000   0.394702
519.533000   0.396947
519.534000   0.400096
519.535000   0.404008
519.536000   0.408684
519.537000   0.414173
519.538000   0.420505
519.539000   0.427713
519.540000   0.435889
519.541000   0.445142
519.542000   0.455424
519.543000   0.466441
519.544000   0.477790
519.545000   0.489100
519.546000   0.500025
519.547000   0.510225
519.548000   0.519416
519.549000   0.527485
519.550000   0.534541
519.551000   0.540777
519.552000   0.546191
519.553000   0.550542
519.554000   0.553590
519.555000   0.555213
519.556000   0.555407
519.557000   0.554268
519.558000   0.552029
519.559000   0.549088
519.560000   0.545933
519.561000   0.542906
519.562000   0.540004
519.563000   0.536992
519.564000   0.533606
519.565000   0.529593
519.566000   0.524713
519.567000   0.518791
519.568000   0.511799
519.569000   0.503895
519.570000   0.495372
519.571000   0.486527
519.572000   0.477610
519.573000   0.468870
519.574000   0.460558
519.575000   0.452845
519.576000   0.445826
519.577000   0.439581
519.578000   0.434252
519.579000   0.430059
519.580000   0.427278
519.581000   0.426131
519.582000   0.426689
519.583000   0.428896
519.584000   0.432611
519.585000   0.437605
519.586000   0.443603
519.587000   0.450358
519.588000   0.457733
519.589000   0.465727
519.590000   0.474413
519.591000   0.483782
519.592000   0.493683
519.593000   0.503894
519.594000   0.514131
519.595000   0.524017
519.596000   0.533135
519.597000   0.541125
519.598000   0.547741
519.599000   0.552862
519.600000   0.556478
519.601000   0.558668
519.602000   0.559571
519.603000   0.559318
519.604000   0.557941
519.605000   0.555381
519.606000   0.551591
519.607000   0.546615
519.608000   0.540613
519.609000   0.533861
519.610000   0.526686
519.611000   0.519348
519.612000   0.511967
519.613000   0.504533
519.614000   0.496941
519.615000   0.489067
519.616000   0.480866
519.617000   0.472418
519.618000   0.463915
519.619000   0.455613
519.620000   0.447782
519.621000   0.440699
519.622000   0.434638
519.623000   0.429768
519.624000   0.426039
519.625000   0.423280
519.626000   0.421335
519.627000   0.420126
519.628000   0.419673
519.629000   0.420092
519.630000   0.421593
519.631000   0.424403
519.632000   0.428616
519.633000   0.434031
519.634000   0.440221
519.635000   0.446742
519.636000   0.453262
519.637000   0.459593
519.638000   0.465665
519.639000   0.471464
519.640000   0.476980
519.641000   0.482166
519.642000   0.486862
519.643000   0.490768
519.644000   0.493589
519.645000   0.495212
519.646000   0.495744
519.647000   0.495456
519.648000   0.494713
519.649000   0.493926
519.650000   0.493520
519.651000   0.493858
519.652000   0.495063
519.653000   0.496961
519.654000   0.499248
519.655000   0.501643
519.656000   0.503934
519.657000   0.505960
519.658000   0.507612
519.659000   0.508840
519.660000   0.509668
519.661000   0.510092
519.662000   0.509896
519.663000   0.508651
519.664000   0.505931
519.665000   0.501483
519.666000   0.495259
519.667000   0.487372
519.668000   0.478085
519.669000   0.467816
519.670000   0.457112
519.671000   0.446468
519.672000   0.436166
519.673000   0.426355
519.674000   0.417259
519.675000   0.409217
519.676000   0.402616
519.677000   0.397806
519.678000   0.395070
519.679000   0.394629
519.680000   0.396604
519.681000   0.400874
519.682000   0.407021
519.683000   0.414504
519.684000   0.422846
519.685000   0.431691
519.686000   0.440789
519.687000   0.449989
519.688000   0.459276
519.689000   0.468785
519.690000   0.478680
519.691000   0.488941
519.692000   0.499353
519.693000   0.509712
519.694000   0.519926
519.695000   0.530005
519.696000   0.540029
519.697000   0.550171
519.698000   0.560717
519.699000   0.571972
519.700000   0.584021
519.701000   0.596613
519.702000   0.609342
519.703000   0.621853
519.704000   0.633888
519.705000   0.645262
519.706000   0.655869
519.707000   0.665707
519.708000   0.674869
519.709000   0.683422
519.710000   0.691264
519.711000   0.698142
519.712000   0.703804
519.713000   0.708059
519.714000   0.710763
519.715000   0.711827
519.716000   0.711253
519.717000   0.709190
519.718000   0.705921
519.719000   0.701751
519.720000   0.696835
519.721000   0.691146
519.722000   0.684570
519.723000   0.676967
519.724000   0.668223
519.725000   0.658295
519.726000   0.647286
519.727000   0.635483
519.728000   0.623298
519.729000   0.611037
519.730000   0.598699
519.731000   0.586085
519.732000   0.573024
519.733000   0.559466
519.734000   0.545483
519.735000   0.531271
519.736000   0.517170
519.737000   0.503641
519.738000   0.491143
519.739000   0.479930
519.740000   0.470016
519.741000   0.461322
519.742000   0.453758
519.743000   0.447219
519.744000   0.441613
519.745000   0.436920
519.746000   0.433237
519.747000   0.430733
519.748000   0.429511
519.749000   0.429470
519.750000   0.430332
519.751000   0.431756
519.752000   0.433419
519.753000   0.435088
519.754000   0.436693
519.755000   0.438367
519.756000   0.440387
519.757000   0.442962
519.758000   0.446018
519.759000   0.449267
519.760000   0.452453
519.761000   0.455463
519.762000   0.458316
519.763000   0.461146
519.764000   0.464187
519.765000   0.467715
519.766000   0.471913
519.767000   0.476755
519.768000   0.482079
519.769000   0.487735
519.770000   0.493592
519.771000   0.499455
519.772000   0.505093
519.773000   0.510337
519.774000   0.515145
519.775000   0.519564
519.776000   0.523605
519.777000   0.527164
519.778000   0.530094
519.779000   0.532274
519.780000   0.533590
519.781000   0.533912
519.782000   0.533153
519.783000   0.531352
519.784000   0.528685
519.785000   0.525386
519.786000   0.521607
519.787000   0.517384
519.788000   0.512748
519.789000   0.507789
519.790000   0.502598
519.791000   0.497249
519.792000   0.491863
519.793000   0.486673
519.794000   0.482008
519.795000   0.478195
519.796000   0.475402
519.797000   0.473617
519.798000   0.472739
519.799000   0.472640
519.800000   0.473196
519.801000   0.474370
519.802000   0.476262
519.803000   0.479109
519.804000   0.483194
519.805000   0.488701
519.806000   0.495602
519.807000   0.503712
519.808000   0.512805
519.809000   0.522636
519.810000   0.532925
519.811000   0.543404
519.812000   0.553894
519.813000   0.564344
519.814000   0.574799
519.815000   0.585309
519.816000   0.595878
519.817000   0.606480
519.818000   0.617019
519.819000   0.627244
519.820000   0.636796
519.821000   0.645360
519.822000   0.652763
519.823000   0.659005
519.824000   0.664209
519.825000   0.668551
519.826000   0.672226
519.827000   0.675388
519.828000   0.678031
519.829000   0.679941
519.830000   0.680837
519.831000   0.680554
519.832000   0.679128
519.833000   0.676771
519.834000   0.673781
519.835000   0.670413
519.836000   0.666783
519.837000   0.662802
519.838000   0.658161
519.839000   0.652469
519.840000   0.645459
519.841000   0.637098
519.842000   0.627570
519.843000   0.617166
519.844000   0.606139
519.845000   0.594602
519.846000   0.582539
519.847000   0.569870
519.848000   0.556536
519.849000   0.542600
519.850000   0.528303
519.851000   0.514042
519.852000   0.500286
519.853000   0.487462
519.854000   0.475870
519.855000   0.465674
519.856000   0.456955
519.857000   0.449714
519.858000   0.443869
519.859000   0.439320
519.860000   0.436006
519.861000   0.433920
519.862000   0.433070
519.863000   0.433430
519.864000   0.434935
519.865000   0.437491
519.866000   0.440906
519.867000   0.444795
519.868000   0.448690
519.869000   0.452245
519.870000   0.455358
519.871000   0.458144
519.872000   0.460850
519.873000   0.463750
519.874000   0.467064
519.875000   0.470886
519.876000   0.475107
519.877000   0.479454
519.878000   0.483661
519.879000   0.487577
519.880000   0.491147
519.881000   0.494326
519.882000   0.496977
519.883000   0.498837
519.884000   0.499585
519.885000   0.498959
519.886000   0.496833
519.887000   0.493208
519.888000   0.488189
519.889000   0.481958
519.890000   0.474732
519.891000   0.466734
519.892000   0.458194
519.893000   0.449425
519.894000   0.440901
519.895000   0.433191
519.896000   0.426730
519.897000   0.421703
519.898000   0.418160
519.899000   0.416146
519.900000   0.415731
519.901000   0.416977
519.902000   0.419926
519.903000   0.424603
519.904000   0.430963
519.905000   0.438776
519.906000   0.447559
519.907000   0.456725
519.908000   0.465764
519.909000   0.474298
519.910000   0.482027
519.911000   0.488682
519.912000   0.494029
519.913000   0.497952
519.914000   0.500520
519.915000   0.501973
519.916000   0.502633
519.917000   0.502849
519.918000   0.502984
519.919000   0.503406
519.920000   0.504452
519.921000   0.506417
519.922000   0.509574
519.923000   0.514192
519.924000   0.520507
519.925000   0.528606
519.926000   0.538318
519.927000   0.549275
519.928000   0.561045
519.929000   0.573200
519.930000   0.585303
519.931000   0.596891
519.932000   0.607497
519.933000   0.616703
519.934000   0.624133
519.935000   0.629383
519.936000   0.631985
519.937000   0.631535
519.938000   0.627844
519.939000   0.620971
519.940000   0.611171
519.941000   0.598844
519.942000   0.584519
519.943000   0.568828
519.944000   0.552426
519.945000   0.535858
519.946000   0.519513
519.947000   0.503719
519.948000   0.488805
519.949000   0.475089
519.950000   0.462848
519.951000   0.452312
519.952000   0.443685
519.953000   0.437137
519.954000   0.432737
519.955000   0.430377
519.956000   0.429824
519.957000   0.430853
519.958000   0.433328
519.959000   0.437185
519.960000   0.442406
519.961000   0.448986
