516.769000   0.708635
516.770000   0.705571
516.771000   0.701343
516.772000   0.695698
516.773000   0.688532
516.774000   0.679945
516.775000   0.670222
516.776000   0.659815
516.777000   0.649301
516.778000   0.639286
516.779000   0.630242
516.780000   0.622395
516.781000   0.615783
516.782000   0.610385
516.783000   0.606193
516.784000   0.603233
516.785000   0.601545
516.786000   0.601179
516.787000   0.602174
516.788000   0.604498
516.789000   0.607954
516.790000   0.612130
516.791000   0.616476
516.792000   0.620416
516.793000   0.623459
516.794000   0.625294
516.795000   0.625835
516.796000   0.625212
516.797000   0.623689
516.798000   0.621487
516.799000   0.618624
516.800000   0.614961
516.801000   0.610398
516.802000   0.604984
516.803000   0.598912
516.804000   0.592490
516.805000   0.586117
516.806000   0.580234
516.807000   0.575217
516.808000   0.571230
516.809000   0.568167
516.810000   0.565774
516.811000   0.563807
516.812000   0.562106
516.813000   0.560591
516.814000   0.559262
516.815000   0.558206
516.816000   0.557579
516.817000   0.557486
516.818000   0.557829
516.819000   0.558312
516.820000   0.558604
516.821000   0.558494
516.822000   0.557928
516.823000   0.556989
516.824000   0.555866
516.825000   0.554831
516.826000   0.554146
516.827000   0.553905
516.828000   0.553967
516.829000   0.554106
516.830000   0.554181
516.831000   0.554219
516.832000   0.554401
516.833000   0.555016
516.834000   0.556430
516.835000   0.559007
516.836000   0.562965
516.837000   0.568239
516.838000   0.574516
516.839000   0.581431
516.840000   0.588720
516.841000   0.596271
516.842000   0.604119
516.843000   0.612412
516.844000   0.621343
516.845000   0.631026
516.846000   0.641342
516.847000   0.651910
516.848000   0.662262
516.849000   0.672012
516.850000   0.680929
516.851000   0.688943
516.852000   0.696135
516.853000   0.702711
516.854000   0.708932
516.855000   0.714972
516.856000   0.720811
516.857000   0.726276
516.858000   0.731178
516.859000   0.735395
516.860000   0.738879
516.861000   0.741658
516.862000   0.743844
516.863000   0.745628
516.864000   0.747206
516.865000   0.748607
516.866000   0.749619
516.867000   0.749894
516.868000   0.749119
516.869000   0.747100
516.870000   0.743794
516.871000   0.739323
516.872000   0.733966
516.873000   0.728110
516.874000   0.722106
516.875000   0.716094
516.876000   0.710010
516.877000   0.703736
516.878000   0.697222
516.879000   0.690507
516.880000   0.683701
516.881000   0.676972
516.882000   0.670544
516.883000   0.664661
516.884000   0.659486
516.885000   0.655007
516.886000   0.651069
516.887000   0.647484
516.888000   0.644096
516.889000   0.640796
516.890000   0.637538
516.891000   0.634373
516.892000   0.631477
516.893000   0.629079
516.894000   0.627279
516.895000   0.625955
516.896000   0.624884
516.897000   0.623913
516.898000   0.623000
516.899000   0.622210
516.900000   0.621697
516.901000   0.621706
516.902000   0.622520
516.903000   0.624322
516.904000   0.627048
516.905000   0.630402
516.906000   0.633993
516.907000   0.637418
516.908000   0.640274
516.909000   0.642179
516.910000   0.642846
516.911000   0.642138
516.912000   0.640056
516.913000   0.636602
516.914000   0.631658
516.915000   0.625038
516.916000   0.616636
516.917000   0.606484
516.918000   0.594748
516.919000   0.581720
516.920000   0.567832
516.921000   0.553641
516.922000   0.539696
516.923000   0.526332
516.924000   0.513611
516.925000   0.501460
516.926000   0.489821
516.927000   0.478683
516.928000   0.468073
516.929000   0.458077
516.930000   0.448878
516.931000   0.440734
516.932000   0.433817
516.933000   0.428084
516.934000   0.423355
516.935000   0.419488
516.936000   0.416464
516.937000   0.414357
516.938000   0.413295
516.939000   0.413459
516.940000   0.415084
516.941000   0.418373
516.942000   0.423357
516.943000   0.429893
516.944000   0.437784
516.945000   0.446878
516.946000   0.457044
516.947000   0.468142
516.948000   0.480046
516.949000   0.492705
516.950000   0.506126
516.951000   0.520242
516.952000   0.534782
516.953000   0.549350
516.954000   0.563594
516.955000   0.577291
516.956000   0.590346
516.957000   0.602771
516.958000   0.614680
516.959000   0.626252
516.960000   0.637602
516.961000   0.648647
516.962000   0.659140
516.963000   0.668858
516.964000   0.677708
516.965000   0.685697
516.966000   0.692860
516.967000   0.699215
516.968000   0.704779
516.969000   0.709542
516.970000   0.713369
516.971000   0.715921
516.972000   0.716777
516.973000   0.715620
516.974000   0.712346
516.975000   0.707069
516.976000   0.700091
516.977000   0.691883
516.978000   0.683039
516.979000   0.674131
516.980000   0.665532
516.981000   0.657408
516.982000   0.649866
516.983000   0.643065
516.984000   0.637208
516.985000   0.632499
516.986000   0.629122
516.987000   0.627233
516.988000   0.626933
516.989000   0.628141
516.990000   0.630500
516.991000   0.633480
516.992000   0.636575
516.993000   0.639415
516.994000   0.641798
516.995000   0.643695
516.996000   0.645253
516.997000   0.646748
516.998000   0.648445
516.999000   0.650411
517.000000   0.652502
517.001000   0.654533
517.001000   0.654533
517.002000   0.656398
517.003000   0.658070
517.004000   0.659567
517.005000   0.660943
517.006000   0.662306
517.007000   0.663778
517.008000   0.665373
517.009000   0.666881
517.010000   0.667959
517.011000   0.668295
517.012000   0.667701
517.013000   0.666113
517.014000   0.663582
517.015000   0.660262
517.016000   0.656383
517.017000   0.652135
517.018000   0.647515
517.019000   0.642309
517.020000   0.636242
517.021000   0.629109
517.022000   0.620825
517.023000   0.611427
517.024000   0.601089
517.025000   0.590118
517.026000   0.578896
517.027000   0.567690
517.028000   0.556491
517.029000   0.545068
517.030000   0.533150
517.031000   0.520553
517.032000   0.507218
517.033000   0.493235
517.034000   0.478858
517.035000   0.464481
517.036000   0.450500
517.037000   0.437118
517.038000   0.424299
517.039000   0.411965
517.040000   0.400150
517.041000   0.389006
517.042000   0.378772
517.043000   0.369745
517.044000   0.362284
517.045000   0.356758
517.046000   0.353419
517.047000   0.352271
517.048000   0.353110
517.049000   0.355674
517.050000   0.359723
517.051000   0.365060
517.052000   0.371562
517.053000   0.379223
517.054000   0.388158
517.055000   0.398508
517.056000   0.410253
517.057000   0.423108
517.058000   0.436637
517.059000   0.450443
517.060000   0.464229
517.061000   0.477803
517.062000   0.491094
517.063000   0.504189
517.064000   0.517314
517.065000   0.530706
517.066000   0.544406
517.067000   0.558230
517.068000   0.571923
517.069000   0.585300
517.070000   0.598252
517.071000   0.610734
517.072000   0.622781
517.073000   0.634539
517.074000   0.646214
517.075000   0.657914
517.076000   0.669521
517.077000   0.680741
517.078000   0.691261
517.079000   0.700819
517.080000   0.709206
517.081000   0.716270
517.082000   0.721981
517.083000   0.726466
517.084000   0.729942
517.085000   0.732525
517.086000   0.734117
517.087000   0.734520
517.088000   0.733597
517.089000   0.731332
517.090000   0.727828
517.091000   0.723324
517.092000   0.718223
517.093000   0.713013
517.094000   0.708046
517.095000   0.703419
517.096000   0.699111
517.097000   0.695169
517.098000   0.691757
517.099000   0.689102
517.100000   0.687439
517.101000   0.686997
517.102000   0.687962
517.103000   0.690386
517.104000   0.694084
517.105000   0.698698
517.106000   0.703844
517.107000   0.709198
517.108000   0.714521
517.109000   0.719678
517.110000   0.724658
517.111000   0.729558
517.112000   0.734434
517.113000   0.739102
517.114000   0.743151
517.115000   0.746159
517.116000   0.747839
517.117000   0.748063
517.118000   0.746848
517.119000   0.744359
517.120000   0.740871
517.121000   0.736657
517.122000   0.731793
517.123000   0.726115
517.124000   0.719377
517.125000   0.711420
517.126000   0.702220
517.127000   0.691882
517.128000   0.680635
517.129000   0.668828
517.130000   0.656878
517.131000   0.645109
517.132000   0.633585
517.133000   0.622139
517.134000   0.610565
517.135000   0.598738
517.136000   0.586647
517.137000   0.574389
517.138000   0.562168
517.139000   0.550294
517.140000   0.539121
517.141000   0.528882
517.142000   0.519577
517.143000   0.511031
517.144000   0.503037
517.145000   0.495434
517.146000   0.488120
517.147000   0.481079
517.148000   0.474406
517.149000   0.468325
517.150000   0.463124
517.151000   0.458982
517.152000   0.455876
517.153000   0.453685
517.154000   0.452329
517.155000   0.451820
517.156000   0.452262
517.157000   0.453835
517.158000   0.456794
517.159000   0.461435
517.160000   0.468009
517.161000   0.476593
517.162000   0.487050
517.163000   0.499106
517.164000   0.512415
517.165000   0.526585
517.166000   0.541204
517.167000   0.555895
517.168000   0.570363
517.169000   0.584395
517.170000   0.597780
517.171000   0.610196
517.172000   0.621236
517.173000   0.630530
517.174000   0.637826
517.175000   0.643004
517.176000   0.646085
517.177000   0.647244
517.178000   0.646804
517.179000   0.645181
517.180000   0.642760
517.181000   0.639831
517.182000   0.636617
517.183000   0.633323
517.184000   0.630129
517.185000   0.627138
517.186000   0.624383
517.187000   0.621864
517.188000   0.619604
517.189000   0.617633
517.190000   0.615898
517.191000   0.614219
517.192000   0.612394
517.193000   0.610341
517.194000   0.608140
517.195000   0.605989
517.196000   0.604164
517.197000   0.603014
517.198000   0.602950
517.199000   0.604326
517.200000   0.607288
517.201000   0.611757
517.202000   0.617555
517.203000   0.624501
517.204000   0.632428
517.205000   0.641164
517.206000   0.650561
517.207000   0.660524
517.208000   0.670983
517.209000   0.681752
517.210000   0.692426
517.211000   0.702463
517.212000   0.711349
517.213000   0.718706
517.214000   0.724339
517.215000   0.728256
517.216000   0.730665
517.217000   0.731919
517.218000   0.732348
517.219000   0.732089
517.220000   0.731090
517.221000   0.729268
517.222000   0.726613
517.223000   0.723219
517.224000   0.719285
517.225000   0.715110
517.226000   0.711052
517.227000   0.707403
517.228000   0.704212
517.229000   0.701243
517.230000   0.698121
517.231000   0.694481
517.232000   0.690044
517.233000   0.684656
517.234000   0.678316
517.235000   0.671183
517.236000   0.663497
517.237000   0.655402
517.238000   0.646835
517.239000   0.637596
517.240000   0.627507
517.241000   0.616491
517.242000   0.604590
517.243000   0.591977
517.244000   0.578966
517.245000   0.565969
517.246000   0.553362
517.247000   0.541315
517.248000   0.529785
517.249000   0.518673
517.250000   0.507942
517.251000   0.497659
517.252000   0.487996
517.253000   0.479229
517.254000   0.471718
517.255000   0.465836
517.256000   0.461813
517.257000   0.459633
517.258000   0.459105
517.259000   0.460003
517.260000   0.462165
517.261000   0.465514
517.262000   0.470069
517.263000   0.475933
517.264000   0.483255
517.265000   0.492132
517.266000   0.502469
517.267000   0.513940
517.268000   0.526113
517.269000   0.538571
517.270000   0.550989
517.271000   0.563145
517.272000   0.574924
517.273000   0.586306
517.274000   0.597335
517.275000   0.608013
517.276000   0.618200
517.277000   0.627638
517.278000   0.636104
517.279000   0.643509
517.280000   0.649925
517.281000   0.655559
517.282000   0.660729
517.283000   0.665819
517.284000   0.671191
517.285000   0.677040
517.286000   0.683326
517.287000   0.689872
517.288000   0.696529
517.289000   0.703241
517.290000   0.710028
517.291000   0.716960
517.292000   0.724140
517.293000   0.731680
517.294000   0.739623
517.295000   0.747828
517.296000   0.755961
517.297000   0.763619
517.298000   0.770465
517.299000   0.776263
517.300000   0.780875
517.301000   0.784252
517.302000   0.786443
517.303000   0.787572
517.304000   0.787736
517.305000   0.786881
517.306000   0.784840
517.307000   0.781493
517.308000   0.776889
517.309000   0.771244
517.310000   0.764885
517.311000   0.758209
517.312000   0.751651
517.313000   0.745636
517.314000   0.740445
517.315000   0.736151
517.316000   0.732711
517.317000   0.730109
517.318000   0.728408
517.319000   0.727725
517.320000   0.728205
517.321000   0.730012
517.322000   0.733298
517.323000   0.738079
517.324000   0.744086
517.325000   0.750775
517.326000   0.757528
517.327000   0.763821
517.328000   0.769287
517.329000   0.773733
517.330000   0.777127
517.331000   0.779564
517.332000   0.781144
517.333000   0.781808
517.334000   0.781289
517.335000   0.779265
517.336000   0.775528
517.337000   0.770041
517.338000   0.762925
517.339000   0.754436
517.340000   0.744919
517.341000   0.734755
517.342000   0.724250
517.343000   0.713520
517.344000   0.702502
517.345000   0.691070
517.346000   0.679156
517.347000   0.666797
517.348000   0.654163
517.349000   0.641563
517.350000   0.629425
517.351000   0.618196
517.352000   0.608148
517.353000   0.599216
517.354000   0.591101
517.355000   0.583470
517.356000   0.576088
517.357000   0.568856
517.358000   0.561828
517.359000   0.555209
517.360000   0.549297
517.361000   0.544316
517.362000   0.540247
517.363000   0.536837
517.364000   0.533762
517.365000   0.530760
517.366000   0.527677
517.367000   0.524477
517.368000   0.521268
517.369000   0.518288
517.370000   0.515823
517.371000   0.514045
517.372000   0.512900
517.373000   0.512199
517.374000   0.511772
517.375000   0.511553
517.376000   0.511591
517.377000   0.512051
517.378000   0.513202
517.379000   0.515369
517.380000   0.518791
517.381000   0.523445
517.382000   0.529030
517.383000   0.535150
517.384000   0.541466
517.385000   0.547757
517.386000   0.553922
517.387000   0.559975
517.388000   0.566048
517.389000   0.572329
517.390000   0.578942
517.391000   0.585847
517.392000   0.592903
517.393000   0.600012
517.394000   0.607172
517.395000   0.614462
517.396000   0.622007
517.397000   0.629962
517.398000   0.638489
517.399000   0.647699
517.400000   0.657523
517.401000   0.667659
517.402000   0.677699
517.403000   0.687276
517.404000   0.696123
517.405000   0.704083
517.406000   0.711109
517.407000   0.717282
517.408000   0.722787
517.409000   0.727795
517.410000   0.732273
517.411000   0.735999
517.412000   0.738751
517.413000   0.740470
517.414000   0.741276
517.415000   0.741429
517.416000   0.741291
517.417000   0.741282
517.418000   0.741804
517.419000   0.743107
517.420000   0.745217
517.421000   0.748007
517.422000   0.751327
517.423000   0.755022
517.424000   0.758901
517.425000   0.762711
517.426000   0.766168
517.427000   0.769014
517.428000   0.771025
517.429000   0.771922
517.430000   0.771313
517.431000   0.768789
517.432000   0.764089
517.433000   0.757167
517.434000   0.748196
517.435000   0.737558
517.436000   0.725834
517.437000   0.713749
517.438000   0.702015
517.439000   0.691141
517.440000   0.681396
517.441000   0.672936
517.442000   0.665913
517.443000   0.660483
517.444000   0.656772
517.445000   0.654848
517.446000   0.654724
517.447000   0.656333
517.448000   0.659442
517.449000   0.663573
517.450000   0.668082
517.451000   0.672319
517.452000   0.675743
517.453000   0.677948
517.454000   0.678662
517.455000   0.677752
517.456000   0.675203
517.457000   0.671013
517.458000   0.665095
517.459000   0.657340
517.460000   0.647780
517.461000   0.636663
517.462000   0.624419
517.463000   0.611585
517.464000   0.598752
517.465000   0.586518
517.466000   0.575420
517.467000   0.565836
517.468000   0.557947
517.469000   0.551776
517.470000   0.547260
517.471000   0.544289
517.472000   0.542747
517.473000   0.542544
517.474000   0.543644
517.475000   0.546035
517.476000   0.549617
517.477000   0.554090
517.478000   0.559017
517.479000   0.563985
517.480000   0.568724
517.481000   0.573127
517.482000   0.577235
517.483000   0.581193
517.484000   0.585192
517.485000   0.589379
517.486000   0.593738
517.487000   0.598082
517.488000   0.602170
517.489000   0.605809
517.490000   0.608885
517.491000   0.611355
517.492000   0.613242
517.493000   0.614621
517.494000   0.615603
517.495000   0.616258
517.496000   0.616544
517.497000   0.616309
517.498000   0.615417
517.499000   0.613833
517.500000   0.611655
517.501000   0.609103
517.501000   0.609103
517.502000   0.606491
517.503000   0.604202
517.504000   0.602617
517.505000   0.601985
517.506000   0.602336
517.507000   0.603548
517.508000   0.605494
517.509000   0.608102
517.510000   0.611345
517.511000   0.615217
517.512000   0.619741
517.513000   0.624984
517.514000   0.630997
517.515000   0.637679
517.516000   0.644703
517.517000   0.651622
517.518000   0.658011
517.519000   0.663523
517.520000   0.667901
517.521000   0.670992
517.522000   0.672793
517.523000   0.673451
517.524000   0.673159
517.525000   0.671994
517.526000   0.669880
517.527000   0.666720
517.528000   0.662498
517.529000   0.657308
517.530000   0.651358
517.531000   0.644986
517.532000   0.638656
517.533000   0.632884
517.534000   0.628083
517.535000   0.624431
517.536000   0.621926
517.537000   0.620490
517.538000   0.620004
517.539000   0.620306
517.540000   0.621214
517.541000   0.622558
517.542000   0.624213
517.543000   0.626070
517.544000   0.627932
517.545000   0.629474
517.546000   0.630298
517.547000   0.630030
517.548000   0.628369
517.549000   0.625143
517.550000   0.620364
517.551000   0.614248
517.552000   0.607153
517.553000   0.599412
517.554000   0.591174
517.555000   0.582423
517.556000   0.573134
517.557000   0.563352
517.558000   0.553201
517.559000   0.542872
517.560000   0.532626
517.561000   0.522776
517.562000   0.513609
517.563000   0.505285
517.564000   0.497809
517.565000   0.491111
517.566000   0.485102
517.567000   0.479665
517.568000   0.474668
517.569000   0.470032
517.570000   0.465786
517.571000   0.462055
517.572000   0.458967
517.573000   0.456550
517.574000   0.454723
517.575000   0.453381
517.576000   0.452434
517.577000   0.451811
517.578000   0.451488
517.579000   0.451523
517.580000   0.452053
517.581000   0.453231
517.582000   0.455135
517.583000   0.457707
517.584000   0.460820
517.585000   0.464362
517.586000   0.468270
517.587000   0.472537
517.588000   0.477255
517.589000   0.482649
517.590000   0.489052
517.591000   0.496784
517.592000   0.506018
517.593000   0.516736
517.594000   0.528821
517.595000   0.542132
517.596000   0.556494
517.597000   0.571685
517.598000   0.587485
517.599000   0.603712
517.600000   0.620205
517.601000   0.636748
517.602000   0.653027
517.603000   0.668667
517.604000   0.683306
517.605000   0.696587
517.606000   0.708112
517.607000   0.717489
517.608000   0.724463
517.609000   0.728996
517.610000   0.731234
517.611000   0.731405
517.612000   0.729737
517.613000   0.726478
517.614000   0.721917
517.615000   0.716364
517.616000   0.710105
517.617000   0.703421
517.618000   0.696636
517.619000   0.690103
517.620000   0.684121
517.621000   0.678852
517.622000   0.674323
517.623000   0.670505
517.624000   0.667353
517.625000   0.664766
517.626000   0.662577
517.627000   0.660622
517.628000   0.658834
517.629000   0.657233
517.630000   0.655835
517.631000   0.654597
517.632000   0.653496
517.633000   0.652595
517.634000   0.652024
517.635000   0.651887
517.636000   0.652220
517.637000   0.653033
517.638000   0.654333
517.639000   0.656089
517.640000   0.658192
517.641000   0.660484
517.642000   0.662831
517.643000   0.665158
517.644000   0.667409
517.645000   0.669483
517.646000   0.671235
517.647000   0.672537
517.648000   0.673301
517.649000   0.673414
517.650000   0.672715
517.651000   0.671071
517.652000   0.668490
517.653000   0.665148
517.654000   0.661322
517.655000   0.657297
517.656000   0.653333
517.657000   0.649636
517.658000   0.646295
517.659000   0.643242
517.660000   0.640303
517.661000   0.637295
517.662000   0.634090
517.663000   0.630647
517.664000   0.627014
517.665000   0.623336
517.666000   0.619819
517.667000   0.616629
517.668000   0.613767
517.669000   0.611038
517.670000   0.608155
517.671000   0.604852
517.672000   0.600980
517.673000   0.596558
517.674000   0.591796
517.675000   0.587041
517.676000   0.582664
517.677000   0.578910
517.678000   0.575839
517.679000   0.573408
517.680000   0.571584
517.681000   0.570404
517.682000   0.569992
517.683000   0.570545
517.684000   0.572314
517.685000   0.575563
517.686000   0.580488
517.687000   0.587135
517.688000   0.595367
517.689000   0.604939
517.690000   0.615567
517.691000   0.626979
517.692000   0.638917
517.693000   0.651146
517.694000   0.663472
517.695000   0.675731
517.696000   0.687728
517.697000   0.699164
517.698000   0.709623
517.699000   0.718650
517.700000   0.725830
517.701000   0.730857
517.702000   0.733574
517.703000   0.734010
517.704000   0.732372
517.705000   0.728979
517.706000   0.724150
517.707000   0.718125
517.708000   0.711086
517.709000   0.703202
517.710000   0.694659
517.711000   0.685655
517.712000   0.676411
517.713000   0.667170
517.714000   0.658198
517.715000   0.649758
517.716000   0.642060
517.717000   0.635240
517.718000   0.629351
517.719000   0.624373
517.720000   0.620203
517.721000   0.616690
517.722000   0.613693
517.723000   0.611144
517.724000   0.609061
517.725000   0.607502
517.726000   0.606487
517.727000   0.605973
517.728000   0.605885
517.729000   0.606164
517.730000   0.606779
517.731000   0.607754
517.732000   0.609179
517.733000   0.611205
517.734000   0.613997
517.735000   0.617653
517.736000   0.622152
517.737000   0.627366
517.738000   0.633102
517.739000   0.639125
517.740000   0.645173
517.741000   0.651000
517.742000   0.656434
517.743000   0.661401
517.744000   0.665873
517.745000   0.669783
517.746000   0.672970
517.747000   0.675221
517.748000   0.676332
517.749000   0.676145
517.750000   0.674577
517.751000   0.671672
517.752000   0.667608
517.753000   0.662663
517.754000   0.657115
517.755000   0.651178
517.756000   0.644989
517.757000   0.638630
517.758000   0.632119
517.759000   0.625398
517.760000   0.618369
517.761000   0.610978
517.762000   0.603266
517.763000   0.595334
517.764000   0.587259
517.765000   0.579036
517.766000   0.570614
517.767000   0.561958
517.768000   0.553090
517.769000   0.544108
517.770000   0.535190
517.771000   0.526579
517.772000   0.518520
517.773000   0.511191
517.774000   0.504710
517.775000   0.499204
517.776000   0.494876
517.777000   0.492009
517.778000   0.490927
517.779000   0.491942
517.780000   0.495310
517.781000   0.501184
517.782000   0.509564
517.783000   0.520282
517.784000   0.533043
517.785000   0.547512
517.786000   0.563378
517.787000   0.580395
517.788000   0.598373
517.789000   0.617134
517.790000   0.636436
517.791000   0.655897
517.792000   0.674963
517.793000   0.692966
517.794000   0.709255
517.795000   0.723312
517.796000   0.734809
517.797000   0.743623
517.798000   0.749793
517.799000   0.753465
517.800000   0.754801
517.801000   0.753889
517.802000   0.750716
517.803000   0.745232
517.804000   0.737457
517.805000   0.727548
517.806000   0.715814
517.807000   0.702682
517.808000   0.688646
517.809000   0.674194
517.810000   0.659701
517.811000   0.645342
517.812000   0.631094
517.813000   0.616858
517.814000   0.602586
517.815000   0.588357
517.816000   0.574381
517.817000   0.560973
517.818000   0.548527
517.819000   0.537452
517.820000   0.528092
517.821000   0.520627
517.822000   0.515044
517.823000   0.511196
517.824000   0.508893
517.825000   0.507979
517.826000   0.508374
517.827000   0.510090
517.828000   0.513232
517.829000   0.517952
517.830000   0.524370
517.831000   0.532472
517.832000   0.542073
517.833000   0.552846
517.834000   0.564400
517.835000   0.576336
517.836000   0.588305
517.837000   0.600041
517.838000   0.611391
517.839000   0.622288
517.840000   0.632681
517.841000   0.642431
517.842000   0.651267
517.843000   0.658822
517.844000   0.664734
517.845000   0.668765
517.846000   0.670869
517.847000   0.671214
517.848000   0.670149
517.849000   0.668116
517.850000   0.665534
517.851000   0.662716
517.852000   0.659823
517.853000   0.656890
517.854000   0.653886
517.855000   0.650781
517.856000   0.647583
517.857000   0.644361
517.858000   0.641247
517.859000   0.638405
517.860000   0.635955
517.861000   0.633884
517.862000   0.631994
517.863000   0.629945
517.864000   0.627377
517.865000   0.624007
517.866000   0.619693
517.867000   0.614450
517.868000   0.608433
517.869000   0.601865
517.870000   0.594945
517.871000   0.587789
517.872000   0.580444
517.873000   0.572987
517.874000   0.565609
517.875000   0.558639
517.876000   0.552499
517.877000   0.547644
517.878000   0.544483
517.879000   0.543321
517.880000   0.544323
517.881000   0.547512
517.882000   0.552788
517.883000   0.559972
517.884000   0.568855
517.885000   0.579223
517.886000   0.590870
517.887000   0.603600
517.888000   0.617239
517.889000   0.631644
517.890000   0.646700
517.891000   0.662279
517.892000   0.678190
517.893000   0.694193
517.894000   0.710065
517.895000   0.725636
517.896000   0.740777
517.897000   0.755361
517.898000   0.769237
517.899000   0.782211
517.900000   0.794042
517.901000   0.804433
517.902000   0.813058
517.903000   0.819631
517.904000   0.823983
517.905000   0.826088
517.906000   0.826032
517.907000   0.823980
517.908000   0.820141
517.909000   0.814776
517.910000   0.808189
517.911000   0.800684
517.912000   0.792495
517.913000   0.783798
517.914000   0.774785
517.915000   0.765709
517.916000   0.756877
517.917000   0.748596
517.918000   0.741134
517.919000   0.734695
517.920000   0.729393
517.921000   0.725242
517.922000   0.722177
517.923000   0.720114
517.924000   0.719005
517.925000   0.718831
517.926000   0.719554
517.927000   0.721079
517.928000   0.723254
517.929000   0.725915
517.930000   0.728925
517.931000   0.732176
517.932000   0.735557
517.933000   0.738949
517.934000   0.742238
517.935000   0.745337
517.936000   0.748184
517.937000   0.750750
517.938000   0.753044
517.939000   0.755115
517.940000   0.757032
517.941000   0.758835
517.942000   0.760505
517.943000   0.761967
517.944000   0.763114
517.945000   0.763807
517.946000   0.763883
517.947000   0.763164
517.948000   0.761496
517.949000   0.758783
517.950000   0.755002
517.951000   0.750187
517.952000   0.744391
517.953000   0.737631
517.954000   0.729876
517.955000   0.721066
517.956000   0.711149
517.957000   0.700124
517.958000   0.688070
517.959000   0.675157
517.960000   0.661650
517.961000   0.647888
517.962000   0.634243
517.963000   0.621054
517.964000   0.608553
517.965000   0.596825
517.966000   0.585833
517.967000   0.575475
517.968000   0.565657
517.969000   0.556349
517.970000   0.547628
517.971000   0.539690
517.972000   0.532813
517.973000   0.527258
517.974000   0.523147
517.975000   0.520429
517.976000   0.518946
517.977000   0.518524
517.978000   0.519031
517.979000   0.520405
517.980000   0.522659
517.981000   0.525861
517.982000   0.530094
517.983000   0.535388
517.984000   0.541657
517.985000   0.548689
517.986000   0.556192
517.987000   0.563863
517.988000   0.571432
517.989000   0.578701
517.990000   0.585558
517.991000   0.591986
517.992000   0.598041
517.993000   0.603812
517.994000   0.609345
517.995000   0.614596
517.996000   0.619457
517.997000   0.623825
517.998000   0.627673
517.999000   0.631072
518.000000   0.634199
518.001000   0.637311
518.001000   0.637311
518.002000   0.640723
518.003000   0.644742
518.004000   0.649593
518.005000   0.655369
518.006000   0.662048
518.007000   0.669547
518.008000   0.677762
518.009000   0.686578
518.010000   0.695883
518.011000   0.705569
518.012000   0.715538
518.013000   0.725664
518.014000   0.735735
518.015000   0.745419
518.016000   0.754320
518.017000   0.762067
518.018000   0.768396
518.019000   0.773183
518.020000   0.776445
518.021000   0.778316
518.022000   0.779003
518.023000   0.778727
518.024000   0.777665
518.025000   0.775926
518.026000   0.773583
518.027000   0.770726
518.028000   0.767504
518.029000   0.764128
518.030000   0.760848
518.031000   0.757910
518.032000   0.755522
518.033000   0.753826
518.034000   0.752869
518.035000   0.752571
518.036000   0.752711
518.037000   0.752978
518.038000   0.753060
518.039000   0.752700
518.040000   0.751715
518.041000   0.749974
518.042000   0.747367
518.043000   0.743803
518.044000   0.739205
518.045000   0.733493
518.046000   0.726560
518.047000   0.718321
518.048000   0.708783
518.049000   0.698074
518.050000   0.686403
518.051000   0.674009
518.052000   0.661135
518.053000   0.648022
518.054000   0.634899
518.055000   0.621938
518.056000   0.609230
518.057000   0.596827
518.058000   0.584805
518.059000   0.573259
518.060000   0.562265
518.061000   0.551849
518.062000   0.542004
518.063000   0.532734
518.064000   0.524082
518.065000   0.516088
518.066000   0.508742
518.067000   0.502032
518.068000   0.496003
518.069000   0.490763
518.070000   0.486427
518.071000   0.483095
518.072000   0.480852
518.073000   0.479785
518.074000   0.479988
518.075000   0.481536
518.076000   0.484464
518.077000   0.488789
518.078000   0.494512
518.079000   0.501579
518.080000   0.509848
518.081000   0.519088
518.082000   0.529031
518.083000   0.539441
518.084000   0.550170
518.085000   0.561139
518.086000   0.572267
518.087000   0.583425
518.088000   0.594469
518.089000   0.605301
518.090000   0.615904
518.091000   0.626351
518.092000   0.636807
518.093000   0.647501
518.094000   0.658679
518.095000   0.670526
518.096000   0.683118
518.097000   0.696409
518.098000   0.710250
518.099000   0.724399
518.100000   0.738508
518.101000   0.752149
518.102000   0.764861
518.103000   0.776214
518.104000   0.785884
518.105000   0.793693
518.106000   0.799594
518.107000   0.803594
518.108000   0.805697
518.109000   0.805917
518.110000   0.804331
518.111000   0.801127
518.112000   0.796627
518.113000   0.791282
518.114000   0.785640
518.115000   0.780288
518.116000   0.775749
518.117000   0.772392
518.118000   0.770396
518.119000   0.769792
518.120000   0.770514
518.121000   0.772437
518.122000   0.775397
518.123000   0.779219
518.124000   0.783742
518.125000   0.788854
518.126000   0.794479
518.127000   0.800514
518.128000   0.806759
518.129000   0.812912
518.130000   0.818647
518.131000   0.823695
518.132000   0.827885
518.133000   0.831158
518.134000   0.833566
518.135000   0.835250
518.136000   0.836379
518.137000   0.837077
518.138000   0.837361
518.139000   0.837138
518.140000   0.836258
518.141000   0.834576
518.142000   0.831977
518.143000   0.828378
518.144000   0.823740
518.145000   0.818067
518.146000   0.811430
518.147000   0.803962
518.148000   0.795814
518.149000   0.787074
518.150000   0.777706
518.151000   0.767601
518.152000   0.756663
518.153000   0.744869
518.154000   0.732293
518.155000   0.719107
518.156000   0.705571
518.157000   0.691995
518.158000   0.678653
518.159000   0.665679
518.160000   0.653032
518.161000   0.640575
518.162000   0.628169
518.163000   0.615701
518.164000   0.603073
518.165000   0.590200
518.166000   0.577017
518.167000   0.563485
518.168000   0.549573
518.169000   0.535241
518.170000   0.520454
518.171000   0.505238
518.172000   0.489695
518.173000   0.473983
518.174000   0.458289
518.175000   0.442809
518.176000   0.427751
518.177000   0.413347
518.178000   0.399826
518.179000   0.387347
518.180000   0.375934
518.181000   0.365494
518.182000   0.355881
518.183000   0.346952
518.184000   0.338627
518.185000   0.330933
518.186000   0.324042
518.187000   0.318229
518.188000   0.313730
518.189000   0.310594
518.190000   0.308721
518.191000   0.308002
518.192000   0.308403
518.193000   0.309969
518.194000   0.312814
518.195000   0.317112
518.196000   0.323075
518.197000   0.330888
518.198000   0.340625
518.199000   0.352232
518.200000   0.365580
518.201000   0.380497
518.202000   0.396766
518.203000   0.414131
518.204000   0.432323
518.205000   0.451098
518.206000   0.470241
518.207000   0.489515
518.208000   0.508597
518.209000   0.527085
518.210000   0.544558
518.211000   0.560637
518.212000   0.575025
518.213000   0.587558
518.214000   0.598240
518.215000   0.607248
518.216000   0.614876
518.217000   0.621427
518.218000   0.627146
518.219000   0.632204
518.220000   0.636720
518.221000   0.640784
518.222000   0.644484
518.223000   0.647936
518.224000   0.651293
518.225000   0.654731
518.226000   0.658360
518.227000   0.662118
518.228000   0.665730
518.229000   0.668765
518.230000   0.670726
518.231000   0.671141
518.232000   0.669641
518.233000   0.666033
518.234000   0.660339
518.235000   0.652747
518.236000   0.643497
518.237000   0.632763
518.238000   0.620625
518.239000   0.607101
518.240000   0.592215
518.241000   0.576090
518.242000   0.559006
518.243000   0.541427
518.244000   0.523965
518.245000   0.507287
518.246000   0.491983
518.247000   0.478464
518.248000   0.466910
518.249000   0.457275
518.250000   0.449354
518.251000   0.442876
518.252000   0.437595
518.253000   0.433358
518.254000   0.430156
518.255000   0.428109
518.256000   0.427384
518.257000   0.428059
518.258000   0.430038
518.259000   0.433065
518.260000   0.436842
518.261000   0.441134
518.262000   0.445843
518.263000   0.451029
518.264000   0.456871
518.265000   0.463548
518.266000   0.471105
518.267000   0.479414
518.268000   0.488246
518.269000   0.497403
518.270000   0.506808
518.271000   0.516536
518.272000   0.526796
518.273000   0.537883
518.274000   0.550085
518.275000   0.563568
518.276000   0.578298
518.277000   0.594045
518.278000   0.610447
518.279000   0.627090
518.280000   0.643560
518.281000   0.659487
518.282000   0.674574
518.283000   0.688616
518.284000   0.701469
518.285000   0.712970
518.286000   0.722860
518.287000   0.730771
518.288000   0.736331
518.289000   0.739284
518.290000   0.739582
518.291000   0.737410
518.292000   0.733162
518.293000   0.727350
518.294000   0.720441
518.295000   0.712678
518.296000   0.703997
518.297000   0.694150
518.298000   0.682890
518.299000   0.670098
518.300000   0.655822
518.301000   0.640261
518.302000   0.623742
518.303000   0.606659
518.304000   0.589393
518.305000   0.572212
518.306000   0.555265
518.307000   0.538631
518.308000   0.522380
518.309000   0.506600
518.310000   0.491394
518.311000   0.476900
518.312000   0.463298
518.313000   0.450782
518.314000   0.439472
518.315000   0.429325
518.316000   0.420165
518.317000   0.411792
518.318000   0.404074
518.319000   0.396984
518.320000   0.390609
518.321000   0.385145
518.322000   0.380874
518.323000   0.378068
518.324000   0.376856
518.325000   0.377159
518.326000   0.378759
518.327000   0.381430
518.328000   0.385006
518.329000   0.389423
518.330000   0.394729
518.331000   0.401092
518.332000   0.408755
518.333000   0.417926
518.334000   0.428670
518.335000   0.440888
518.336000   0.454405
518.337000   0.469036
518.338000   0.484622
518.339000   0.501024
518.340000   0.518130
518.341000   0.535855
518.342000   0.554087
518.343000   0.572597
518.344000   0.590960
518.345000   0.608615
518.346000   0.625012
518.347000   0.639746
518.348000   0.652628
518.349000   0.663689
518.350000   0.673144
518.351000   0.681313
518.352000   0.688505
518.353000   0.694920
518.354000   0.700621
518.355000   0.705578
518.356000   0.709738
518.357000   0.713073
518.358000   0.715593
518.359000   0.717345
518.360000   0.718385
518.361000   0.718766
518.362000   0.718480
518.363000   0.717402
518.364000   0.715268
518.365000   0.711726
518.366000   0.706469
518.367000   0.699353
518.368000   0.690447
518.369000   0.680004
518.370000   0.668381
518.371000   0.655917
518.372000   0.642835
518.373000   0.629231
518.374000   0.615140
518.375000   0.600611
518.376000   0.585782
518.377000   0.570908
518.378000   0.556344
518.379000   0.542483
518.380000   0.529676
518.381000   0.518157
518.382000   0.508016
518.383000   0.499222
518.384000   0.491630
518.385000   0.485011
518.386000   0.479132
518.387000   0.473836
518.388000   0.469089
518.389000   0.464969
518.390000   0.461628
518.391000   0.459270
518.392000   0.458124
518.393000   0.458388
518.394000   0.460136
518.395000   0.463324
518.396000   0.467888
518.397000   0.473831
518.398000   0.481228
518.399000   0.490188
518.400000   0.500799
518.401000   0.513093
518.402000   0.527011
518.403000   0.542351
518.404000   0.558743
518.405000   0.575731
518.406000   0.592913
518.407000   0.609998
518.408000   0.626762
518.409000   0.642955
518.410000   0.658245
518.411000   0.672245
518.412000   0.684586
518.413000   0.694942
518.414000   0.703034
518.415000   0.708680
518.416000   0.711858
518.417000   0.712699
518.418000   0.711431
518.419000   0.708307
518.420000   0.703599
518.421000   0.697621
518.422000   0.690710
518.423000   0.683138
518.424000   0.675055
518.425000   0.666552
518.426000   0.657736
518.427000   0.648735
518.428000   0.639663
518.429000   0.630612
518.430000   0.621683
518.431000   0.612987
518.432000   0.604580
518.433000   0.596373
518.434000   0.588176
518.435000   0.579845
518.436000   0.571361
518.437000   0.562783
518.438000   0.554166
518.439000   0.545518
518.440000   0.536818
518.441000   0.528045
518.442000   0.519183
518.443000   0.510241
518.444000   0.501310
518.445000   0.492566
518.446000   0.484195
518.447000   0.476289
518.448000   0.468841
518.449000   0.461829
518.450000   0.455320
518.451000   0.449479
518.452000   0.444486
518.453000   0.440447
518.454000   0.437401
518.455000   0.435358
518.456000   0.434303
518.457000   0.434210
518.458000   0.435088
518.459000   0.437036
518.460000   0.440233
518.461000   0.444826
518.462000   0.450817
518.463000   0.458064
518.464000   0.466376
518.465000   0.475565
518.466000   0.485443
518.467000   0.495847
518.468000   0.506691
518.469000   0.517993
518.470000   0.529816
518.471000   0.542150
518.472000   0.554854
518.473000   0.567708
518.474000   0.580459
518.475000   0.592821
518.476000   0.604499
518.477000   0.615274
518.478000   0.625079
518.479000   0.634009
518.480000   0.642268
518.481000   0.650090
518.482000   0.657684
518.483000   0.665183
518.484000   0.672590
518.485000   0.679784
518.486000   0.686616
518.487000   0.693016
518.488000   0.699044
518.489000   0.704868
518.490000   0.710689
518.491000   0.716648
518.492000   0.722754
518.493000   0.728846
518.494000   0.734579
518.495000   0.739505
518.496000   0.743187
518.497000   0.745296
518.498000   0.745657
518.499000   0.744236
518.500000   0.741104
518.501000   0.736377
518.501000   0.736377
518.502000   0.730155
518.503000   0.722442
518.504000   0.713167
518.505000   0.702301
518.506000   0.689973
518.507000   0.676492
518.508000   0.662304
518.509000   0.647919
518.510000   0.633836
518.511000   0.620468
518.512000   0.608085
518.513000   0.596787
518.514000   0.586553
518.515000   0.577328
518.516000   0.569070
518.517000   0.561765
518.518000   0.555426
518.519000   0.550091
518.520000   0.545800
518.521000   0.542526
518.522000   0.540071
518.523000   0.538070
518.524000   0.536121
518.525000   0.533928
518.526000   0.531370
518.527000   0.528498
518.528000   0.525519
518.529000   0.522761
518.530000   0.520595
518.531000   0.519311
518.532000   0.519025
518.533000   0.519720
518.534000   0.521360
518.535000   0.523948
518.536000   0.527519
518.537000   0.532136
518.538000   0.537882
518.539000   0.544852
518.540000   0.553072
518.541000   0.562373
518.542000   0.572369
518.543000   0.582563
518.544000   0.592483
518.545000   0.601745
518.546000   0.610087
518.547000   0.617400
518.548000   0.623746
518.549000   0.629310
518.550000   0.634275
518.551000   0.638699
518.552000   0.642524
518.553000   0.645678
518.554000   0.648152
518.555000   0.650026
518.556000   0.651474
518.557000   0.652748
518.558000   0.654142
518.559000   0.655895
518.560000   0.658046
518.561000   0.660369
518.562000   0.662470
518.563000   0.663942
518.564000   0.664481
518.565000   0.663932
518.566000   0.662312
518.567000   0.659797
518.568000   0.656658
518.569000   0.653116
518.570000   0.649198
518.571000   0.644756
518.572000   0.639618
518.573000   0.633727
518.574000   0.627201
518.575000   0.620336
518.576000   0.613575
518.577000   0.607437
518.578000   0.602397
518.579000   0.598735
518.580000   0.596463
518.581000   0.595399
518.582000   0.595281
518.583000   0.595846
518.584000   0.596873
518.585000   0.598221
518.586000   0.599855
518.587000   0.601822
518.588000   0.604161
518.589000   0.606792
518.590000   0.609491
518.591000   0.611966
518.592000   0.613964
518.593000   0.615356
518.594000   0.616208
518.595000   0.616783
518.596000   0.617482
518.597000   0.618694
518.598000   0.620615
518.599000   0.623175
518.600000   0.626151
518.601000   0.629321
518.602000   0.632533
518.603000   0.635720
518.604000   0.638892
518.605000   0.642135
518.606000   0.645555
518.607000   0.649167
518.608000   0.652805
518.609000   0.656170
518.610000   0.658963
518.611000   0.660982
518.612000   0.662129
518.613000   0.662424
518.614000   0.662016
518.615000   0.661173
518.616000   0.660181
518.617000   0.659211
518.618000   0.658288
518.619000   0.657385
518.620000   0.656521
518.621000   0.655782
518.622000   0.655267
518.623000   0.655070
518.624000   0.655281
518.625000   0.655976
518.626000   0.657145
518.627000   0.658634
518.628000   0.660187
518.629000   0.661555
518.630000   0.662551
518.631000   0.663050
518.632000   0.662984
518.633000   0.662358
518.634000   0.661250
518.635000   0.659710
518.636000   0.657655
518.637000   0.654889
518.638000   0.651254
518.639000   0.646739
518.640000   0.641492
518.641000   0.635776
518.642000   0.629906
518.643000   0.624212
518.644000   0.618973
518.645000   0.614330
518.646000   0.610261
518.647000   0.606666
518.648000   0.603461
518.649000   0.600617
518.650000   0.598170
518.651000   0.596214
518.652000   0.594893
518.653000   0.594365
518.654000   0.594708
518.655000   0.595833
518.656000   0.597512
518.657000   0.599503
518.658000   0.601659
518.659000   0.603966
518.660000   0.606555
518.661000   0.609678
518.662000   0.613633
518.663000   0.618627
518.664000   0.624663
518.665000   0.631532
518.666000   0.638946
518.667000   0.646656
518.668000   0.654502
518.669000   0.662418
518.670000   0.670435
518.671000   0.678671
518.672000   0.687273
518.673000   0.696290
518.674000   0.705570
518.675000   0.714798
518.676000   0.723622
518.677000   0.731740
518.678000   0.738935
518.679000   0.745087
518.680000   0.750185
518.681000   0.754322
518.682000   0.757628
518.683000   0.760125
518.684000   0.761658
518.685000   0.761977
518.686000   0.760877
518.687000   0.758277
518.688000   0.754253
518.689000   0.749040
518.690000   0.743026
518.691000   0.736687
518.692000   0.730453
518.693000   0.724558
518.694000   0.719028
518.695000   0.713791
518.696000   0.708772
518.697000   0.703942
518.698000   0.699332
518.699000   0.695041
518.700000   0.691220
518.701000   0.688023
518.702000   0.685536
518.703000   0.683721
518.704000   0.682431
518.705000   0.681469
518.706000   0.680632
518.707000   0.679770
518.708000   0.678827
518.709000   0.677857
518.710000   0.676982
518.711000   0.676284
518.712000   0.675674
518.713000   0.674885
518.714000   0.673608
518.715000   0.671628
518.716000   0.668859
518.717000   0.665327
518.718000   0.661176
518.719000   0.656648
518.720000   0.652011
518.721000   0.647435
518.722000   0.642923
518.723000   0.638409
518.724000   0.633877
518.725000   0.629403
518.726000   0.625108
518.727000   0.621115
518.728000   0.617561
518.729000   0.614621
518.730000   0.612457
518.731000   0.611129
518.732000   0.610558
518.733000   0.610593
518.734000   0.611087
518.735000   0.611927
518.736000   0.613019
518.737000   0.614268
518.738000   0.615593
518.739000   0.616928
518.740000   0.618144
518.741000   0.618974
518.742000   0.619062
518.743000   0.618105
518.744000   0.615957
518.745000   0.612658
518.746000   0.608416
518.747000   0.603586
518.748000   0.598629
518.749000   0.594011
518.750000   0.590057
518.751000   0.586927
518.752000   0.584724
518.753000   0.583596
518.754000   0.583759
518.755000   0.585468
518.756000   0.588970
518.757000   0.594436
518.758000   0.601886
518.759000   0.611111
518.760000   0.621661
518.761000   0.632934
518.762000   0.644310
518.763000   0.655237
518.764000   0.665287
518.765000   0.674170
518.766000   0.681720
518.767000   0.687839
518.768000   0.692387
518.769000   0.695070
518.770000   0.695495
518.771000   0.693361
518.772000   0.688608
518.773000   0.681449
518.774000   0.672335
518.775000   0.661882
518.776000   0.650784
518.777000   0.639686
518.778000   0.629050
518.779000   0.619099
518.780000   0.609907
518.781000   0.601529
518.782000   0.594051
518.783000   0.587587
518.784000   0.582266
518.785000   0.578231
518.786000   0.575622
518.787000   0.574495
518.788000   0.574676
518.789000   0.575746
518.790000   0.577214
518.791000   0.578712
518.792000   0.580073
518.793000   0.581320
518.794000   0.582628
518.795000   0.584278
518.796000   0.586555
518.797000   0.589578
518.798000   0.593161
518.799000   0.596884
518.800000   0.600304
518.801000   0.603093
518.802000   0.605090
518.803000   0.606298
518.804000   0.606869
518.805000   0.607072
518.806000   0.607186
518.807000   0.607333
518.808000   0.607384
518.809000   0.607066
518.810000   0.606122
518.811000   0.604417
518.812000   0.601978
518.813000   0.599002
518.814000   0.595831
518.815000   0.592886
518.816000   0.590536
518.817000   0.588966
518.818000   0.588167
518.819000   0.588010
518.820000   0.588324
518.821000   0.588948
518.822000   0.589777
518.823000   0.590786
518.824000   0.592043
518.825000   0.593654
518.826000   0.595639
518.827000   0.597830
518.828000   0.599914
518.829000   0.601550
518.830000   0.602459
518.831000   0.602465
518.832000   0.601527
518.833000   0.599755
518.834000   0.597393
518.835000   0.594722
518.836000   0.591934
518.837000   0.589091
518.838000   0.586207
518.839000   0.583301
518.840000   0.580400
518.841000   0.577571
518.842000   0.574980
518.843000   0.572935
518.844000   0.571836
518.845000   0.572054
518.846000   0.573790
518.847000   0.577080
518.848000   0.581860
518.849000   0.588011
518.850000   0.595378
518.851000   0.603815
518.852000   0.613244
518.853000   0.623671
518.854000   0.635111
518.855000   0.647495
518.856000   0.660648
518.857000   0.674343
518.858000   0.688340
518.859000   0.702357
518.860000   0.716101
518.861000   0.729358
518.862000   0.742065
518.863000   0.754268
518.864000   0.765958
518.865000   0.776972
518.866000   0.787052
518.867000   0.795967
518.868000   0.803565
518.869000   0.809773
518.870000   0.814614
518.871000   0.818218
518.872000   0.820777
518.873000   0.822428
518.874000   0.823194
518.875000   0.823060
518.876000   0.822084
518.877000   0.820402
518.878000   0.818176
518.879000   0.815536
518.880000   0.812583
518.881000   0.809425
518.882000   0.806159
518.883000   0.802783
518.884000   0.799168
518.885000   0.795137
518.886000   0.790571
518.887000   0.785459
518.888000   0.779912
518.889000   0.774159
518.890000   0.768520
518.891000   0.763299
518.892000   0.758626
518.893000   0.754394
518.894000   0.750374
518.895000   0.746372
518.896000   0.742289
518.897000   0.738132
518.898000   0.734010
518.899000   0.730135
518.900000   0.726755
518.901000   0.724008
518.902000   0.721831
518.903000   0.720040
518.904000   0.718474
518.905000   0.717068
518.906000   0.715848
518.907000   0.714919
518.908000   0.714434
518.909000   0.714550
518.910000   0.715338
518.911000   0.716700
518.912000   0.718371
518.913000   0.719984
518.914000   0.721165
518.915000   0.721591
518.916000   0.721028
518.917000   0.719353
518.918000   0.716558
518.919000   0.712719
518.920000   0.707885
518.921000   0.701966
518.922000   0.694748
518.923000   0.686012
518.924000   0.675661
518.925000   0.663752
518.926000   0.650498
518.927000   0.636239
518.928000   0.621402
518.929000   0.606423
518.930000   0.591642
518.931000   0.577259
518.932000   0.563375
518.933000   0.550066
518.934000   0.537461
518.935000   0.525786
518.936000   0.515365
518.937000   0.506589
518.938000   0.499862
518.939000   0.495508
518.940000   0.493678
518.941000   0.494297
518.942000   0.497110
518.943000   0.501785
518.944000   0.508020
518.945000   0.515589
518.946000   0.524333
518.947000   0.534133
518.948000   0.544871
518.949000   0.556369
518.950000   0.568355
518.951000   0.580476
518.952000   0.592334
518.953000   0.603524
518.954000   0.613705
518.955000   0.622664
518.956000   0.630353
518.957000   0.636900
518.958000   0.642573
518.959000   0.647698
518.960000   0.652563
518.961000   0.657339
518.962000   0.662053
518.963000   0.666623
518.964000   0.670941
518.965000   0.674926
518.966000   0.678545
518.967000   0.681811
518.968000   0.684757
518.969000   0.687397
518.970000   0.689704
518.971000   0.691592
518.972000   0.692887
518.973000   0.693334
518.974000   0.692699
518.975000   0.690863
518.976000   0.687882
518.977000   0.683975
518.978000   0.679458
518.979000   0.674662
518.980000   0.669875
518.981000   0.665295
518.982000   0.660998
518.983000   0.656975
518.984000   0.653242
518.985000   0.649920
518.986000   0.647218
518.987000   0.645366
518.988000   0.644567
518.989000   0.645021
518.990000   0.646943
518.991000   0.650477
518.992000   0.655602
518.993000   0.662165
518.994000   0.669996
518.995000   0.678951
518.996000   0.688882
518.997000   0.699597
518.998000   0.710874
518.999000   0.722505
519.000000   0.734289
519.001000   0.746013
519.001000   0.746013
519.002000   0.757483
519.003000   0.768553
519.004000   0.779076
519.005000   0.788789
519.006000   0.797271
519.007000   0.804029
519.008000   0.808633
519.009000   0.810826
519.010000   0.810521
519.011000   0.807748
519.012000   0.802594
519.013000   0.795187
519.014000   0.785695
519.015000   0.774304
519.016000   0.761226
519.017000   0.746731
519.018000   0.731171
519.019000   0.714969
519.020000   0.698575
519.021000   0.682405
519.022000   0.666813
519.023000   0.652072
519.024000   0.638320
519.025000   0.625523
519.026000   0.613515
519.027000   0.602110
519.028000   0.591202
519.029000   0.580806
519.030000   0.571046
519.031000   0.562090
519.032000   0.554104
519.033000   0.547214
519.034000   0.541453
519.035000   0.536744
519.036000   0.532942
519.037000   0.529925
519.038000   0.527641
519.039000   0.526146
519.040000   0.525598
519.041000   0.526233
519.042000   0.528300
519.043000   0.531961
519.044000   0.537189
519.045000   0.543761
519.046000   0.551350
519.047000   0.559635
519.048000   0.568379
519.049000   0.577475
519.050000   0.586946
519.051000   0.596882
519.052000   0.607325
519.053000   0.618160
519.054000   0.629082
519.055000   0.639670
519.056000   0.649518
519.057000   0.658346
519.058000   0.666065
519.059000   0.672793
519.060000   0.678821
519.061000   0.684512
519.062000   0.690152
519.063000   0.695797
519.064000   0.701240
519.065000   0.706134
519.066000   0.710160
519.067000   0.713142
519.068000   0.715079
519.069000   0.716136
519.070000   0.716593
519.071000   0.716752
519.072000   0.716804
519.073000   0.716738
519.074000   0.716370
519.075000   0.715478
519.076000   0.713920
519.077000   0.711668
519.078000   0.708821
519.079000   0.705588
519.080000   0.702251
519.081000   0.699043
519.082000   0.695987
519.083000   0.692865
519.084000   0.689388
519.085000   0.685378
519.086000   0.680846
519.087000   0.675999
519.088000   0.671195
519.089000   0.666881
519.090000   0.663480
519.091000   0.661256
519.092000   0.660244
519.093000   0.660311
519.094000   0.661266
519.095000   0.662943
519.096000   0.665236
519.097000   0.668105
519.098000   0.671557
519.099000   0.675591
519.100000   0.680089
519.101000   0.684746
519.102000   0.689138
519.103000   0.692847
519.104000   0.695571
519.105000   0.697174
519.106000   0.697691
519.107000   0.697306
519.108000   0.696298
519.109000   0.694978
519.110000   0.693622
519.111000   0.692461
519.112000   0.691674
519.113000   0.691385
519.114000   0.691662
519.115000   0.692528
519.116000   0.693990
519.117000   0.696046
519.118000   0.698678
519.119000   0.701818
519.120000   0.705312
519.121000   0.708928
519.122000   0.712402
519.123000   0.715474
519.124000   0.717918
519.125000   0.719567
519.126000   0.720341
519.127000   0.720258
519.128000   0.719404
519.129000   0.717889
519.130000   0.715835
519.131000   0.713399
519.132000   0.710775
519.133000   0.708149
519.134000   0.705683
519.135000   0.703547
519.136000   0.701962
519.137000   0.701184
519.138000   0.701447
519.139000   0.702877
519.140000   0.705454
519.141000   0.709027
519.142000   0.713360
519.143000   0.718169
519.144000   0.723158
519.145000   0.728045
519.146000   0.732567
519.147000   0.736468
519.148000   0.739456
519.149000   0.741212
519.150000   0.741464
519.151000   0.740066
519.152000   0.737015
519.153000   0.732416
519.154000   0.726462
519.155000   0.719446
519.156000   0.711760
519.157000   0.703824
519.158000   0.695997
519.159000   0.688534
519.160000   0.681604
519.161000   0.675329
519.162000   0.669808
519.163000   0.665134
519.164000   0.661399
519.165000   0.658680
519.166000   0.656990
519.167000   0.656221
519.168000   0.656126
519.169000   0.656380
519.170000   0.656663
519.171000   0.656720
519.172000   0.656377
519.173000   0.655533
519.174000   0.654166
519.175000   0.652332
519.176000   0.650127
519.177000   0.647625
519.178000   0.644850
519.179000   0.641826
519.180000   0.638627
519.181000   0.635401
519.182000   0.632362
519.183000   0.629787
519.184000   0.627986
519.185000   0.627246
519.186000   0.627733
519.187000   0.629441
519.188000   0.632239
519.189000   0.635948
519.190000   0.640388
519.191000   0.645390
519.192000   0.650804
519.193000   0.656502
519.194000   0.662379
519.195000   0.668315
519.196000   0.674110
519.197000   0.679473
519.198000   0.684107
519.199000   0.687799
519.200000   0.690467
519.201000   0.692156
519.202000   0.693012
519.203000   0.693246
519.204000   0.693061
519.205000   0.692572
519.206000   0.691763
519.207000   0.690543
519.208000   0.688839
519.209000   0.686639
519.210000   0.683980
519.211000   0.680927
519.212000   0.677557
519.213000   0.673955
519.214000   0.670183
519.215000   0.666229
519.216000   0.661981
519.217000   0.657298
519.218000   0.652106
519.219000   0.646454
519.220000   0.640524
519.221000   0.634610
519.222000   0.629091
519.223000   0.624355
519.224000   0.620696
519.225000   0.618240
519.226000   0.616981
519.227000   0.616889
519.228000   0.617977
519.229000   0.620305
519.230000   0.623946
519.231000   0.628966
519.232000   0.635399
519.233000   0.643206
519.234000   0.652220
519.235000   0.662123
519.236000   0.672500
519.237000   0.682936
519.238000   0.693072
519.239000   0.702632
519.240000   0.711426
519.241000   0.719350
519.242000   0.726363
519.243000   0.732429
519.244000   0.737450
519.245000   0.741257
519.246000   0.743680
519.247000   0.744633
519.248000   0.744161
519.249000   0.742445
519.250000   0.739791
519.251000   0.736603
519.252000   0.733336
519.253000   0.730404
519.254000   0.728069
519.255000   0.726396
519.256000   0.725301
519.257000   0.724645
519.258000   0.724307
519.259000   0.724225
519.260000   0.724415
519.261000   0.724962
519.262000   0.725976
519.263000   0.727481
519.264000   0.729312
519.265000   0.731103
519.266000   0.732390
519.267000   0.732745
519.268000   0.731870
519.269000   0.729657
519.270000   0.726203
519.271000   0.721788
519.272000   0.716775
519.273000   0.711475
519.274000   0.706031
519.275000   0.700419
519.276000   0.694524
519.277000   0.688234
519.278000   0.681502
519.279000   0.674369
519.280000   0.666973
519.281000   0.659534
519.282000   0.652305
519.283000   0.645511
519.284000   0.639305
519.285000   0.633748
519.286000   0.628829
519.287000   0.624492
519.288000   0.620693
519.289000   0.617433
519.290000   0.614789
519.291000   0.612892
519.292000   0.611861
519.293000   0.611698
519.294000   0.612244
519.295000   0.613224
519.296000   0.614326
519.297000   0.615280
519.298000   0.615900
519.299000   0.616089
519.300000   0.615832
519.301000   0.615155
519.302000   0.614075
519.303000   0.612600
519.304000   0.610770
519.305000   0.608716
519.306000   0.606650
519.307000   0.604826
519.308000   0.603515
519.309000   0.603007
519.310000   0.603601
519.311000   0.605583
519.312000   0.609182
519.313000   0.614535
519.314000   0.621679
519.315000   0.630560
519.316000   0.641053
519.317000   0.652971
519.318000   0.666099
519.319000   0.680222
519.320000   0.695119
519.321000   0.710511
519.322000   0.726021
519.323000   0.741209
519.324000   0.755672
519.325000   0.769111
519.326000   0.781341
519.327000   0.792293
519.328000   0.802026
519.329000   0.810722
519.330000   0.818633
519.331000   0.825973
519.332000   0.832844
519.333000   0.839232
519.334000   0.845076
519.335000   0.850318
519.336000   0.854941
519.337000   0.858974
519.338000   0.862480
519.339000   0.865493
519.340000   0.867925
519.341000   0.869484
519.342000   0.869747
519.343000   0.868352
519.344000   0.865155
519.345000   0.860306
519.346000   0.854216
519.347000   0.847457
519.348000   0.840617
519.349000   0.834153
519.350000   0.828340
519.351000   0.823323
519.352000   0.819232
519.353000   0.816221
519.354000   0.814471
519.355000   0.814184
519.356000   0.815557
519.357000   0.818716
519.358000   0.823602
519.359000   0.829887
519.360000   0.837022
519.361000   0.844368
519.362000   0.851317
519.363000   0.857362
519.364000   0.862170
519.365000   0.865614
519.366000   0.867743
519.367000   0.868618
519.368000   0.868151
519.369000   0.866113
519.370000   0.862317
519.371000   0.856768
519.372000   0.849718
519.373000   0.841643
519.374000   0.833168
519.375000   0.824962
519.376000   0.817579
519.377000   0.811336
519.378000   0.806316
519.379000   0.802485
519.380000   0.799791
519.381000   0.798194
519.382000   0.797655
519.383000   0.798118
519.384000   0.799501
519.385000   0.801687
519.386000   0.804490
519.387000   0.807595
519.388000   0.810535
519.389000   0.812743
519.390000   0.813681
519.391000   0.812980
519.392000   0.810509
519.393000   0.806377
519.394000   0.800885
519.395000   0.794424
519.396000   0.787353
519.397000   0.779915
519.398000   0.772242
519.399000   0.764429
519.400000   0.756617
519.401000   0.749026
519.402000   0.741940
519.403000   0.735677
519.404000   0.730551
519.405000   0.726827
519.406000   0.724636
519.407000   0.723905
519.408000   0.724353
519.409000   0.725567
519.410000   0.727111
519.411000   0.728607
519.412000   0.729784
519.413000   0.730513
519.414000   0.730815
519.415000   0.730806
519.416000   0.730596
519.417000   0.730195
519.418000   0.729497
519.419000   0.728368
519.420000   0.726741
519.421000   0.724662
519.422000   0.722275
519.423000   0.719797
519.424000   0.717492
519.425000   0.715642
519.426000   0.714483
519.427000   0.714126
519.428000   0.714521
519.429000   0.715518
519.430000   0.716937
519.431000   0.718617
519.432000   0.720426
519.433000   0.722288
519.434000   0.724195
519.435000   0.726204
519.436000   0.728353
519.437000   0.730554
519.438000   0.732545
519.439000   0.733990
519.440000   0.734625
519.441000   0.734365
519.442000   0.733333
519.443000   0.731845
519.444000   0.730341
519.445000   0.729256
519.446000   0.728891
519.447000   0.729368
519.448000   0.730682
519.449000   0.732787
519.450000   0.735648
519.451000   0.739229
519.452000   0.743478
519.453000   0.748316
519.454000   0.753625
519.455000   0.759248
519.456000   0.764967
519.457000   0.770467
519.458000   0.775347
519.459000   0.779196
519.460000   0.781702
519.461000   0.782704
519.462000   0.782213
519.463000   0.780400
519.464000   0.777550
519.465000   0.773968
519.466000   0.769869
519.467000   0.765309
519.468000   0.760260
519.469000   0.754761
519.470000   0.748984
519.471000   0.743228
519.472000   0.737840
519.473000   0.733152
519.474000   0.729411
519.475000   0.726752
519.476000   0.725163
519.477000   0.724490
519.478000   0.724502
519.479000   0.724981
519.480000   0.725766
519.481000   0.726753
519.482000   0.727871
519.483000   0.729071
519.484000   0.730315
519.485000   0.731561
519.486000   0.732707
519.487000   0.733568
519.488000   0.733949
519.489000   0.733732
519.490000   0.732901
519.491000   0.731513
519.492000   0.729664
519.493000   0.727475
519.494000   0.725072
519.495000   0.722533
519.496000   0.719823
519.497000   0.716810
519.498000   0.713381
519.499000   0.709503
519.500000   0.705223
519.501000   0.700634
519.501000   0.700634
519.502000   0.695847
519.503000   0.691000
519.504000   0.686241
519.505000   0.681684
519.506000   0.677351
519.507000   0.673184
519.508000   0.669114
519.509000   0.665098
519.510000   0.661143
519.511000   0.657331
519.512000   0.653848
519.513000   0.650969
519.514000   0.648941
519.515000   0.647798
519.516000   0.647281
519.517000   0.646963
519.518000   0.646404
519.519000   0.645241
519.520000   0.643227
519.521000   0.640271
519.522000   0.636440
519.523000   0.631914
519.524000   0.626878
519.525000   0.621457
519.526000   0.615756
519.527000   0.609934
519.528000   0.604211
519.529000   0.598847
519.530000   0.594133
519.531000   0.590379
519.532000   0.587918
519.533000   0.587072
519.534000   0.588071
519.535000   0.590956
519.536000   0.595562
519.537000   0.601563
519.538000   0.608555
519.539000   0.616122
519.540000   0.623910
519.541000   0.631704
519.542000   0.639431
519.543000   0.647053
519.544000   0.654368
519.545000   0.660966
519.546000   0.666382
519.547000   0.670271
519.548000   0.672477
519.549000   0.673053
519.550000   0.672262
519.551000   0.670540
519.552000   0.668385
519.553000   0.666180
519.554000   0.664102
519.555000   0.662187
519.556000   0.660449
519.557000   0.658925
519.558000   0.657675
519.559000   0.656787
519.560000   0.656384
519.561000   0.656628
519.562000   0.657685
519.563000   0.659649
519.564000   0.662487
519.565000   0.666042
519.566000   0.670075
519.567000   0.674330
519.568000   0.678605
519.569000   0.682804
519.570000   0.686977
519.571000   0.691309
519.572000   0.696050
519.573000   0.701402
519.574000   0.707460
519.575000   0.714236
519.576000   0.721714
519.577000   0.729882
519.578000   0.738734
519.579000   0.748266
519.580000   0.758485
519.581000   0.769405
519.582000   0.781011
519.583000   0.793173
519.584000   0.805596
519.585000   0.817868
519.586000   0.829542
519.587000   0.840205
519.588000   0.849532
519.589000   0.857318
519.590000   0.863512
519.591000   0.868218
519.592000   0.871645
519.593000   0.874005
519.594000   0.875447
519.595000   0.876076
519.596000   0.876005
519.597000   0.875385
519.598000   0.874405
519.599000   0.873285
519.600000   0.872271
519.601000   0.871629
519.602000   0.871622
519.603000   0.872439
519.604000   0.874088
519.605000   0.876349
519.606000   0.878821
519.607000   0.881029
519.608000   0.882494
519.609000   0.882800
519.610000   0.881645
519.611000   0.878882
519.612000   0.874506
519.613000   0.868563
519.614000   0.861027
519.615000   0.851781
519.616000   0.840732
519.617000   0.827927
519.618000   0.813594
519.619000   0.798140
519.620000   0.782123
519.621000   0.766199
519.622000   0.751037
519.623000   0.737220
519.624000   0.725171
519.625000   0.715124
519.626000   0.707146
519.627000   0.701204
519.628000   0.697223
519.629000   0.695112
519.630000   0.694766
519.631000   0.696034
519.632000   0.698694
519.633000   0.702436
519.634000   0.706860
519.635000   0.711494
519.636000   0.715848
519.637000   0.719534
519.638000   0.722351
519.639000   0.724282
519.640000   0.725425
519.641000   0.725902
519.642000   0.725804
519.643000   0.725213
519.644000   0.724256
519.645000   0.723109
519.646000   0.721968
519.647000   0.721033
519.648000   0.720505
519.649000   0.720563
519.650000   0.721299
519.651000   0.722658
519.652000   0.724454
519.653000   0.726466
519.654000   0.728531
519.655000   0.730571
519.656000   0.732534
519.657000   0.734353
519.658000   0.735977
519.659000   0.737373
519.660000   0.738479
519.661000   0.739188
519.662000   0.739402
519.663000   0.739131
519.664000   0.738528
519.665000   0.737841
519.666000   0.737285
519.667000   0.736963
519.668000   0.736899
519.669000   0.737066
519.670000   0.737369
519.671000   0.737632
519.672000   0.737647
519.673000   0.737232
519.674000   0.736294
519.675000   0.734856
519.676000   0.733033
519.677000   0.730948
519.678000   0.728645
519.679000   0.726045
519.680000   0.722970
519.681000   0.719223
519.682000   0.714675
519.683000   0.709334
519.684000   0.703376
519.685000   0.697155
519.686000   0.691155
519.687000   0.685863
519.688000   0.681597
519.689000   0.678435
519.690000   0.676272
519.691000   0.674935
519.692000   0.674251
519.693000   0.674082
519.694000   0.674336
519.695000   0.674981
519.696000   0.676034
519.697000   0.677486
519.698000   0.679170
519.699000   0.680698
519.700000   0.681574
519.701000   0.681329
519.702000   0.679597
519.703000   0.676136
519.704000   0.670828
519.705000   0.663693
519.706000   0.654891
519.707000   0.644660
519.708000   0.633217
519.709000   0.620706
519.710000   0.607245
519.711000   0.592985
519.712000   0.578128
519.713000   0.562918
519.714000   0.547626
519.715000   0.532555
519.716000   0.518042
519.717000   0.504407
519.718000   0.491845
519.719000   0.480350
519.720000   0.469790
519.721000   0.460038
519.722000   0.451051
519.723000   0.442881
519.724000   0.435663
519.725000   0.429608
519.726000   0.424956
519.727000   0.421879
519.728000   0.420351
519.729000   0.420138
519.730000   0.420939
519.731000   0.422518
519.732000   0.424742
519.733000   0.427561
519.734000   0.430991
519.735000   0.435108
519.736000   0.440021
519.737000   0.445777
519.738000   0.452237
519.739000   0.459079
519.740000   0.465927
519.741000   0.472490
519.742000   0.478613
519.743000   0.484294
519.744000   0.489688
519.745000   0.495096
519.746000   0.500886
519.747000   0.507325
519.748000   0.514440
519.749000   0.522088
519.750000   0.530132
519.751000   0.538555
519.752000   0.547480
519.753000   0.557148
519.754000   0.567878
519.755000   0.580013
519.756000   0.593805
519.757000   0.609249
519.758000   0.625999
519.759000   0.643466
519.760000   0.661012
519.761000   0.678078
519.762000   0.694239
