516.642000   1.039297
516.643000   1.034907
516.644000   1.030611
516.645000   1.026505
516.646000   1.022551
516.647000   1.018550
516.648000   1.014304
516.649000   1.009678
516.650000   1.004511
516.651000   0.998584
516.652000   0.991734
516.653000   0.984003
516.654000   0.975695
516.655000   0.967254
516.656000   0.959023
516.657000   0.951225
516.658000   0.944104
516.659000   0.937874
516.660000   0.932597
516.661000   0.928197
516.662000   0.924571
516.663000   0.921682
516.664000   0.919607
516.665000   0.918492
516.666000   0.918389
516.667000   0.919137
516.668000   0.920437
516.669000   0.921910
516.670000   0.923123
516.671000   0.923675
516.672000   0.923310
516.673000   0.922016
516.674000   0.920086
516.675000   0.918079
516.676000   0.916610
516.677000   0.916114
516.678000   0.916764
516.679000   0.918496
516.680000   0.921093
516.681000   0.924322
516.682000   0.928002
516.683000   0.932021
516.684000   0.936360
516.685000   0.941090
516.686000   0.946258
516.687000   0.951711
516.688000   0.957070
516.689000   0.961854
516.690000   0.965658
516.691000   0.968255
516.692000   0.969619
516.693000   0.969906
516.694000   0.969448
516.695000   0.968684
516.696000   0.967931
516.697000   0.967114
516.698000   0.965745
516.699000   0.963185
516.700000   0.958950
516.701000   0.952855
516.702000   0.945007
516.703000   0.935756
516.704000   0.925659
516.705000   0.915425
516.706000   0.905761
516.707000   0.897127
516.708000   0.889586
516.709000   0.882946
516.710000   0.877005
516.711000   0.871665
516.712000   0.866940
516.713000   0.862977
516.714000   0.860111
516.715000   0.858879
516.716000   0.859830
516.717000   0.863168
516.718000   0.868642
516.719000   0.875834
516.720000   0.884453
516.721000   0.894376
516.722000   0.905579
516.723000   0.918081
516.724000   0.931936
516.725000   0.947225
516.726000   0.963957
516.727000   0.981849
516.728000   1.000222
516.729000   1.018243
516.730000   1.035196
516.731000   1.050567
516.732000   1.064020
516.733000   1.075368
516.734000   1.084626
516.735000   1.092060
516.736000   1.098080
516.737000   1.102907
516.738000   1.106396
516.739000   1.108296
516.740000   1.108555
516.741000   1.107385
516.742000   1.105196
516.743000   1.102511
516.744000   1.099932
516.745000   1.098080
516.746000   1.097442
516.747000   1.098126
516.748000   1.099838
516.749000   1.102073
516.750000   1.104284
516.751000   1.105941
516.752000   1.106583
516.753000   1.105858
516.754000   1.103581
516.755000   1.099719
516.756000   1.094226
516.757000   1.086847
516.758000   1.077202
516.759000   1.065037
516.760000   1.050337
516.761000   1.033315
516.762000   1.014403
516.763000   0.994263
516.764000   0.973765
516.765000   0.953849
516.766000   0.935239
516.767000   0.918252
516.768000   0.902945
516.769000   0.889333
516.770000   0.877471
516.771000   0.867435
516.772000   0.859318
516.773000   0.853236
516.774000   0.849332
516.775000   0.847678
516.776000   0.848087
516.777000   0.850064
516.778000   0.853007
516.779000   0.856393
516.780000   0.859816
516.781000   0.862976
516.782000   0.865711
516.783000   0.868073
516.784000   0.870353
516.785000   0.872851
516.786000   0.875548
516.787000   0.878161
516.788000   0.880466
516.789000   0.882447
516.790000   0.884253
516.791000   0.886127
516.792000   0.888360
516.793000   0.891268
516.794000   0.895124
516.795000   0.900034
516.796000   0.905868
516.797000   0.912338
516.798000   0.919131
516.799000   0.925941
516.800000   0.932477
516.801000   0.938505
516.802000   0.943902
516.803000   0.948713
516.804000   0.953071
516.805000   0.956927
516.806000   0.959856
516.807000   0.961222
516.808000   0.960448
516.809000   0.957160
516.810000   0.951255
516.811000   0.942957
516.812000   0.932821
516.813000   0.921645
516.814000   0.910208
516.815000   0.898982
516.816000   0.888148
516.817000   0.877789
516.818000   0.867999
516.819000   0.858893
516.820000   0.850618
516.821000   0.843379
516.822000   0.837441
516.823000   0.833056
516.824000   0.830266
516.825000   0.828773
516.826000   0.828083
516.827000   0.827738
516.828000   0.827407
516.829000   0.826888
516.830000   0.826119
516.831000   0.825229
516.832000   0.824551
516.833000   0.824495
516.834000   0.825300
516.835000   0.826947
516.836000   0.829316
516.837000   0.832312
516.838000   0.835891
516.839000   0.840063
516.840000   0.844927
516.841000   0.850700
516.842000   0.857694
516.843000   0.866155
516.844000   0.876050
516.845000   0.887075
516.846000   0.898809
516.847000   0.910799
516.848000   0.922573
516.849000   0.933686
516.850000   0.943810
516.851000   0.952824
516.852000   0.960830
516.853000   0.967985
516.854000   0.974297
516.855000   0.979615
516.856000   0.983749
516.857000   0.986534
516.858000   0.987906
516.859000   0.987978
516.860000   0.987063
516.861000   0.985625
516.862000   0.984115
516.863000   0.982740
516.864000   0.981385
516.865000   0.979801
516.866000   0.977760
516.867000   0.975058
516.868000   0.971502
516.869000   0.966951
516.870000   0.961386
516.871000   0.954948
516.872000   0.947877
516.873000   0.940355
516.874000   0.932436
516.875000   0.924101
516.876000   0.915243
516.877000   0.905678
516.878000   0.895281
516.879000   0.884155
516.880000   0.872701
516.881000   0.861529
516.882000   0.851202
516.883000   0.841997
516.884000   0.833947
516.885000   0.826983
516.886000   0.821015
516.887000   0.815997
516.888000   0.811994
516.889000   0.809213
516.890000   0.807958
516.891000   0.808481
516.892000   0.810737
516.893000   0.814307
516.894000   0.818595
516.895000   0.823017
516.896000   0.827046
516.897000   0.830283
516.898000   0.832556
516.899000   0.833952
516.900000   0.834745
516.901000   0.835200
516.902000   0.835420
516.903000   0.835398
516.904000   0.835076
516.905000   0.834247
516.906000   0.832552
516.907000   0.829677
516.908000   0.825525
516.909000   0.820252
516.910000   0.814193
516.911000   0.807710
516.912000   0.801079
516.913000   0.794478
516.914000   0.787979
516.915000   0.781559
516.916000   0.775237
516.917000   0.769196
516.918000   0.763767
516.919000   0.759306
516.920000   0.755993
516.921000   0.753692
516.922000   0.752057
516.923000   0.750751
516.924000   0.749505
516.925000   0.748059
516.926000   0.746220
516.927000   0.743982
516.928000   0.741534
516.929000   0.739155
516.930000   0.737066
516.931000   0.735412
516.932000   0.734370
516.933000   0.734167
516.934000   0.734944
516.935000   0.736710
516.936000   0.739506
516.937000   0.743506
516.938000   0.748963
516.939000   0.756069
516.940000   0.764874
516.941000   0.775340
516.942000   0.787454
516.943000   0.801232
516.944000   0.816584
516.945000   0.833241
516.946000   0.850847
516.947000   0.869023
516.948000   0.887340
516.949000   0.905244
516.950000   0.922113
516.951000   0.937451
516.952000   0.951047
516.953000   0.962903
516.954000   0.973006
516.955000   0.981297
516.956000   0.987829
516.957000   0.992783
516.958000   0.996323
516.959000   0.998544
516.960000   0.999572
516.961000   0.999682
516.962000   0.999312
516.963000   0.998938
516.964000   0.998906
516.965000   0.999386
516.966000   1.000461
516.967000   1.002158
516.968000   1.004375
516.969000   1.006858
516.970000   1.009273
516.971000   1.011297
516.972000   1.012692
516.973000   1.013353
516.974000   1.013274
516.975000   1.012445
516.976000   1.010784
516.977000   1.008103
516.978000   1.004107
516.979000   0.998526
516.980000   0.991291
516.981000   0.982615
516.982000   0.972989
516.983000   0.963126
516.984000   0.953865
516.985000   0.945988
516.986000   0.940012
516.987000   0.936125
516.988000   0.934303
516.989000   0.934475
516.990000   0.936580
516.991000   0.940553
516.992000   0.946291
516.993000   0.953662
516.994000   0.962529
516.995000   0.972734
516.996000   0.983981
516.997000   0.995697
516.998000   1.007081
516.999000   1.017314
517.000000   1.025740
517.001000   1.031959
517.001000   1.031959
517.002000   1.035849
517.003000   1.037558
517.004000   1.037439
517.005000   1.035877
517.006000   1.033090
517.007000   1.029123
517.008000   1.024008
517.009000   1.017879
517.010000   1.011012
517.011000   1.003833
517.012000   0.996891
517.013000   0.990749
517.014000   0.985824
517.015000   0.982232
517.016000   0.979785
517.017000   0.978153
517.018000   0.977021
517.019000   0.976088
517.020000   0.974989
517.021000   0.973317
517.022000   0.970773
517.023000   0.967236
517.024000   0.962679
517.025000   0.957050
517.026000   0.950279
517.027000   0.942390
517.028000   0.933553
517.029000   0.924012
517.030000   0.913967
517.031000   0.903597
517.032000   0.893130
517.033000   0.882782
517.034000   0.872613
517.035000   0.862514
517.036000   0.852347
517.037000   0.842083
517.038000   0.831868
517.039000   0.822004
517.040000   0.812895
517.041000   0.804969
517.042000   0.798592
517.043000   0.793947
517.044000   0.790948
517.045000   0.789312
517.046000   0.788704
517.047000   0.788837
517.048000   0.789534
517.049000   0.790778
517.050000   0.792731
517.051000   0.795629
517.052000   0.799549
517.053000   0.804227
517.054000   0.809146
517.055000   0.813803
517.056000   0.817858
517.057000   0.821175
517.058000   0.823801
517.059000   0.825940
517.060000   0.827902
517.061000   0.829966
517.062000   0.832179
517.063000   0.834261
517.064000   0.835756
517.065000   0.836246
517.066000   0.835476
517.067000   0.833388
517.068000   0.830110
517.069000   0.825930
517.070000   0.821224
517.071000   0.816326
517.072000   0.811387
517.073000   0.806405
517.074000   0.801346
517.075000   0.796214
517.076000   0.791086
517.077000   0.786143
517.078000   0.781687
517.079000   0.778093
517.080000   0.775696
517.081000   0.774618
517.082000   0.774714
517.083000   0.775712
517.084000   0.777346
517.085000   0.779393
517.086000   0.781714
517.087000   0.784303
517.088000   0.787296
517.089000   0.790877
517.090000   0.795101
517.091000   0.799764
517.092000   0.804490
517.093000   0.808948
517.094000   0.812976
517.095000   0.816556
517.096000   0.819727
517.097000   0.822586
517.098000   0.825330
517.099000   0.828208
517.100000   0.831359
517.101000   0.834753
517.102000   0.838304
517.103000   0.842011
517.104000   0.845961
517.105000   0.850255
517.106000   0.854946
517.107000   0.860089
517.108000   0.865781
517.109000   0.872074
517.110000   0.878903
517.111000   0.886148
517.112000   0.893735
517.113000   0.901660
517.114000   0.909962
517.115000   0.918679
517.116000   0.927815
517.117000   0.937356
517.118000   0.947266
517.119000   0.957391
517.120000   0.967437
517.121000   0.977065
517.122000   0.986018
517.123000   0.994177
517.124000   1.001586
517.125000   1.008429
517.126000   1.014945
517.127000   1.021277
517.128000   1.027298
517.129000   1.032594
517.130000   1.036687
517.131000   1.039277
517.132000   1.040319
517.133000   1.040016
517.134000   1.038788
517.135000   1.037195
517.136000   1.035794
517.137000   1.034962
517.138000   1.034820
517.139000   1.035340
517.140000   1.036483
517.141000   1.038237
517.142000   1.040602
517.143000   1.043571
517.144000   1.047141
517.145000   1.051319
517.146000   1.056042
517.147000   1.061001
517.148000   1.065570
517.149000   1.068982
517.150000   1.070572
517.151000   1.069919
517.152000   1.066889
517.153000   1.061647
517.154000   1.054648
517.155000   1.046551
517.156000   1.037973
517.157000   1.029235
517.158000   1.020376
517.159000   1.011370
517.160000   1.002295
517.161000   0.993369
517.162000   0.984939
517.163000   0.977443
517.164000   0.971359
517.165000   0.967074
517.166000   0.964723
517.167000   0.964159
517.168000   0.965078
517.169000   0.967080
517.170000   0.969722
517.171000   0.972605
517.172000   0.975462
517.173000   0.978209
517.174000   0.980923
517.175000   0.983724
517.176000   0.986626
517.177000   0.989525
517.178000   0.992261
517.179000   0.994647
517.180000   0.996496
517.181000   0.997684
517.182000   0.998213
517.183000   0.998203
517.184000   0.997781
517.185000   0.996891
517.186000   0.995243
517.187000   0.992499
517.188000   0.988466
517.189000   0.983129
517.190000   0.976557
517.191000   0.968858
517.192000   0.960251
517.193000   0.951109
517.194000   0.941826
517.195000   0.932677
517.196000   0.923857
517.197000   0.915606
517.198000   0.908219
517.199000   0.901964
517.200000   0.896973
517.201000   0.893211
517.202000   0.890532
517.203000   0.888725
517.204000   0.887474
517.205000   0.886335
517.206000   0.884822
517.207000   0.882497
517.208000   0.879019
517.209000   0.874163
517.210000   0.867850
517.211000   0.860149
517.212000   0.851250
517.213000   0.841332
517.214000   0.830397
517.215000   0.818289
517.216000   0.804919
517.217000   0.790422
517.218000   0.775160
517.219000   0.759693
517.220000   0.744754
517.221000   0.731196
517.222000   0.719846
517.223000   0.711267
517.224000   0.705638
517.225000   0.702905
517.226000   0.702997
517.227000   0.705881
517.228000   0.711513
517.229000   0.719811
517.230000   0.730669
517.231000   0.744006
517.232000   0.759718
517.233000   0.777474
517.234000   0.796565
517.235000   0.816056
517.236000   0.835050
517.237000   0.852856
517.238000   0.869030
517.239000   0.883394
517.240000   0.896042
517.241000   0.907282
517.242000   0.917423
517.243000   0.926541
517.244000   0.934485
517.245000   0.941022
517.246000   0.945922
517.247000   0.949080
517.248000   0.950628
517.249000   0.950962
517.250000   0.950685
517.251000   0.950446
517.252000   0.950709
517.253000   0.951655
517.254000   0.953301
517.255000   0.955548
517.256000   0.958131
517.257000   0.960690
517.258000   0.962946
517.259000   0.964777
517.260000   0.966177
517.261000   0.967116
517.262000   0.967375
517.263000   0.966578
517.264000   0.964371
517.265000   0.960473
517.266000   0.954568
517.267000   0.946333
517.268000   0.935657
517.269000   0.922773
517.270000   0.908145
517.271000   0.892214
517.272000   0.875241
517.273000   0.857420
517.274000   0.839078
517.275000   0.820711
517.276000   0.802864
517.277000   0.786048
517.278000   0.770801
517.279000   0.757713
517.280000   0.747280
517.281000   0.739742
517.282000   0.735075
517.283000   0.733140
517.284000   0.733813
517.285000   0.737006
517.286000   0.742558
517.287000   0.750153
517.288000   0.759425
517.289000   0.770049
517.290000   0.781652
517.291000   0.793718
517.292000   0.805689
517.293000   0.817138
517.294000   0.827858
517.295000   0.837869
517.296000   0.847319
517.297000   0.856370
517.298000   0.865139
517.299000   0.873668
517.300000   0.881864
517.301000   0.889527
517.302000   0.896467
517.303000   0.902582
517.304000   0.907880
517.305000   0.912497
517.306000   0.916690
517.307000   0.920798
517.308000   0.925114
517.309000   0.929728
517.310000   0.934458
517.311000   0.938920
517.312000   0.942695
517.313000   0.945448
517.314000   0.946997
517.315000   0.947363
517.316000   0.946818
517.317000   0.945841
517.318000   0.944929
517.319000   0.944304
517.320000   0.943793
517.321000   0.943022
517.322000   0.941676
517.323000   0.939607
517.324000   0.936821
517.325000   0.933459
517.326000   0.929788
517.327000   0.926186
517.328000   0.923052
517.329000   0.920588
517.330000   0.918633
517.331000   0.916780
517.332000   0.914634
517.333000   0.911952
517.334000   0.908642
517.335000   0.904751
517.336000   0.900465
517.337000   0.896111
517.338000   0.892106
517.339000   0.888799
517.340000   0.886323
517.341000   0.884580
517.342000   0.883402
517.343000   0.882742
517.344000   0.882724
517.345000   0.883601
517.346000   0.885692
517.347000   0.889314
517.348000   0.894697
517.349000   0.901924
517.350000   0.910959
517.351000   0.921625
517.352000   0.933508
517.353000   0.946034
517.354000   0.958679
517.355000   0.971081
517.356000   0.983044
517.357000   0.994487
517.358000   1.005330
517.359000   1.015422
517.360000   1.024610
517.361000   1.032840
517.362000   1.040085
517.363000   1.046208
517.364000   1.051061
517.365000   1.054668
517.366000   1.057225
517.367000   1.058931
517.368000   1.059802
517.369000   1.059651
517.370000   1.058267
517.371000   1.055606
517.372000   1.051859
517.373000   1.047347
517.374000   1.042322
517.375000   1.036947
517.376000   1.031402
517.377000   1.025846
517.378000   1.020276
517.379000   1.014493
517.380000   1.008205
517.381000   1.001164
517.382000   0.993268
517.383000   0.984634
517.384000   0.975568
517.385000   0.966388
517.386000   0.957226
517.387000   0.947992
517.388000   0.938437
517.389000   0.928312
517.390000   0.917513
517.391000   0.906128
517.392000   0.894426
517.393000   0.882847
517.394000   0.871972
517.395000   0.862440
517.396000   0.854731
517.397000   0.848941
517.398000   0.844817
517.399000   0.841990
517.400000   0.840136
517.401000   0.839031
517.402000   0.838556
517.403000   0.838716
517.404000   0.839652
517.405000   0.841638
517.406000   0.844979
517.407000   0.849801
517.408000   0.855843
517.409000   0.862525
517.410000   0.869280
517.411000   0.875768
517.412000   0.881911
517.413000   0.887838
517.414000   0.893814
517.415000   0.900134
517.416000   0.906987
517.417000   0.914380
517.418000   0.922165
517.419000   0.930096
517.420000   0.937891
517.421000   0.945322
517.422000   0.952277
517.423000   0.958737
517.424000   0.964708
517.425000   0.970104
517.426000   0.974682
517.427000   0.978145
517.428000   0.980360
517.429000   0.981473
517.430000   0.981779
517.431000   0.981483
517.432000   0.980712
517.433000   0.979686
517.434000   0.978744
517.435000   0.978197
517.436000   0.978227
517.437000   0.978917
517.438000   0.980343
517.439000   0.982628
517.440000   0.985901
517.441000   0.990172
517.442000   0.995269
517.443000   1.000914
517.444000   1.006789
517.445000   1.012499
517.446000   1.017582
517.447000   1.021593
517.448000   1.024209
517.449000   1.025310
517.450000   1.025013
517.451000   1.023638
517.452000   1.021593
517.453000   1.019247
517.454000   1.016842
517.455000   1.014450
517.456000   1.012060
517.457000   1.009700
517.458000   1.007494
517.459000   1.005657
517.460000   1.004476
517.461000   1.004285
517.462000   1.005361
517.463000   1.007767
517.464000   1.011261
517.465000   1.015388
517.466000   1.019648
517.467000   1.023610
517.468000   1.026941
517.469000   1.029416
517.470000   1.030958
517.471000   1.031685
517.472000   1.031883
517.473000   1.031792
517.474000   1.031322
517.475000   1.030060
517.476000   1.027541
517.477000   1.023462
517.478000   1.017722
517.479000   1.010401
517.480000   1.001732
517.481000   0.992094
517.482000   0.981962
517.483000   0.971785
517.484000   0.961853
517.485000   0.952264
517.486000   0.943015
517.487000   0.934136
517.488000   0.925763
517.489000   0.918139
517.490000   0.911597
517.491000   0.906511
517.492000   0.903181
517.493000   0.901690
517.494000   0.901900
517.495000   0.903569
517.496000   0.906397
517.497000   0.910035
517.498000   0.914198
517.499000   0.918774
517.500000   0.923820
517.501000   0.929443
517.501000   0.929443
517.502000   0.935643
517.503000   0.942253
517.504000   0.949070
517.505000   0.956009
517.506000   0.963095
517.507000   0.970326
517.508000   0.977630
517.509000   0.984989
517.510000   0.992510
517.511000   1.000323
517.512000   1.008426
517.513000   1.016660
517.514000   1.024826
517.515000   1.032816
517.516000   1.040684
517.517000   1.048603
517.518000   1.056722
517.519000   1.065107
517.520000   1.073779
517.521000   1.082658
517.522000   1.091512
517.523000   1.100047
517.524000   1.108032
517.525000   1.115390
517.526000   1.122225
517.527000   1.128816
517.528000   1.135518
517.529000   1.142600
517.530000   1.150095
517.531000   1.157726
517.532000   1.164984
517.533000   1.171315
517.534000   1.176247
517.535000   1.179462
517.536000   1.180844
517.537000   1.180505
517.538000   1.178745
517.539000   1.175890
517.540000   1.172078
517.541000   1.167229
517.542000   1.161210
517.543000   1.154000
517.544000   1.145721
517.545000   1.136619
517.546000   1.127038
517.547000   1.117424
517.548000   1.108289
517.549000   1.100088
517.550000   1.093014
517.551000   1.086939
517.552000   1.081572
517.553000   1.076651
517.554000   1.072015
517.555000   1.067601
517.556000   1.063443
517.557000   1.059681
517.558000   1.056528
517.559000   1.054168
517.560000   1.052643
517.561000   1.051828
517.562000   1.051475
517.563000   1.051335
517.564000   1.051298
517.565000   1.051429
517.566000   1.051929
517.567000   1.053053
517.568000   1.054963
517.569000   1.057616
517.570000   1.060834
517.571000   1.064460
517.572000   1.068360
517.573000   1.072325
517.574000   1.076097
517.575000   1.079464
517.576000   1.082300
517.577000   1.084520
517.578000   1.085988
517.579000   1.086525
517.580000   1.086048
517.581000   1.084670
517.582000   1.082594
517.583000   1.079890
517.584000   1.076461
517.585000   1.072218
517.586000   1.067155
517.587000   1.061260
517.588000   1.054456
517.589000   1.046670
517.590000   1.037954
517.591000   1.028519
517.592000   1.018627
517.593000   1.008424
517.594000   0.997932
517.595000   0.987185
517.596000   0.976256
517.597000   0.965141
517.598000   0.953687
517.599000   0.941693
517.600000   0.929033
517.601000   0.915743
517.602000   0.902040
517.603000   0.888289
517.604000   0.874911
517.605000   0.862246
517.606000   0.850427
517.607000   0.839383
517.608000   0.828995
517.609000   0.819262
517.610000   0.810330
517.611000   0.802458
517.612000   0.795977
517.613000   0.791249
517.614000   0.788580
517.615000   0.788066
517.616000   0.789467
517.617000   0.792267
517.618000   0.795836
517.619000   0.799563
517.620000   0.802908
517.621000   0.805447
517.622000   0.806939
517.623000   0.807375
517.624000   0.806939
517.625000   0.805830
517.626000   0.804059
517.627000   0.801443
517.628000   0.797773
517.629000   0.792980
517.630000   0.787205
517.631000   0.780795
517.632000   0.774277
517.633000   0.768288
517.634000   0.763446
517.635000   0.760183
517.636000   0.758696
517.637000   0.758991
517.638000   0.760921
517.639000   0.764245
517.640000   0.768741
517.641000   0.774277
517.642000   0.780785
517.643000   0.788151
517.644000   0.796071
517.645000   0.804053
517.646000   0.811595
517.647000   0.818344
517.648000   0.824040
517.649000   0.828391
517.650000   0.831137
517.651000   0.832212
517.652000   0.831768
517.653000   0.830056
517.654000   0.827314
517.655000   0.823778
517.656000   0.819773
517.657000   0.815748
517.658000   0.812197
517.659000   0.809523
517.660000   0.807972
517.661000   0.807668
517.662000   0.808607
517.663000   0.810582
517.664000   0.813209
517.665000   0.816087
517.666000   0.818958
517.667000   0.821773
517.668000   0.824658
517.669000   0.827781
517.670000   0.831250
517.671000   0.835090
517.672000   0.839200
517.673000   0.843332
517.674000   0.847216
517.675000   0.850724
517.676000   0.853948
517.677000   0.857187
517.678000   0.860888
517.679000   0.865554
517.680000   0.871612
517.681000   0.879264
517.682000   0.888410
517.683000   0.898737
517.684000   0.909880
517.685000   0.921504
517.686000   0.933314
517.687000   0.945074
517.688000   0.956644
517.689000   0.967993
517.690000   0.979108
517.691000   0.989822
517.692000   0.999747
517.693000   1.008405
517.694000   1.015423
517.695000   1.020626
517.696000   1.024054
517.697000   1.025955
517.698000   1.026759
517.699000   1.026963
517.700000   1.026891
517.701000   1.026455
517.702000   1.025226
517.703000   1.022738
517.704000   1.018694
517.705000   1.013004
517.706000   1.005759
517.707000   0.997204
517.708000   0.987730
517.709000   0.977788
517.710000   0.967722
517.711000   0.957619
517.712000   0.947368
517.713000   0.936828
517.714000   0.925940
517.715000   0.914752
517.716000   0.903419
517.717000   0.892213
517.718000   0.881509
517.719000   0.871695
517.720000   0.863018
517.721000   0.855511
517.722000   0.849036
517.723000   0.843370
517.724000   0.838319
517.725000   0.833790
517.726000   0.829824
517.727000   0.826607
517.728000   0.824416
517.729000   0.823493
517.730000   0.823930
517.731000   0.825657
517.732000   0.828475
517.733000   0.832128
517.734000   0.836414
517.735000   0.841253
517.736000   0.846688
517.737000   0.852826
517.738000   0.859730
517.739000   0.867343
517.740000   0.875523
517.741000   0.884071
517.742000   0.892665
517.743000   0.900873
517.744000   0.908290
517.745000   0.914671
517.746000   0.919957
517.747000   0.924219
517.748000   0.927546
517.749000   0.930005
517.750000   0.931688
517.751000   0.932736
517.752000   0.933268
517.753000   0.933346
517.754000   0.933040
517.755000   0.932478
517.756000   0.931796
517.757000   0.931013
517.758000   0.929957
517.759000   0.928341
517.760000   0.925918
517.761000   0.922586
517.762000   0.918361
517.763000   0.913305
517.764000   0.907509
517.765000   0.901147
517.766000   0.894446
517.767000   0.887563
517.768000   0.880524
517.769000   0.873311
517.770000   0.865989
517.771000   0.858781
517.772000   0.852056
517.773000   0.846224
517.774000   0.841592
517.775000   0.838288
517.776000   0.836243
517.777000   0.835192
517.778000   0.834787
517.779000   0.834753
517.780000   0.834969
517.781000   0.835479
517.782000   0.836476
517.783000   0.838259
517.784000   0.841130
517.785000   0.845248
517.786000   0.850517
517.787000   0.856613
517.788000   0.863130
517.789000   0.869696
517.790000   0.876024
517.791000   0.881923
517.792000   0.887331
517.793000   0.892333
517.794000   0.897116
517.795000   0.901758
517.796000   0.906036
517.797000   0.909490
517.798000   0.911684
517.799000   0.912382
517.800000   0.911603
517.801000   0.909592
517.802000   0.906809
517.803000   0.903897
517.804000   0.901584
517.805000   0.900475
517.806000   0.900866
517.807000   0.902728
517.808000   0.905884
517.809000   0.910166
517.810000   0.915463
517.811000   0.921714
517.812000   0.928895
517.813000   0.936991
517.814000   0.945919
517.815000   0.955441
517.816000   0.965106
517.817000   0.974275
517.818000   0.982239
517.819000   0.988389
517.820000   0.992339
517.821000   0.993971
517.822000   0.993434
517.823000   0.991065
517.824000   0.987246
517.825000   0.982290
517.826000   0.976431
517.827000   0.969860
517.828000   0.962812
517.829000   0.955639
517.830000   0.948823
517.831000   0.942930
517.832000   0.938519
517.833000   0.936051
517.834000   0.935816
517.835000   0.937919
517.836000   0.942241
517.837000   0.948384
517.838000   0.955714
517.839000   0.963545
517.840000   0.971309
517.841000   0.978646
517.842000   0.985400
517.843000   0.991543
517.844000   0.997086
517.845000   1.002012
517.846000   1.006174
517.847000   1.009251
517.848000   1.010887
517.849000   1.010894
517.850000   1.009316
517.851000   1.006359
517.852000   1.002280
517.853000   0.997307
517.854000   0.991633
517.855000   0.985438
517.856000   0.978866
517.857000   0.971985
517.858000   0.964841
517.859000   0.957572
517.860000   0.950432
517.861000   0.943738
517.862000   0.937756
517.863000   0.932626
517.864000   0.928371
517.865000   0.924922
517.866000   0.922051
517.867000   0.919301
517.868000   0.916139
517.869000   0.912207
517.870000   0.907412
517.871000   0.901864
517.872000   0.895796
517.873000   0.889541
517.874000   0.883520
517.875000   0.878166
517.876000   0.873789
517.877000   0.870594
517.878000   0.868838
517.879000   0.868873
517.880000   0.871027
517.881000   0.875432
517.882000   0.881957
517.883000   0.890261
517.884000   0.899925
517.885000   0.910530
517.886000   0.921616
517.887000   0.932618
517.888000   0.942934
517.889000   0.952033
517.890000   0.959487
517.891000   0.964990
517.892000   0.968411
517.893000   0.969871
517.894000   0.969742
517.895000   0.968482
517.896000   0.966422
517.897000   0.963768
517.898000   0.960805
517.899000   0.957931
517.900000   0.955519
517.901000   0.953788
517.902000   0.952783
517.903000   0.952433
517.904000   0.952647
517.905000   0.953376
517.906000   0.954593
517.907000   0.956191
517.908000   0.957959
517.909000   0.959598
517.910000   0.960758
517.911000   0.961109
517.912000   0.960431
517.913000   0.958681
517.914000   0.956042
517.915000   0.952923
517.916000   0.949863
517.917000   0.947317
517.918000   0.945499
517.919000   0.944382
517.920000   0.943802
517.921000   0.943572
517.922000   0.943556
517.923000   0.943718
517.924000   0.944130
517.925000   0.944979
517.926000   0.946541
517.927000   0.949104
517.928000   0.952854
517.929000   0.957783
517.930000   0.963729
517.931000   0.970478
517.932000   0.977828
517.933000   0.985595
517.934000   0.993614
517.935000   1.001759
517.936000   1.009941
517.937000   1.018056
517.938000   1.025904
517.939000   1.033149
517.940000   1.039381
517.941000   1.044208
517.942000   1.047354
517.943000   1.048734
517.944000   1.048463
517.945000   1.046814
517.946000   1.044123
517.947000   1.040675
517.948000   1.036664
517.949000   1.032214
517.950000   1.027431
517.951000   1.022415
517.952000   1.017236
517.953000   1.011962
517.954000   1.006709
517.955000   1.001674
517.956000   0.997074
517.957000   0.993024
517.958000   0.989482
517.959000   0.986290
517.960000   0.983268
517.961000   0.980314
517.962000   0.977443
517.963000   0.974768
517.964000   0.972441
517.965000   0.970584
517.966000   0.969242
517.967000   0.968349
517.968000   0.967762
517.969000   0.967328
517.970000   0.966948
517.971000   0.966623
517.972000   0.966486
517.973000   0.966801
517.974000   0.967889
517.975000   0.969977
517.976000   0.973047
517.977000   0.976788
517.978000   0.980697
517.979000   0.984221
517.980000   0.986884
517.981000   0.988363
517.982000   0.988508
517.983000   0.987319
517.984000   0.984848
517.985000   0.981054
517.986000   0.975709
517.987000   0.968451
517.988000   0.958959
517.989000   0.947096
517.990000   0.932978
517.991000   0.916962
517.992000   0.899589
517.993000   0.881489
517.994000   0.863244
517.995000   0.845241
517.996000   0.827622
517.997000   0.810379
517.998000   0.793523
517.999000   0.777201
518.000000   0.761721
518.001000   0.747511
518.001000   0.747511
518.002000   0.735062
518.003000   0.724876
518.004000   0.717402
518.005000   0.712964
518.006000   0.711691
518.007000   0.713490
518.008000   0.718109
518.009000   0.725256
518.010000   0.734690
518.011000   0.746248
518.012000   0.759845
518.013000   0.775416
518.014000   0.792817
518.015000   0.811723
518.016000   0.831584
518.017000   0.851657
518.018000   0.871098
518.019000   0.889102
518.020000   0.905026
518.021000   0.918452
518.022000   0.929191
518.023000   0.937254
518.024000   0.942815
518.025000   0.946187
518.026000   0.947794
518.027000   0.948078
518.028000   0.947443
518.029000   0.946301
518.030000   0.945125
518.031000   0.944415
518.032000   0.944589
518.033000   0.945885
518.034000   0.948334
518.035000   0.951832
518.036000   0.956193
518.037000   0.961077
518.038000   0.965933
518.039000   0.970116
518.040000   0.973055
518.041000   0.974331
518.042000   0.973681
518.043000   0.970984
518.044000   0.966270
518.045000   0.959717
518.046000   0.951582
518.047000   0.942093
518.048000   0.931492
518.049000   0.920158
518.050000   0.908611
518.051000   0.897399
518.052000   0.886986
518.053000   0.877728
518.054000   0.869932
518.055000   0.863920
518.056000   0.860005
518.057000   0.858361
518.058000   0.858955
518.059000   0.861631
518.060000   0.866193
518.061000   0.872427
518.062000   0.880090
518.063000   0.888945
518.064000   0.898818
518.065000   0.909628
518.066000   0.921311
518.067000   0.933693
518.068000   0.946532
518.069000   0.959652
518.070000   0.972946
518.071000   0.986284
518.072000   0.999471
518.073000   1.012294
518.074000   1.024598
518.075000   1.036333
518.076000   1.047504
518.077000   1.058073
518.078000   1.067928
518.079000   1.076929
518.080000   1.084926
518.081000   1.091751
518.082000   1.097226
518.083000   1.101212
518.084000   1.103672
518.085000   1.104714
518.086000   1.104583
518.087000   1.103562
518.088000   1.101820
518.089000   1.099330
518.090000   1.095903
518.091000   1.091306
518.092000   1.085397
518.093000   1.078210
518.094000   1.069986
518.095000   1.061149
518.096000   1.052231
518.097000   1.043756
518.098000   1.036086
518.099000   1.029317
518.100000   1.023303
518.101000   1.017761
518.102000   1.012379
518.103000   1.006892
518.104000   1.001103
518.105000   0.994894
518.106000   0.988209
518.107000   0.981005
518.108000   0.973178
518.109000   0.964508
518.110000   0.954715
518.111000   0.943608
518.112000   0.931198
518.113000   0.917758
518.114000   0.903792
518.115000   0.889971
518.116000   0.877028
518.117000   0.865642
518.118000   0.856332
518.119000   0.849392
518.120000   0.844934
518.121000   0.842968
518.122000   0.843469
518.123000   0.846388
518.124000   0.851639
518.125000   0.859054
518.126000   0.868348
518.127000   0.879061
518.128000   0.890543
518.129000   0.902003
518.130000   0.912638
518.131000   0.921761
518.132000   0.928895
518.133000   0.933808
518.134000   0.936520
518.135000   0.937273
518.136000   0.936464
518.137000   0.934569
518.138000   0.932096
518.139000   0.929580
518.140000   0.927584
518.141000   0.926639
518.142000   0.927178
518.143000   0.929483
518.144000   0.933702
518.145000   0.939879
518.146000   0.947979
518.147000   0.957883
518.148000   0.969368
518.149000   0.982098
518.150000   0.995621
518.151000   1.009401
518.152000   1.022869
518.153000   1.035511
518.154000   1.046947
518.155000   1.056975
518.156000   1.065553
518.157000   1.072723
518.158000   1.078540
518.159000   1.083024
518.160000   1.086139
518.161000   1.087818
518.162000   1.088004
518.163000   1.086686
518.164000   1.083915
518.165000   1.079783
518.166000   1.074387
518.167000   1.067826
518.168000   1.060233
518.169000   1.051801
518.170000   1.042775
518.171000   1.033404
518.172000   1.023913
518.173000   1.014504
518.174000   1.005353
518.175000   0.996580
518.176000   0.988203
518.177000   0.980166
518.178000   0.972446
518.179000   0.965171
518.180000   0.958651
518.181000   0.953299
518.182000   0.949542
518.183000   0.947791
518.184000   0.948418
518.185000   0.951683
518.186000   0.957675
518.187000   0.966295
518.188000   0.977283
518.189000   0.990245
518.190000   1.004698
518.191000   1.020115
518.192000   1.035969
518.193000   1.051766
518.194000   1.067030
518.195000   1.081275
518.196000   1.093990
518.197000   1.104687
518.198000   1.112966
518.199000   1.118588
518.200000   1.121550
518.201000   1.122118
518.202000   1.120759
518.203000   1.117985
518.204000   1.114194
518.205000   1.109643
518.206000   1.104519
518.207000   1.099037
518.208000   1.093476
518.209000   1.088183
518.210000   1.083546
518.211000   1.079937
518.212000   1.077637
518.213000   1.076726
518.214000   1.077021
518.215000   1.078112
518.216000   1.079471
518.217000   1.080565
518.218000   1.080918
518.219000   1.080158
518.220000   1.078034
518.221000   1.074413
518.222000   1.069230
518.223000   1.062414
518.224000   1.053855
518.225000   1.043445
518.226000   1.031175
518.227000   1.017215
518.228000   1.001934
518.229000   0.985873
518.230000   0.969685
518.231000   0.954041
518.232000   0.939516
518.233000   0.926494
518.234000   0.915144
518.235000   0.905475
518.236000   0.897433
518.237000   0.890997
518.238000   0.886203
518.239000   0.883118
518.240000   0.881789
518.241000   0.882196
518.242000   0.884217
518.243000   0.887599
518.244000   0.891934
518.245000   0.896708
518.246000   0.901421
518.247000   0.905713
518.248000   0.909411
518.249000   0.912488
518.250000   0.914970
518.251000   0.916826
518.252000   0.917919
518.253000   0.918021
518.254000   0.916858
518.255000   0.914129
518.256000   0.909575
518.257000   0.903073
518.258000   0.894682
518.259000   0.884633
518.260000   0.873290
518.261000   0.861116
518.262000   0.848658
518.263000   0.836481
518.264000   0.825044
518.265000   0.814573
518.266000   0.805138
518.267000   0.796808
518.268000   0.789728
518.269000   0.784084
518.270000   0.780030
518.271000   0.777658
518.272000   0.777032
518.273000   0.778195
518.274000   0.781085
518.275000   0.785448
518.276000   0.790928
518.277000   0.797211
518.278000   0.804083
518.279000   0.811400
518.280000   0.819052
518.281000   0.826967
518.282000   0.835125
518.283000   0.843536
518.284000   0.852159
518.285000   0.860886
518.286000   0.869632
518.287000   0.878393
518.288000   0.887203
518.289000   0.896076
518.290000   0.905000
518.291000   0.913990
518.292000   0.923150
518.293000   0.932630
518.294000   0.942466
518.295000   0.952462
518.296000   0.962267
518.297000   0.971524
518.298000   0.979939
518.299000   0.987300
518.300000   0.993504
518.301000   0.998579
518.302000   1.002653
518.303000   1.005836
518.304000   1.008079
518.305000   1.009192
518.306000   1.008942
518.307000   1.007086
518.308000   1.003349
518.309000   0.997474
518.310000   0.989335
518.311000   0.979035
518.312000   0.966943
518.313000   0.953601
518.314000   0.939556
518.315000   0.925250
518.316000   0.911014
518.317000   0.897101
518.318000   0.883713
518.319000   0.871039
518.320000   0.859295
518.321000   0.848755
518.322000   0.839747
518.323000   0.832566
518.324000   0.827347
518.325000   0.824014
518.326000   0.822338
518.327000   0.822005
518.328000   0.822707
518.329000   0.824226
518.330000   0.826496
518.331000   0.829618
518.332000   0.833818
518.333000   0.839329
518.334000   0.846265
518.335000   0.854539
518.336000   0.863897
518.337000   0.873993
518.338000   0.884506
518.339000   0.895218
518.340000   0.906062
518.341000   0.917119
518.342000   0.928574
518.343000   0.940603
518.344000   0.953217
518.345000   0.966160
518.346000   0.978961
518.347000   0.991086
518.348000   1.002099
518.349000   1.011745
518.350000   1.019984
518.351000   1.026957
518.352000   1.032902
518.353000   1.038009
518.354000   1.042305
518.355000   1.045682
518.356000   1.048020
518.357000   1.049310
518.358000   1.049691
518.359000   1.049438
518.360000   1.048897
518.361000   1.048424
518.362000   1.048315
518.363000   1.048732
518.364000   1.049650
518.365000   1.050864
518.366000   1.052061
518.367000   1.052922
518.368000   1.053197
518.369000   1.052735
518.370000   1.051497
518.371000   1.049565
518.372000   1.047113
518.373000   1.044326
518.374000   1.041288
518.375000   1.037940
518.376000   1.034194
518.377000   1.030060
518.378000   1.025697
518.379000   1.021387
518.380000   1.017508
518.381000   1.014509
518.382000   1.012841
518.383000   1.012834
518.384000   1.014592
518.385000   1.018033
518.386000   1.023025
518.387000   1.029462
518.388000   1.037274
518.389000   1.046409
518.390000   1.056841
518.391000   1.068584
518.392000   1.081675
518.393000   1.096065
518.394000   1.111488
518.395000   1.127447
518.396000   1.143311
518.397000   1.158424
518.398000   1.172151
518.399000   1.183917
518.400000   1.193269
518.401000   1.199917
518.402000   1.203695
518.403000   1.204428
518.404000   1.201835
518.405000   1.195609
518.406000   1.185597
518.407000   1.171920
518.408000   1.155011
518.409000   1.135577
518.410000   1.114530
518.411000   1.092866
518.412000   1.071492
518.413000   1.051044
518.414000   1.031827
518.415000   1.013896
518.416000   0.997188
518.417000   0.981638
518.418000   0.967250
518.419000   0.954109
518.420000   0.942362
518.421000   0.932160
518.422000   0.923556
518.423000   0.916427
518.424000   0.910469
518.425000   0.905287
518.426000   0.900494
518.427000   0.895789
518.428000   0.891015
518.429000   0.886175
518.430000   0.881421
518.431000   0.876959
518.432000   0.872918
518.433000   0.869242
518.434000   0.865738
518.435000   0.862197
518.436000   0.858497
518.437000   0.854645
518.438000   0.850771
518.439000   0.847099
518.440000   0.843890
518.441000   0.841362
518.442000   0.839624
518.443000   0.838667
518.444000   0.838418
518.445000   0.838803
518.446000   0.839766
518.447000   0.841278
518.448000   0.843328
518.449000   0.845931
518.450000   0.849092
518.451000   0.852729
518.452000   0.856579
518.453000   0.860198
518.454000   0.863056
518.455000   0.864647
518.456000   0.864564
518.457000   0.862533
518.458000   0.858423
518.459000   0.852247
518.460000   0.844128
518.461000   0.834240
518.462000   0.822796
518.463000   0.810084
518.464000   0.796501
518.465000   0.782553
518.466000   0.768833
518.467000   0.755984
518.468000   0.744669
518.469000   0.735499
518.470000   0.728920
518.471000   0.725126
518.472000   0.724068
518.473000   0.725583
518.474000   0.729512
518.475000   0.735760
518.476000   0.744305
518.477000   0.755174
518.478000   0.768378
518.479000   0.783832
518.480000   0.801277
518.481000   0.820278
518.482000   0.840336
518.483000   0.860993
518.484000   0.881893
518.485000   0.902791
518.486000   0.923541
518.487000   0.944082
518.488000   0.964386
518.489000   0.984354
518.490000   1.003717
518.491000   1.022052
518.492000   1.038889
518.493000   1.053805
518.494000   1.066492
518.495000   1.076796
518.496000   1.084739
518.497000   1.090517
518.498000   1.094434
518.499000   1.096768
518.500000   1.097666
518.501000   1.097164
518.501000   1.097164
518.502000   1.095278
518.503000   1.092097
518.504000   1.087830
518.505000   1.082826
518.506000   1.077538
518.507000   1.072421
518.508000   1.067759
518.509000   1.063501
518.510000   1.059274
518.511000   1.054550
518.512000   1.048808
518.513000   1.041648
518.514000   1.032843
518.515000   1.022366
518.516000   1.010354
518.517000   0.997014
518.518000   0.982478
518.519000   0.966743
518.520000   0.949735
518.521000   0.931420
518.522000   0.911871
518.523000   0.891296
518.524000   0.870050
518.525000   0.848619
518.526000   0.827547
518.527000   0.807312
518.528000   0.788206
518.529000   0.770344
518.530000   0.753752
518.531000   0.738468
518.532000   0.724583
518.533000   0.712260
518.534000   0.701724
518.535000   0.693230
518.536000   0.686986
518.537000   0.683055
518.538000   0.681296
518.539000   0.681410
518.540000   0.683031
518.541000   0.685820
518.542000   0.689533
518.543000   0.694058
518.544000   0.699409
518.545000   0.705632
518.546000   0.712666
518.547000   0.720240
518.548000   0.727890
518.549000   0.735081
518.550000   0.741298
518.551000   0.746104
518.552000   0.749179
518.553000   0.750365
518.554000   0.749671
518.555000   0.747232
518.556000   0.743251
518.557000   0.737990
518.558000   0.731831
518.559000   0.725304
518.560000   0.719030
518.561000   0.713613
518.562000   0.709559
518.563000   0.707251
518.564000   0.706919
518.565000   0.708596
518.566000   0.712120
518.567000   0.717199
518.568000   0.723537
518.569000   0.730901
518.570000   0.739095
518.571000   0.747876
518.572000   0.756917
518.573000   0.765851
518.574000   0.774313
518.575000   0.781925
518.576000   0.788301
518.577000   0.793128
518.578000   0.796267
518.579000   0.797798
518.580000   0.798004
518.581000   0.797311
518.582000   0.796227
518.583000   0.795256
518.584000   0.794774
518.585000   0.794948
518.586000   0.795803
518.587000   0.797371
518.588000   0.799802
518.589000   0.803379
518.590000   0.808478
518.591000   0.815486
518.592000   0.824697
518.593000   0.836216
518.594000   0.849909
518.595000   0.865432
518.596000   0.882345
518.597000   0.900207
518.598000   0.918630
518.599000   0.937299
518.600000   0.955977
518.601000   0.974470
518.602000   0.992553
518.603000   1.009862
518.604000   1.025832
518.605000   1.039731
518.606000   1.050794
518.607000   1.058356
518.608000   1.061962
518.609000   1.061434
518.610000   1.056911
518.611000   1.048826
518.612000   1.037773
518.613000   1.024318
518.614000   1.008873
518.615000   0.991737
518.616000   0.973226
518.617000   0.953757
518.618000   0.933870
518.619000   0.914207
518.620000   0.895466
518.621000   0.878311
518.622000   0.863229
518.623000   0.850421
518.624000   0.839811
518.625000   0.831187
518.626000   0.824313
518.627000   0.819001
518.628000   0.815118
518.629000   0.812594
518.630000   0.811403
518.631000   0.811516
518.632000   0.812809
518.633000   0.814990
518.634000   0.817631
518.635000   0.820262
518.636000   0.822480
518.637000   0.824010
518.638000   0.824741
518.639000   0.824729
518.640000   0.824155
518.641000   0.823235
518.642000   0.822109
518.643000   0.820818
518.644000   0.819357
518.645000   0.817762
518.646000   0.816171
518.647000   0.814833
518.648000   0.814098
518.649000   0.814377
518.650000   0.816076
518.651000   0.819498
518.652000   0.824751
518.653000   0.831730
518.654000   0.840189
518.655000   0.849829
518.656000   0.860378
518.657000   0.871621
518.658000   0.883394
518.659000   0.895534
518.660000   0.907791
518.661000   0.919728
518.662000   0.930728
518.663000   0.940117
518.664000   0.947308
518.665000   0.951904
518.666000   0.953737
518.667000   0.952874
518.668000   0.949584
518.669000   0.944276
518.670000   0.937402
518.671000   0.929397
518.672000   0.920690
518.673000   0.911744
518.674000   0.903066
518.675000   0.895183
518.676000   0.888609
518.677000   0.883822
518.678000   0.881248
518.679000   0.881201
518.680000   0.883827
518.681000   0.889087
518.682000   0.896816
518.683000   0.906788
518.684000   0.918741
518.685000   0.932381
518.686000   0.947391
518.687000   0.963442
518.688000   0.980177
518.689000   0.997142
518.690000   1.013756
518.691000   1.029375
518.692000   1.043411
518.693000   1.055434
518.694000   1.065204
518.695000   1.072663
518.696000   1.077908
518.697000   1.081147
518.698000   1.082614
518.699000   1.082518
518.700000   1.081049
518.701000   1.078442
518.702000   1.075004
518.703000   1.071085
518.704000   1.067035
518.705000   1.063156
518.706000   1.059682
518.707000   1.056771
518.708000   1.054478
518.709000   1.052738
518.710000   1.051383
518.711000   1.050207
518.712000   1.049030
518.713000   1.047735
518.714000   1.046287
518.715000   1.044727
518.716000   1.043132
518.717000   1.041526
518.718000   1.039796
518.719000   1.037692
518.720000   1.034934
518.721000   1.031304
518.722000   1.026699
518.723000   1.021128
518.724000   1.014715
518.725000   1.007681
518.726000   1.000284
518.727000   0.992739
518.728000   0.985160
518.729000   0.977575
518.730000   0.969985
518.731000   0.962396
518.732000   0.954833
518.733000   0.947343
518.734000   0.940015
518.735000   0.932985
518.736000   0.926395
518.737000   0.920327
518.738000   0.914758
518.739000   0.909602
518.740000   0.904780
518.741000   0.900274
518.742000   0.896143
518.743000   0.892524
518.744000   0.889609
518.745000   0.887583
518.746000   0.886512
518.747000   0.886255
518.748000   0.886473
518.749000   0.886738
518.750000   0.886645
518.751000   0.885886
518.752000   0.884279
518.753000   0.881765
518.754000   0.878381
518.755000   0.874212
518.756000   0.869334
518.757000   0.863791
518.758000   0.857617
518.759000   0.850855
518.760000   0.843592
518.761000   0.835993
518.762000   0.828317
518.763000   0.820901
518.764000   0.814107
518.765000   0.808236
518.766000   0.803459
518.767000   0.799815
518.768000   0.797261
518.769000   0.795716
518.770000   0.795109
518.771000   0.795429
518.772000   0.796745
518.773000   0.799169
518.774000   0.802768
518.775000   0.807488
518.776000   0.813153
518.777000   0.819543
518.778000   0.826465
518.779000   0.833748
518.780000   0.841256
518.781000   0.848935
518.782000   0.856843
518.783000   0.865109
518.784000   0.873840
518.785000   0.883057
518.786000   0.892712
518.787000   0.902755
518.788000   0.913160
518.789000   0.923879
518.790000   0.934782
518.791000   0.945670
518.792000   0.956344
518.793000   0.966620
518.794000   0.976292
518.795000   0.985128
518.796000   0.992926
518.797000   0.999572
518.798000   1.005045
518.799000   1.009376
518.800000   1.012606
518.801000   1.014795
518.802000   1.016033
518.803000   1.016370
518.804000   1.015770
518.805000   1.014141
518.806000   1.011434
518.807000   1.007709
518.808000   1.003158
518.809000   0.998080
518.810000   0.992812
518.811000   0.987645
518.812000   0.982756
518.813000   0.978182
518.814000   0.973849
518.815000   0.969648
518.816000   0.965492
518.817000   0.961355
518.818000   0.957290
518.819000   0.953440
518.820000   0.950010
518.821000   0.947180
518.822000   0.944993
518.823000   0.943312
518.824000   0.941894
518.825000   0.940504
518.826000   0.939000
518.827000   0.937366
518.828000   0.935727
518.829000   0.934334
518.830000   0.933511
518.831000   0.933540
518.832000   0.934525
518.833000   0.936364
518.834000   0.938852
518.835000   0.941826
518.836000   0.945235
518.837000   0.949139
518.838000   0.953668
518.839000   0.958967
518.840000   0.965122
518.841000   0.972087
518.842000   0.979650
518.843000   0.987465
518.844000   0.995121
518.845000   1.002200
518.846000   1.008342
518.847000   1.013293
518.848000   1.016921
518.849000   1.019190
518.850000   1.020085
518.851000   1.019549
518.852000   1.017500
518.853000   1.013913
518.854000   1.008852
518.855000   1.002446
518.856000   0.994887
518.857000   0.986475
518.858000   0.977619
518.859000   0.968741
518.860000   0.960152
518.861000   0.952016
518.862000   0.944403
518.863000   0.937383
518.864000   0.931049
518.865000   0.925509
518.866000   0.920851
518.867000   0.917137
518.868000   0.914392
518.869000   0.912572
518.870000   0.911524
518.871000   0.911026
518.872000   0.910873
518.873000   0.910954
518.874000   0.911290
518.875000   0.912038
518.876000   0.913439
518.877000   0.915742
518.878000   0.919108
518.879000   0.923542
518.880000   0.928913
518.881000   0.935044
518.882000   0.941797
518.883000   0.949103
518.884000   0.956964
518.885000   0.965442
518.886000   0.974597
518.887000   0.984375
518.888000   0.994483
518.889000   1.004385
518.890000   1.013434
518.891000   1.021041
518.892000   1.026777
518.893000   1.030411
518.894000   1.031899
518.895000   1.031354
518.896000   1.028957
518.897000   1.024805
518.898000   1.018809
518.899000   1.010764
518.900000   1.000535
518.901000   0.988185
518.902000   0.973982
518.903000   0.958350
518.904000   0.941809
518.905000   0.924921
518.906000   0.908215
518.907000   0.892076
518.908000   0.876654
518.909000   0.861888
518.910000   0.847618
518.911000   0.833702
518.912000   0.820081
518.913000   0.806811
518.914000   0.794076
518.915000   0.782167
518.916000   0.771388
518.917000   0.761933
518.918000   0.753840
518.919000   0.747063
518.920000   0.741592
518.921000   0.737531
518.922000   0.735108
518.923000   0.734648
518.924000   0.736514
518.925000   0.741013
518.926000   0.748288
518.927000   0.758266
518.928000   0.770699
518.929000   0.785242
518.930000   0.801507
518.931000   0.819111
518.932000   0.837707
518.933000   0.857001
518.934000   0.876729
518.935000   0.896621
518.936000   0.916386
518.937000   0.935745
518.938000   0.954465
518.939000   0.972346
518.940000   0.989197
518.941000   1.004891
518.942000   1.019409
518.943000   1.032839
518.944000   1.045304
518.945000   1.056873
518.946000   1.067494
518.947000   1.077013
518.948000   1.085223
518.949000   1.091887
518.950000   1.096737
518.951000   1.099501
518.952000   1.099955
518.953000   1.097944
518.954000   1.093348
518.955000   1.086051
518.956000   1.075983
518.957000   1.063214
518.958000   1.048005
518.959000   1.030780
518.960000   1.012054
518.961000   0.992408
518.962000   0.972486
518.963000   0.952963
518.964000   0.934455
518.965000   0.917443
518.966000   0.902263
518.967000   0.889137
518.968000   0.878209
518.969000   0.869568
518.970000   0.863247
518.971000   0.859223
518.972000   0.857394
518.973000   0.857530
518.974000   0.859227
518.975000   0.861925
518.976000   0.864998
518.977000   0.867884
518.978000   0.870180
518.979000   0.871706
518.980000   0.872523
518.981000   0.872891
518.982000   0.873162
518.983000   0.873640
518.984000   0.874499
518.985000   0.875823
518.986000   0.877695
518.987000   0.880275
518.988000   0.883808
518.989000   0.888602
518.990000   0.894985
518.991000   0.903232
518.992000   0.913472
518.993000   0.925599
518.994000   0.939235
518.995000   0.953767
518.996000   0.968439
518.997000   0.982454
518.998000   0.995081
518.999000   1.005732
519.000000   1.014010
519.001000   1.019686
519.001000   1.019686
519.002000   1.022618
519.003000   1.022680
519.004000   1.019776
519.005000   1.013892
519.006000   1.005144
519.007000   0.993800
519.008000   0.980285
519.009000   0.965165
519.010000   0.949092
519.011000   0.932705
519.012000   0.916550
519.013000   0.901057
519.014000   0.886559
519.015000   0.873300
519.016000   0.861404
519.017000   0.850872
519.018000   0.841635
519.019000   0.833625
519.020000   0.826790
519.021000   0.821061
519.022000   0.816310
519.023000   0.812379
519.024000   0.809137
519.025000   0.806513
519.026000   0.804485
519.027000   0.803058
519.028000   0.802271
519.029000   0.802211
519.030000   0.802976
519.031000   0.804594
519.032000   0.806989
519.033000   0.810024
519.034000   0.813579
519.035000   0.817588
519.036000   0.822047
519.037000   0.826989
519.038000   0.832444
519.039000   0.838400
519.040000   0.844738
519.041000   0.851209
519.042000   0.857475
519.043000   0.863206
519.044000   0.868149
519.045000   0.872148
519.046000   0.875110
519.047000   0.876950
519.048000   0.877562
519.049000   0.876837
519.050000   0.874688
519.051000   0.871071
519.052000   0.866001
519.053000   0.859587
519.054000   0.852043
519.055000   0.843684
519.056000   0.834887
519.057000   0.826056
519.058000   0.817573
519.059000   0.809703
519.060000   0.802494
519.061000   0.795765
519.062000   0.789223
519.063000   0.782608
519.064000   0.775783
519.065000   0.768773
519.066000   0.761766
519.067000   0.755052
519.068000   0.748931
519.069000   0.743582
519.070000   0.739024
519.071000   0.735176
519.072000   0.731970
519.073000   0.729422
519.074000   0.727652
519.075000   0.726870
519.076000   0.727337
519.077000   0.729293
519.078000   0.732876
519.079000   0.738068
519.080000   0.744725
519.081000   0.752648
519.082000   0.761665
519.083000   0.771665
519.084000   0.782616
519.085000   0.794552
519.086000   0.807545
519.087000   0.821629
519.088000   0.836695
519.089000   0.852414
519.090000   0.868290
519.091000   0.883793
519.092000   0.898486
519.093000   0.912099
519.094000   0.924552
519.095000   0.935939
519.096000   0.946459
519.097000   0.956298
519.098000   0.965506
519.099000   0.973985
519.100000   0.981577
519.101000   0.988159
519.102000   0.993680
519.103000   0.998147
519.104000   1.001622
519.105000   1.004194
519.106000   1.005952
519.107000   1.006924
519.108000   1.007024
519.109000   1.006068
519.110000   1.003859
519.111000   1.000266
519.112000   0.995262
519.113000   0.988936
519.114000   0.981492
519.115000   0.973226
519.116000   0.964471
519.117000   0.955485
519.118000   0.946425
519.119000   0.937420
519.120000   0.928681
519.121000   0.920533
519.122000   0.913386
519.123000   0.907666
519.124000   0.903763
519.125000   0.901972
519.126000   0.902417
519.127000   0.904995
519.128000   0.909431
519.129000   0.915393
519.130000   0.922579
519.131000   0.930734
519.132000   0.939632
519.133000   0.949049
519.134000   0.958731
519.135000   0.968344
519.136000   0.977420
519.137000   0.985369
519.138000   0.991588
519.139000   0.995584
519.140000   0.997037
519.141000   0.995821
519.142000   0.991994
519.143000   0.985785
519.144000   0.977550
519.145000   0.967666
519.146000   0.956410
519.147000   0.943923
519.148000   0.930297
519.149000   0.915668
519.150000   0.900255
519.151000   0.884348
519.152000   0.868283
519.153000   0.852411
519.154000   0.837038
519.155000   0.822338
519.156000   0.808324
519.157000   0.794895
519.158000   0.781910
519.159000   0.769240
519.160000   0.756806
519.161000   0.744618
519.162000   0.732793
519.163000   0.721533
519.164000   0.711060
519.165000   0.701539
519.166000   0.693038
519.167000   0.685555
519.168000   0.679036
519.169000   0.673394
519.170000   0.668569
519.171000   0.664576
519.172000   0.661511
519.173000   0.659508
519.174000   0.658657
519.175000   0.658970
519.176000   0.660420
519.177000   0.662990
519.178000   0.666688
519.179000   0.671562
519.180000   0.677755
519.181000   0.685547
519.182000   0.695312
519.183000   0.707377
519.184000   0.721867
519.185000   0.738670
519.186000   0.757524
519.187000   0.778139
519.188000   0.800255
519.189000   0.823624
519.190000   0.847977
519.191000   0.872980
519.192000   0.898173
519.193000   0.922878
519.194000   0.946222
519.195000   0.967292
519.196000   0.985325
519.197000   0.999826
519.198000   1.010571
519.199000   1.017541
519.200000   1.020846
519.201000   1.020723
519.202000   1.017529
519.203000   1.011664
519.204000   1.003521
519.205000   0.993489
519.206000   0.981993
519.207000   0.969530
519.208000   0.956684
519.209000   0.944108
519.210000   0.932431
519.211000   0.922155
519.212000   0.913566
519.213000   0.906709
519.214000   0.901476
519.215000   0.897730
519.216000   0.895379
519.217000   0.894404
519.218000   0.894866
519.219000   0.896883
519.220000   0.900570
519.221000   0.905917
519.222000   0.912688
519.223000   0.920451
519.224000   0.928753
519.225000   0.937257
519.226000   0.945789
519.227000   0.954352
519.228000   0.963112
519.229000   0.972346
519.230000   0.982297
519.231000   0.992995
519.232000   1.004205
519.233000   1.015564
519.234000   1.026762
519.235000   1.037627
519.236000   1.048120
519.237000   1.058321
519.238000   1.068398
519.239000   1.078535
519.240000   1.088800
519.241000   1.098989
519.242000   1.108612
519.243000   1.117028
519.244000   1.123605
519.245000   1.127822
519.246000   1.129318
519.247000   1.127944
519.248000   1.123778
519.249000   1.117055
519.250000   1.108005
519.251000   1.096721
519.252000   1.083217
519.253000   1.067571
519.254000   1.050030
519.255000   1.031015
519.256000   1.011101
519.257000   0.990996
519.258000   0.971481
519.259000   0.953276
519.260000   0.936836
519.261000   0.922249
519.262000   0.909325
519.263000   0.897755
519.264000   0.887216
519.265000   0.877428
519.266000   0.868182
519.267000   0.859369
519.268000   0.850964
519.269000   0.842925
519.270000   0.835086
519.271000   0.827180
519.272000   0.818977
519.273000   0.810405
519.274000   0.801610
519.275000   0.792964
519.276000   0.785051
519.277000   0.778602
519.278000   0.774346
519.279000   0.772819
519.280000   0.774267
519.281000   0.778716
519.282000   0.786070
519.283000   0.796163
519.284000   0.808785
519.285000   0.823685
519.286000   0.840575
519.287000   0.859129
519.288000   0.878972
519.289000   0.899643
519.290000   0.920561
519.291000   0.941034
519.292000   0.960339
519.293000   0.977824
519.294000   0.993037
519.295000   1.005790
519.296000   1.016151
519.297000   1.024335
519.298000   1.030486
519.299000   1.034492
519.300000   1.036050
519.301000   1.034912
519.302000   1.031081
519.303000   1.024839
519.304000   1.016709
519.305000   1.007370
519.306000   0.997575
519.307000   0.988023
519.308000   0.979214
519.309000   0.971400
519.310000   0.964654
519.311000   0.958990
519.312000   0.954408
519.313000   0.950906
519.314000   0.948459
519.315000   0.947026
519.316000   0.946554
519.317000   0.946940
519.318000   0.947961
519.319000   0.949277
519.320000   0.950552
519.321000   0.951581
519.322000   0.952339
519.323000   0.952948
519.324000   0.953626
519.325000   0.954646
519.326000   0.956295
519.327000   0.958768
519.328000   0.962065
519.329000   0.965992
519.330000   0.970316
519.331000   0.974887
519.332000   0.979698
519.333000   0.984889
519.334000   0.990709
519.335000   0.997446
519.336000   1.005282
519.337000   1.014120
519.338000   1.023556
519.339000   1.033048
519.340000   1.042110
519.341000   1.050408
519.342000   1.057767
519.343000   1.064146
519.344000   1.069578
519.345000   1.074063
519.346000   1.077439
519.347000   1.079298
519.348000   1.079071
519.349000   1.076225
519.350000   1.070425
519.351000   1.061592
519.352000   1.049886
519.353000   1.035672
519.354000   1.019471
519.355000   1.001847
519.356000   0.983207
519.357000   0.963677
519.358000   0.943223
519.359000   0.921879
519.360000   0.899860
519.361000   0.877566
519.362000   0.855549
519.363000   0.834488
519.364000   0.815141
519.365000   0.798233
519.366000   0.784248
519.367000   0.773302
519.368000   0.765224
519.369000   0.759765
519.370000   0.756735
519.371000   0.756059
519.372000   0.757762
519.373000   0.761941
519.374000   0.768682
519.375000   0.777932
519.376000   0.789353
519.377000   0.802340
519.378000   0.816156
519.379000   0.830080
519.380000   0.843509
519.381000   0.856010
519.382000   0.867354
519.383000   0.877523
519.384000   0.886665
519.385000   0.894970
519.386000   0.902590
519.387000   0.909637
519.388000   0.916196
519.389000   0.922321
519.390000   0.928022
519.391000   0.933250
519.392000   0.937871
519.393000   0.941658
519.394000   0.944290
519.395000   0.945390
519.396000   0.944609
519.397000   0.941668
519.398000   0.936305
519.399000   0.928248
519.400000   0.917335
519.401000   0.903639
519.402000   0.887510
519.403000   0.869515
519.404000   0.850291
519.405000   0.830397
519.406000   0.810294
519.407000   0.790386
519.408000   0.771013
519.409000   0.752420
519.410000   0.734803
519.411000   0.718385
519.412000   0.703433
519.413000   0.690190
519.414000   0.678810
519.415000   0.669380
519.416000   0.662008
519.417000   0.656844
519.418000   0.654004
519.419000   0.653481
519.420000   0.655182
519.421000   0.659038
519.422000   0.665038
519.423000   0.673160
519.424000   0.683285
519.425000   0.695208
519.426000   0.708714
519.427000   0.723654
519.428000   0.739934
519.429000   0.757461
519.430000   0.776083
519.431000   0.795593
519.432000   0.815689
519.433000   0.835916
519.434000   0.855711
519.435000   0.874528
519.436000   0.891945
519.437000   0.907708
519.438000   0.921713
519.439000   0.933942
519.440000   0.944415
519.441000   0.953213
519.442000   0.960469
519.443000   0.966296
519.444000   0.970727
519.445000   0.973737
519.446000   0.975275
519.447000   0.975324
519.448000   0.973964
519.449000   0.971426
519.450000   0.968059
519.451000   0.964182
519.452000   0.959912
519.453000   0.955147
519.454000   0.949719
519.455000   0.943533
519.456000   0.936622
519.457000   0.929164
519.458000   0.921483
519.459000   0.914032
519.460000   0.907309
519.461000   0.901683
519.462000   0.897246
519.463000   0.893858
519.464000   0.891300
519.465000   0.889420
519.466000   0.888185
519.467000   0.887678
519.468000   0.888067
519.469000   0.889551
519.470000   0.892276
519.471000   0.896274
519.472000   0.901477
519.473000   0.907774
519.474000   0.915022
519.475000   0.923002
519.476000   0.931459
519.477000   0.940192
519.478000   0.949111
519.479000   0.958215
519.480000   0.967490
519.481000   0.976793
519.482000   0.985856
519.483000   0.994390
519.484000   1.002152
519.485000   1.008946
519.486000   1.014582
519.487000   1.018895
519.488000   1.021761
519.489000   1.023041
519.490000   1.022496
519.491000   1.019766
519.492000   1.014490
519.493000   1.006459
519.494000   0.995713
519.495000   0.982550
519.496000   0.967450
519.497000   0.950946
519.498000   0.933575
519.499000   0.915851
519.500000   0.898183
519.501000   0.880821
519.501000   0.880821
519.502000   0.863894
519.503000   0.847492
519.504000   0.831733
519.505000   0.816791
519.506000   0.802855
519.507000   0.790027
519.508000   0.778249
519.509000   0.767288
519.510000   0.756766
519.511000   0.746254
519.512000   0.735414
519.513000   0.724081
519.514000   0.712296
519.515000   0.700283
519.516000   0.688386
519.517000   0.676976
519.518000   0.666394
519.519000   0.656896
519.520000   0.648620
519.521000   0.641658
519.522000   0.636149
519.523000   0.632313
519.524000   0.630444
519.525000   0.630880
519.526000   0.633942
519.527000   0.639834
519.528000   0.648509
519.529000   0.659581
519.530000   0.672401
519.531000   0.686250
519.532000   0.700489
519.533000   0.714623
519.534000   0.728317
519.535000   0.741425
519.536000   0.753986
519.537000   0.766125
519.538000   0.777847
519.539000   0.788890
519.540000   0.798846
519.541000   0.807405
519.542000   0.814453
519.543000   0.820056
519.544000   0.824394
519.545000   0.827725
519.546000   0.830329
519.547000   0.832411
519.548000   0.833980
519.549000   0.834844
519.550000   0.834736
519.551000   0.833453
519.552000   0.830919
519.553000   0.827177
519.554000   0.822395
519.555000   0.816889
519.556000   0.811121
519.557000   0.805618
519.558000   0.800724
519.559000   0.796426
519.560000   0.792482
519.561000   0.788685
519.562000   0.785014
519.563000   0.781659
519.564000   0.779011
519.565000   0.777648
519.566000   0.778263
519.567000   0.781474
519.568000   0.787553
519.569000   0.796351
519.570000   0.807468
519.571000   0.820449
519.572000   0.834881
519.573000   0.850430
519.574000   0.866850
519.575000   0.883993
519.576000   0.901767
519.577000   0.919999
519.578000   0.938289
519.579000   0.955990
519.580000   0.972307
519.581000   0.986422
519.582000   0.997653
519.583000   1.005560
519.584000   1.009997
519.585000   1.011110
519.586000   1.009249
519.587000   1.004805
519.588000   0.998105
519.589000   0.989471
519.590000   0.979244
519.591000   0.967770
519.592000   0.955422
519.593000   0.942661
519.594000   0.930052
519.595000   0.918153
519.596000   0.907320
519.597000   0.897578
519.598000   0.888734
519.599000   0.880592
519.600000   0.873038
519.601000   0.865964
519.602000   0.859250
519.603000   0.852856
519.604000   0.846875
519.605000   0.841442
519.606000   0.836608
519.607000   0.832301
519.608000   0.828426
519.609000   0.824967
519.610000   0.822018
519.611000   0.819738
519.612000   0.818285
519.613000   0.817824
519.614000   0.818537
519.615000   0.820513
519.616000   0.823618
519.617000   0.827551
519.618000   0.832048
519.619000   0.837053
519.620000   0.842762
519.621000   0.849528
519.622000   0.857649
519.623000   0.867228
519.624000   0.878196
519.625000   0.890344
519.626000   0.903356
519.627000   0.916906
519.628000   0.930730
519.629000   0.944634
519.630000   0.958463
519.631000   0.972060
519.632000   0.985217
519.633000   0.997635
519.634000   1.008872
519.635000   1.018273
