516.501000   1.068806
516.501000   1.068806
516.502000   1.067850
516.503000   1.067086
516.504000   1.066784
516.505000   1.067085
516.506000   1.068026
516.507000   1.069644
516.508000   1.071975
516.509000   1.074952
516.510000   1.078355
516.511000   1.081904
516.512000   1.085400
516.513000   1.088809
516.514000   1.092279
516.515000   1.096073
516.516000   1.100456
516.517000   1.105616
516.518000   1.111611
516.519000   1.118349
516.520000   1.125661
516.521000   1.133406
516.522000   1.141515
516.523000   1.149973
516.524000   1.158794
516.525000   1.167994
516.526000   1.177537
516.527000   1.187261
516.528000   1.196850
516.529000   1.205844
516.530000   1.213713
516.531000   1.219955
516.532000   1.224178
516.533000   1.226134
516.534000   1.225751
516.535000   1.223166
516.536000   1.218755
516.537000   1.213068
516.538000   1.206600
516.539000   1.199525
516.540000   1.191710
516.541000   1.182981
516.542000   1.173326
516.543000   1.162924
516.544000   1.152100
516.545000   1.141286
516.546000   1.130991
516.547000   1.121745
516.548000   1.113970
516.549000   1.107848
516.550000   1.103302
516.551000   1.100087
516.552000   1.097908
516.553000   1.096474
516.554000   1.095519
516.555000   1.094821
516.556000   1.094238
516.557000   1.093730
516.558000   1.093300
516.559000   1.092876
516.560000   1.092254
516.561000   1.091125
516.562000   1.089176
516.563000   1.086235
516.564000   1.082362
516.565000   1.077872
516.566000   1.073283
516.567000   1.069194
516.568000   1.066118
516.569000   1.064413
516.570000   1.064319
516.571000   1.065976
516.572000   1.069459
516.573000   1.074849
516.574000   1.082261
516.575000   1.091825
516.576000   1.103623
516.577000   1.117624
516.578000   1.133603
516.579000   1.151129
516.580000   1.169619
516.581000   1.188354
516.582000   1.206485
516.583000   1.223136
516.584000   1.237558
516.585000   1.249248
516.586000   1.257945
516.587000   1.263504
516.588000   1.265766
516.589000   1.264610
516.590000   1.260145
516.591000   1.252778
516.592000   1.243099
516.593000   1.231756
516.594000   1.219454
516.595000   1.206976
516.596000   1.195095
516.597000   1.184426
516.598000   1.175331
516.599000   1.167968
516.600000   1.162393
516.601000   1.158632
516.602000   1.156688
516.603000   1.156500
516.604000   1.157899
516.605000   1.160614
516.606000   1.164286
516.607000   1.168412
516.608000   1.172310
516.609000   1.175220
516.610000   1.176469
516.611000   1.175587
516.612000   1.172376
516.613000   1.166934
516.614000   1.159630
516.615000   1.151004
516.616000   1.141577
516.617000   1.131728
516.618000   1.121726
516.619000   1.111834
516.620000   1.102347
516.621000   1.093566
516.622000   1.085764
516.623000   1.079181
516.624000   1.074018
516.625000   1.070405
516.626000   1.068336
516.627000   1.067642
516.628000   1.068063
516.629000   1.069340
516.630000   1.071192
516.631000   1.073260
516.632000   1.075154
516.633000   1.076601
516.634000   1.077503
516.635000   1.077842
516.636000   1.077526
516.637000   1.076340
516.638000   1.074066
516.639000   1.070592
516.640000   1.065948
516.641000   1.060290
516.642000   1.053892
516.643000   1.047124
516.644000   1.040362
516.645000   1.033858
516.646000   1.027661
516.647000   1.021709
516.648000   1.015951
516.649000   1.010446
516.650000   1.005391
516.651000   1.001125
516.652000   0.998089
516.653000   0.996716
516.654000   0.997299
516.655000   0.999893
516.656000   1.004367
516.657000   1.010551
516.658000   1.018336
516.659000   1.027692
516.660000   1.038634
516.661000   1.051204
516.662000   1.065438
516.663000   1.081308
516.664000   1.098588
516.665000   1.116742
516.666000   1.134993
516.667000   1.152500
516.668000   1.168519
516.669000   1.182477
516.670000   1.194013
516.671000   1.203002
516.672000   1.209558
516.673000   1.213965
516.674000   1.216510
516.675000   1.217339
516.676000   1.216506
516.677000   1.214127
516.678000   1.210447
516.679000   1.205835
516.680000   1.200766
516.681000   1.195814
516.682000   1.191628
516.683000   1.188847
516.684000   1.187921
516.685000   1.189002
516.686000   1.192015
516.687000   1.196797
516.688000   1.203150
516.689000   1.210824
516.690000   1.219541
516.691000   1.229059
516.692000   1.239250
516.693000   1.250058
516.694000   1.261344
516.695000   1.272767
516.696000   1.283873
516.697000   1.294246
516.698000   1.303566
516.699000   1.311586
516.700000   1.318113
516.701000   1.323033
516.702000   1.326351
516.703000   1.328153
516.704000   1.328492
516.705000   1.327322
516.706000   1.324574
516.707000   1.320261
516.708000   1.314510
516.709000   1.307537
516.710000   1.299618
516.711000   1.291100
516.712000   1.282416
516.713000   1.274013
516.714000   1.266199
516.715000   1.259077
516.716000   1.252674
516.717000   1.247075
516.718000   1.242449
516.719000   1.239015
516.720000   1.236996
516.721000   1.236608
516.722000   1.238018
516.723000   1.241228
516.724000   1.245934
516.725000   1.251561
516.726000   1.257463
516.727000   1.263069
516.728000   1.267932
516.729000   1.271729
516.730000   1.274253
516.731000   1.275409
516.732000   1.275169
516.733000   1.273454
516.734000   1.270043
516.735000   1.264665
516.736000   1.257164
516.737000   1.247592
516.738000   1.236224
516.739000   1.223526
516.740000   1.210118
516.741000   1.196713
516.742000   1.183987
516.743000   1.172403
516.744000   1.162118
516.745000   1.153101
516.746000   1.145311
516.747000   1.138781
516.748000   1.133623
516.749000   1.130000
516.750000   1.128087
516.751000   1.128015
516.752000   1.129745
516.753000   1.132937
516.754000   1.136979
516.755000   1.141210
516.756000   1.145105
516.757000   1.148329
516.758000   1.150725
516.759000   1.152293
516.760000   1.153171
516.761000   1.153565
516.762000   1.153601
516.763000   1.153192
516.764000   1.152109
516.765000   1.150155
516.766000   1.147265
516.767000   1.143520
516.768000   1.139133
516.769000   1.134449
516.770000   1.129903
516.771000   1.125919
516.772000   1.122762
516.773000   1.120492
516.774000   1.119061
516.775000   1.118386
516.776000   1.118385
516.777000   1.119018
516.778000   1.120332
516.779000   1.122489
516.780000   1.125703
516.781000   1.130078
516.782000   1.135490
516.783000   1.141655
516.784000   1.148270
516.785000   1.155074
516.786000   1.161845
516.787000   1.168428
516.788000   1.174788
516.789000   1.181006
516.790000   1.187160
516.791000   1.193138
516.792000   1.198611
516.793000   1.203221
516.794000   1.206738
516.795000   1.209096
516.796000   1.210358
516.797000   1.210692
516.798000   1.210380
516.799000   1.209800
516.800000   1.209327
516.801000   1.209196
516.802000   1.209506
516.803000   1.210312
516.804000   1.211678
516.805000   1.213664
516.806000   1.216287
516.807000   1.219517
516.808000   1.223295
516.809000   1.227551
516.810000   1.232158
516.811000   1.236829
516.812000   1.241106
516.813000   1.244469
516.814000   1.246455
516.815000   1.246733
516.816000   1.245147
516.817000   1.241737
516.818000   1.236732
516.819000   1.230442
516.820000   1.223083
516.821000   1.214639
516.822000   1.204954
516.823000   1.193910
516.824000   1.181541
516.825000   1.168048
516.826000   1.153780
516.827000   1.139205
516.828000   1.124860
516.829000   1.111264
516.830000   1.098820
516.831000   1.087780
516.832000   1.078295
516.833000   1.070477
516.834000   1.064418
516.835000   1.060181
516.836000   1.057793
516.837000   1.057252
516.838000   1.058519
516.839000   1.061484
516.840000   1.065870
516.841000   1.071196
516.842000   1.076855
516.843000   1.082224
516.844000   1.086747
516.845000   1.089986
516.846000   1.091666
516.847000   1.091717
516.848000   1.090244
516.849000   1.087396
516.850000   1.083226
516.851000   1.077738
516.852000   1.071062
516.853000   1.063525
516.854000   1.055607
516.855000   1.047863
516.856000   1.040871
516.857000   1.035184
516.858000   1.031264
516.859000   1.029408
516.860000   1.029708
516.861000   1.032094
516.862000   1.036374
516.863000   1.042243
516.864000   1.049282
516.865000   1.056973
516.866000   1.064761
516.867000   1.072123
516.868000   1.078584
516.869000   1.083637
516.870000   1.086686
516.871000   1.087132
516.872000   1.084544
516.873000   1.078756
516.874000   1.069874
516.875000   1.058250
516.876000   1.044448
516.877000   1.029179
516.878000   1.013178
516.879000   0.997096
516.880000   0.981492
516.881000   0.966892
516.882000   0.953808
516.883000   0.942705
516.884000   0.933953
516.885000   0.927802
516.886000   0.924379
516.887000   0.923688
516.888000   0.925555
516.889000   0.929585
516.890000   0.935217
516.891000   0.941859
516.892000   0.949009
516.893000   0.956313
516.894000   0.963598
516.895000   0.970891
516.896000   0.978393
516.897000   0.986336
516.898000   0.994772
516.899000   1.003516
516.900000   1.012313
516.901000   1.021009
516.902000   1.029597
516.903000   1.038201
516.904000   1.047030
516.905000   1.056334
516.906000   1.066340
516.907000   1.077154
516.908000   1.088659
516.909000   1.100540
516.910000   1.112401
516.911000   1.123889
516.912000   1.134755
516.913000   1.144890
516.914000   1.154329
516.915000   1.163242
516.916000   1.171880
516.917000   1.180454
516.918000   1.189003
516.919000   1.197369
516.920000   1.205313
516.921000   1.212624
516.922000   1.219189
516.923000   1.225009
516.924000   1.230208
516.925000   1.235002
516.926000   1.239626
516.927000   1.244201
516.928000   1.248654
516.929000   1.252760
516.930000   1.256265
516.931000   1.258983
516.932000   1.260837
516.933000   1.261872
516.934000   1.262245
516.935000   1.262205
516.936000   1.262032
516.937000   1.261971
516.938000   1.262194
516.939000   1.262814
516.940000   1.263887
516.941000   1.265394
516.942000   1.267248
516.943000   1.269337
516.944000   1.271585
516.945000   1.273979
516.946000   1.276527
516.947000   1.279157
516.948000   1.281695
516.949000   1.283945
516.950000   1.285743
516.951000   1.286964
516.952000   1.287550
516.953000   1.287569
516.954000   1.287258
516.955000   1.286957
516.956000   1.286973
516.957000   1.287473
516.958000   1.288517
516.959000   1.290126
516.960000   1.292301
516.961000   1.294976
516.962000   1.298007
516.963000   1.301200
516.964000   1.304377
516.965000   1.307370
516.966000   1.309956
516.967000   1.311821
516.968000   1.312644
516.969000   1.312215
516.970000   1.310481
516.971000   1.307498
516.972000   1.303370
516.973000   1.298267
516.974000   1.292465
516.975000   1.286296
516.976000   1.279996
516.977000   1.273665
516.978000   1.267372
516.979000   1.261259
516.980000   1.255544
516.981000   1.250473
516.982000   1.246282
516.983000   1.243174
516.984000   1.241299
516.985000   1.240654
516.986000   1.240976
516.987000   1.241776
516.988000   1.242503
516.989000   1.242666
516.990000   1.241895
516.991000   1.239971
516.992000   1.236839
516.993000   1.232564
516.994000   1.227217
516.995000   1.220714
516.996000   1.212772
516.997000   1.203081
516.998000   1.191509
516.999000   1.178167
517.000000   1.163385
517.001000   1.147653
517.001000   1.147653
517.002000   1.131554
517.003000   1.115659
517.004000   1.100384
517.005000   1.085885
517.006000   1.072126
517.007000   1.059036
517.008000   1.046608
517.009000   1.034901
517.010000   1.024020
517.011000   1.014106
517.012000   1.005330
517.013000   0.997844
517.014000   0.991641
517.015000   0.986444
517.016000   0.981799
517.017000   0.977273
517.018000   0.972578
517.019000   0.967612
517.020000   0.962447
517.021000   0.957303
517.022000   0.952488
517.023000   0.948255
517.024000   0.944643
517.025000   0.941472
517.026000   0.938525
517.027000   0.935698
517.028000   0.933029
517.029000   0.930686
517.030000   0.928939
517.031000   0.928135
517.032000   0.928651
517.033000   0.930770
517.034000   0.934562
517.035000   0.939910
517.036000   0.946614
517.037000   0.954484
517.038000   0.963361
517.039000   0.973133
517.040000   0.983729
517.041000   0.995113
517.042000   1.007213
517.043000   1.019782
517.044000   1.032332
517.045000   1.044233
517.046000   1.054894
517.047000   1.063873
517.048000   1.070936
517.049000   1.076089
517.050000   1.079575
517.051000   1.081820
517.052000   1.083281
517.053000   1.084260
517.054000   1.084868
517.055000   1.085154
517.056000   1.085198
517.057000   1.085109
517.058000   1.085017
517.059000   1.085102
517.060000   1.085632
517.061000   1.086943
517.062000   1.089327
517.063000   1.092883
517.064000   1.097520
517.065000   1.103092
517.066000   1.109474
517.067000   1.116557
517.068000   1.124237
517.069000   1.132467
517.070000   1.141336
517.071000   1.151072
517.072000   1.161878
517.073000   1.173725
517.074000   1.186323
517.075000   1.199276
517.076000   1.212231
517.077000   1.224931
517.078000   1.237214
517.079000   1.249007
517.080000   1.260337
517.081000   1.271309
517.082000   1.281958
517.083000   1.292110
517.084000   1.301436
517.085000   1.309657
517.086000   1.316684
517.087000   1.322624
517.088000   1.327736
517.089000   1.332387
517.090000   1.337035
517.091000   1.342163
517.092000   1.348099
517.093000   1.354845
517.094000   1.362114
517.095000   1.369511
517.096000   1.376649
517.097000   1.383176
517.098000   1.388797
517.099000   1.393301
517.100000   1.396574
517.101000   1.398513
517.102000   1.398811
517.103000   1.396834
517.104000   1.391816
517.105000   1.383153
517.106000   1.370562
517.107000   1.354120
517.108000   1.334262
517.109000   1.311730
517.110000   1.287454
517.111000   1.262294
517.112000   1.236810
517.113000   1.211317
517.114000   1.186123
517.115000   1.161650
517.116000   1.138424
517.117000   1.117021
517.118000   1.098029
517.119000   1.082024
517.120000   1.069499
517.121000   1.060717
517.122000   1.055577
517.123000   1.053664
517.124000   1.054429
517.125000   1.057328
517.126000   1.061903
517.127000   1.067865
517.128000   1.075150
517.129000   1.083913
517.130000   1.094311
517.131000   1.106165
517.132000   1.118926
517.133000   1.131965
517.134000   1.144793
517.135000   1.157088
517.136000   1.168684
517.137000   1.179566
517.138000   1.189858
517.139000   1.199743
517.140000   1.209313
517.141000   1.218493
517.142000   1.227129
517.143000   1.235083
517.144000   1.242242
517.145000   1.248496
517.146000   1.253733
517.147000   1.257878
517.148000   1.260915
517.149000   1.262818
517.150000   1.263426
517.151000   1.262403
517.152000   1.259396
517.153000   1.254184
517.154000   1.246735
517.155000   1.237214
517.156000   1.225977
517.157000   1.213581
517.158000   1.200713
517.159000   1.187998
517.160000   1.175804
517.161000   1.164274
517.162000   1.153514
517.163000   1.143695
517.164000   1.135033
517.165000   1.127740
517.166000   1.122013
517.167000   1.118039
517.168000   1.115938
517.169000   1.115664
517.170000   1.116995
517.171000   1.119688
517.172000   1.123618
517.173000   1.128761
517.174000   1.135113
517.175000   1.142624
517.176000   1.151211
517.177000   1.160795
517.178000   1.171288
517.179000   1.182471
517.180000   1.193930
517.181000   1.205150
517.182000   1.215650
517.183000   1.225062
517.184000   1.233154
517.185000   1.239832
517.186000   1.245155
517.187000   1.249302
517.188000   1.252458
517.189000   1.254690
517.190000   1.255965
517.191000   1.256294
517.192000   1.255829
517.193000   1.254852
517.194000   1.253730
517.195000   1.252872
517.196000   1.252707
517.197000   1.253622
517.198000   1.255845
517.199000   1.259322
517.200000   1.263745
517.201000   1.268684
517.202000   1.273672
517.203000   1.278252
517.204000   1.282003
517.205000   1.284594
517.206000   1.285834
517.207000   1.285650
517.208000   1.283966
517.209000   1.280598
517.210000   1.275330
517.211000   1.268067
517.212000   1.258909
517.213000   1.248152
517.214000   1.236275
517.215000   1.223915
517.216000   1.211814
517.217000   1.200707
517.218000   1.191157
517.219000   1.183438
517.220000   1.177554
517.221000   1.173346
517.222000   1.170582
517.223000   1.169018
517.224000   1.168442
517.225000   1.168708
517.226000   1.169749
517.227000   1.171516
517.228000   1.173843
517.229000   1.176344
517.230000   1.178500
517.231000   1.179838
517.232000   1.180049
517.233000   1.179018
517.234000   1.176831
517.235000   1.173752
517.236000   1.170173
517.237000   1.166475
517.238000   1.162863
517.239000   1.159322
517.240000   1.155748
517.241000   1.152077
517.242000   1.148326
517.243000   1.144580
517.244000   1.140958
517.245000   1.137586
517.246000   1.134575
517.247000   1.131978
517.248000   1.129731
517.249000   1.127638
517.250000   1.125442
517.251000   1.122913
517.252000   1.119911
517.253000   1.116423
517.254000   1.112600
517.255000   1.108765
517.256000   1.105338
517.257000   1.102646
517.258000   1.100768
517.259000   1.099611
517.260000   1.099095
517.261000   1.099227
517.262000   1.100069
517.263000   1.101710
517.264000   1.104271
517.265000   1.107918
517.266000   1.112828
517.267000   1.119105
517.268000   1.126697
517.269000   1.135395
517.270000   1.144912
517.271000   1.154929
517.272000   1.165113
517.273000   1.175125
517.274000   1.184658
517.275000   1.193488
517.276000   1.201468
517.277000   1.208453
517.278000   1.214207
517.279000   1.218412
517.280000   1.220771
517.281000   1.221109
517.282000   1.219400
517.283000   1.215759
517.284000   1.210433
517.285000   1.203796
517.286000   1.196288
517.287000   1.188308
517.288000   1.180159
517.289000   1.172067
517.290000   1.164225
517.291000   1.156816
517.292000   1.150026
517.293000   1.144049
517.294000   1.139101
517.295000   1.135395
517.296000   1.133063
517.297000   1.132073
517.298000   1.132232
517.299000   1.133273
517.300000   1.134951
517.301000   1.137114
517.302000   1.139741
517.303000   1.142932
517.304000   1.146776
517.305000   1.151191
517.306000   1.155923
517.307000   1.160729
517.308000   1.165511
517.309000   1.170347
517.310000   1.175457
517.311000   1.181146
517.312000   1.187719
517.313000   1.195365
517.314000   1.204073
517.315000   1.213657
517.316000   1.223810
517.317000   1.234157
517.318000   1.244280
517.319000   1.253755
517.320000   1.262193
517.321000   1.269273
517.322000   1.274754
517.323000   1.278432
517.324000   1.280082
517.325000   1.279454
517.326000   1.276323
517.327000   1.270562
517.328000   1.262197
517.329000   1.251440
517.330000   1.238682
517.331000   1.224428
517.332000   1.209181
517.333000   1.193317
517.334000   1.177095
517.335000   1.160764
517.336000   1.144666
517.337000   1.129222
517.338000   1.114876
517.339000   1.102029
517.340000   1.091009
517.341000   1.082066
517.342000   1.075327
517.343000   1.070745
517.344000   1.068095
517.345000   1.067062
517.346000   1.067335
517.347000   1.068677
517.348000   1.070923
517.349000   1.073917
517.350000   1.077440
517.351000   1.081213
517.352000   1.084919
517.353000   1.088195
517.354000   1.090658
517.355000   1.091984
517.356000   1.091997
517.357000   1.090711
517.358000   1.088328
517.359000   1.085190
517.360000   1.081701
517.361000   1.078228
517.362000   1.075039
517.363000   1.072260
517.364000   1.069906
517.365000   1.067952
517.366000   1.066410
517.367000   1.065363
517.368000   1.064996
517.369000   1.065598
517.370000   1.067496
517.371000   1.070908
517.372000   1.075807
517.373000   1.081935
517.374000   1.088911
517.375000   1.096363
517.376000   1.103985
517.377000   1.111566
517.378000   1.118993
517.379000   1.126257
517.380000   1.133428
517.381000   1.140536
517.382000   1.147425
517.383000   1.153701
517.384000   1.158880
517.385000   1.162570
517.386000   1.164564
517.387000   1.164846
517.388000   1.163579
517.389000   1.161102
517.390000   1.157909
517.391000   1.154546
517.392000   1.151435
517.393000   1.148773
517.394000   1.146586
517.395000   1.144852
517.396000   1.143577
517.397000   1.142819
517.398000   1.142711
517.399000   1.143489
517.400000   1.145487
517.401000   1.149031
517.402000   1.154235
517.403000   1.160860
517.404000   1.168425
517.405000   1.176426
517.406000   1.184468
517.407000   1.192307
517.408000   1.199862
517.409000   1.207198
517.410000   1.214481
517.411000   1.221849
517.412000   1.229246
517.413000   1.236365
517.414000   1.242749
517.415000   1.247937
517.416000   1.251532
517.417000   1.253226
517.418000   1.252802
517.419000   1.250147
517.420000   1.245251
517.421000   1.238169
517.422000   1.228958
517.423000   1.217617
517.424000   1.204095
517.425000   1.188413
517.426000   1.170767
517.427000   1.151563
517.428000   1.131397
517.429000   1.111001
517.430000   1.091147
517.431000   1.072522
517.432000   1.055609
517.433000   1.040641
517.434000   1.027690
517.435000   1.016795
517.436000   1.008028
517.437000   1.001483
517.438000   0.997230
517.439000   0.995261
517.440000   0.995445
517.441000   0.997516
517.442000   1.001110
517.443000   1.005801
517.444000   1.011161
517.445000   1.016828
517.446000   1.022546
517.447000   1.028164
517.448000   1.033601
517.449000   1.038796
517.450000   1.043691
517.451000   1.048276
517.452000   1.052653
517.453000   1.057002
517.454000   1.061495
517.455000   1.066256
517.456000   1.071400
517.457000   1.077048
517.458000   1.083299
517.459000   1.090186
517.460000   1.097677
517.461000   1.105713
517.462000   1.114258
517.463000   1.123282
517.464000   1.132658
517.465000   1.142092
517.466000   1.151185
517.467000   1.159544
517.468000   1.166819
517.469000   1.172667
517.470000   1.176733
517.471000   1.178704
517.472000   1.178394
517.473000   1.175778
517.474000   1.170947
517.475000   1.164020
517.476000   1.155114
517.477000   1.144371
517.478000   1.131976
517.479000   1.118153
517.480000   1.103185
517.481000   1.087455
517.482000   1.071454
517.483000   1.055750
517.484000   1.040922
517.485000   1.027492
517.486000   1.015871
517.487000   1.006346
517.488000   0.999074
517.489000   0.994096
517.490000   0.991362
517.491000   0.990776
517.492000   0.992214
517.493000   0.995543
517.494000   1.000643
517.495000   1.007425
517.496000   1.015800
517.497000   1.025587
517.498000   1.036392
517.499000   1.047607
517.500000   1.058559
517.501000   1.068693
517.501000   1.068693
517.502000   1.077668
517.503000   1.085396
517.504000   1.092028
517.505000   1.097922
517.506000   1.103529
517.507000   1.109231
517.508000   1.115221
517.509000   1.121518
517.510000   1.128054
517.511000   1.134745
517.512000   1.141502
517.513000   1.148250
517.514000   1.154928
517.515000   1.161488
517.516000   1.167841
517.517000   1.173745
517.518000   1.178747
517.519000   1.182237
517.520000   1.183620
517.521000   1.182488
517.522000   1.178743
517.523000   1.172628
517.524000   1.164662
517.525000   1.155487
517.526000   1.145679
517.527000   1.135650
517.528000   1.125683
517.529000   1.116038
517.530000   1.107009
517.531000   1.098944
517.532000   1.092216
517.533000   1.087179
517.534000   1.084107
517.535000   1.083141
517.536000   1.084250
517.537000   1.087247
517.538000   1.091834
517.539000   1.097646
517.540000   1.104284
517.541000   1.111382
517.542000   1.118676
517.543000   1.126026
517.544000   1.133382
517.545000   1.140698
517.546000   1.147890
517.547000   1.154872
517.548000   1.161619
517.549000   1.168203
517.550000   1.174796
517.551000   1.181665
517.552000   1.189135
517.553000   1.197509
517.554000   1.206983
517.555000   1.217588
517.556000   1.229210
517.557000   1.241663
517.558000   1.254745
517.559000   1.268245
517.560000   1.281911
517.561000   1.295433
517.562000   1.308466
517.563000   1.320653
517.564000   1.331640
517.565000   1.341103
517.566000   1.348823
517.567000   1.354766
517.568000   1.359080
517.569000   1.361995
517.570000   1.363710
517.571000   1.364379
517.572000   1.364177
517.573000   1.363313
517.574000   1.361983
517.575000   1.360328
517.576000   1.358456
517.577000   1.356483
517.578000   1.354556
517.579000   1.352856
517.580000   1.351550
517.581000   1.350726
517.582000   1.350373
517.583000   1.350409
517.584000   1.350697
517.585000   1.351065
517.586000   1.351368
517.587000   1.351553
517.588000   1.351703
517.589000   1.352036
517.590000   1.352866
517.591000   1.354509
517.592000   1.357155
517.593000   1.360807
517.594000   1.365309
517.595000   1.370395
517.596000   1.375747
517.597000   1.381014
517.598000   1.385830
517.599000   1.389827
517.600000   1.392681
517.601000   1.394145
517.602000   1.394028
517.603000   1.392109
517.604000   1.388050
517.605000   1.381455
517.606000   1.372036
517.607000   1.359729
517.608000   1.344720
517.609000   1.327405
517.610000   1.308338
517.611000   1.288151
517.612000   1.267463
517.613000   1.246773
517.614000   1.226392
517.615000   1.206453
517.616000   1.186978
517.617000   1.167967
517.618000   1.149468
517.619000   1.131595
517.620000   1.114513
517.621000   1.098382
517.622000   1.083294
517.623000   1.069280
517.624000   1.056388
517.625000   1.044690
517.626000   1.034225
517.627000   1.024993
517.628000   1.017067
517.629000   1.010652
517.630000   1.006024
517.631000   1.003398
517.632000   1.002845
517.633000   1.004288
517.634000   1.007546
517.635000   1.012361
517.636000   1.018424
517.637000   1.025417
517.638000   1.033063
517.639000   1.041125
517.640000   1.049340
517.641000   1.057344
517.642000   1.064680
517.643000   1.070906
517.644000   1.075724
517.645000   1.079073
517.646000   1.081153
517.647000   1.082395
517.648000   1.083358
517.649000   1.084601
517.650000   1.086554
517.651000   1.089489
517.652000   1.093557
517.653000   1.098841
517.654000   1.105376
517.655000   1.113142
517.656000   1.122058
517.657000   1.131975
517.658000   1.142664
517.659000   1.153783
517.660000   1.164833
517.661000   1.175160
517.662000   1.184043
517.663000   1.190814
517.664000   1.194965
517.665000   1.196213
517.666000   1.194549
517.667000   1.190245
517.668000   1.183793
517.669000   1.175755
517.670000   1.166603
517.671000   1.156694
517.672000   1.146374
517.673000   1.136064
517.674000   1.126267
517.675000   1.117523
517.676000   1.110372
517.677000   1.105304
517.678000   1.102716
517.679000   1.102855
517.680000   1.105769
517.681000   1.111303
517.682000   1.119109
517.683000   1.128671
517.684000   1.139369
517.685000   1.150562
517.686000   1.161687
517.687000   1.172324
517.688000   1.182219
517.689000   1.191212
517.690000   1.199146
517.691000   1.205833
517.692000   1.211093
517.693000   1.214824
517.694000   1.217070
517.695000   1.218053
517.696000   1.218142
517.697000   1.217785
517.698000   1.217398
517.699000   1.217279
517.700000   1.217605
517.701000   1.218480
517.702000   1.219947
517.703000   1.221964
517.704000   1.224401
517.705000   1.227093
517.706000   1.229907
517.707000   1.232756
517.708000   1.235562
517.709000   1.238229
517.710000   1.240676
517.711000   1.242876
517.712000   1.244847
517.713000   1.246557
517.714000   1.247911
517.715000   1.248821
517.716000   1.249284
517.717000   1.249375
517.718000   1.249173
517.719000   1.248700
517.720000   1.247942
517.721000   1.246903
517.722000   1.245624
517.723000   1.244157
517.724000   1.242536
517.725000   1.240778
517.726000   1.238898
517.727000   1.236889
517.728000   1.234673
517.729000   1.232114
517.730000   1.229091
517.731000   1.225584
517.732000   1.221666
517.733000   1.217425
517.734000   1.212883
517.735000   1.208003
517.736000   1.202761
517.737000   1.197154
517.738000   1.191161
517.739000   1.184735
517.740000   1.177869
517.741000   1.170641
517.742000   1.163193
517.743000   1.155678
517.744000   1.148235
517.745000   1.141005
517.746000   1.134139
517.747000   1.127737
517.748000   1.121782
517.749000   1.116171
517.750000   1.110804
517.751000   1.105632
517.752000   1.100671
517.753000   1.095969
517.754000   1.091591
517.755000   1.087594
517.756000   1.083999
517.757000   1.080739
517.758000   1.077650
517.759000   1.074562
517.760000   1.071398
517.761000   1.068217
517.762000   1.065182
517.763000   1.062496
517.764000   1.060330
517.765000   1.058789
517.766000   1.057882
517.767000   1.057520
517.768000   1.057577
517.769000   1.057970
517.770000   1.058682
517.771000   1.059736
517.772000   1.061160
517.773000   1.062975
517.774000   1.065204
517.775000   1.067840
517.776000   1.070762
517.777000   1.073680
517.778000   1.076207
517.779000   1.077961
517.780000   1.078642
517.781000   1.078066
517.782000   1.076186
517.783000   1.073087
517.784000   1.068934
517.785000   1.063853
517.786000   1.057847
517.787000   1.050867
517.788000   1.042958
517.789000   1.034343
517.790000   1.025404
517.791000   1.016624
517.792000   1.008513
517.793000   1.001528
517.794000   0.995993
517.795000   0.992013
517.796000   0.989461
517.797000   0.988045
517.798000   0.987393
517.799000   0.987122
517.800000   0.986877
517.801000   0.986370
517.802000   0.985411
517.803000   0.983928
517.804000   0.981940
517.805000   0.979487
517.806000   0.976556
517.807000   0.973093
517.808000   0.969088
517.809000   0.964656
517.810000   0.960067
517.811000   0.955749
517.812000   0.952251
517.813000   0.950170
517.814000   0.950037
517.815000   0.952192
517.816000   0.956743
517.817000   0.963613
517.818000   0.972632
517.819000   0.983591
517.820000   0.996257
517.821000   1.010375
517.822000   1.025681
517.823000   1.041906
517.824000   1.058767
517.825000   1.075955
517.826000   1.093152
517.827000   1.110069
517.828000   1.126465
517.829000   1.142127
517.830000   1.156872
517.831000   1.170565
517.832000   1.183144
517.833000   1.194616
517.834000   1.205023
517.835000   1.214390
517.836000   1.222699
517.837000   1.229905
517.838000   1.235954
517.839000   1.240792
517.840000   1.244374
517.841000   1.246699
517.842000   1.247843
517.843000   1.247966
517.844000   1.247294
517.845000   1.246072
517.846000   1.244520
517.847000   1.242814
517.848000   1.241072
517.849000   1.239334
517.850000   1.237572
517.851000   1.235734
517.852000   1.233794
517.853000   1.231772
517.854000   1.229730
517.855000   1.227717
517.856000   1.225740
517.857000   1.223734
517.858000   1.221562
517.859000   1.219010
517.860000   1.215816
517.861000   1.211742
517.862000   1.206649
517.863000   1.200536
517.864000   1.193502
517.865000   1.185693
517.866000   1.177268
517.867000   1.168400
517.868000   1.159298
517.869000   1.150205
517.870000   1.141384
517.871000   1.133115
517.872000   1.125690
517.873000   1.119385
517.874000   1.114415
517.875000   1.110899
517.876000   1.108862
517.877000   1.108272
517.878000   1.109072
517.879000   1.111177
517.880000   1.114461
517.881000   1.118753
517.882000   1.123851
517.883000   1.129518
517.884000   1.135465
517.885000   1.141359
517.886000   1.146869
517.887000   1.151721
517.888000   1.155729
517.889000   1.158791
517.890000   1.160855
517.891000   1.161868
517.892000   1.161720
517.893000   1.160209
517.894000   1.157062
517.895000   1.152011
517.896000   1.144897
517.897000   1.135742
517.898000   1.124780
517.899000   1.112426
517.900000   1.099192
517.901000   1.085560
517.902000   1.071876
517.903000   1.058314
517.904000   1.044941
517.905000   1.031824
517.906000   1.019122
517.907000   1.007106
517.908000   0.996131
517.909000   0.986554
517.910000   0.978640
517.911000   0.972490
517.912000   0.968027
517.913000   0.965055
517.914000   0.963342
517.915000   0.962686
517.916000   0.962938
517.917000   0.963999
517.918000   0.965790
517.919000   0.968235
517.920000   0.971237
517.921000   0.974666
517.922000   0.978334
517.923000   0.982008
517.924000   0.985461
517.925000   0.988539
517.926000   0.991205
517.927000   0.993536
517.928000   0.995712
517.929000   0.997984
517.930000   1.000646
517.931000   1.004001
517.932000   1.008341
517.933000   1.013941
517.934000   1.021046
517.935000   1.029856
517.936000   1.040503
517.937000   1.053042
517.938000   1.067451
517.939000   1.083599
517.940000   1.101222
517.941000   1.119905
517.942000   1.139094
517.943000   1.158158
517.944000   1.176434
517.945000   1.193223
517.946000   1.207782
517.947000   1.219383
517.948000   1.227469
517.949000   1.231782
517.950000   1.232390
517.951000   1.229615
517.952000   1.223946
517.953000   1.215983
517.954000   1.206406
517.955000   1.195954
517.956000   1.185390
517.957000   1.175475
517.958000   1.166933
517.959000   1.160413
517.960000   1.156414
517.961000   1.155213
517.962000   1.156823
517.963000   1.161036
517.964000   1.167502
517.965000   1.175812
517.966000   1.185572
517.967000   1.196479
517.968000   1.208352
517.969000   1.221085
517.970000   1.234510
517.971000   1.248245
517.972000   1.261690
517.973000   1.274158
517.974000   1.285039
517.975000   1.293900
517.976000   1.300523
517.977000   1.304900
517.978000   1.307179
517.979000   1.307573
517.980000   1.306278
517.981000   1.303468
517.982000   1.299334
517.983000   1.294090
517.984000   1.287971
517.985000   1.281252
517.986000   1.274288
517.987000   1.267510
517.988000   1.261338
517.989000   1.256078
517.990000   1.251862
517.991000   1.248711
517.992000   1.246628
517.993000   1.245638
517.994000   1.245768
517.995000   1.247026
517.996000   1.249404
517.997000   1.252849
517.998000   1.257175
517.999000   1.261989
518.000000   1.266741
518.001000   1.270861
518.001000   1.270861
518.002000   1.273886
518.003000   1.275522
518.004000   1.275634
518.005000   1.274184
518.006000   1.271171
518.007000   1.266595
518.008000   1.260420
518.009000   1.252580
518.010000   1.243044
518.011000   1.231902
518.012000   1.219402
518.013000   1.205934
518.014000   1.191962
518.015000   1.177934
518.016000   1.164190
518.017000   1.150903
518.018000   1.138057
518.019000   1.125486
518.020000   1.112984
518.021000   1.100405
518.022000   1.087725
518.023000   1.075052
518.024000   1.062610
518.025000   1.050695
518.026000   1.039599
518.027000   1.029521
518.028000   1.020506
518.029000   1.012479
518.030000   1.005346
518.031000   0.999064
518.032000   0.993656
518.033000   0.989179
518.034000   0.985707
518.035000   0.983311
518.036000   0.982037
518.037000   0.981847
518.038000   0.982572
518.039000   0.983907
518.040000   0.985478
518.041000   0.986915
518.042000   0.987892
518.043000   0.988160
518.044000   0.987582
518.045000   0.986183
518.046000   0.984152
518.047000   0.981802
518.048000   0.979461
518.049000   0.977378
518.050000   0.975702
518.051000   0.974518
518.052000   0.973895
518.053000   0.973918
518.054000   0.974690
518.055000   0.976326
518.056000   0.978930
518.057000   0.982542
518.058000   0.987071
518.059000   0.992255
518.060000   0.997686
518.061000   1.002878
518.062000   1.007363
518.063000   1.010793
518.064000   1.013020
518.065000   1.014119
518.066000   1.014347
518.067000   1.014028
518.068000   1.013453
518.069000   1.012859
518.070000   1.012482
518.071000   1.012574
518.072000   1.013408
518.073000   1.015305
518.074000   1.018652
518.075000   1.023866
518.076000   1.031302
518.077000   1.041151
518.078000   1.053407
518.079000   1.067901
518.080000   1.084344
518.081000   1.102322
518.082000   1.121290
518.083000   1.140586
518.084000   1.159484
518.085000   1.177242
518.086000   1.193116
518.087000   1.206372
518.088000   1.216337
518.089000   1.222509
518.090000   1.224681
518.091000   1.222994
518.092000   1.217901
518.093000   1.210079
518.094000   1.200335
518.095000   1.189511
518.096000   1.178373
518.097000   1.167550
518.098000   1.157560
518.099000   1.148877
518.100000   1.141970
518.101000   1.137285
518.102000   1.135198
518.103000   1.135963
518.104000   1.139675
518.105000   1.146265
518.106000   1.155495
518.107000   1.166980
518.108000   1.180242
518.109000   1.194782
518.110000   1.210115
518.111000   1.225798
518.112000   1.241420
518.113000   1.256603
518.114000   1.270981
518.115000   1.284182
518.116000   1.295820
518.117000   1.305540
518.118000   1.313103
518.119000   1.318439
518.120000   1.321665
518.121000   1.323052
518.122000   1.322981
518.123000   1.321897
518.124000   1.320239
518.125000   1.318380
518.126000   1.316574
518.127000   1.314959
518.128000   1.313586
518.129000   1.312457
518.130000   1.311552
518.131000   1.310856
518.132000   1.310398
518.133000   1.310259
518.134000   1.310564
518.135000   1.311404
518.136000   1.312758
518.137000   1.314456
518.138000   1.316217
518.139000   1.317726
518.140000   1.318710
518.141000   1.318994
518.142000   1.318541
518.143000   1.317433
518.144000   1.315802
518.145000   1.313740
518.146000   1.311237
518.147000   1.308212
518.148000   1.304561
518.149000   1.300210
518.150000   1.295135
518.151000   1.289365
518.152000   1.282981
518.153000   1.276101
518.154000   1.268852
518.155000   1.261334
518.156000   1.253577
518.157000   1.245538
518.158000   1.237141
518.159000   1.228337
518.160000   1.219169
518.161000   1.209811
518.162000   1.200579
518.163000   1.191893
518.164000   1.184192
518.165000   1.177822
518.166000   1.172971
518.167000   1.169668
518.168000   1.167836
518.169000   1.167351
518.170000   1.168080
518.171000   1.169899
518.172000   1.172673
518.173000   1.176222
518.174000   1.180260
518.175000   1.184344
518.176000   1.187878
518.177000   1.190177
518.178000   1.190551
518.179000   1.188372
518.180000   1.183146
518.181000   1.174566
518.182000   1.162560
518.183000   1.147303
518.184000   1.129185
518.185000   1.108755
518.186000   1.086682
518.187000   1.063712
518.188000   1.040614
518.189000   1.018115
518.190000   0.996854
518.191000   0.977379
518.192000   0.960149
518.193000   0.945537
518.194000   0.933806
518.195000   0.925073
518.196000   0.919282
518.197000   0.916214
518.198000   0.915499
518.199000   0.916639
518.200000   0.919078
518.201000   0.922295
518.202000   0.925880
518.203000   0.929556
518.204000   0.933152
518.205000   0.936544
518.206000   0.939636
518.207000   0.942346
518.208000   0.944603
518.209000   0.946345
518.210000   0.947565
518.211000   0.948348
518.212000   0.948868
518.213000   0.949337
518.214000   0.949933
518.215000   0.950777
518.216000   0.951942
518.217000   0.953467
518.218000   0.955327
518.219000   0.957428
518.220000   0.959630
518.221000   0.961811
518.222000   0.963897
518.223000   0.965860
518.224000   0.967727
518.225000   0.969600
518.226000   0.971658
518.227000   0.974103
518.228000   0.977098
518.229000   0.980754
518.230000   0.985175
518.231000   0.990477
518.232000   0.996743
518.233000   1.003967
518.234000   1.012036
518.235000   1.020757
518.236000   1.029896
518.237000   1.039192
518.238000   1.048351
518.239000   1.057044
518.240000   1.064951
518.241000   1.071786
518.242000   1.077310
518.243000   1.081338
518.244000   1.083801
518.245000   1.084810
518.246000   1.084706
518.247000   1.084039
518.248000   1.083462
518.249000   1.083610
518.250000   1.085009
518.251000   1.088043
518.252000   1.092939
518.253000   1.099788
518.254000   1.108581
518.255000   1.119270
518.256000   1.131802
518.257000   1.146123
518.258000   1.162140
518.259000   1.179632
518.260000   1.198174
518.261000   1.217119
518.262000   1.235660
518.263000   1.252943
518.264000   1.268196
518.265000   1.280831
518.266000   1.290507
518.267000   1.297153
518.268000   1.300932
518.269000   1.302150
518.270000   1.301123
518.271000   1.298098
518.272000   1.293282
518.273000   1.286943
518.274000   1.279469
518.275000   1.271374
518.276000   1.263248
518.277000   1.255700
518.278000   1.249300
518.279000   1.244537
518.280000   1.241758
518.281000   1.241110
518.282000   1.242484
518.283000   1.245550
518.284000   1.249857
518.285000   1.254951
518.286000   1.260442
518.287000   1.266029
518.288000   1.271490
518.289000   1.276645
518.290000   1.281301
518.291000   1.285236
518.292000   1.288220
518.293000   1.290039
518.294000   1.290483
518.295000   1.289365
518.296000   1.286584
518.297000   1.282169
518.298000   1.276278
518.299000   1.269144
518.300000   1.261028
518.301000   1.252210
518.302000   1.243019
518.303000   1.233835
518.304000   1.225004
518.305000   1.216725
518.306000   1.209033
518.307000   1.201902
518.308000   1.195322
518.309000   1.189298
518.310000   1.183826
518.311000   1.178882
518.312000   1.174451
518.313000   1.170527
518.314000   1.167077
518.315000   1.163953
518.316000   1.160884
518.317000   1.157566
518.318000   1.153750
518.319000   1.149259
518.320000   1.143954
518.321000   1.137737
518.322000   1.130575
518.323000   1.122526
518.324000   1.113738
518.325000   1.104391
518.326000   1.094606
518.327000   1.084418
518.328000   1.073819
518.329000   1.062789
518.330000   1.051303
518.331000   1.039358
518.332000   1.027016
518.333000   1.014437
518.334000   1.001899
518.335000   0.989718
518.336000   0.978112
518.337000   0.967115
518.338000   0.956628
518.339000   0.946499
518.340000   0.936608
518.341000   0.926951
518.342000   0.917712
518.343000   0.909265
518.344000   0.902126
518.345000   0.896819
518.346000   0.893729
518.347000   0.893032
518.348000   0.894729
518.349000   0.898696
518.350000   0.904744
518.351000   0.912655
518.352000   0.922198
518.353000   0.933142
518.354000   0.945264
518.355000   0.958322
518.356000   0.971983
518.357000   0.985768
518.358000   0.999073
518.359000   1.011271
518.360000   1.021840
518.361000   1.030455
518.362000   1.037045
518.363000   1.041813
518.364000   1.045200
518.365000   1.047769
518.366000   1.049994
518.367000   1.052122
518.368000   1.054225
518.369000   1.056335
518.370000   1.058545
518.371000   1.061014
518.372000   1.063941
518.373000   1.067526
518.374000   1.071962
518.375000   1.077407
518.376000   1.083904
518.377000   1.091246
518.378000   1.098914
518.379000   1.106198
518.380000   1.112385
518.381000   1.116901
518.382000   1.119372
518.383000   1.119648
518.384000   1.117826
518.385000   1.114234
518.386000   1.109318
518.387000   1.103465
518.388000   1.096888
518.389000   1.089700
518.390000   1.082052
518.391000   1.074193
518.392000   1.066443
518.393000   1.059159
518.394000   1.052722
518.395000   1.047522
518.396000   1.043914
518.397000   1.042155
518.398000   1.042342
518.399000   1.044372
518.400000   1.048000
518.401000   1.052976
518.402000   1.059179
518.403000   1.066656
518.404000   1.075601
518.405000   1.086252
518.406000   1.098730
518.407000   1.112906
518.408000   1.128403
518.409000   1.144689
518.410000   1.161174
518.411000   1.177323
518.412000   1.192753
518.413000   1.207270
518.414000   1.220808
518.415000   1.233299
518.416000   1.244538
518.417000   1.254164
518.418000   1.261803
518.419000   1.267221
518.420000   1.270394
518.421000   1.271451
518.422000   1.270594
518.423000   1.268079
518.424000   1.264230
518.425000   1.259424
518.426000   1.254018
518.427000   1.248301
518.428000   1.242508
518.429000   1.236854
518.430000   1.231535
518.431000   1.226719
518.432000   1.222556
518.433000   1.219197
518.434000   1.216792
518.435000   1.215396
518.436000   1.214856
518.437000   1.214805
518.438000   1.214779
518.439000   1.214357
518.440000   1.213246
518.441000   1.211311
518.442000   1.208577
518.443000   1.205198
518.444000   1.201380
518.445000   1.197268
518.446000   1.192901
518.447000   1.188277
518.448000   1.183474
518.449000   1.178684
518.450000   1.174182
518.451000   1.170268
518.452000   1.167240
518.453000   1.165361
518.454000   1.164841
518.455000   1.165783
518.456000   1.168152
518.457000   1.171801
518.458000   1.176515
518.459000   1.182030
518.460000   1.188035
518.461000   1.194189
518.462000   1.200161
518.463000   1.205693
518.464000   1.210613
518.465000   1.214775
518.466000   1.217976
518.467000   1.219988
518.468000   1.220657
518.469000   1.219988
518.470000   1.218147
518.471000   1.215425
518.472000   1.212197
518.473000   1.208882
518.474000   1.205883
518.475000   1.203511
518.476000   1.201942
518.477000   1.201251
518.478000   1.201463
518.479000   1.202575
518.480000   1.204562
518.481000   1.207388
518.482000   1.211013
518.483000   1.215375
518.484000   1.220336
518.485000   1.225604
518.486000   1.230716
518.487000   1.235133
518.488000   1.238361
518.489000   1.240048
518.490000   1.240038
518.491000   1.238402
518.492000   1.235416
518.493000   1.231464
518.494000   1.226902
518.495000   1.221936
518.496000   1.216649
518.497000   1.211106
518.498000   1.205422
518.499000   1.199771
518.500000   1.194374
518.501000   1.189487
518.501000   1.189487
518.502000   1.185397
518.503000   1.182362
518.504000   1.180497
518.505000   1.179645
518.506000   1.179390
518.507000   1.179191
518.508000   1.178538
518.509000   1.177050
518.510000   1.174545
518.511000   1.171073
518.512000   1.166910
518.513000   1.162464
518.514000   1.158059
518.515000   1.153742
518.516000   1.149285
518.517000   1.144392
518.518000   1.138877
518.519000   1.132741
518.520000   1.126148
518.521000   1.119379
518.522000   1.112760
518.523000   1.106571
518.524000   1.100919
518.525000   1.095688
518.526000   1.090613
518.527000   1.085435
518.528000   1.079989
518.529000   1.074227
518.530000   1.068195
518.531000   1.062018
518.532000   1.055883
518.533000   1.050019
518.534000   1.044649
518.535000   1.039948
518.536000   1.036027
518.537000   1.032941
518.538000   1.030709
518.539000   1.029355
518.540000   1.028939
518.541000   1.029561
518.542000   1.031344
518.543000   1.034394
518.544000   1.038730
518.545000   1.044233
518.546000   1.050670
518.547000   1.057731
518.548000   1.065064
518.549000   1.072325
518.550000   1.079228
518.551000   1.085574
518.552000   1.091253
518.553000   1.096165
518.554000   1.100144
518.555000   1.102947
518.556000   1.104337
518.557000   1.104145
518.558000   1.102266
518.559000   1.098665
518.560000   1.093404
518.561000   1.086674
518.562000   1.078784
518.563000   1.070117
518.564000   1.061065
518.565000   1.052010
518.566000   1.043300
518.567000   1.035210
518.568000   1.027887
518.569000   1.021359
518.570000   1.015601
518.571000   1.010619
518.572000   1.006461
518.573000   1.003140
518.574000   1.000544
518.575000   0.998448
518.576000   0.996603
518.577000   0.994837
518.578000   0.993092
518.579000   0.991454
518.580000   0.990145
518.581000   0.989454
518.582000   0.989586
518.583000   0.990574
518.584000   0.992351
518.585000   0.994900
518.586000   0.998329
518.587000   1.002879
518.588000   1.008855
518.589000   1.016538
518.590000   1.026095
518.591000   1.037507
518.592000   1.050565
518.593000   1.064931
518.594000   1.080216
518.595000   1.096029
518.596000   1.112015
518.597000   1.127865
518.598000   1.143315
518.599000   1.158102
518.600000   1.171895
518.601000   1.184258
518.602000   1.194687
518.603000   1.202729
518.604000   1.208098
518.605000   1.210748
518.606000   1.210904
518.607000   1.209051
518.608000   1.205878
518.609000   1.202130
518.610000   1.198402
518.611000   1.194991
518.612000   1.191945
518.613000   1.189213
518.614000   1.186768
518.615000   1.184645
518.616000   1.182955
518.617000   1.181872
518.618000   1.181615
518.619000   1.182387
518.620000   1.184284
518.621000   1.187226
518.622000   1.190984
518.623000   1.195263
518.624000   1.199785
518.625000   1.204325
518.626000   1.208726
518.627000   1.212901
518.628000   1.216819
518.629000   1.220484
518.630000   1.223862
518.631000   1.226811
518.632000   1.229076
518.633000   1.230361
518.634000   1.230419
518.635000   1.229123
518.636000   1.226497
518.637000   1.222728
518.638000   1.218133
518.639000   1.213092
518.640000   1.207948
518.641000   1.202950
518.642000   1.198277
518.643000   1.194064
518.644000   1.190414
518.645000   1.187397
518.646000   1.185070
518.647000   1.183487
518.648000   1.182700
518.649000   1.182741
518.650000   1.183582
518.651000   1.185134
518.652000   1.187276
518.653000   1.189853
518.654000   1.192653
518.655000   1.195442
518.656000   1.198033
518.657000   1.200343
518.658000   1.202393
518.659000   1.204241
518.660000   1.205902
518.661000   1.207346
518.662000   1.208557
518.663000   1.209550
518.664000   1.210340
518.665000   1.210934
518.666000   1.211363
518.667000   1.211709
518.668000   1.212075
518.669000   1.212526
518.670000   1.213059
518.671000   1.213652
518.672000   1.214337
518.673000   1.215216
518.674000   1.216428
518.675000   1.218098
518.676000   1.220322
518.677000   1.223187
518.678000   1.226752
518.679000   1.230997
518.680000   1.235790
518.681000   1.240932
518.682000   1.246218
518.683000   1.251485
518.684000   1.256626
518.685000   1.261586
518.686000   1.266346
518.687000   1.270892
518.688000   1.275184
518.689000   1.279128
518.690000   1.282612
518.691000   1.285570
518.692000   1.288026
518.693000   1.290087
518.694000   1.291927
518.695000   1.293755
518.696000   1.295780
518.697000   1.298133
518.698000   1.300788
518.699000   1.303532
518.700000   1.306032
518.701000   1.307939
518.702000   1.308970
518.703000   1.308960
518.704000   1.307892
518.705000   1.305913
518.706000   1.303302
518.707000   1.300332
518.708000   1.297100
518.709000   1.293469
518.710000   1.289187
518.711000   1.284051
518.712000   1.278016
518.713000   1.271215
518.714000   1.263951
518.715000   1.256657
518.716000   1.249801
518.717000   1.243733
518.718000   1.238528
518.719000   1.233978
518.720000   1.229716
518.721000   1.225373
518.722000   1.220667
518.723000   1.215438
518.724000   1.209665
518.725000   1.203464
518.726000   1.197030
518.727000   1.190525
518.728000   1.183947
518.729000   1.177118
518.730000   1.169781
518.731000   1.161731
518.732000   1.152888
518.733000   1.143319
518.734000   1.133214
518.735000   1.122858
518.736000   1.112571
518.737000   1.102627
518.738000   1.093167
518.739000   1.084160
518.740000   1.075451
518.741000   1.066872
518.742000   1.058324
518.743000   1.049803
518.744000   1.041384
518.745000   1.033196
518.746000   1.025396
518.747000   1.018102
518.748000   1.011344
518.749000   1.005054
518.750000   0.999113
518.751000   0.993435
518.752000   0.988031
518.753000   0.983046
518.754000   0.978726
518.755000   0.975358
518.756000   0.973194
518.757000   0.972404
518.758000   0.973096
518.759000   0.975362
518.760000   0.979250
518.761000   0.984713
518.762000   0.991631
518.763000   0.999867
518.764000   1.009291
518.765000   1.019756
518.766000   1.031065
518.767000   1.042947
518.768000   1.055073
518.769000   1.067077
518.770000   1.078559
518.771000   1.089064
518.772000   1.098134
518.773000   1.105398
518.774000   1.110661
518.775000   1.113900
518.776000   1.115206
518.777000   1.114707
518.778000   1.112565
518.779000   1.109029
518.780000   1.104463
518.781000   1.099292
518.782000   1.093939
518.783000   1.088807
518.784000   1.084299
518.785000   1.080787
518.786000   1.078563
518.787000   1.077834
518.788000   1.078771
518.789000   1.081544
518.790000   1.086292
518.791000   1.093027
518.792000   1.101567
518.793000   1.111577
518.794000   1.122661
518.795000   1.134403
518.796000   1.146360
518.797000   1.158070
518.798000   1.169090
518.799000   1.179043
518.800000   1.187625
518.801000   1.194601
518.802000   1.199816
518.803000   1.203230
518.804000   1.204911
518.805000   1.204965
518.806000   1.203496
518.807000   1.200624
518.808000   1.196546
518.809000   1.191563
518.810000   1.186075
518.811000   1.180544
518.812000   1.175425
518.813000   1.171111
518.814000   1.167895
518.815000   1.165960
518.816000   1.165413
518.817000   1.166327
518.818000   1.168757
518.819000   1.172738
518.820000   1.178262
518.821000   1.185244
518.822000   1.193487
518.823000   1.202675
518.824000   1.212363
518.825000   1.221962
518.826000   1.230765
518.827000   1.238036
518.828000   1.243122
518.829000   1.245543
518.830000   1.245053
518.831000   1.241669
518.832000   1.235649
518.833000   1.227400
518.834000   1.217359
518.835000   1.205917
518.836000   1.193464
518.837000   1.180460
518.838000   1.167454
518.839000   1.155047
518.840000   1.143851
518.841000   1.134444
518.842000   1.127324
518.843000   1.122842
518.844000   1.121110
518.845000   1.121982
518.846000   1.125106
518.847000   1.130026
518.848000   1.136246
518.849000   1.143281
518.850000   1.150688
518.851000   1.158092
518.852000   1.165197
518.853000   1.171726
518.854000   1.177312
518.855000   1.181458
518.856000   1.183651
518.857000   1.183539
518.858000   1.181034
518.859000   1.176332
518.860000   1.169871
518.861000   1.162250
518.862000   1.154138
518.863000   1.146153
518.864000   1.138760
518.865000   1.132251
518.866000   1.126818
518.867000   1.122610
518.868000   1.119760
518.869000   1.118380
518.870000   1.118554
518.871000   1.120345
518.872000   1.123771
518.873000   1.128759
518.874000   1.135099
518.875000   1.142467
518.876000   1.150510
518.877000   1.158908
518.878000   1.167396
518.879000   1.175792
518.880000   1.184015
518.881000   1.192079
518.882000   1.200031
518.883000   1.207854
518.884000   1.215417
518.885000   1.222506
518.886000   1.228886
518.887000   1.234325
518.888000   1.238600
518.889000   1.241524
518.890000   1.242990
518.891000   1.242988
518.892000   1.241574
518.893000   1.238803
518.894000   1.234669
518.895000   1.229128
518.896000   1.222166
518.897000   1.213868
518.898000   1.204443
518.899000   1.194221
518.900000   1.183641
518.901000   1.173196
518.902000   1.163329
518.903000   1.154295
518.904000   1.146122
518.905000   1.138690
518.906000   1.131855
518.907000   1.125521
518.908000   1.119652
518.909000   1.114252
518.910000   1.109339
518.911000   1.104911
518.912000   1.100908
518.913000   1.097155
518.914000   1.093367
518.915000   1.089219
518.916000   1.084442
518.917000   1.078886
518.918000   1.072545
518.919000   1.065543
518.920000   1.058102
518.921000   1.050485
518.922000   1.042929
518.923000   1.035569
518.924000   1.028437
518.925000   1.021534
518.926000   1.014926
518.927000   1.008792
518.928000   1.003420
518.929000   0.999196
518.930000   0.996559
518.931000   0.995908
518.932000   0.997466
518.933000   1.001196
518.934000   1.006862
518.935000   1.014160
518.936000   1.022809
518.937000   1.032585
518.938000   1.043327
518.939000   1.054925
518.940000   1.067271
518.941000   1.080163
518.942000   1.093216
518.943000   1.105875
518.944000   1.117534
518.945000   1.127656
518.946000   1.135845
518.947000   1.141900
518.948000   1.145830
518.949000   1.147847
518.950000   1.148273
518.951000   1.147385
518.952000   1.145328
518.953000   1.142177
518.954000   1.138046
518.955000   1.133150
518.956000   1.127814
518.957000   1.122460
518.958000   1.117585
518.959000   1.113693
518.960000   1.111183
518.961000   1.110262
518.962000   1.110955
518.963000   1.113194
518.964000   1.116867
518.965000   1.121831
518.966000   1.127932
518.967000   1.135028
518.968000   1.142999
518.969000   1.151718
518.970000   1.160966
518.971000   1.170363
518.972000   1.179382
518.973000   1.187454
518.974000   1.194065
518.975000   1.198827
518.976000   1.201535
518.977000   1.202197
518.978000   1.201041
518.979000   1.198447
518.980000   1.194805
518.981000   1.190405
518.982000   1.185465
518.983000   1.180232
518.984000   1.175045
518.985000   1.170341
518.986000   1.166626
518.987000   1.164446
518.988000   1.164318
518.989000   1.166640
518.990000   1.171584
518.991000   1.179084
518.992000   1.188924
518.993000   1.200807
518.994000   1.214381
518.995000   1.229231
518.996000   1.244878
518.997000   1.260791
518.998000   1.276390
518.999000   1.291025
519.000000   1.303940
519.001000   1.314324
519.001000   1.314324
519.002000   1.321422
519.003000   1.324672
519.004000   1.323795
519.005000   1.318842
519.006000   1.310194
519.007000   1.298509
519.008000   1.284602
519.009000   1.269257
519.010000   1.253078
519.011000   1.236483
519.012000   1.219817
519.013000   1.203457
519.014000   1.187862
519.015000   1.173572
519.016000   1.161174
519.017000   1.151248
519.018000   1.144267
519.019000   1.140494
519.020000   1.139918
519.021000   1.142303
519.022000   1.147279
519.023000   1.154430
519.024000   1.163354
519.025000   1.173686
519.026000   1.185090
519.027000   1.197199
519.028000   1.209538
519.029000   1.221501
519.030000   1.232418
519.031000   1.241649
519.032000   1.248658
519.033000   1.253065
519.034000   1.254696
519.035000   1.253596
519.036000   1.249999
519.037000   1.244260
519.038000   1.236765
519.039000   1.227896
519.040000   1.218051
519.041000   1.207656
519.042000   1.197156
519.043000   1.186981
519.044000   1.177530
519.045000   1.169169
519.046000   1.162213
519.047000   1.156873
519.048000   1.153217
519.049000   1.151190
519.050000   1.150703
519.051000   1.151674
519.052000   1.154005
519.053000   1.157532
519.054000   1.162039
519.055000   1.167303
519.056000   1.173127
519.057000   1.179297
519.058000   1.185529
519.059000   1.191480
519.060000   1.196778
519.061000   1.201043
519.062000   1.203898
519.063000   1.204979
519.064000   1.203978
519.065000   1.200682
519.066000   1.194985
519.067000   1.186865
519.068000   1.176365
519.069000   1.163627
519.070000   1.148948
519.071000   1.132798
519.072000   1.115802
519.073000   1.098711
519.074000   1.082343
519.075000   1.067512
519.076000   1.054919
519.077000   1.045047
519.078000   1.038130
519.079000   1.034220
519.080000   1.033275
519.081000   1.035200
519.082000   1.039871
519.083000   1.047151
519.084000   1.056887
519.085000   1.068865
519.086000   1.082693
519.087000   1.097697
519.088000   1.112956
519.089000   1.127455
519.090000   1.140246
519.091000   1.150565
519.092000   1.157914
519.093000   1.162105
519.094000   1.163255
519.095000   1.161701
519.096000   1.157861
519.097000   1.152156
519.098000   1.145024
519.099000   1.136929
519.100000   1.128334
519.101000   1.119711
519.102000   1.111572
519.103000   1.104461
519.104000   1.098885
519.105000   1.095214
519.106000   1.093590
519.107000   1.093942
519.108000   1.096115
519.109000   1.099955
519.110000   1.105271
519.111000   1.111751
519.112000   1.119018
519.113000   1.126760
519.114000   1.134747
519.115000   1.142697
519.116000   1.150158
519.117000   1.156580
519.118000   1.161504
519.119000   1.164694
519.120000   1.166117
519.121000   1.165820
519.122000   1.163843
519.123000   1.160260
519.124000   1.155196
519.125000   1.148770
519.126000   1.141072
519.127000   1.132226
519.128000   1.122454
519.129000   1.112101
519.130000   1.101617
519.131000   1.091494
519.132000   1.082156
519.133000   1.073862
519.134000   1.066688
519.135000   1.060550
519.136000   1.055272
519.137000   1.050704
519.138000   1.046802
519.139000   1.043672
519.140000   1.041563
519.141000   1.040836
519.142000   1.041837
519.143000   1.044701
519.144000   1.049253
519.145000   1.055094
519.146000   1.061787
519.147000   1.068984
519.148000   1.076459
519.149000   1.084099
519.150000   1.091892
519.151000   1.099927
519.152000   1.108336
519.153000   1.117172
519.154000   1.126284
519.155000   1.135309
519.156000   1.143811
519.157000   1.151413
519.158000   1.157881
519.159000   1.163166
519.160000   1.167441
519.161000   1.171111
519.162000   1.174741
519.163000   1.178838
519.164000   1.183577
519.165000   1.188759
519.166000   1.194022
519.167000   1.199062
519.168000   1.203725
519.169000   1.208016
519.170000   1.212075
519.171000   1.216158
519.172000   1.220547
519.173000   1.225376
519.174000   1.230476
519.175000   1.235390
519.176000   1.239564
519.177000   1.242493
519.178000   1.243776
519.179000   1.243122
519.180000   1.240369
519.181000   1.235506
519.182000   1.228679
519.183000   1.220119
519.184000   1.210040
519.185000   1.198590
519.186000   1.185874
519.187000   1.172019
519.188000   1.157244
519.189000   1.141903
519.190000   1.126486
519.191000   1.111591
519.192000   1.097830
519.193000   1.085699
519.194000   1.075529
519.195000   1.067551
519.196000   1.061950
519.197000   1.058855
519.198000   1.058363
519.199000   1.060590
519.200000   1.065668
519.201000   1.073680
519.202000   1.084542
519.203000   1.097898
519.204000   1.113143
519.205000   1.129566
519.206000   1.146462
519.207000   1.163152
519.208000   1.178957
519.209000   1.193255
519.210000   1.205581
519.211000   1.215646
519.212000   1.223244
519.213000   1.228167
519.214000   1.230268
519.215000   1.229620
519.216000   1.226601
519.217000   1.221865
519.218000   1.216203
519.219000   1.210337
519.220000   1.204814
519.221000   1.200028
519.222000   1.196245
519.223000   1.193571
519.224000   1.191979
519.225000   1.191381
519.226000   1.191689
519.227000   1.192837
519.228000   1.194805
519.229000   1.197563
519.230000   1.200960
519.231000   1.204598
519.232000   1.207807
519.233000   1.209736
519.234000   1.209549
519.235000   1.206630
519.236000   1.200687
519.237000   1.191807
519.238000   1.180463
519.239000   1.167442
519.240000   1.153627
519.241000   1.139674
519.242000   1.125854
519.243000   1.112169
519.244000   1.098588
519.245000   1.085180
519.246000   1.072135
519.247000   1.059759
519.248000   1.048474
519.249000   1.038824
519.250000   1.031372
519.251000   1.026468
519.252000   1.024064
519.253000   1.023793
519.254000   1.025174
519.255000   1.027738
519.256000   1.031068
519.257000   1.034827
519.258000   1.038803
519.259000   1.042946
519.260000   1.047335
519.261000   1.051972
519.262000   1.056499
519.263000   1.060162
519.264000   1.062089
519.265000   1.061597
519.266000   1.058345
519.267000   1.052370
519.268000   1.044079
519.269000   1.034209
519.270000   1.023708
519.271000   1.013503
519.272000   1.004214
519.273000   0.996084
519.274000   0.989160
519.275000   0.983485
519.276000   0.979149
519.277000   0.976279
519.278000   0.975042
519.279000   0.975665
519.280000   0.978417
519.281000   0.983456
519.282000   0.990564
519.283000   0.999067
519.284000   1.008046
519.285000   1.016609
519.286000   1.024054
519.287000   1.029936
519.288000   1.034107
519.289000   1.036714
519.290000   1.038071
519.291000   1.038424
519.292000   1.037795
519.293000   1.036080
519.294000   1.033262
519.295000   1.029523
519.296000   1.025210
519.297000   1.020762
519.298000   1.016642
519.299000   1.013293
519.300000   1.011104
519.301000   1.010348
519.302000   1.011078
519.303000   1.013050
519.304000   1.015805
519.305000   1.018827
519.306000   1.021660
519.307000   1.023985
519.308000   1.025674
519.309000   1.026826
519.310000   1.027699
519.311000   1.028522
519.312000   1.029279
519.313000   1.029693
519.314000   1.029459
519.315000   1.028470
519.316000   1.026849
519.317000   1.024881
519.318000   1.022927
519.319000   1.021332
519.320000   1.020386
519.321000   1.020312
519.322000   1.021270
519.323000   1.023307
519.324000   1.026330
519.325000   1.030154
519.326000   1.034559
519.327000   1.039301
519.328000   1.044134
519.329000   1.048842
519.330000   1.053294
519.331000   1.057526
519.332000   1.061776
519.333000   1.066347
519.334000   1.071361
519.335000   1.076753
519.336000   1.082471
519.337000   1.088595
519.338000   1.095287
519.339000   1.102687
519.340000   1.110853
519.341000   1.119784
519.342000   1.129481
519.343000   1.139956
519.344000   1.151088
519.345000   1.162490
519.346000   1.173615
519.347000   1.183972
519.348000   1.193180
519.349000   1.200908
519.350000   1.206819
519.351000   1.210582
519.352000   1.211967
519.353000   1.210936
519.354000   1.207607
519.355000   1.202094
519.356000   1.194455
519.357000   1.184827
519.358000   1.173505
519.359000   1.160895
519.360000   1.147435
519.361000   1.133549
519.362000   1.119672
519.363000   1.106284
519.364000   1.093905
519.365000   1.082989
519.366000   1.073802
519.367000   1.066423
519.368000   1.060851
519.369000   1.057039
519.370000   1.054875
519.371000   1.054200
519.372000   1.054855
519.373000   1.056749
519.374000   1.059869
519.375000   1.064209
519.376000   1.069654
519.377000   1.075964
519.378000   1.082822
519.379000   1.089875
519.380000   1.096773
519.381000   1.103239
519.382000   1.109116
519.383000   1.114403
519.384000   1.119249
519.385000   1.123901
519.386000   1.128595
519.387000   1.133438
519.388000   1.138404
519.389000   1.143433
519.390000   1.148529
519.391000   1.153775
519.392000   1.159323
519.393000   1.165367
519.394000   1.172133
519.395000   1.179865
519.396000   1.188781
519.397000   1.198996
519.398000   1.210450
519.399000   1.222914
519.400000   1.236055
519.401000   1.249502
519.402000   1.262901
519.403000   1.275924
519.404000   1.288278
519.405000   1.299664
519.406000   1.309733
519.407000   1.318063
519.408000   1.324214
519.409000   1.327795
519.410000   1.328469
519.411000   1.325949
519.412000   1.320078
519.413000   1.310936
519.414000   1.298865
519.415000   1.284403
519.416000   1.268189
519.417000   1.250881
519.418000   1.233114
519.419000   1.215489
519.420000   1.198552
519.421000   1.182749
519.422000   1.168372
519.423000   1.155566
519.424000   1.144401
519.425000   1.134908
519.426000   1.127042
519.427000   1.120646
519.428000   1.115482
519.429000   1.111326
519.430000   1.108069
519.431000   1.105765
519.432000   1.104586
519.433000   1.104668
519.434000   1.106017
519.435000   1.108561
519.436000   1.112203
519.437000   1.116820
519.438000   1.122277
519.439000   1.128438
519.440000   1.135194
519.441000   1.142498
519.442000   1.150383
519.443000   1.158912
519.444000   1.168031
519.445000   1.177443
519.446000   1.186650
519.447000   1.195101
519.448000   1.202323
519.449000   1.208008
519.450000   1.212066
519.451000   1.214681
519.452000   1.216312
519.453000   1.217552
519.454000   1.218783
519.455000   1.219943
519.456000   1.220722
519.457000   1.220877
519.458000   1.220359
519.459000   1.219283
519.460000   1.217871
519.461000   1.216389
519.462000   1.215107
519.463000   1.214235
519.464000   1.213839
519.465000   1.213767
519.466000   1.213703
519.467000   1.213316
519.468000   1.212372
519.469000   1.210747
519.470000   1.208411
519.471000   1.205404
519.472000   1.201821
519.473000   1.197793
519.474000   1.193471
519.475000   1.189004
519.476000   1.184444
519.477000   1.179701
519.478000   1.174666
519.479000   1.169369
519.480000   1.164010
519.481000   1.158903
519.482000   1.154402
519.483000   1.150839
519.484000   1.148493
519.485000   1.147601
519.486000   1.148342
519.487000   1.150780
519.488000   1.154848
519.489000   1.160417
519.490000   1.167350
519.491000   1.175499
519.492000   1.184672
519.493000   1.194603
519.494000   1.204955
