516.836000   1.448351
516.837000   1.439988
516.838000   1.429255
516.839000   1.416936
516.840000   1.403732
516.841000   1.390206
516.842000   1.376866
516.843000   1.364212
516.844000   1.352694
516.845000   1.342669
516.846000   1.334393
516.847000   1.328065
516.848000   1.323851
516.849000   1.321815
516.850000   1.321771
516.851000   1.323231
516.852000   1.325552
516.853000   1.328107
516.854000   1.330382
516.855000   1.332037
516.856000   1.332965
516.857000   1.333338
516.858000   1.333545
516.859000   1.333903
516.860000   1.334314
516.861000   1.334306
516.862000   1.333346
516.863000   1.331036
516.864000   1.327147
516.865000   1.321612
516.866000   1.314514
516.867000   1.306088
516.868000   1.296650
516.869000   1.286465
516.870000   1.275637
516.871000   1.264176
516.872000   1.252105
516.873000   1.239512
516.874000   1.226555
516.875000   1.213490
516.876000   1.200694
516.877000   1.188676
516.878000   1.178003
516.879000   1.169098
516.880000   1.162035
516.881000   1.156605
516.882000   1.152525
516.883000   1.149565
516.884000   1.147587
516.885000   1.146574
516.886000   1.146655
516.887000   1.148084
516.888000   1.151046
516.889000   1.155342
516.890000   1.160377
516.891000   1.165479
516.892000   1.170160
516.893000   1.174179
516.894000   1.177550
516.895000   1.180524
516.896000   1.183549
516.897000   1.187131
516.898000   1.191605
516.899000   1.197006
516.900000   1.203172
516.901000   1.209909
516.902000   1.217067
516.903000   1.224541
516.904000   1.232266
516.905000   1.240223
516.906000   1.248440
516.907000   1.256956
516.908000   1.265709
516.909000   1.274444
516.910000   1.282756
516.911000   1.290225
516.912000   1.296526
516.913000   1.301511
516.914000   1.305253
516.915000   1.308065
516.916000   1.310469
516.917000   1.313002
516.918000   1.315936
516.919000   1.319206
516.920000   1.322613
516.921000   1.326003
516.922000   1.329321
516.923000   1.332625
516.924000   1.336091
516.925000   1.340016
516.926000   1.344756
516.927000   1.350570
516.928000   1.357484
516.929000   1.365364
516.930000   1.374042
516.931000   1.383318
516.932000   1.392915
516.933000   1.402502
516.934000   1.411776
516.935000   1.420523
516.936000   1.428586
516.937000   1.435757
516.938000   1.441741
516.939000   1.446263
516.940000   1.449114
516.941000   1.450106
516.942000   1.449033
516.943000   1.445753
516.944000   1.440299
516.945000   1.432925
516.946000   1.423985
516.947000   1.413772
516.948000   1.402498
516.949000   1.390421
516.950000   1.377904
516.951000   1.365365
516.952000   1.353181
516.953000   1.341674
516.954000   1.331158
516.955000   1.321929
516.956000   1.314130
516.957000   1.307702
516.958000   1.302514
516.959000   1.298519
516.960000   1.295777
516.961000   1.294398
516.962000   1.294460
516.963000   1.295962
516.964000   1.298852
516.965000   1.303019
516.966000   1.308210
516.967000   1.314026
516.968000   1.320054
516.969000   1.325972
516.970000   1.331578
516.971000   1.336783
516.972000   1.341616
516.973000   1.346200
516.974000   1.350660
516.975000   1.354998
516.976000   1.358999
516.977000   1.362332
516.978000   1.364711
516.979000   1.365995
516.980000   1.366192
516.981000   1.365458
516.982000   1.364100
516.983000   1.362577
516.984000   1.361416
516.985000   1.360978
516.986000   1.361239
516.987000   1.361862
516.988000   1.362435
516.989000   1.362652
516.990000   1.362374
516.991000   1.361642
516.992000   1.360678
516.993000   1.359833
516.994000   1.359446
516.995000   1.359598
516.996000   1.360023
516.997000   1.360251
516.998000   1.359802
516.999000   1.358313
517.000000   1.355620
517.001000   1.351771
517.001000   1.351771
517.002000   1.346996
517.003000   1.341620
517.004000   1.335899
517.005000   1.329900
517.006000   1.323546
517.007000   1.316762
517.008000   1.309517
517.009000   1.301806
517.010000   1.293672
517.011000   1.285272
517.012000   1.276911
517.013000   1.268996
517.014000   1.261898
517.015000   1.255828
517.016000   1.250890
517.017000   1.247206
517.018000   1.244939
517.019000   1.244219
517.020000   1.245105
517.021000   1.247639
517.022000   1.251873
517.023000   1.257747
517.024000   1.264921
517.025000   1.272846
517.026000   1.280999
517.027000   1.289017
517.028000   1.296710
517.029000   1.304034
517.030000   1.311070
517.031000   1.318008
517.032000   1.325084
517.033000   1.332450
517.034000   1.340027
517.035000   1.347530
517.036000   1.354591
517.037000   1.360865
517.038000   1.366058
517.039000   1.369965
517.040000   1.372532
517.041000   1.373907
517.042000   1.374394
517.043000   1.374239
517.044000   1.373442
517.045000   1.371820
517.046000   1.369179
517.047000   1.365412
517.048000   1.360549
517.049000   1.354781
517.050000   1.348482
517.051000   1.342188
517.052000   1.336485
517.053000   1.331853
517.054000   1.328608
517.055000   1.326901
517.056000   1.326669
517.057000   1.327630
517.058000   1.329389
517.059000   1.331565
517.060000   1.333853
517.061000   1.336014
517.062000   1.337770
517.063000   1.338724
517.064000   1.338415
517.065000   1.336482
517.066000   1.332726
517.067000   1.327070
517.068000   1.319567
517.069000   1.310491
517.070000   1.300379
517.071000   1.289892
517.072000   1.279583
517.073000   1.269787
517.074000   1.260728
517.075000   1.252670
517.076000   1.245936
517.077000   1.240814
517.078000   1.237437
517.079000   1.235773
517.080000   1.235685
517.081000   1.236933
517.082000   1.239119
517.083000   1.241742
517.084000   1.244343
517.085000   1.246623
517.086000   1.248466
517.087000   1.249796
517.088000   1.250419
517.089000   1.250094
517.090000   1.248709
517.091000   1.246235
517.092000   1.242585
517.093000   1.237658
517.094000   1.231518
517.095000   1.224484
517.096000   1.217081
517.097000   1.209908
517.098000   1.203517
517.099000   1.198398
517.100000   1.194956
517.101000   1.193393
517.102000   1.193677
517.103000   1.195668
517.104000   1.199244
517.105000   1.204361
517.106000   1.211053
517.107000   1.219407
517.108000   1.229526
517.109000   1.241494
517.110000   1.255235
517.111000   1.270317
517.112000   1.285968
517.113000   1.301336
517.114000   1.315717
517.115000   1.328663
517.116000   1.340025
517.117000   1.349902
517.118000   1.358508
517.119000   1.365980
517.120000   1.372193
517.121000   1.376722
517.122000   1.379080
517.123000   1.378985
517.124000   1.376468
517.125000   1.371855
517.126000   1.365721
517.127000   1.358808
517.128000   1.351885
517.129000   1.345536
517.130000   1.339930
517.131000   1.334817
517.132000   1.329768
517.133000   1.324405
517.134000   1.318477
517.135000   1.311863
517.136000   1.304581
517.137000   1.296812
517.138000   1.288894
517.139000   1.281161
517.140000   1.273626
517.141000   1.265892
517.142000   1.257413
517.143000   1.247797
517.144000   1.236916
517.145000   1.224899
517.146000   1.212108
517.147000   1.199110
517.148000   1.186613
517.149000   1.175272
517.150000   1.165487
517.151000   1.157405
517.152000   1.151086
517.153000   1.146600
517.154000   1.144034
517.155000   1.143471
517.156000   1.144995
517.157000   1.148718
517.158000   1.154770
517.159000   1.163174
517.160000   1.173672
517.161000   1.185695
517.162000   1.198479
517.163000   1.211176
517.164000   1.222961
517.165000   1.233143
517.166000   1.241257
517.167000   1.247090
517.168000   1.250568
517.169000   1.251540
517.170000   1.249730
517.171000   1.244936
517.172000   1.237192
517.173000   1.226768
517.174000   1.214107
517.175000   1.199789
517.176000   1.184506
517.177000   1.169021
517.178000   1.154047
517.179000   1.140088
517.180000   1.127408
517.181000   1.116127
517.182000   1.106315
517.183000   1.097999
517.184000   1.091153
517.185000   1.085766
517.186000   1.081923
517.187000   1.079815
517.188000   1.079539
517.189000   1.080867
517.190000   1.083328
517.191000   1.086482
517.192000   1.090053
517.193000   1.093933
517.194000   1.098146
517.195000   1.102839
517.196000   1.108251
517.197000   1.114600
517.198000   1.121901
517.199000   1.129907
517.200000   1.138253
517.201000   1.146604
517.202000   1.154693
517.203000   1.162315
517.204000   1.169318
517.205000   1.175613
517.206000   1.181181
517.207000   1.186006
517.208000   1.189969
517.209000   1.192847
517.210000   1.194484
517.211000   1.194914
517.212000   1.194374
517.213000   1.193248
517.214000   1.192028
517.215000   1.191301
517.216000   1.191693
517.217000   1.193675
517.218000   1.197392
517.219000   1.202736
517.220000   1.209555
517.221000   1.217766
517.222000   1.227357
517.223000   1.238364
517.224000   1.250856
517.225000   1.264911
517.226000   1.280500
517.227000   1.297302
517.228000   1.314666
517.229000   1.331831
517.230000   1.348162
517.231000   1.363227
517.232000   1.376808
517.233000   1.388878
517.234000   1.399592
517.235000   1.409237
517.236000   1.418068
517.237000   1.426128
517.238000   1.433268
517.239000   1.439324
517.240000   1.444234
517.241000   1.448043
517.242000   1.450902
517.243000   1.453060
517.244000   1.454862
517.245000   1.456671
517.246000   1.458684
517.247000   1.460809
517.248000   1.462791
517.249000   1.464408
517.250000   1.465555
517.251000   1.466251
517.252000   1.466632
517.253000   1.466964
517.254000   1.467620
517.255000   1.468939
517.256000   1.470968
517.257000   1.473399
517.258000   1.475755
517.259000   1.477579
517.260000   1.478501
517.261000   1.478265
517.262000   1.476750
517.263000   1.473995
517.264000   1.470145
517.265000   1.465295
517.266000   1.459380
517.267000   1.452271
517.268000   1.443920
517.269000   1.434411
517.270000   1.423945
517.271000   1.412836
517.272000   1.401534
517.273000   1.390612
517.274000   1.380686
517.275000   1.372231
517.276000   1.365477
517.277000   1.360457
517.278000   1.357099
517.279000   1.355249
517.280000   1.354690
517.281000   1.355177
517.282000   1.356494
517.283000   1.358477
517.284000   1.360915
517.285000   1.363394
517.286000   1.365327
517.287000   1.366162
517.288000   1.365537
517.289000   1.363316
517.290000   1.359591
517.291000   1.354677
517.292000   1.349080
517.293000   1.343351
517.294000   1.337827
517.295000   1.332531
517.296000   1.327343
517.297000   1.322192
517.298000   1.317106
517.299000   1.312181
517.300000   1.307536
517.301000   1.303285
517.302000   1.299519
517.303000   1.296230
517.304000   1.293205
517.305000   1.290022
517.306000   1.286183
517.307000   1.281255
517.308000   1.274937
517.309000   1.267096
517.310000   1.257784
517.311000   1.247235
517.312000   1.235778
517.313000   1.223586
517.314000   1.210461
517.315000   1.196002
517.316000   1.179951
517.317000   1.162382
517.318000   1.143698
517.319000   1.124586
517.320000   1.105931
517.321000   1.088710
517.322000   1.073804
517.323000   1.061768
517.324000   1.052769
517.325000   1.046733
517.326000   1.043504
517.327000   1.042911
517.328000   1.044796
517.329000   1.049043
517.330000   1.055604
517.331000   1.064480
517.332000   1.075566
517.333000   1.088426
517.334000   1.102311
517.335000   1.116391
517.336000   1.129933
517.337000   1.142375
517.338000   1.153349
517.339000   1.162733
517.340000   1.170657
517.341000   1.177406
517.342000   1.183168
517.343000   1.187882
517.344000   1.191400
517.345000   1.193707
517.346000   1.194979
517.347000   1.195529
517.348000   1.195743
517.349000   1.196052
517.350000   1.196871
517.351000   1.198471
517.352000   1.200829
517.353000   1.203686
517.354000   1.206774
517.355000   1.209941
517.356000   1.213155
517.357000   1.216437
517.358000   1.219850
517.359000   1.223528
517.360000   1.227696
517.361000   1.232523
517.362000   1.237960
517.363000   1.243788
517.364000   1.249808
517.365000   1.255932
517.366000   1.262176
517.367000   1.268650
517.368000   1.275550
517.369000   1.283141
517.370000   1.291601
517.371000   1.300771
517.372000   1.310114
517.373000   1.319012
517.374000   1.327024
517.375000   1.333971
517.376000   1.339924
517.377000   1.345183
517.378000   1.350225
517.379000   1.355611
517.380000   1.361808
517.381000   1.369017
517.382000   1.377215
517.383000   1.386307
517.384000   1.396212
517.385000   1.406850
517.386000   1.418124
517.387000   1.429923
517.388000   1.442144
517.389000   1.454666
517.390000   1.467208
517.391000   1.479197
517.392000   1.489862
517.393000   1.498468
517.394000   1.504468
517.395000   1.507574
517.396000   1.507798
517.397000   1.505480
517.398000   1.501267
517.399000   1.495929
517.400000   1.490049
517.401000   1.483895
517.402000   1.477595
517.403000   1.471278
517.404000   1.465076
517.405000   1.459121
517.406000   1.453590
517.407000   1.448734
517.408000   1.444848
517.409000   1.442144
517.410000   1.440623
517.411000   1.440109
517.412000   1.440424
517.413000   1.441463
517.414000   1.443150
517.415000   1.445361
517.416000   1.447945
517.417000   1.450846
517.418000   1.454170
517.419000   1.458008
517.420000   1.462145
517.421000   1.466080
517.422000   1.469287
517.423000   1.471397
517.424000   1.472254
517.425000   1.471915
517.426000   1.470619
517.427000   1.468748
517.428000   1.466739
517.429000   1.464910
517.430000   1.463365
517.431000   1.462123
517.432000   1.461275
517.433000   1.461017
517.434000   1.461612
517.435000   1.463373
517.436000   1.466656
517.437000   1.471821
517.438000   1.479082
517.439000   1.488262
517.440000   1.498700
517.441000   1.509450
517.442000   1.519526
517.443000   1.528020
517.444000   1.534172
517.445000   1.537436
517.446000   1.537567
517.447000   1.534656
517.448000   1.528999
517.449000   1.520841
517.450000   1.510283
517.451000   1.497423
517.452000   1.482523
517.453000   1.466046
517.454000   1.448592
517.455000   1.430795
517.456000   1.413250
517.457000   1.396443
517.458000   1.380655
517.459000   1.365938
517.460000   1.352252
517.461000   1.339573
517.462000   1.327838
517.463000   1.316918
517.464000   1.306713
517.465000   1.297250
517.466000   1.288719
517.467000   1.281407
517.468000   1.275492
517.469000   1.270911
517.470000   1.267492
517.471000   1.265138
517.472000   1.263833
517.473000   1.263557
517.474000   1.264263
517.475000   1.265965
517.476000   1.268755
517.477000   1.272663
517.478000   1.277466
517.479000   1.282743
517.480000   1.288102
517.481000   1.293297
517.482000   1.298222
517.483000   1.302834
517.484000   1.307111
517.485000   1.311078
517.486000   1.314829
517.487000   1.318418
517.488000   1.321735
517.489000   1.324573
517.490000   1.326771
517.491000   1.328253
517.492000   1.329023
517.493000   1.329165
517.494000   1.328864
517.495000   1.328392
517.496000   1.327963
517.497000   1.327521
517.498000   1.326740
517.499000   1.325240
517.500000   1.322759
517.501000   1.319198
517.501000   1.319198
517.502000   1.314613
517.503000   1.309220
517.504000   1.303408
517.505000   1.297689
517.506000   1.292539
517.507000   1.288245
517.508000   1.284923
517.509000   1.282614
517.510000   1.281288
517.511000   1.280845
517.512000   1.281184
517.513000   1.282289
517.514000   1.284256
517.515000   1.287185
517.516000   1.291011
517.517000   1.295470
517.518000   1.300274
517.519000   1.305250
517.520000   1.310379
517.521000   1.315749
517.522000   1.321521
517.523000   1.327927
517.524000   1.335252
517.525000   1.343685
517.526000   1.353160
517.527000   1.363400
517.528000   1.374067
517.529000   1.384856
517.530000   1.395511
517.531000   1.405845
517.532000   1.415749
517.533000   1.425174
517.534000   1.434045
517.535000   1.442150
517.536000   1.449085
517.537000   1.454345
517.538000   1.457475
517.539000   1.458164
517.540000   1.456305
517.541000   1.452027
517.542000   1.445746
517.543000   1.438159
517.544000   1.430091
517.545000   1.422165
517.546000   1.414588
517.547000   1.407276
517.548000   1.400111
517.549000   1.393116
517.550000   1.386501
517.551000   1.380640
517.552000   1.376023
517.553000   1.373164
517.554000   1.372465
517.555000   1.374096
517.556000   1.378029
517.557000   1.384112
517.558000   1.392055
517.559000   1.401426
517.560000   1.411767
517.561000   1.422708
517.562000   1.433998
517.563000   1.445433
517.564000   1.456706
517.565000   1.467294
517.566000   1.476559
517.567000   1.483996
517.568000   1.489394
517.569000   1.492815
517.570000   1.494422
517.571000   1.494392
517.572000   1.493014
517.573000   1.490713
517.574000   1.487893
517.575000   1.484817
517.576000   1.481692
517.577000   1.478777
517.578000   1.476435
517.579000   1.475136
517.580000   1.475398
517.581000   1.477612
517.582000   1.481870
517.583000   1.487939
517.584000   1.495278
517.585000   1.503109
517.586000   1.510605
517.587000   1.517047
517.588000   1.521883
517.589000   1.524782
517.590000   1.525673
517.591000   1.524742
517.592000   1.522281
517.593000   1.518408
517.594000   1.512946
517.595000   1.505624
517.596000   1.496359
517.597000   1.485345
517.598000   1.472998
517.599000   1.459874
517.600000   1.446607
517.601000   1.433856
517.602000   1.422215
517.603000   1.412051
517.604000   1.403420
517.605000   1.396150
517.606000   1.390004
517.607000   1.384825
517.608000   1.380590
517.609000   1.377409
517.610000   1.375496
517.611000   1.375142
517.612000   1.376626
517.613000   1.380061
517.614000   1.385347
517.615000   1.392239
517.616000   1.400381
517.617000   1.409321
517.618000   1.418577
517.619000   1.427711
517.620000   1.436369
517.621000   1.444229
517.622000   1.450863
517.623000   1.455629
517.624000   1.457810
517.625000   1.456897
517.626000   1.452798
517.627000   1.445852
517.628000   1.436682
517.629000   1.426021
517.630000   1.414645
517.631000   1.403354
517.632000   1.392841
517.633000   1.383535
517.634000   1.375610
517.635000   1.369088
517.636000   1.363928
517.637000   1.360100
517.638000   1.357642
517.639000   1.356674
517.640000   1.357308
517.641000   1.359475
517.642000   1.362849
517.643000   1.366944
517.644000   1.371321
517.645000   1.375713
517.646000   1.380039
517.647000   1.384370
517.648000   1.388924
517.649000   1.394068
517.650000   1.400295
517.651000   1.408073
517.652000   1.417594
517.653000   1.428637
517.654000   1.440691
517.655000   1.453194
517.656000   1.465669
517.657000   1.477766
517.658000   1.489269
517.659000   1.500116
517.660000   1.510390
517.661000   1.520231
517.662000   1.529781
517.663000   1.539163
517.664000   1.548361
517.665000   1.557172
517.666000   1.565409
517.667000   1.573082
517.668000   1.580402
517.669000   1.587645
517.670000   1.594959
517.671000   1.602239
517.672000   1.609218
517.673000   1.615634
517.674000   1.621213
517.675000   1.625489
517.676000   1.627840
517.677000   1.627732
517.678000   1.624855
517.679000   1.619108
517.680000   1.610493
517.681000   1.599049
517.682000   1.584908
517.683000   1.568416
517.684000   1.550161
517.685000   1.530792
517.686000   1.510765
517.687000   1.490348
517.688000   1.469806
517.689000   1.449454
517.690000   1.429546
517.691000   1.410245
517.692000   1.391743
517.693000   1.374368
517.694000   1.358629
517.695000   1.345126
517.696000   1.334353
517.697000   1.326525
517.698000   1.321656
517.699000   1.319674
517.700000   1.320382
517.701000   1.323403
517.702000   1.328243
517.703000   1.334382
517.704000   1.341348
517.705000   1.348785
517.706000   1.356476
517.707000   1.364229
517.708000   1.371726
517.709000   1.378441
517.710000   1.383685
517.711000   1.386781
517.712000   1.387274
517.713000   1.385028
517.714000   1.380249
517.715000   1.373473
517.716000   1.365522
517.717000   1.357326
517.718000   1.349633
517.719000   1.342779
517.720000   1.336771
517.721000   1.331490
517.722000   1.326812
517.723000   1.322604
517.724000   1.318714
517.725000   1.315000
517.726000   1.311387
517.727000   1.307886
517.728000   1.304427
517.729000   1.300588
517.730000   1.295547
517.731000   1.288400
517.732000   1.278473
517.733000   1.265475
517.734000   1.249522
517.735000   1.231128
517.736000   1.211152
517.737000   1.190644
517.738000   1.170554
517.739000   1.151484
517.740000   1.133728
517.741000   1.117433
517.742000   1.102754
517.743000   1.089952
517.744000   1.079397
517.745000   1.071509
517.746000   1.066688
517.747000   1.065220
517.748000   1.067193
517.749000   1.072487
517.750000   1.080846
517.751000   1.091890
517.752000   1.105059
517.753000   1.119647
517.754000   1.134951
517.755000   1.150413
517.756000   1.165648
517.757000   1.180312
517.758000   1.193876
517.759000   1.205587
517.760000   1.214725
517.761000   1.220856
517.762000   1.223901
517.763000   1.224046
517.764000   1.221656
517.765000   1.217247
517.766000   1.211442
517.767000   1.204835
517.768000   1.197864
517.769000   1.190828
517.770000   1.183976
517.771000   1.177562
517.772000   1.171876
517.773000   1.167230
517.774000   1.163917
517.775000   1.162142
517.776000   1.161964
517.777000   1.163254
517.778000   1.165676
517.779000   1.168798
517.780000   1.172255
517.781000   1.175840
517.782000   1.179533
517.783000   1.183508
517.784000   1.188114
517.785000   1.193808
517.786000   1.200971
517.787000   1.209716
517.788000   1.219891
517.789000   1.231255
517.790000   1.243615
517.791000   1.256850
517.792000   1.270879
517.793000   1.285619
517.794000   1.300976
517.795000   1.316808
517.796000   1.332860
517.797000   1.348695
517.798000   1.363720
517.799000   1.377305
517.800000   1.388918
517.801000   1.398227
517.802000   1.405150
517.803000   1.409853
517.804000   1.412710
517.805000   1.414179
517.806000   1.414630
517.807000   1.414244
517.808000   1.413090
517.809000   1.411246
517.810000   1.408845
517.811000   1.406071
517.812000   1.403158
517.813000   1.400368
517.814000   1.397912
517.815000   1.395820
517.816000   1.393825
517.817000   1.391433
517.818000   1.388128
517.819000   1.383535
517.820000   1.377479
517.821000   1.370001
517.822000   1.361336
517.823000   1.351891
517.824000   1.342163
517.825000   1.332621
517.826000   1.323608
517.827000   1.315363
517.828000   1.308106
517.829000   1.302081
517.830000   1.297541
517.831000   1.294709
517.832000   1.293746
517.833000   1.294718
517.834000   1.297550
517.835000   1.301978
517.836000   1.307559
517.837000   1.313737
517.838000   1.319919
517.839000   1.325542
517.840000   1.330170
517.841000   1.333573
517.842000   1.335769
517.843000   1.337003
517.844000   1.337618
517.845000   1.337874
517.846000   1.337910
517.847000   1.337832
517.848000   1.337742
517.849000   1.337660
517.850000   1.337529
517.851000   1.337304
517.852000   1.337010
517.853000   1.336671
517.854000   1.336174
517.855000   1.335216
517.856000   1.333433
517.857000   1.330572
517.858000   1.326574
517.859000   1.321538
517.860000   1.315588
517.861000   1.308795
517.862000   1.301256
517.863000   1.293144
517.864000   1.284609
517.865000   1.275677
517.866000   1.266310
517.867000   1.256514
517.868000   1.246410
517.869000   1.236261
517.870000   1.226438
517.871000   1.217342
517.872000   1.209321
517.873000   1.202612
517.874000   1.197316
517.875000   1.193467
517.876000   1.191130
517.877000   1.190423
517.878000   1.191490
517.879000   1.194512
517.880000   1.199735
517.881000   1.207505
517.882000   1.218175
517.883000   1.231861
517.884000   1.248265
517.885000   1.266765
517.886000   1.286624
517.887000   1.307131
517.888000   1.327659
517.889000   1.347710
517.890000   1.366949
517.891000   1.385199
517.892000   1.402344
517.893000   1.418205
517.894000   1.432575
517.895000   1.445354
517.896000   1.456563
517.897000   1.466267
517.898000   1.474580
517.899000   1.481734
517.900000   1.488096
517.901000   1.494052
517.902000   1.499795
517.903000   1.505165
517.904000   1.509723
517.905000   1.512971
517.906000   1.514525
517.907000   1.514190
517.908000   1.511962
517.909000   1.508008
517.910000   1.502643
517.911000   1.496288
517.912000   1.489327
517.913000   1.481997
517.914000   1.474438
517.915000   1.466797
517.916000   1.459292
517.917000   1.452229
517.918000   1.446013
517.919000   1.441141
517.920000   1.438118
517.921000   1.437257
517.922000   1.438450
517.923000   1.441178
517.924000   1.444758
517.925000   1.448570
517.926000   1.452150
517.927000   1.455216
517.928000   1.457654
517.929000   1.459513
517.930000   1.460949
517.931000   1.462104
517.932000   1.462990
517.933000   1.463488
517.934000   1.463453
517.935000   1.462796
517.936000   1.461545
517.937000   1.459886
517.938000   1.458162
517.939000   1.456818
517.940000   1.456253
517.941000   1.456634
517.942000   1.457835
517.943000   1.459596
517.944000   1.461676
517.945000   1.463877
517.946000   1.465996
517.947000   1.467841
517.948000   1.469287
517.949000   1.470291
517.950000   1.470779
517.951000   1.470515
517.952000   1.469153
517.953000   1.466439
517.954000   1.462333
517.955000   1.456997
517.956000   1.450680
517.957000   1.443617
517.958000   1.435992
517.959000   1.427877
517.960000   1.419160
517.961000   1.409640
517.962000   1.399229
517.963000   1.388056
517.964000   1.376452
517.965000   1.364876
517.966000   1.353829
517.967000   1.343753
517.968000   1.334933
517.969000   1.327426
517.970000   1.321038
517.971000   1.315462
517.972000   1.310448
517.973000   1.305878
517.974000   1.301750
517.975000   1.298147
517.976000   1.295216
517.977000   1.293135
517.978000   1.292009
517.979000   1.291727
517.980000   1.291948
517.981000   1.292278
517.982000   1.292433
517.983000   1.292280
517.984000   1.291805
517.985000   1.291077
517.986000   1.290232
517.987000   1.289472
517.988000   1.289006
517.989000   1.288923
517.990000   1.289130
517.991000   1.289408
517.992000   1.289482
517.993000   1.289066
517.994000   1.287909
517.995000   1.285857
517.996000   1.282905
517.997000   1.279170
517.998000   1.274749
517.999000   1.269612
518.000000   1.263691
518.001000   1.257020
518.001000   1.257020
518.002000   1.249742
518.003000   1.242038
518.004000   1.234132
518.005000   1.226349
518.006000   1.219146
518.007000   1.213057
518.008000   1.208530
518.009000   1.205789
518.010000   1.204842
518.011000   1.205574
518.012000   1.207789
518.013000   1.211194
518.014000   1.215413
518.015000   1.220060
518.016000   1.224837
518.017000   1.229527
518.018000   1.233855
518.019000   1.237418
518.020000   1.239834
518.021000   1.240915
518.022000   1.240743
518.023000   1.239630
518.024000   1.238048
518.025000   1.236581
518.026000   1.235884
518.027000   1.236578
518.028000   1.239054
518.029000   1.243413
518.030000   1.249584
518.031000   1.257444
518.032000   1.266853
518.033000   1.277672
518.034000   1.289756
518.035000   1.302940
518.036000   1.316979
518.037000   1.331406
518.038000   1.345425
518.039000   1.358033
518.040000   1.368282
518.041000   1.375490
518.042000   1.379330
518.043000   1.379863
518.044000   1.377545
518.045000   1.373156
518.046000   1.367584
518.047000   1.361494
518.048000   1.355171
518.049000   1.348683
518.050000   1.342088
518.051000   1.335529
518.052000   1.329247
518.053000   1.323580
518.054000   1.318949
518.055000   1.315825
518.056000   1.314614
518.057000   1.315506
518.058000   1.318453
518.059000   1.323311
518.060000   1.329944
518.061000   1.338231
518.062000   1.348039
518.063000   1.359271
518.064000   1.371938
518.065000   1.386163
518.066000   1.401954
518.067000   1.418902
518.068000   1.436211
518.069000   1.453013
518.070000   1.468578
518.071000   1.482372
518.072000   1.494053
518.073000   1.503461
518.074000   1.510606
518.075000   1.515592
518.076000   1.518487
518.077000   1.519256
518.078000   1.517867
518.079000   1.514429
518.080000   1.509215
518.081000   1.502632
518.082000   1.495166
518.083000   1.487342
518.084000   1.479673
518.085000   1.472537
518.086000   1.465970
518.087000   1.459580
518.088000   1.452740
518.089000   1.444848
518.090000   1.435484
518.091000   1.424475
518.092000   1.411926
518.093000   1.398216
518.094000   1.383954
518.095000   1.369811
518.096000   1.356340
518.097000   1.343939
518.098000   1.332968
518.099000   1.323820
518.100000   1.316909
518.101000   1.312631
518.102000   1.311318
518.103000   1.313206
518.104000   1.318367
518.105000   1.326617
518.106000   1.337480
518.107000   1.350328
518.108000   1.364542
518.109000   1.379548
518.110000   1.394798
518.111000   1.409787
518.112000   1.424120
518.113000   1.437581
518.114000   1.450088
518.115000   1.461547
518.116000   1.471793
518.117000   1.480692
518.118000   1.488249
518.119000   1.494602
518.120000   1.499970
518.121000   1.504604
518.122000   1.508754
518.123000   1.512606
518.124000   1.516151
518.125000   1.519112
518.126000   1.521078
518.127000   1.521702
518.128000   1.520794
518.129000   1.518315
518.130000   1.514352
518.131000   1.509115
518.132000   1.502937
518.133000   1.496213
518.134000   1.489239
518.135000   1.482163
518.136000   1.475097
518.137000   1.468225
518.138000   1.461780
518.139000   1.455959
518.140000   1.450875
518.141000   1.446559
518.142000   1.442968
518.143000   1.439919
518.144000   1.437005
518.145000   1.433683
518.146000   1.429448
518.147000   1.423941
518.148000   1.416982
518.149000   1.408567
518.150000   1.398898
518.151000   1.388390
518.152000   1.377600
518.153000   1.367013
518.154000   1.356859
518.155000   1.347171
518.156000   1.337968
518.157000   1.329333
518.158000   1.321418
518.159000   1.314431
518.160000   1.308639
518.161000   1.304322
518.162000   1.301687
518.163000   1.300750
518.164000   1.301348
518.165000   1.303272
518.166000   1.306365
518.167000   1.310534
518.168000   1.315733
518.169000   1.321969
518.170000   1.329327
518.171000   1.337970
518.172000   1.348021
518.173000   1.359350
518.174000   1.371475
518.175000   1.383696
518.176000   1.395267
518.177000   1.405510
518.178000   1.413885
518.179000   1.420059
518.180000   1.423935
518.181000   1.425633
518.182000   1.425369
518.183000   1.423340
518.184000   1.419710
518.185000   1.414677
518.186000   1.408511
518.187000   1.401550
518.188000   1.394209
518.189000   1.386974
518.190000   1.380386
518.191000   1.374942
518.192000   1.370920
518.193000   1.368225
518.194000   1.366458
518.195000   1.365108
518.196000   1.363704
518.197000   1.361891
518.198000   1.359479
518.199000   1.356473
518.200000   1.353041
518.201000   1.349406
518.202000   1.345672
518.203000   1.341783
518.204000   1.337661
518.205000   1.333336
518.206000   1.328973
518.207000   1.324854
518.208000   1.321361
518.209000   1.318942
518.210000   1.318014
518.211000   1.318809
518.212000   1.321239
518.213000   1.324951
518.214000   1.329503
518.215000   1.334497
518.216000   1.339637
518.217000   1.344732
518.218000   1.349714
518.219000   1.354648
518.220000   1.359700
518.221000   1.365019
518.222000   1.370615
518.223000   1.376386
518.224000   1.382247
518.225000   1.388232
518.226000   1.394525
518.227000   1.401433
518.228000   1.409336
518.229000   1.418572
518.230000   1.429284
518.231000   1.441285
518.232000   1.454101
518.233000   1.467156
518.234000   1.479930
518.235000   1.492034
518.236000   1.503241
518.237000   1.513496
518.238000   1.522908
518.239000   1.531681
518.240000   1.539975
518.241000   1.547780
518.242000   1.554949
518.243000   1.561328
518.244000   1.566842
518.245000   1.571514
518.246000   1.575437
518.247000   1.578745
518.248000   1.581569
518.249000   1.583931
518.250000   1.585635
518.251000   1.586314
518.252000   1.585615
518.253000   1.583342
518.254000   1.579473
518.255000   1.574132
518.256000   1.567562
518.257000   1.560111
518.258000   1.552199
518.259000   1.544204
518.260000   1.536343
518.261000   1.528677
518.262000   1.521207
518.263000   1.513923
518.264000   1.506810
518.265000   1.499844
518.266000   1.493006
518.267000   1.486294
518.268000   1.479657
518.269000   1.472853
518.270000   1.465419
518.271000   1.456833
518.272000   1.446710
518.273000   1.434898
518.274000   1.421492
518.275000   1.406825
518.276000   1.391456
518.277000   1.376087
518.278000   1.361377
518.279000   1.347747
518.280000   1.335363
518.281000   1.324265
518.282000   1.314463
518.283000   1.305953
518.284000   1.298722
518.285000   1.292766
518.286000   1.288102
518.287000   1.284737
518.288000   1.282592
518.289000   1.281451
518.290000   1.281005
518.291000   1.280919
518.292000   1.280886
518.293000   1.280662
518.294000   1.280139
518.295000   1.279426
518.296000   1.278863
518.297000   1.278896
518.298000   1.279797
518.299000   1.281501
518.300000   1.283691
518.301000   1.285995
518.302000   1.288111
518.303000   1.289869
518.304000   1.291264
518.305000   1.292453
518.306000   1.293685
518.307000   1.295140
518.308000   1.296819
518.309000   1.298622
518.310000   1.300511
518.311000   1.302593
518.312000   1.305122
518.313000   1.308462
518.314000   1.313031
518.315000   1.319215
518.316000   1.327231
518.317000   1.336946
518.318000   1.347812
518.319000   1.358999
518.320000   1.369586
518.321000   1.378725
518.322000   1.385740
518.323000   1.390207
518.324000   1.391986
518.325000   1.391186
518.326000   1.388011
518.327000   1.382592
518.328000   1.375000
518.329000   1.365405
518.330000   1.354197
518.331000   1.342000
518.332000   1.329639
518.333000   1.318061
518.334000   1.308227
518.335000   1.300932
518.336000   1.296607
518.337000   1.295252
518.338000   1.296572
518.339000   1.300159
518.340000   1.305598
518.341000   1.312514
518.342000   1.320591
518.343000   1.329581
518.344000   1.339284
518.345000   1.349461
518.346000   1.359721
518.347000   1.369536
518.348000   1.378367
518.349000   1.385797
518.350000   1.391608
518.351000   1.395815
518.352000   1.398657
518.353000   1.400513
518.354000   1.401756
518.355000   1.402590
518.356000   1.403053
518.357000   1.403193
518.358000   1.403188
518.359000   1.403331
518.360000   1.403931
518.361000   1.405236
518.362000   1.407421
518.363000   1.410584
518.364000   1.414691
518.365000   1.419496
518.366000   1.424573
518.367000   1.429461
518.368000   1.433794
518.369000   1.437352
518.370000   1.440043
518.371000   1.441866
518.372000   1.442862
518.373000   1.443000
518.374000   1.442032
518.375000   1.439487
518.376000   1.434878
518.377000   1.427902
518.378000   1.418508
518.379000   1.406881
518.380000   1.393407
518.381000   1.378627
518.382000   1.363147
518.383000   1.347486
518.384000   1.331965
518.385000   1.316757
518.386000   1.302015
518.387000   1.287911
518.388000   1.274614
518.389000   1.262270
518.390000   1.251001
518.391000   1.240918
518.392000   1.232090
518.393000   1.224488
518.394000   1.217971
518.395000   1.212353
518.396000   1.207461
518.397000   1.203154
518.398000   1.199329
518.399000   1.195959
518.400000   1.193135
518.401000   1.191068
518.402000   1.189974
518.403000   1.189899
518.404000   1.190685
518.405000   1.192093
518.406000   1.193907
518.407000   1.195955
518.408000   1.198114
518.409000   1.200339
518.410000   1.202689
518.411000   1.205287
518.412000   1.208191
518.413000   1.211329
518.414000   1.214585
518.415000   1.217923
518.416000   1.221422
518.417000   1.225239
518.418000   1.229576
518.419000   1.234668
518.420000   1.240780
518.421000   1.248134
518.422000   1.256733
518.423000   1.266259
518.424000   1.276182
518.425000   1.285939
518.426000   1.295037
518.427000   1.303103
518.428000   1.309903
518.429000   1.315348
518.430000   1.319465
518.431000   1.322274
518.432000   1.323666
518.433000   1.323445
518.434000   1.321486
518.435000   1.317847
518.436000   1.312783
518.437000   1.306718
518.438000   1.300218
518.439000   1.293954
518.440000   1.288575
518.441000   1.284498
518.442000   1.281755
518.443000   1.280066
518.444000   1.279060
518.445000   1.278437
518.446000   1.278041
518.447000   1.277887
518.448000   1.278159
518.449000   1.279171
518.450000   1.281232
518.451000   1.284449
518.452000   1.288674
518.453000   1.293611
518.454000   1.298944
518.455000   1.304439
518.456000   1.310009
518.457000   1.315737
518.458000   1.321828
518.459000   1.328479
518.460000   1.335693
518.461000   1.343179
518.462000   1.350449
518.463000   1.356998
518.464000   1.362387
518.465000   1.366272
518.466000   1.368450
518.467000   1.368912
518.468000   1.367852
518.469000   1.365601
518.470000   1.362508
518.471000   1.358857
518.472000   1.354898
518.473000   1.350905
518.474000   1.347167
518.475000   1.343964
518.476000   1.341571
518.477000   1.340275
518.478000   1.340304
518.479000   1.341653
518.480000   1.343961
518.481000   1.346624
518.482000   1.349045
518.483000   1.350811
518.484000   1.351736
518.485000   1.351818
518.486000   1.351211
518.487000   1.350196
518.488000   1.349098
518.489000   1.348144
518.490000   1.347420
518.491000   1.346988
518.492000   1.346965
518.493000   1.347530
518.494000   1.348878
518.495000   1.351186
518.496000   1.354567
518.497000   1.359010
518.498000   1.364290
518.499000   1.369942
518.500000   1.375363
518.501000   1.379966
518.501000   1.379966
518.502000   1.383280
518.503000   1.384995
518.504000   1.384988
518.505000   1.383351
518.506000   1.380398
518.507000   1.376589
518.508000   1.372352
518.509000   1.367945
518.510000   1.363489
518.511000   1.359070
518.512000   1.354802
518.513000   1.350852
518.514000   1.347450
518.515000   1.344867
518.516000   1.343335
518.517000   1.342875
518.518000   1.343173
518.519000   1.343677
518.520000   1.343810
518.521000   1.343118
518.522000   1.341315
518.523000   1.338297
518.524000   1.334154
518.525000   1.329158
518.526000   1.323696
518.527000   1.318131
518.528000   1.312703
518.529000   1.307574
518.530000   1.302892
518.531000   1.298807
518.532000   1.295455
518.533000   1.292962
518.534000   1.291457
518.535000   1.291074
518.536000   1.291879
518.537000   1.293752
518.538000   1.296362
518.539000   1.299274
518.540000   1.302067
518.541000   1.304407
518.542000   1.306096
518.543000   1.307108
518.544000   1.307622
518.545000   1.307983
518.546000   1.308510
518.547000   1.309305
518.548000   1.310247
518.549000   1.311137
518.550000   1.311795
518.551000   1.312098
518.552000   1.312011
518.553000   1.311599
518.554000   1.310998
518.555000   1.310314
518.556000   1.309504
518.557000   1.308370
518.558000   1.306683
518.559000   1.304265
518.560000   1.300978
518.561000   1.296697
518.562000   1.291339
518.563000   1.284954
518.564000   1.277756
518.565000   1.270018
518.566000   1.261908
518.567000   1.253469
518.568000   1.244731
518.569000   1.235807
518.570000   1.226903
518.571000   1.218282
518.572000   1.210242
518.573000   1.203107
518.574000   1.197188
518.575000   1.192661
518.576000   1.189506
518.577000   1.187566
518.578000   1.186660
518.579000   1.186638
518.580000   1.187417
518.581000   1.188992
518.582000   1.191446
518.583000   1.194913
518.584000   1.199463
518.585000   1.204965
518.586000   1.211090
518.587000   1.217464
518.588000   1.223807
518.589000   1.229997
518.590000   1.236061
518.591000   1.242149
518.592000   1.248466
518.593000   1.255192
518.594000   1.262395
518.595000   1.269995
518.596000   1.277824
518.597000   1.285697
518.598000   1.293471
518.599000   1.301071
518.600000   1.308514
518.601000   1.315919
518.602000   1.323456
518.603000   1.331196
518.604000   1.338923
518.605000   1.346101
518.606000   1.352077
518.607000   1.356325
518.608000   1.358582
518.609000   1.358902
518.610000   1.357639
518.611000   1.355368
518.612000   1.352723
518.613000   1.350191
518.614000   1.348012
518.615000   1.346262
518.616000   1.345011
518.617000   1.344405
518.618000   1.344678
518.619000   1.346129
518.620000   1.349081
518.621000   1.353824
518.622000   1.360502
518.623000   1.368973
518.624000   1.378761
518.625000   1.389190
518.626000   1.399570
518.627000   1.409333
518.628000   1.418089
518.629000   1.425664
518.630000   1.432107
518.631000   1.437636
518.632000   1.442470
518.633000   1.446650
518.634000   1.450036
518.635000   1.452468
518.636000   1.453907
518.637000   1.454487
518.638000   1.454479
518.639000   1.454216
518.640000   1.454007
518.641000   1.454043
518.642000   1.454351
518.643000   1.454829
518.644000   1.455334
518.645000   1.455698
518.646000   1.455737
518.647000   1.455289
518.648000   1.454275
518.649000   1.452730
518.650000   1.450803
518.651000   1.448676
518.652000   1.446452
518.653000   1.444109
518.654000   1.441532
518.655000   1.438553
518.656000   1.434996
518.657000   1.430732
518.658000   1.425722
518.659000   1.420009
518.660000   1.413633
518.661000   1.406517
518.662000   1.398497
518.663000   1.389467
518.664000   1.379493
518.665000   1.368803
518.666000   1.357739
518.667000   1.346731
518.668000   1.336270
518.669000   1.326845
518.670000   1.318853
518.671000   1.312521
518.672000   1.307925
518.673000   1.305045
518.674000   1.303785
518.675000   1.303948
518.676000   1.305222
518.677000   1.307221
518.678000   1.309554
518.679000   1.311873
518.680000   1.313829
518.681000   1.315054
518.682000   1.315230
518.683000   1.314181
518.684000   1.311894
518.685000   1.308486
518.686000   1.304178
518.687000   1.299311
518.688000   1.294353
518.689000   1.289779
518.690000   1.285900
518.691000   1.282830
518.692000   1.280573
518.693000   1.279097
518.694000   1.278356
518.695000   1.278294
518.696000   1.278841
518.697000   1.279891
518.698000   1.281249
518.699000   1.282583
518.700000   1.283457
518.701000   1.283453
518.702000   1.282278
518.703000   1.279802
518.704000   1.276072
518.705000   1.271313
518.706000   1.265903
518.707000   1.260277
518.708000   1.254759
518.709000   1.249423
518.710000   1.244133
518.711000   1.238701
518.712000   1.233024
518.713000   1.227140
518.714000   1.221238
518.715000   1.215638
518.716000   1.210736
518.717000   1.206880
518.718000   1.204227
518.719000   1.202690
518.720000   1.202029
518.721000   1.201986
518.722000   1.202387
518.723000   1.203201
518.724000   1.204568
518.725000   1.206777
518.726000   1.210163
518.727000   1.214925
518.728000   1.220983
518.729000   1.228024
518.730000   1.235665
518.731000   1.243576
518.732000   1.251544
518.733000   1.259503
518.734000   1.267528
518.735000   1.275786
518.736000   1.284401
518.737000   1.293314
518.738000   1.302255
518.739000   1.310846
518.740000   1.318735
518.741000   1.325674
518.742000   1.331544
518.743000   1.336356
518.744000   1.340225
518.745000   1.343283
518.746000   1.345518
518.747000   1.346669
518.748000   1.346331
518.749000   1.344163
518.750000   1.340051
518.751000   1.334167
518.752000   1.326945
518.753000   1.318990
518.754000   1.310938
518.755000   1.303298
518.756000   1.296337
518.757000   1.290072
518.758000   1.284388
518.759000   1.279168
518.760000   1.274362
518.761000   1.270015
518.762000   1.266268
518.763000   1.263333
518.764000   1.261405
518.765000   1.260521
518.766000   1.260462
518.767000   1.260837
518.768000   1.261277
518.769000   1.261583
518.770000   1.261763
518.771000   1.262008
518.772000   1.262643
518.773000   1.264064
518.774000   1.266632
518.775000   1.270561
518.776000   1.275885
518.777000   1.282547
518.778000   1.290466
518.779000   1.299562
518.780000   1.309764
518.781000   1.321029
518.782000   1.333341
518.783000   1.346640
518.784000   1.360723
518.785000   1.375177
518.786000   1.389446
518.787000   1.402969
518.788000   1.415279
518.789000   1.426053
518.790000   1.435119
518.791000   1.442443
518.792000   1.448110
518.793000   1.452300
518.794000   1.455222
518.795000   1.457049
518.796000   1.457910
518.797000   1.457947
518.798000   1.457349
518.799000   1.456361
518.800000   1.455277
518.801000   1.454424
518.802000   1.454108
518.803000   1.454496
518.804000   1.455522
518.805000   1.456933
518.806000   1.458447
518.807000   1.459869
518.808000   1.461118
518.809000   1.462197
518.810000   1.463182
518.811000   1.464213
518.812000   1.465493
518.813000   1.467238
518.814000   1.469583
518.815000   1.472488
518.816000   1.475722
518.817000   1.478913
518.818000   1.481619
518.819000   1.483393
518.820000   1.483859
518.821000   1.482768
518.822000   1.480025
518.823000   1.475625
518.824000   1.469552
518.825000   1.461741
518.826000   1.452165
518.827000   1.440919
518.828000   1.428256
518.829000   1.414613
518.830000   1.400616
518.831000   1.387064
518.832000   1.374821
518.833000   1.364645
518.834000   1.357017
518.835000   1.352120
518.836000   1.349919
518.837000   1.350221
518.838000   1.352686
518.839000   1.356849
518.840000   1.362190
518.841000   1.368205
518.842000   1.374427
518.843000   1.380363
518.844000   1.385463
518.845000   1.389186
518.846000   1.391124
518.847000   1.391083
518.848000   1.389105
518.849000   1.385445
518.850000   1.380528
518.851000   1.374906
518.852000   1.369147
518.853000   1.363671
518.854000   1.358636
518.855000   1.353974
518.856000   1.349511
518.857000   1.345080
518.858000   1.340588
518.859000   1.336013
518.860000   1.331368
518.861000   1.326659
518.862000   1.321870
518.863000   1.316969
518.864000   1.311945
518.865000   1.306864
518.866000   1.301912
518.867000   1.297386
518.868000   1.293657
518.869000   1.291100
518.870000   1.289997
518.871000   1.290432
518.872000   1.292212
518.873000   1.294852
518.874000   1.297677
518.875000   1.299973
518.876000   1.301121
518.877000   1.300665
518.878000   1.298340
518.879000   1.294079
518.880000   1.287996
518.881000   1.280322
518.882000   1.271332
518.883000   1.261308
518.884000   1.250573
518.885000   1.239531
518.886000   1.228645
518.887000   1.218388
518.888000   1.209209
518.889000   1.201514
518.890000   1.195647
518.891000   1.191838
518.892000   1.190131
518.893000   1.190363
518.894000   1.192229
518.895000   1.195361
518.896000   1.199384
518.897000   1.203943
518.898000   1.208726
518.899000   1.213499
518.900000   1.218111
518.901000   1.222436
518.902000   1.226280
518.903000   1.229349
518.904000   1.231347
518.905000   1.232097
518.906000   1.231613
518.907000   1.230093
518.908000   1.227885
518.909000   1.225410
518.910000   1.223095
518.911000   1.221290
518.912000   1.220246
518.913000   1.220113
518.914000   1.220963
518.915000   1.222790
518.916000   1.225543
518.917000   1.229150
518.918000   1.233535
518.919000   1.238601
518.920000   1.244188
518.921000   1.250035
518.922000   1.255794
518.923000   1.261107
518.924000   1.265655
518.925000   1.269193
518.926000   1.271574
518.927000   1.272784
518.928000   1.272954
518.929000   1.272280
518.930000   1.270928
518.931000   1.268989
518.932000   1.266545
518.933000   1.263748
518.934000   1.260830
518.935000   1.258043
518.936000   1.255582
518.937000   1.253560
518.938000   1.252033
518.939000   1.250984
518.940000   1.250271
518.941000   1.249612
518.942000   1.248670
518.943000   1.247171
518.944000   1.245007
518.945000   1.242243
518.946000   1.239051
518.947000   1.235621
518.948000   1.232108
518.949000   1.228598
518.950000   1.225087
518.951000   1.221506
518.952000   1.217786
518.953000   1.213909
518.954000   1.209934
518.955000   1.206003
518.956000   1.202335
518.957000   1.199208
518.958000   1.196886
518.959000   1.195522
518.960000   1.195103
518.961000   1.195475
518.962000   1.196412
518.963000   1.197648
518.964000   1.198902
518.965000   1.199910
518.966000   1.200462
518.967000   1.200440
518.968000   1.199802
518.969000   1.198533
518.970000   1.196596
518.971000   1.193925
518.972000   1.190456
518.973000   1.186168
518.974000   1.181118
518.975000   1.175465
518.976000   1.169447
518.977000   1.163328
518.978000   1.157327
518.979000   1.151598
518.980000   1.146261
518.981000   1.141419
518.982000   1.137114
518.983000   1.133277
518.984000   1.129765
518.985000   1.126443
518.986000   1.123226
518.987000   1.120070
518.988000   1.116939
518.989000   1.113795
518.990000   1.110623
518.991000   1.107466
518.992000   1.104440
518.993000   1.101705
518.994000   1.099428
518.995000   1.097749
518.996000   1.096768
518.997000   1.096503
518.998000   1.096853
518.999000   1.097634
519.000000   1.098685
519.001000   1.099975
519.001000   1.099975
519.002000   1.101659
519.003000   1.104072
519.004000   1.107669
519.005000   1.112912
519.006000   1.120134
519.007000   1.129453
519.008000   1.140776
519.009000   1.153864
519.010000   1.168410
519.011000   1.184108
519.012000   1.200690
519.013000   1.217945
519.014000   1.235709
519.015000   1.253805
519.016000   1.271959
519.017000   1.289724
519.018000   1.306493
519.019000   1.321614
519.020000   1.334545
519.021000   1.344976
519.022000   1.352879
519.023000   1.358509
519.024000   1.362337
519.025000   1.364956
519.026000   1.366947
519.027000   1.368790
519.028000   1.370846
519.029000   1.373411
519.030000   1.376755
519.031000   1.381149
519.032000   1.386843
519.033000   1.394027
519.034000   1.402771
519.035000   1.412947
519.036000   1.424187
519.037000   1.435922
519.038000   1.447510
519.039000   1.458370
519.040000   1.468063
519.041000   1.476314
519.042000   1.483003
519.043000   1.488119
519.044000   1.491703
519.045000   1.493795
519.046000   1.494404
519.047000   1.493539
519.048000   1.491248
519.049000   1.487637
519.050000   1.482860
519.051000   1.477098
519.052000   1.470549
519.053000   1.463402
519.054000   1.455806
519.055000   1.447838
519.056000   1.439500
519.057000   1.430767
519.058000   1.421636
519.059000   1.412171
519.060000   1.402530
519.061000   1.392973
519.062000   1.383852
519.063000   1.375569
519.064000   1.368517
519.065000   1.363037
519.066000   1.359399
519.067000   1.357791
519.068000   1.358298
519.069000   1.360927
519.070000   1.365643
519.071000   1.372375
519.072000   1.380974
519.073000   1.391160
519.074000   1.402486
519.075000   1.414386
519.076000   1.426283
519.077000   1.437673
519.078000   1.448186
519.079000   1.457579
519.080000   1.465716
519.081000   1.472541
519.082000   1.478098
519.083000   1.482535
519.084000   1.486078
519.085000   1.489018
519.086000   1.491688
519.087000   1.494423
519.088000   1.497523
519.089000   1.501231
519.090000   1.505720
519.091000   1.511082
519.092000   1.517320
519.093000   1.524335
519.094000   1.531924
519.095000   1.539795
519.096000   1.547587
519.097000   1.554902
519.098000   1.561368
519.099000   1.566705
519.100000   1.570795
519.101000   1.573680
519.102000   1.575474
519.103000   1.576207
519.104000   1.575744
519.105000   1.573825
519.106000   1.570196
519.107000   1.564729
519.108000   1.557470
519.109000   1.548648
519.110000   1.538620
519.111000   1.527788
519.112000   1.516499
519.113000   1.504998
519.114000   1.493431
519.115000   1.481879
519.116000   1.470406
519.117000   1.459105
519.118000   1.448136
519.119000   1.437716
519.120000   1.428063
519.121000   1.419288
519.122000   1.411337
519.123000   1.404020
519.124000   1.397116
519.125000   1.390456
519.126000   1.383917
519.127000   1.377389
519.128000   1.370789
519.129000   1.364097
519.130000   1.357352
519.131000   1.350621
519.132000   1.343987
519.133000   1.337569
519.134000   1.331537
519.135000   1.326107
519.136000   1.321517
519.137000   1.318005
519.138000   1.315773
519.139000   1.314943
519.140000   1.315474
519.141000   1.317123
519.142000   1.319480
519.143000   1.322076
519.144000   1.324503
519.145000   1.326492
519.146000   1.327924
519.147000   1.328809
519.148000   1.329214
519.149000   1.329199
519.150000   1.328756
519.151000   1.327828
519.152000   1.326377
519.153000   1.324447
519.154000   1.322192
519.155000   1.319840
519.156000   1.317630
519.157000   1.315738
519.158000   1.314194
519.159000   1.312829
519.160000   1.311292
519.161000   1.309153
519.162000   1.306028
519.163000   1.301669
519.164000   1.295988
519.165000   1.289037
519.166000   1.280976
519.167000   1.272030
519.168000   1.262456
519.169000   1.252521
519.170000   1.242505
519.171000   1.232733
519.172000   1.223605
519.173000   1.215596
519.174000   1.209215
519.175000   1.204956
519.176000   1.203232
519.177000   1.204312
519.178000   1.208254
519.179000   1.214889
519.180000   1.223874
519.181000   1.234779
519.182000   1.247170
519.183000   1.260651
519.184000   1.274885
519.185000   1.289621
519.186000   1.304702
519.187000   1.320044
519.188000   1.335597
519.189000   1.351328
519.190000   1.367217
519.191000   1.383234
519.192000   1.399317
519.193000   1.415351
519.194000   1.431173
519.195000   1.446575
519.196000   1.461312
519.197000   1.475113
519.198000   1.487723
519.199000   1.498937
519.200000   1.508606
519.201000   1.516600
519.202000   1.522804
519.203000   1.527175
519.204000   1.529823
519.205000   1.531043
519.206000   1.531275
519.207000   1.531003
519.208000   1.530645
519.209000   1.530516
519.210000   1.530836
519.211000   1.531766
519.212000   1.533427
519.213000   1.535920
519.214000   1.539341
519.215000   1.543759
519.216000   1.549162
519.217000   1.555399
519.218000   1.562212
519.219000   1.569331
519.220000   1.576561
519.221000   1.583802
519.222000   1.591005
519.223000   1.598144
519.224000   1.605213
519.225000   1.612237
519.226000   1.619227
519.227000   1.626135
519.228000   1.632848
519.229000   1.639229
519.230000   1.645159
519.231000   1.650572
519.232000   1.655447
519.233000   1.659798
519.234000   1.663631
519.235000   1.666900
519.236000   1.669459
519.237000   1.671040
519.238000   1.671300
519.239000   1.669910
519.240000   1.666643
519.241000   1.661435
519.242000   1.654425
519.243000   1.645941
519.244000   1.636414
519.245000   1.626209
519.246000   1.615499
519.247000   1.604299
519.248000   1.592614
519.249000   1.580558
519.250000   1.568382
519.251000   1.556440
519.252000   1.545139
519.253000   1.534870
519.254000   1.525939
519.255000   1.518488
519.256000   1.512450
519.257000   1.507564
519.258000   1.503437
519.259000   1.499646
519.260000   1.495794
519.261000   1.491552
519.262000   1.486669
519.263000   1.480994
519.264000   1.474462
519.265000   1.467053
519.266000   1.458741
519.267000   1.449472
519.268000   1.439199
519.269000   1.427966
519.270000   1.415982
519.271000   1.403635
519.272000   1.391447
519.273000   1.379996
519.274000   1.369823
519.275000   1.361365
519.276000   1.354924
519.277000   1.350677
519.278000   1.348654
519.279000   1.348706
519.280000   1.350545
519.281000   1.353815
519.282000   1.358144
519.283000   1.363161
519.284000   1.368485
519.285000   1.373725
519.286000   1.378512
519.287000   1.382543
519.288000   1.385570
519.289000   1.387365
519.290000   1.387729
519.291000   1.386592
519.292000   1.384084
519.293000   1.380488
519.294000   1.376120
519.295000   1.371237
519.296000   1.366021
519.297000   1.360616
519.298000   1.355161
519.299000   1.349779
519.300000   1.344546
519.301000   1.339461
519.302000   1.334458
519.303000   1.329408
519.304000   1.324120
519.305000   1.318361
519.306000   1.311910
519.307000   1.304621
519.308000   1.296467
519.309000   1.287560
519.310000   1.278127
519.311000   1.268436
519.312000   1.258719
519.313000   1.249115
519.314000   1.239648
519.315000   1.230252
519.316000   1.220814
519.317000   1.211248
519.318000   1.201548
519.319000   1.191828
519.320000   1.182333
519.321000   1.173417
519.322000   1.165471
519.323000   1.158833
519.324000   1.153714
519.325000   1.150204
519.326000   1.148339
519.327000   1.148164
519.328000   1.149758
519.329000   1.153226
519.330000   1.158680
519.331000   1.166205
519.332000   1.175829
519.333000   1.187493
519.334000   1.201019
519.335000   1.216070
519.336000   1.232119
519.337000   1.248515
519.338000   1.264590
519.339000   1.279740
519.340000   1.293439
519.341000   1.305235
519.342000   1.314759
519.343000   1.321760
519.344000   1.326160
519.345000   1.328103
519.346000   1.327908
519.347000   1.325965
519.348000   1.322670
519.349000   1.318456
519.350000   1.313829
519.351000   1.309292
519.352000   1.305233
519.353000   1.301847
519.354000   1.299153
519.355000   1.297091
519.356000   1.295612
519.357000   1.294680
519.358000   1.294181
519.359000   1.293879
519.360000   1.293525
519.361000   1.292963
519.362000   1.292153
519.363000   1.291143
519.364000   1.290062
519.365000   1.289120
519.366000   1.288623
519.367000   1.288945
519.368000   1.290439
519.369000   1.293275
519.370000   1.297349
519.371000   1.302324
519.372000   1.307708
519.373000   1.312906
519.374000   1.317284
519.375000   1.320252
519.376000   1.321353
519.377000   1.320353
519.378000   1.317293
519.379000   1.312421
519.380000   1.306005
519.381000   1.298195
519.382000   1.289083
519.383000   1.278833
519.384000   1.267736
519.385000   1.256197
519.386000   1.244694
519.387000   1.233752
519.388000   1.223926
519.389000   1.215771
519.390000   1.209747
519.391000   1.206042
519.392000   1.204481
519.393000   1.204614
519.394000   1.205897
519.395000   1.207807
519.396000   1.209901
519.397000   1.211846
519.398000   1.213452
519.399000   1.214699
519.400000   1.215711
519.401000   1.216640
519.402000   1.217498
519.403000   1.218142
519.404000   1.218431
519.405000   1.218371
519.406000   1.218134
519.407000   1.218003
519.408000   1.218303
519.409000   1.219356
519.410000   1.221438
519.411000   1.224755
519.412000   1.229395
519.413000   1.235261
519.414000   1.242021
519.415000   1.249188
519.416000   1.256291
519.417000   1.262987
519.418000   1.269093
519.419000   1.274565
519.420000   1.279451
519.421000   1.283853
519.422000   1.287906
519.423000   1.291741
519.424000   1.295364
519.425000   1.298604
519.426000   1.301192
519.427000   1.302885
519.428000   1.303494
519.429000   1.302862
519.430000   1.300845
519.431000   1.297351
519.432000   1.292395
519.433000   1.286137
519.434000   1.278824
519.435000   1.270622
519.436000   1.261532
519.437000   1.251492
519.438000   1.240550
519.439000   1.228913
519.440000   1.216924
519.441000   1.205014
519.442000   1.193699
519.443000   1.183580
519.444000   1.175301
519.445000   1.169437
519.446000   1.166371
519.447000   1.166301
519.448000   1.169326
519.449000   1.175483
519.450000   1.184736
519.451000   1.196946
519.452000   1.211871
519.453000   1.229183
519.454000   1.248507
519.455000   1.269430
519.456000   1.291461
519.457000   1.313968
519.458000   1.336227
519.459000   1.357524
519.460000   1.377218
519.461000   1.394750
519.462000   1.409666
519.463000   1.421666
519.464000   1.430677
519.465000   1.436884
519.466000   1.440663
519.467000   1.442426
519.468000   1.442507
519.469000   1.441181
519.470000   1.438719
519.471000   1.435409
519.472000   1.431537
519.473000   1.427372
519.474000   1.423161
519.475000   1.419141
519.476000   1.415539
519.477000   1.412541
519.478000   1.410185
519.479000   1.408275
519.480000   1.406432
519.481000   1.404232
519.482000   1.401324
519.483000   1.397469
519.484000   1.392552
519.485000   1.386583
519.486000   1.379700
519.487000   1.372164
519.488000   1.364309
519.489000   1.356451
519.490000   1.348800
519.491000   1.341475
519.492000   1.334590
519.493000   1.328289
519.494000   1.322723
519.495000   1.318008
519.496000   1.314197
519.497000   1.311297
519.498000   1.309307
519.499000   1.308255
519.500000   1.308163
519.501000   1.308951
519.501000   1.308951
519.502000   1.310432
519.503000   1.312423
519.504000   1.314850
519.505000   1.317760
519.506000   1.321266
519.507000   1.325504
519.508000   1.330618
519.509000   1.336772
519.510000   1.344130
519.511000   1.352792
519.512000   1.362692
519.513000   1.373565
519.514000   1.385010
519.515000   1.396537
519.516000   1.407571
519.517000   1.417464
519.518000   1.425578
519.519000   1.431388
519.520000   1.434591
519.521000   1.435168
519.522000   1.433334
519.523000   1.429370
519.524000   1.423501
519.525000   1.415929
519.526000   1.406934
519.527000   1.396917
519.528000   1.386395
519.529000   1.375954
519.530000   1.366211
519.531000   1.357764
519.532000   1.351142
519.533000   1.346723
519.534000   1.344653
519.535000   1.344837
519.536000   1.347040
519.537000   1.351000
519.538000   1.356454
519.539000   1.363113
519.540000   1.370637
519.541000   1.378619
519.542000   1.386617
519.543000   1.394178
519.544000   1.400845
519.545000   1.406133
519.546000   1.409570
519.547000   1.410764
519.548000   1.409453
519.549000   1.405509
519.550000   1.398914
519.551000   1.389762
519.552000   1.378272
519.553000   1.364794
519.554000   1.349776
519.555000   1.333680
519.556000   1.316933
519.557000   1.299968
519.558000   1.283261
519.559000   1.267320
519.560000   1.252635
519.561000   1.239640
519.562000   1.228707
519.563000   1.220161
519.564000   1.214280
519.565000   1.211243
519.566000   1.211029
519.567000   1.213403
519.568000   1.217972
519.569000   1.224245
519.570000   1.231651
519.571000   1.239557
519.572000   1.247310
519.573000   1.254309
519.574000   1.260094
519.575000   1.264413
519.576000   1.267203
519.577000   1.268487
519.578000   1.268322
519.579000   1.266864
519.580000   1.264443
519.581000   1.261540
519.582000   1.258707
519.583000   1.256474
519.584000   1.255283
519.585000   1.255458
519.586000   1.257221
519.587000   1.260688
519.588000   1.265825
519.589000   1.272403
519.590000   1.280036
519.591000   1.288257
519.592000   1.296573
519.593000   1.304466
519.594000   1.311413
519.595000   1.316927
519.596000   1.320625
519.597000   1.322303
519.598000   1.321982
519.599000   1.319873
519.600000   1.316241
519.601000   1.311244
519.602000   1.304906
519.603000   1.297233
519.604000   1.288297
519.605000   1.278256
519.606000   1.267349
519.607000   1.255873
519.608000   1.244168
519.609000   1.232580
519.610000   1.221439
519.611000   1.211017
519.612000   1.201472
519.613000   1.192804
519.614000   1.184890
519.615000   1.177596
519.616000   1.170878
519.617000   1.164840
519.618000   1.159722
519.619000   1.155863
519.620000   1.153623
519.621000   1.153317
519.622000   1.155152
519.623000   1.159198
519.624000   1.165389
519.625000   1.173557
519.626000   1.183467
519.627000   1.194832
519.628000   1.207300
519.629000   1.220433
519.630000   1.233714
519.631000   1.246590
519.632000   1.258550
519.633000   1.269208
519.634000   1.278369
519.635000   1.286044
519.636000   1.292419
519.637000   1.297772
519.638000   1.302366
519.639000   1.306362
519.640000   1.309773
519.641000   1.312512
519.642000   1.314477
519.643000   1.315632
519.644000   1.316041
519.645000   1.315850
519.646000   1.315239
519.647000   1.314381
519.648000   1.313398
519.649000   1.312335
519.650000   1.311162
519.651000   1.309792
519.652000   1.308113
519.653000   1.306029
519.654000   1.303492
519.655000   1.300509
519.656000   1.297125
519.657000   1.293383
519.658000   1.289298
519.659000   1.284861
519.660000   1.280086
519.661000   1.275073
519.662000   1.270042
519.663000   1.265309
519.664000   1.261246
519.665000   1.258237
519.666000   1.256647
519.667000   1.256777
519.668000   1.258840
519.669000   1.262936
519.670000   1.269069
519.671000   1.277180
519.672000   1.287196
519.673000   1.299049
519.674000   1.312668
519.675000   1.327929
519.676000   1.344610
519.677000   1.362380
519.678000   1.380826
519.679000   1.399511
519.680000   1.418032
519.681000   1.436069
519.682000   1.453418
519.683000   1.469982
519.684000   1.485734
519.685000   1.500657
519.686000   1.514687
519.687000   1.527714
519.688000   1.539631
519.689000   1.550384
519.690000   1.559979
519.691000   1.568442
519.692000   1.575756
519.693000   1.581818
519.694000   1.586440
519.695000   1.589411
519.696000   1.590572
519.697000   1.589855
519.698000   1.587247
519.699000   1.582758
519.700000   1.576450
519.701000   1.568508
519.702000   1.559267
519.703000   1.549182
519.704000   1.538770
519.705000   1.528542
519.706000   1.518952
519.707000   1.510353
519.708000   1.502955
519.709000   1.496790
519.710000   1.491701
519.711000   1.487377
519.712000   1.483407
519.713000   1.479349
519.714000   1.474762
519.715000   1.469235
519.716000   1.462411
519.717000   1.454033
519.718000   1.443996
519.719000   1.432388
519.720000   1.419480
519.721000   1.405660
519.722000   1.391338
519.723000   1.376896
519.724000   1.362702
519.725000   1.349144
519.726000   1.336621
519.727000   1.325515
519.728000   1.316154
519.729000   1.308800
519.730000   1.303635
519.731000   1.300756
519.732000   1.300158
519.733000   1.301689
519.734000   1.305029
519.735000   1.309684
519.736000   1.315040
519.737000   1.320415
519.738000   1.325129
519.739000   1.328558
519.740000   1.330196
519.741000   1.329704
519.742000   1.326953
519.743000   1.322023
519.744000   1.315156
519.745000   1.306668
519.746000   1.296861
519.747000   1.285938
519.748000   1.273982
519.749000   1.260959
519.750000   1.246785
519.751000   1.231395
519.752000   1.214808
519.753000   1.197159
519.754000   1.178693
519.755000   1.159739
519.756000   1.140664
519.757000   1.121837
519.758000   1.103602
519.759000   1.086287
519.760000   1.070220
519.761000   1.055753
519.762000   1.043262
519.763000   1.033110
519.764000   1.025595
519.765000   1.020908
519.766000   1.019113
519.767000   1.020149
519.768000   1.023851
519.769000   1.029972
519.770000   1.038207
519.771000   1.048224
519.772000   1.059676
519.773000   1.072203
519.774000   1.085425
519.775000   1.098928
519.776000   1.112282
519.777000   1.125073
519.778000   1.136958
519.779000   1.147716
519.780000   1.157285
519.781000   1.165769
519.782000   1.173385
519.783000   1.180393
519.784000   1.187024
519.785000   1.193459
519.786000   1.199853
519.787000   1.206381
519.788000   1.213257
519.789000   1.220729
519.790000   1.229044
519.791000   1.238396
519.792000   1.248883
519.793000   1.260486
519.794000   1.273056
519.795000   1.286334
519.796000   1.299988
519.797000   1.313666
519.798000   1.327044
519.799000   1.339832
519.800000   1.351747
519.801000   1.362474
519.802000   1.371635
519.803000   1.378795
519.804000   1.383508
519.805000   1.385400
519.806000   1.384237
519.807000   1.379973
519.808000   1.372749
519.809000   1.362872
519.810000   1.350780
519.811000   1.337004
519.812000   1.322134
519.813000   1.306786
519.814000   1.291597
519.815000   1.277207
519.816000   1.264251
519.817000   1.253315
519.818000   1.244895
519.819000   1.239350
519.820000   1.236889
519.821000   1.237563
519.822000   1.241281
519.823000   1.247825
519.824000   1.256871
519.825000   1.268004
519.826000   1.280717
519.827000   1.294403
519.828000   1.308367
519.829000   1.321851
