536.737000   1.642949
536.738000   1.624537
536.739000   1.605702
536.740000   1.586781
536.741000   1.568235
536.742000   1.550558
536.743000   1.534149
536.744000   1.519223
536.745000   1.505862
536.746000   1.494110
536.747000   1.484010
536.748000   1.475624
536.749000   1.469073
536.750000   1.464586
536.751000   1.462476
536.752000   1.462990
536.753000   1.466103
536.754000   1.471447
536.755000   1.478464
536.756000   1.486592
536.757000   1.495358
536.758000   1.504387
536.759000   1.513391
536.760000   1.522155
536.761000   1.530490
536.762000   1.538114
536.763000   1.544570
536.764000   1.549333
536.765000   1.552010
536.766000   1.552489
536.767000   1.550976
536.768000   1.547970
536.769000   1.544168
536.770000   1.540287
536.771000   1.536830
536.772000   1.533886
536.773000   1.531152
536.774000   1.528175
536.775000   1.524561
536.776000   1.520071
536.777000   1.514611
536.778000   1.508210
536.779000   1.500999
536.780000   1.493179
536.781000   1.484931
536.782000   1.476276
536.783000   1.467042
536.784000   1.457003
536.785000   1.446043
536.786000   1.434231
536.787000   1.421830
536.788000   1.409256
536.789000   1.397015
536.790000   1.385569
536.791000   1.375117
536.792000   1.365492
536.793000   1.356326
536.794000   1.347300
536.795000   1.338268
536.796000   1.329283
536.797000   1.320599
536.798000   1.312640
536.799000   1.305932
536.800000   1.300961
536.801000   1.298029
536.802000   1.297214
536.803000   1.298440
536.804000   1.301526
536.805000   1.306211
536.806000   1.312197
536.807000   1.319204
536.808000   1.326992
536.809000   1.335313
536.810000   1.343811
536.811000   1.351982
536.812000   1.359313
536.813000   1.365452
536.814000   1.370249
536.815000   1.373710
536.816000   1.375974
536.817000   1.377351
536.818000   1.378330
536.819000   1.379471
536.820000   1.381227
536.821000   1.383871
536.822000   1.387587
536.823000   1.392546
536.824000   1.398897
536.825000   1.406716
536.826000   1.415985
536.827000   1.426624
536.828000   1.438512
536.829000   1.451420
536.830000   1.464964
536.831000   1.478677
536.832000   1.492150
536.833000   1.505109
536.834000   1.517439
536.835000   1.529185
536.836000   1.540557
536.837000   1.551907
536.838000   1.563630
536.839000   1.575983
536.840000   1.588964
536.841000   1.602362
536.842000   1.615859
536.843000   1.629089
536.844000   1.641680
536.845000   1.653320
536.846000   1.663815
536.847000   1.673087
536.848000   1.681077
536.849000   1.687631
536.850000   1.692516
536.851000   1.695534
536.852000   1.696586
536.853000   1.695699
536.854000   1.693038
536.855000   1.688924
536.856000   1.683844
536.857000   1.678384
536.858000   1.673043
536.859000   1.668053
536.860000   1.663375
536.861000   1.658824
536.862000   1.654168
536.863000   1.649195
536.864000   1.643768
536.865000   1.637870
536.866000   1.631589
536.867000   1.625019
536.868000   1.618116
536.869000   1.610683
536.870000   1.602521
536.871000   1.593571
536.872000   1.583987
536.873000   1.574137
536.874000   1.564562
536.875000   1.555900
536.876000   1.548749
536.877000   1.543486
536.878000   1.540122
536.879000   1.538357
536.880000   1.537771
536.881000   1.537986
536.882000   1.538741
536.883000   1.539908
536.884000   1.541472
536.885000   1.543488
536.886000   1.545985
536.887000   1.548825
536.888000   1.551630
536.889000   1.553891
536.890000   1.555157
536.891000   1.555163
536.892000   1.553864
536.893000   1.551419
536.894000   1.548143
536.895000   1.544422
536.896000   1.540544
536.897000   1.536529
536.898000   1.532145
536.899000   1.527110
536.900000   1.521259
536.901000   1.514580
536.902000   1.507194
536.903000   1.499322
536.904000   1.491259
536.905000   1.483323
536.906000   1.475720
536.907000   1.468413
536.908000   1.461153
536.909000   1.453670
536.910000   1.445803
536.911000   1.437517
536.912000   1.428876
536.913000   1.420043
536.914000   1.411270
536.915000   1.402771
536.916000   1.394510
536.917000   1.386147
536.918000   1.377271
536.919000   1.367642
536.920000   1.357247
536.921000   1.346244
536.922000   1.334865
536.923000   1.323371
536.924000   1.312066
536.925000   1.301255
536.926000   1.291156
536.927000   1.281888
536.928000   1.273570
536.929000   1.266389
536.930000   1.260586
536.931000   1.256394
536.932000   1.253978
536.933000   1.253402
536.934000   1.254611
536.935000   1.257344
536.936000   1.261046
536.937000   1.264979
536.938000   1.268441
536.939000   1.270913
536.940000   1.272103
536.941000   1.271969
536.942000   1.270727
536.943000   1.268831
536.944000   1.266845
536.945000   1.265174
536.946000   1.263900
536.947000   1.262914
536.948000   1.262107
536.949000   1.261438
536.950000   1.260933
536.951000   1.260699
536.952000   1.260960
536.953000   1.262034
536.954000   1.264216
536.955000   1.267621
536.956000   1.272157
536.957000   1.277641
536.958000   1.283876
536.959000   1.290694
536.960000   1.297984
536.961000   1.305742
536.962000   1.314118
536.963000   1.323400
536.964000   1.333837
536.965000   1.345382
536.966000   1.357665
536.967000   1.370197
536.968000   1.382541
536.969000   1.394370
536.970000   1.405523
536.971000   1.416051
536.972000   1.426234
536.973000   1.436445
536.974000   1.446887
536.975000   1.457500
536.976000   1.468121
536.977000   1.478649
536.978000   1.489080
536.979000   1.499481
536.980000   1.509975
536.981000   1.520769
536.982000   1.532158
536.983000   1.544392
536.984000   1.557445
536.985000   1.570903
536.986000   1.584083
536.987000   1.596206
536.988000   1.606526
536.989000   1.614448
536.990000   1.619630
536.991000   1.622058
536.992000   1.622007
536.993000   1.619822
536.994000   1.615709
536.995000   1.609772
536.996000   1.602200
536.997000   1.593367
536.998000   1.583826
536.999000   1.574280
537.000000   1.565556
537.001000   1.558540
537.001000   1.558540
537.002000   1.554016
537.003000   1.552420
537.004000   1.553717
537.005000   1.557502
537.006000   1.563172
537.007000   1.570043
537.008000   1.577453
537.009000   1.584848
537.010000   1.591850
537.011000   1.598265
537.012000   1.604027
537.013000   1.609065
537.014000   1.613267
537.015000   1.616576
537.016000   1.619065
537.017000   1.620939
537.018000   1.622544
537.019000   1.624377
537.020000   1.627030
537.021000   1.631026
537.022000   1.636573
537.023000   1.643444
537.024000   1.651153
537.025000   1.659232
537.026000   1.667340
537.027000   1.675191
537.028000   1.682458
537.029000   1.688807
537.030000   1.693999
537.031000   1.697918
537.032000   1.700476
537.033000   1.701569
537.034000   1.701158
537.035000   1.699380
537.036000   1.696532
537.037000   1.692970
537.038000   1.688953
537.039000   1.684535
537.040000   1.679540
537.041000   1.673548
537.042000   1.665884
537.043000   1.655767
537.044000   1.642581
537.045000   1.626040
537.046000   1.606215
537.047000   1.583502
537.048000   1.558570
537.049000   1.532277
537.050000   1.505542
537.051000   1.479207
537.052000   1.453945
537.053000   1.430309
537.054000   1.408790
537.055000   1.389757
537.056000   1.373383
537.057000   1.359633
537.058000   1.348344
537.059000   1.339303
537.060000   1.332230
537.061000   1.326656
537.062000   1.321875
537.063000   1.317107
537.064000   1.311683
537.065000   1.305139
537.066000   1.297239
537.067000   1.287992
537.068000   1.277683
537.069000   1.266865
537.070000   1.256198
537.071000   1.246159
537.072000   1.236918
537.073000   1.228452
537.074000   1.220689
537.075000   1.213572
537.076000   1.207092
537.077000   1.201332
537.078000   1.196498
537.079000   1.192896
537.080000   1.190815
537.081000   1.190397
537.082000   1.191586
537.083000   1.194191
537.084000   1.197947
537.085000   1.202594
537.086000   1.207957
537.087000   1.214024
537.088000   1.220974
537.089000   1.229100
537.090000   1.238532
537.091000   1.248985
537.092000   1.259824
537.093000   1.270313
537.094000   1.279801
537.095000   1.287813
537.096000   1.294100
537.097000   1.298667
537.098000   1.301723
537.099000   1.303557
537.100000   1.304384
537.101000   1.304358
537.102000   1.303663
537.103000   1.302558
537.104000   1.301342
537.105000   1.300314
537.106000   1.299765
537.107000   1.299986
537.108000   1.301238
537.109000   1.303636
537.110000   1.307023
537.111000   1.310997
537.112000   1.315097
537.113000   1.318964
537.114000   1.322399
537.115000   1.325359
537.116000   1.327953
537.117000   1.330429
537.118000   1.333078
537.119000   1.336050
537.120000   1.339249
537.121000   1.342458
537.122000   1.345517
537.123000   1.348394
537.124000   1.351169
537.125000   1.354011
537.126000   1.357149
537.127000   1.360832
537.128000   1.365213
537.129000   1.370240
537.130000   1.375690
537.131000   1.381333
537.132000   1.387062
537.133000   1.392908
537.134000   1.398972
537.135000   1.405351
537.136000   1.412114
537.137000   1.419313
537.138000   1.426970
537.139000   1.434984
537.140000   1.443110
537.141000   1.451069
537.142000   1.458660
537.143000   1.465809
537.144000   1.472575
537.145000   1.479136
537.146000   1.485777
537.147000   1.492801
537.148000   1.500335
537.149000   1.508222
537.150000   1.516153
537.151000   1.523873
537.152000   1.531267
537.153000   1.538347
537.154000   1.545216
537.155000   1.552025
537.156000   1.558927
537.157000   1.566014
537.158000   1.573262
537.159000   1.580523
537.160000   1.587616
537.161000   1.594390
537.162000   1.600736
537.163000   1.606557
537.164000   1.611741
537.165000   1.616133
537.166000   1.619523
537.167000   1.621596
537.168000   1.621880
537.169000   1.619817
537.170000   1.614959
537.171000   1.607120
537.172000   1.596424
537.173000   1.583288
537.174000   1.568383
537.175000   1.552552
537.176000   1.536673
537.177000   1.521447
537.178000   1.507252
537.179000   1.494233
537.180000   1.482490
537.181000   1.472173
537.182000   1.463491
537.183000   1.456701
537.184000   1.452079
537.185000   1.449863
537.186000   1.450120
537.187000   1.452621
537.188000   1.456864
537.189000   1.462237
537.190000   1.468159
537.191000   1.474141
537.192000   1.479826
537.193000   1.485033
537.194000   1.489786
537.195000   1.494281
537.196000   1.498707
537.197000   1.503023
537.198000   1.506949
537.199000   1.510134
537.200000   1.512301
537.201000   1.513296
537.202000   1.513101
537.203000   1.511852
537.204000   1.509832
537.205000   1.507368
537.206000   1.504636
537.207000   1.501547
537.208000   1.497877
537.209000   1.493476
537.210000   1.488377
537.211000   1.482812
537.212000   1.477188
537.213000   1.472074
537.214000   1.468122
537.215000   1.465901
537.216000   1.465639
537.217000   1.467103
537.218000   1.469716
537.219000   1.472745
537.220000   1.475436
537.221000   1.477117
537.222000   1.477268
537.223000   1.475573
537.224000   1.471922
537.225000   1.466295
537.226000   1.458625
537.227000   1.448783
537.228000   1.436700
537.229000   1.422482
537.230000   1.406489
537.231000   1.389349
537.232000   1.371916
537.233000   1.355156
537.234000   1.339957
537.235000   1.326906
537.236000   1.316184
537.237000   1.307691
537.238000   1.301217
537.239000   1.296529
537.240000   1.293429
537.241000   1.291811
537.242000   1.291699
537.243000   1.293214
537.244000   1.296470
537.245000   1.301417
537.246000   1.307825
537.247000   1.315415
537.248000   1.323973
537.249000   1.333380
537.250000   1.343578
537.251000   1.354586
537.252000   1.366500
537.253000   1.379401
537.254000   1.393167
537.255000   1.407377
537.256000   1.421460
537.257000   1.434907
537.258000   1.447385
537.259000   1.458729
537.260000   1.468907
537.261000   1.477984
537.262000   1.486135
537.263000   1.493646
537.264000   1.500813
537.265000   1.507830
537.266000   1.514775
537.267000   1.521668
537.268000   1.528513
537.269000   1.535307
537.270000   1.542075
537.271000   1.548897
537.272000   1.555875
537.273000   1.562969
537.274000   1.569809
537.275000   1.575791
537.276000   1.580370
537.277000   1.583259
537.278000   1.584445
537.279000   1.584137
537.280000   1.582711
537.281000   1.580651
537.282000   1.578453
537.283000   1.576469
537.284000   1.574838
537.285000   1.573562
537.286000   1.572619
537.287000   1.571979
537.288000   1.571598
537.289000   1.571424
537.290000   1.571423
537.291000   1.571596
537.292000   1.571901
537.293000   1.572120
537.294000   1.571852
537.295000   1.570697
537.296000   1.568422
537.297000   1.565008
537.298000   1.560641
537.299000   1.555698
537.300000   1.550737
537.301000   1.546395
537.302000   1.543170
537.303000   1.541241
537.304000   1.540550
537.305000   1.540999
537.306000   1.542535
537.307000   1.545151
537.308000   1.548870
537.309000   1.553731
537.310000   1.559769
537.311000   1.566928
537.312000   1.574956
537.313000   1.583390
537.314000   1.591681
537.315000   1.599316
537.316000   1.605885
537.317000   1.611131
537.318000   1.614987
537.319000   1.617612
537.320000   1.619351
537.321000   1.620554
537.322000   1.621344
537.323000   1.621575
537.324000   1.620987
537.325000   1.619352
537.326000   1.616530
537.327000   1.612503
537.328000   1.607398
537.329000   1.601486
537.330000   1.595116
537.331000   1.588557
537.332000   1.581912
537.333000   1.575195
537.334000   1.568438
537.335000   1.561726
537.336000   1.555201
537.337000   1.549079
537.338000   1.543665
537.339000   1.539339
537.340000   1.536451
537.341000   1.535161
537.342000   1.535374
537.343000   1.536811
537.344000   1.539110
537.345000   1.541877
537.346000   1.544725
537.347000   1.547336
537.348000   1.549508
537.349000   1.551141
537.350000   1.552112
537.351000   1.552130
537.352000   1.550789
537.353000   1.547770
537.354000   1.542965
537.355000   1.536480
537.356000   1.528613
537.357000   1.519835
537.358000   1.510734
537.359000   1.501852
537.360000   1.493511
537.361000   1.485797
537.362000   1.478728
537.363000   1.472383
537.364000   1.466881
537.365000   1.462287
537.366000   1.458554
537.367000   1.455567
537.368000   1.453196
537.369000   1.451303
537.370000   1.449679
537.371000   1.448051
537.372000   1.446196
537.373000   1.444036
537.374000   1.441637
537.375000   1.439141
537.376000   1.436739
537.377000   1.434716
537.378000   1.433421
537.379000   1.433048
537.380000   1.433456
537.381000   1.434308
537.382000   1.435354
537.383000   1.436565
537.384000   1.438123
537.385000   1.440334
537.386000   1.443543
537.387000   1.448065
537.388000   1.454068
537.389000   1.461432
537.390000   1.469756
537.391000   1.478543
537.392000   1.487346
537.393000   1.495801
537.394000   1.503609
537.395000   1.510508
537.396000   1.516232
537.397000   1.520446
537.398000   1.522655
537.399000   1.522211
537.400000   1.518528
537.401000   1.511350
537.402000   1.500839
537.403000   1.487526
537.404000   1.472216
537.405000   1.455896
537.406000   1.439645
537.407000   1.424459
537.408000   1.411026
537.409000   1.399634
537.410000   1.390324
537.411000   1.383066
537.412000   1.377822
537.413000   1.374586
537.414000   1.373412
537.415000   1.374460
537.416000   1.377959
537.417000   1.383993
537.418000   1.392262
537.419000   1.402126
537.420000   1.412857
537.421000   1.423841
537.422000   1.434654
537.423000   1.445095
537.424000   1.455200
537.425000   1.465201
537.426000   1.475369
537.427000   1.485796
537.428000   1.496313
537.429000   1.506594
537.430000   1.516283
537.431000   1.525039
537.432000   1.532567
537.433000   1.538647
537.434000   1.543176
537.435000   1.546162
537.436000   1.547667
537.437000   1.547740
537.438000   1.546408
537.439000   1.543734
537.440000   1.539814
537.441000   1.534733
537.442000   1.528585
537.443000   1.521562
537.444000   1.514037
537.445000   1.506528
537.446000   1.499502
537.447000   1.493157
537.448000   1.487428
537.449000   1.482143
537.450000   1.477138
537.451000   1.472298
537.452000   1.467586
537.453000   1.463054
537.454000   1.458810
537.455000   1.454879
537.456000   1.451049
537.457000   1.446908
537.458000   1.442056
537.459000   1.436270
537.460000   1.429545
537.461000   1.422077
537.462000   1.414232
537.463000   1.406500
537.464000   1.399399
537.465000   1.393329
537.466000   1.388476
537.467000   1.384867
537.468000   1.382497
537.469000   1.381396
537.470000   1.381620
537.471000   1.383228
537.472000   1.386251
537.473000   1.390676
537.474000   1.396395
537.475000   1.403108
537.476000   1.410318
537.477000   1.417452
537.478000   1.423968
537.479000   1.429409
537.480000   1.433458
537.481000   1.436007
537.482000   1.437186
537.483000   1.437290
537.484000   1.436592
537.485000   1.435198
537.486000   1.433119
537.487000   1.430463
537.488000   1.427507
537.489000   1.424622
537.490000   1.422154
537.491000   1.420374
537.492000   1.419494
537.493000   1.419651
537.494000   1.420798
537.495000   1.422651
537.496000   1.424790
537.497000   1.426818
537.498000   1.428458
537.499000   1.429605
537.500000   1.430352
537.501000   1.430966
537.501000   1.430966
537.502000   1.431769
537.503000   1.432929
537.504000   1.434287
537.505000   1.435450
537.506000   1.436058
537.507000   1.435947
537.508000   1.435169
537.509000   1.433955
537.510000   1.432692
537.511000   1.431883
537.512000   1.432043
537.513000   1.433486
537.514000   1.436172
537.515000   1.439775
537.516000   1.443904
537.517000   1.448244
537.518000   1.452611
537.519000   1.456950
537.520000   1.461345
537.521000   1.466029
537.522000   1.471326
537.523000   1.477459
537.524000   1.484346
537.525000   1.491640
537.526000   1.498898
537.527000   1.505752
537.528000   1.512004
537.529000   1.517669
537.530000   1.522969
537.531000   1.528275
537.532000   1.533925
537.533000   1.539982
537.534000   1.546191
537.535000   1.552124
537.536000   1.557289
537.537000   1.561215
537.538000   1.563575
537.539000   1.564286
537.540000   1.563484
537.541000   1.561434
537.542000   1.558378
537.543000   1.554484
537.544000   1.549923
537.545000   1.544903
537.546000   1.539517
537.547000   1.533666
537.548000   1.527215
537.549000   1.520176
537.550000   1.512742
537.551000   1.505200
537.552000   1.497774
537.553000   1.490543
537.554000   1.483533
537.555000   1.476868
537.556000   1.470770
537.557000   1.465404
537.558000   1.460825
537.559000   1.457136
537.560000   1.454585
537.561000   1.453430
537.562000   1.453710
537.563000   1.455221
537.564000   1.457707
537.565000   1.461028
537.566000   1.465217
537.567000   1.470425
537.568000   1.476821
537.569000   1.484517
537.570000   1.493546
537.571000   1.503793
537.572000   1.514912
537.573000   1.526392
537.574000   1.537714
537.575000   1.548445
537.576000   1.558277
537.577000   1.567054
537.578000   1.574779
537.579000   1.581571
537.580000   1.587523
537.581000   1.592556
537.582000   1.596434
537.583000   1.598946
537.584000   1.600062
537.585000   1.599935
537.586000   1.598846
537.587000   1.597162
537.588000   1.595320
537.589000   1.593789
537.590000   1.592944
537.591000   1.592925
537.592000   1.593606
537.593000   1.594698
537.594000   1.595849
537.595000   1.596705
537.596000   1.596963
537.597000   1.596416
537.598000   1.595014
537.599000   1.592843
537.600000   1.590011
537.601000   1.586487
537.602000   1.582087
537.603000   1.576609
537.604000   1.569932
537.605000   1.562061
537.606000   1.553159
537.607000   1.543566
537.608000   1.533776
537.609000   1.524356
537.610000   1.515772
537.611000   1.508259
537.612000   1.501857
537.613000   1.496530
537.614000   1.492231
537.615000   1.488882
537.616000   1.486381
537.617000   1.484644
537.618000   1.483659
537.619000   1.483462
537.620000   1.484037
537.621000   1.485255
537.622000   1.486947
537.623000   1.489006
537.624000   1.491388
537.625000   1.494050
537.626000   1.496924
537.627000   1.499963
537.628000   1.503180
537.629000   1.506562
537.630000   1.509934
537.631000   1.512929
537.632000   1.515138
537.633000   1.516257
537.634000   1.516168
537.635000   1.514936
537.636000   1.512772
537.637000   1.509989
537.638000   1.506951
537.639000   1.503970
537.640000   1.501194
537.641000   1.498654
537.642000   1.496414
537.643000   1.494668
537.644000   1.493756
537.645000   1.494108
537.646000   1.496160
537.647000   1.500255
537.648000   1.506577
537.649000   1.515061
537.650000   1.525356
537.651000   1.536930
537.652000   1.549215
537.653000   1.561691
537.654000   1.573914
537.655000   1.585517
537.656000   1.596199
537.657000   1.605692
537.658000   1.613665
537.659000   1.619621
537.660000   1.622928
537.661000   1.623042
537.662000   1.619690
537.663000   1.612925
537.664000   1.603074
537.665000   1.590664
537.666000   1.576328
537.667000   1.560715
537.668000   1.544407
537.669000   1.527860
537.670000   1.511448
537.671000   1.495539
537.672000   1.480540
537.673000   1.466860
537.674000   1.454858
537.675000   1.444822
537.676000   1.436977
537.677000   1.431478
537.678000   1.428304
537.679000   1.427105
537.680000   1.427240
537.681000   1.428012
537.682000   1.428871
537.683000   1.429496
537.684000   1.429814
537.685000   1.430000
537.686000   1.430426
537.687000   1.431512
537.688000   1.433506
537.689000   1.436414
537.690000   1.440139
537.691000   1.444612
537.692000   1.449829
537.693000   1.455822
537.694000   1.462644
537.695000   1.470359
537.696000   1.479026
537.697000   1.488630
537.698000   1.498972
537.699000   1.509630
537.700000   1.520041
537.701000   1.529621
537.702000   1.537867
537.703000   1.544458
537.704000   1.549331
537.705000   1.552724
537.706000   1.555112
537.707000   1.556991
537.708000   1.558619
537.709000   1.559998
537.710000   1.561050
537.711000   1.561755
537.712000   1.562201
537.713000   1.562586
537.714000   1.563214
537.715000   1.564450
537.716000   1.566599
537.717000   1.569704
537.718000   1.573456
537.719000   1.577311
537.720000   1.580683
537.721000   1.583066
537.722000   1.584095
537.723000   1.583599
537.724000   1.581630
537.725000   1.578436
537.726000   1.574346
537.727000   1.569600
537.728000   1.564295
537.729000   1.558469
537.730000   1.552179
537.731000   1.545538
537.732000   1.538727
537.733000   1.532009
537.734000   1.525726
537.735000   1.520223
537.736000   1.515686
537.737000   1.512012
537.738000   1.508895
537.739000   1.506041
537.740000   1.503293
537.741000   1.500633
537.742000   1.498147
537.743000   1.496020
537.744000   1.494553
537.745000   1.494092
537.746000   1.494867
537.747000   1.496878
537.748000   1.499989
537.749000   1.504066
537.750000   1.509031
537.751000   1.514847
537.752000   1.521498
537.753000   1.528972
537.754000   1.537245
537.755000   1.546183
537.756000   1.555407
537.757000   1.564305
537.758000   1.572220
537.759000   1.578636
537.760000   1.583258
537.761000   1.586044
537.762000   1.587215
537.763000   1.587238
537.764000   1.586705
537.765000   1.586101
537.766000   1.585644
537.767000   1.585402
537.768000   1.585464
537.769000   1.585989
537.770000   1.587168
537.771000   1.589189
537.772000   1.592215
537.773000   1.596365
537.774000   1.601662
537.775000   1.607955
537.776000   1.614923
537.777000   1.622151
537.778000   1.629212
537.779000   1.635684
537.780000   1.641193
537.781000   1.645463
537.782000   1.648388
537.783000   1.650050
537.784000   1.650604
537.785000   1.650060
537.786000   1.648204
537.787000   1.644727
537.788000   1.639391
537.789000   1.632109
537.790000   1.622978
537.791000   1.612292
537.792000   1.600526
537.793000   1.588235
537.794000   1.575885
537.795000   1.563733
537.796000   1.551879
537.797000   1.540387
537.798000   1.529350
537.799000   1.518885
537.800000   1.509109
537.801000   1.500139
537.802000   1.492090
537.803000   1.485014
537.804000   1.478775
537.805000   1.473010
537.806000   1.467280
537.807000   1.461250
537.808000   1.454741
537.809000   1.447684
537.810000   1.440085
537.811000   1.432043
537.812000   1.423775
537.813000   1.415561
537.814000   1.407639
537.815000   1.400173
537.816000   1.393308
537.817000   1.387231
537.818000   1.382157
537.819000   1.378299
537.820000   1.375841
537.821000   1.374943
537.822000   1.375725
537.823000   1.378172
537.824000   1.382037
537.825000   1.386869
537.826000   1.392191
537.827000   1.397645
537.828000   1.403034
537.829000   1.408293
537.830000   1.413462
537.831000   1.418658
537.832000   1.424013
537.833000   1.429538
537.834000   1.435065
537.835000   1.440346
537.836000   1.445183
537.837000   1.449474
537.838000   1.453182
537.839000   1.456294
537.840000   1.458770
537.841000   1.460515
537.842000   1.461319
537.843000   1.460818
537.844000   1.458570
537.845000   1.454229
537.846000   1.447669
537.847000   1.438997
537.848000   1.428498
537.849000   1.416571
537.850000   1.403682
537.851000   1.390331
537.852000   1.376966
537.853000   1.363884
537.854000   1.351249
537.855000   1.339203
537.856000   1.327947
537.857000   1.317748
537.858000   1.308920
537.859000   1.301805
537.860000   1.296749
537.861000   1.294022
537.862000   1.293675
537.863000   1.295470
537.864000   1.298986
537.865000   1.303793
537.866000   1.309537
537.867000   1.315969
537.868000   1.322973
537.869000   1.330572
537.870000   1.338913
537.871000   1.348133
537.872000   1.358201
537.873000   1.368889
537.874000   1.379895
537.875000   1.390948
537.876000   1.401852
537.877000   1.412486
537.878000   1.422801
537.879000   1.432795
537.880000   1.442448
537.881000   1.451611
537.882000   1.459946
537.883000   1.467007
537.884000   1.472378
537.885000   1.475757
537.886000   1.477008
537.887000   1.476209
537.888000   1.473693
537.889000   1.470018
537.890000   1.465830
537.891000   1.461649
537.892000   1.457740
537.893000   1.454165
537.894000   1.450902
537.895000   1.447916
537.896000   1.445188
537.897000   1.442748
537.898000   1.440699
537.899000   1.439185
537.900000   1.438271
537.901000   1.437806
537.902000   1.437427
537.903000   1.436727
537.904000   1.435418
537.905000   1.433417
537.906000   1.430846
537.907000   1.428011
537.908000   1.425333
537.909000   1.423253
537.910000   1.422062
537.911000   1.421794
537.912000   1.422304
537.913000   1.423429
537.914000   1.425078
537.915000   1.427249
537.916000   1.430016
537.917000   1.433496
537.918000   1.437801
537.919000   1.442954
537.920000   1.448799
537.921000   1.454970
537.922000   1.460983
537.923000   1.466375
537.924000   1.470793
537.925000   1.474051
537.926000   1.476157
537.927000   1.477325
537.928000   1.477935
537.929000   1.478399
537.930000   1.478964
537.931000   1.479652
537.932000   1.480374
537.933000   1.481050
537.934000   1.481661
537.935000   1.482261
537.936000   1.482980
537.937000   1.484002
537.938000   1.485510
537.939000   1.487578
537.940000   1.490085
537.941000   1.492782
537.942000   1.495439
537.943000   1.497923
537.944000   1.500178
537.945000   1.502180
537.946000   1.503932
537.947000   1.505483
537.948000   1.506886
537.949000   1.508086
537.950000   1.508892
537.951000   1.509099
537.952000   1.508643
537.953000   1.507646
537.954000   1.506380
537.955000   1.505189
537.956000   1.504414
537.957000   1.504359
537.958000   1.505241
537.959000   1.507101
537.960000   1.509792
537.961000   1.513088
537.962000   1.516794
537.963000   1.520793
537.964000   1.525059
537.965000   1.529660
537.966000   1.534741
537.967000   1.540446
537.968000   1.546748
537.969000   1.553350
537.970000   1.559806
537.971000   1.565758
537.972000   1.571050
537.973000   1.575719
537.974000   1.579963
537.975000   1.584105
537.976000   1.588539
537.977000   1.593620
537.978000   1.599481
537.979000   1.605929
537.980000   1.612547
537.981000   1.618878
537.982000   1.624516
537.983000   1.629152
537.984000   1.632591
537.985000   1.634786
537.986000   1.635842
537.987000   1.635927
537.988000   1.635115
537.989000   1.633301
537.990000   1.630298
537.991000   1.625967
537.992000   1.620278
537.993000   1.613356
537.994000   1.605502
537.995000   1.597202
537.996000   1.589075
537.997000   1.581714
537.998000   1.575472
537.999000   1.570404
538.000000   1.566373
538.001000   1.563147
538.001000   1.563147
538.002000   1.560442
538.003000   1.557990
538.004000   1.555629
538.005000   1.553358
538.006000   1.551307
538.007000   1.549588
538.008000   1.548149
538.009000   1.546785
538.010000   1.545284
538.011000   1.543494
538.012000   1.541337
538.013000   1.538851
538.014000   1.536219
538.015000   1.533748
538.016000   1.531743
538.017000   1.530312
538.018000   1.529272
538.019000   1.528270
538.020000   1.526960
538.021000   1.525067
538.022000   1.522353
538.023000   1.518624
538.024000   1.513806
538.025000   1.508002
538.026000   1.501418
538.027000   1.494230
538.028000   1.486549
538.029000   1.478512
538.030000   1.470356
538.031000   1.462393
538.032000   1.454922
538.033000   1.448210
538.034000   1.442535
538.035000   1.438205
538.036000   1.435440
538.037000   1.434241
538.038000   1.434402
538.039000   1.435658
538.040000   1.437797
538.041000   1.440694
538.042000   1.444321
538.043000   1.448740
538.044000   1.454091
538.045000   1.460553
538.046000   1.468230
538.047000   1.477056
538.048000   1.486832
538.049000   1.497322
538.050000   1.508313
538.051000   1.519616
538.052000   1.531077
538.053000   1.542589
538.054000   1.554097
538.055000   1.565537
538.056000   1.576708
538.057000   1.587183
538.058000   1.596361
538.059000   1.603608
538.060000   1.608371
538.061000   1.610253
538.062000   1.609057
538.063000   1.604806
538.064000   1.597733
538.065000   1.588195
538.066000   1.576569
538.067000   1.563202
538.068000   1.548445
538.069000   1.532656
538.070000   1.516152
538.071000   1.499236
538.072000   1.482262
538.073000   1.465678
538.074000   1.449966
538.075000   1.435508
538.076000   1.422458
538.077000   1.410762
538.078000   1.400286
538.079000   1.390936
538.080000   1.382728
538.081000   1.375797
538.082000   1.370338
538.083000   1.366531
538.084000   1.364527
538.085000   1.364394
538.086000   1.366041
538.087000   1.369251
538.088000   1.373768
538.089000   1.379355
538.090000   1.385840
538.091000   1.393159
538.092000   1.401400
538.093000   1.410759
538.094000   1.421345
538.095000   1.432968
538.096000   1.445143
538.097000   1.457288
538.098000   1.468887
538.099000   1.479548
538.100000   1.489012
538.101000   1.497153
538.102000   1.503994
538.103000   1.509691
538.104000   1.514447
538.105000   1.518381
538.106000   1.521382
538.107000   1.523011
538.108000   1.522656
538.109000   1.519844
538.110000   1.514419
538.111000   1.506551
538.112000   1.496647
538.113000   1.485207
538.114000   1.472673
538.115000   1.459376
538.116000   1.445612
538.117000   1.431723
538.118000   1.418058
538.119000   1.404854
538.120000   1.392255
538.121000   1.380429
538.122000   1.369586
538.123000   1.359854
538.124000   1.351163
538.125000   1.343266
538.126000   1.335913
538.127000   1.329011
538.128000   1.322707
538.129000   1.317304
538.130000   1.313046
538.131000   1.310024
538.132000   1.308269
538.133000   1.307773
538.134000   1.308465
538.135000   1.310256
538.136000   1.313128
538.137000   1.317191
538.138000   1.322713
538.139000   1.330080
538.140000   1.339650
538.141000   1.351537
538.142000   1.365503
538.143000   1.381015
538.144000   1.397382
538.145000   1.413905
538.146000   1.429981
538.147000   1.445145
538.148000   1.459106
538.149000   1.471770
538.150000   1.483180
538.151000   1.493343
538.152000   1.502071
538.153000   1.509030
538.154000   1.513930
538.155000   1.516671
538.156000   1.517360
538.157000   1.516276
538.158000   1.513833
538.159000   1.510553
538.160000   1.507028
538.161000   1.503790
538.162000   1.501069
538.163000   1.498640
538.164000   1.495990
538.165000   1.492654
538.166000   1.488422
538.167000   1.483369
538.168000   1.477838
538.169000   1.472407
538.170000   1.467812
538.171000   1.464769
538.172000   1.463724
538.173000   1.464740
538.174000   1.467643
538.175000   1.472274
538.176000   1.478587
538.177000   1.486608
538.178000   1.496370
538.179000   1.507858
538.180000   1.520946
538.181000   1.535349
538.182000   1.550638
538.183000   1.566250
538.184000   1.581437
538.185000   1.595348
538.186000   1.607257
538.187000   1.616718
538.188000   1.623597
538.189000   1.628012
538.190000   1.630230
538.191000   1.630565
538.192000   1.629343
538.193000   1.626909
538.194000   1.623563
538.195000   1.619510
538.196000   1.614959
538.197000   1.610218
538.198000   1.605676
538.199000   1.601677
538.200000   1.598383
538.201000   1.595723
538.202000   1.593492
538.203000   1.591501
538.204000   1.589681
538.205000   1.588045
538.206000   1.586582
538.207000   1.585272
538.208000   1.584179
538.209000   1.583412
538.210000   1.582990
538.211000   1.582815
538.212000   1.582751
538.213000   1.582705
538.214000   1.582668
538.215000   1.582709
538.216000   1.582933
538.217000   1.583418
538.218000   1.584173
538.219000   1.585134
538.220000   1.586190
538.221000   1.587234
538.222000   1.588195
538.223000   1.589037
538.224000   1.589748
538.225000   1.590357
538.226000   1.590950
538.227000   1.591675
538.228000   1.592662
538.229000   1.593891
538.230000   1.595134
538.231000   1.596030
538.232000   1.596216
538.233000   1.595430
538.234000   1.593589
538.235000   1.590808
538.236000   1.587363
538.237000   1.583566
538.238000   1.579591
538.239000   1.575410
538.240000   1.570892
538.241000   1.565948
538.242000   1.560598
538.243000   1.554964
538.244000   1.549244
538.245000   1.543661
538.246000   1.538401
538.247000   1.533511
538.248000   1.528821
538.249000   1.523993
538.250000   1.518658
538.251000   1.512543
538.252000   1.505531
538.253000   1.497689
538.254000   1.489263
538.255000   1.480628
538.256000   1.472141
538.257000   1.463990
538.258000   1.456161
538.259000   1.448573
538.260000   1.441222
538.261000   1.434225
538.262000   1.427814
538.263000   1.422315
538.264000   1.418134
538.265000   1.415711
538.266000   1.415412
538.267000   1.417374
538.268000   1.421450
538.269000   1.427317
538.270000   1.434615
538.271000   1.443034
538.272000   1.452347
538.273000   1.462441
538.274000   1.473328
538.275000   1.485110
538.276000   1.497864
538.277000   1.511527
538.278000   1.525806
538.279000   1.540136
538.280000   1.553791
538.281000   1.566081
538.282000   1.576500
538.283000   1.584750
538.284000   1.590683
538.285000   1.594186
538.286000   1.595108
538.287000   1.593332
538.288000   1.588903
538.289000   1.582058
538.290000   1.573119
538.291000   1.562455
538.292000   1.550553
538.293000   1.538042
538.294000   1.525603
538.295000   1.513798
538.296000   1.502983
538.297000   1.493359
538.298000   1.485094
538.299000   1.478407
538.300000   1.473501
538.301000   1.470433
538.302000   1.469090
538.303000   1.469306
538.304000   1.470870
538.305000   1.473447
538.306000   1.476599
538.307000   1.479916
538.308000   1.483134
538.309000   1.486180
538.310000   1.489170
538.311000   1.492345
538.312000   1.495990
538.313000   1.500340
538.314000   1.505476
538.315000   1.511297
538.316000   1.517592
538.317000   1.524148
538.318000   1.530799
538.319000   1.537453
538.320000   1.544112
538.321000   1.550867
538.322000   1.557792
538.323000   1.564770
538.324000   1.571385
538.325000   1.577048
538.326000   1.581230
538.327000   1.583611
538.328000   1.584125
538.329000   1.582956
538.330000   1.580515
538.331000   1.577371
538.332000   1.574088
538.333000   1.570992
538.334000   1.568025
538.335000   1.564831
538.336000   1.560962
538.337000   1.556036
538.338000   1.549814
538.339000   1.542234
538.340000   1.533423
538.341000   1.523673
538.342000   1.513348
538.343000   1.502730
538.344000   1.491930
538.345000   1.480960
538.346000   1.469868
538.347000   1.458833
538.348000   1.448168
538.349000   1.438287
538.350000   1.429649
538.351000   1.422676
538.352000   1.417634
538.353000   1.414552
538.354000   1.413286
538.355000   1.413659
538.356000   1.415519
538.357000   1.418748
538.358000   1.423268
538.359000   1.429053
538.360000   1.436113
538.361000   1.444432
538.362000   1.453897
538.363000   1.464318
538.364000   1.475551
538.365000   1.487574
538.366000   1.500420
538.367000   1.514043
538.368000   1.528282
538.369000   1.542938
538.370000   1.557822
538.371000   1.572704
538.372000   1.587248
538.373000   1.601055
538.374000   1.613761
538.375000   1.625087
538.376000   1.634838
538.377000   1.642872
538.378000   1.649098
538.379000   1.653505
538.380000   1.656170
538.381000   1.657186
538.382000   1.656587
538.383000   1.654388
538.384000   1.650652
538.385000   1.645524
538.386000   1.639236
538.387000   1.632118
538.388000   1.624584
538.389000   1.617029
538.390000   1.609672
538.391000   1.602471
538.392000   1.595223
538.393000   1.587742
538.394000   1.579951
538.395000   1.571901
538.396000   1.563753
538.397000   1.555775
538.398000   1.548336
538.399000   1.541848
538.400000   1.536638
538.401000   1.532807
538.402000   1.530187
538.403000   1.528438
538.404000   1.527197
538.405000   1.526172
538.406000   1.525184
538.407000   1.524180
538.408000   1.523228
538.409000   1.522468
538.410000   1.522049
538.411000   1.522084
538.412000   1.522648
538.413000   1.523722
538.414000   1.525207
538.415000   1.527023
538.416000   1.529208
538.417000   1.531921
538.418000   1.535358
538.419000   1.539617
538.420000   1.544609
538.421000   1.550108
538.422000   1.555868
538.423000   1.561693
538.424000   1.567393
538.425000   1.572730
538.426000   1.577476
538.427000   1.581482
538.428000   1.584654
538.429000   1.586857
538.430000   1.587885
538.431000   1.587556
538.432000   1.585833
538.433000   1.582887
538.434000   1.579064
538.435000   1.574786
538.436000   1.570431
538.437000   1.566262
538.438000   1.562393
538.439000   1.558779
538.440000   1.555268
538.441000   1.551720
538.442000   1.548068
538.443000   1.544354
538.444000   1.540731
538.445000   1.537444
538.446000   1.534746
538.447000   1.532740
538.448000   1.531257
538.449000   1.529909
538.450000   1.528271
538.451000   1.526031
538.452000   1.523037
538.453000   1.519285
538.454000   1.514892
538.455000   1.510065
538.456000   1.505052
538.457000   1.500062
538.458000   1.495210
538.459000   1.490519
538.460000   1.485934
538.461000   1.481344
538.462000   1.476676
538.463000   1.471989
538.464000   1.467495
538.465000   1.463499
538.466000   1.460291
538.467000   1.458014
538.468000   1.456642
538.469000   1.456063
538.470000   1.456164
538.471000   1.456820
538.472000   1.457848
538.473000   1.459049
538.474000   1.460303
538.475000   1.461557
538.476000   1.462710
538.477000   1.463524
538.478000   1.463693
538.479000   1.462995
538.480000   1.461398
538.481000   1.459048
538.482000   1.456162
538.483000   1.452906
538.484000   1.449380
538.485000   1.445687
538.486000   1.441918
538.487000   1.438113
538.488000   1.434260
538.489000   1.430340
538.490000   1.426371
538.491000   1.422445
538.492000   1.418765
538.493000   1.415632
538.494000   1.413328
538.495000   1.411975
538.496000   1.411457
538.497000   1.411483
538.498000   1.411735
538.499000   1.411978
538.500000   1.412107
538.501000   1.412169
538.501000   1.412169
538.502000   1.412387
538.503000   1.413144
538.504000   1.414861
538.505000   1.417776
538.506000   1.421797
538.507000   1.426581
538.508000   1.431698
538.509000   1.436718
538.510000   1.441230
538.511000   1.444854
538.512000   1.447276
538.513000   1.448307
538.514000   1.447896
538.515000   1.446045
538.516000   1.442647
538.517000   1.437404
538.518000   1.429970
538.519000   1.420199
538.520000   1.408259
538.521000   1.394629
538.522000   1.380019
538.523000   1.365277
538.524000   1.351255
538.525000   1.338672
538.526000   1.328028
538.527000   1.319571
538.528000   1.313302
538.529000   1.309102
538.530000   1.306870
538.531000   1.306576
538.532000   1.308241
538.533000   1.311881
538.534000   1.317431
538.535000   1.324723
538.536000   1.333545
538.537000   1.343705
538.538000   1.354979
538.539000   1.367069
538.540000   1.379729
538.541000   1.392888
538.542000   1.406644
538.543000   1.421151
538.544000   1.436492
538.545000   1.452648
538.546000   1.469585
538.547000   1.487323
538.548000   1.505929
538.549000   1.525436
538.550000   1.545799
538.551000   1.566927
538.552000   1.588714
538.553000   1.611005
538.554000   1.633528
538.555000   1.655909
538.556000   1.677740
538.557000   1.698682
538.558000   1.718527
538.559000   1.737181
538.560000   1.754593
538.561000   1.770671
538.562000   1.785285
538.563000   1.798254
538.564000   1.809319
538.565000   1.818198
538.566000   1.824691
538.567000   1.828750
538.568000   1.830492
538.569000   1.830178
538.570000   1.828175
538.571000   1.824902
538.572000   1.820745
538.573000   1.815966
538.574000   1.810687
538.575000   1.804966
538.576000   1.798886
538.577000   1.792602
538.578000   1.786331
538.579000   1.780345
538.580000   1.774950
538.581000   1.770448
538.582000   1.767031
538.583000   1.764695
538.584000   1.763243
538.585000   1.762411
538.586000   1.761973
538.587000   1.761803
538.588000   1.761900
538.589000   1.762392
538.590000   1.763508
538.591000   1.765485
538.592000   1.768423
538.593000   1.772200
538.594000   1.776562
538.595000   1.781267
538.596000   1.786167
538.597000   1.791189
538.598000   1.796291
538.599000   1.801463
538.600000   1.806719
538.601000   1.812055
538.602000   1.817372
538.603000   1.822480
538.604000   1.827175
538.605000   1.831315
538.606000   1.834832
538.607000   1.837693
538.608000   1.839874
538.609000   1.841376
538.610000   1.842229
538.611000   1.842427
538.612000   1.841823
538.613000   1.840121
538.614000   1.836962
538.615000   1.832051
538.616000   1.825244
538.617000   1.816589
538.618000   1.806320
538.619000   1.794756
538.620000   1.782165
538.621000   1.768659
538.622000   1.754200
538.623000   1.738729
538.624000   1.722292
538.625000   1.705096
538.626000   1.687496
538.627000   1.669965
538.628000   1.653025
538.629000   1.637146
538.630000   1.622634
538.631000   1.609574
538.632000   1.597873
538.633000   1.587353
538.634000   1.577824
538.635000   1.569096
538.636000   1.560993
538.637000   1.553370
538.638000   1.546171
538.639000   1.539436
538.640000   1.533231
538.641000   1.527497
538.642000   1.522004
538.643000   1.516485
538.644000   1.510796
538.645000   1.504973
538.646000   1.499210
538.647000   1.493821
538.648000   1.489189
538.649000   1.485677
538.650000   1.483507
538.651000   1.482675
538.652000   1.482985
538.653000   1.484119
538.654000   1.485685
538.655000   1.487248
538.656000   1.488368
538.657000   1.488655
538.658000   1.487804
538.659000   1.485590
538.660000   1.481801
538.661000   1.476221
538.662000   1.468688
538.663000   1.459195
538.664000   1.447880
538.665000   1.434968
538.666000   1.420748
538.667000   1.405636
538.668000   1.390183
538.669000   1.374980
538.670000   1.360537
538.671000   1.347243
538.672000   1.335419
538.673000   1.325350
538.674000   1.317291
538.675000   1.311459
538.676000   1.308038
538.677000   1.307179
538.678000   1.308954
538.679000   1.313263
538.680000   1.319730
538.681000   1.327746
538.682000   1.336604
538.683000   1.345654
538.684000   1.354394
538.685000   1.362534
538.686000   1.370017
538.687000   1.376980
538.688000   1.383626
538.689000   1.390048
538.690000   1.396162
538.691000   1.401798
538.692000   1.406828
538.693000   1.411247
538.694000   1.415193
538.695000   1.418942
538.696000   1.422849
538.697000   1.427264
538.698000   1.432408
538.699000   1.438265
538.700000   1.444596
538.701000   1.451057
538.702000   1.457327
538.703000   1.463161
538.704000   1.468409
538.705000   1.473049
538.706000   1.477190
538.707000   1.481007
538.708000   1.484600
538.709000   1.487902
538.710000   1.490739
538.711000   1.492994
538.712000   1.494733
538.713000   1.496250
538.714000   1.498025
538.715000   1.500604
538.716000   1.504451
538.717000   1.509832
538.718000   1.516776
538.719000   1.525109
538.720000   1.534518
538.721000   1.544642
538.722000   1.555129
538.723000   1.565697
538.724000   1.576195
538.725000   1.586649
538.726000   1.597223
538.727000   1.608035
538.728000   1.618977
538.729000   1.629732
538.730000   1.639943
538.731000   1.649350
538.732000   1.657835
538.733000   1.665399
538.734000   1.672140
538.735000   1.678250
538.736000   1.684005
538.737000   1.689718
538.738000   1.695622
538.739000   1.701696
538.740000   1.707621
538.741000   1.712960
538.742000   1.717342
538.743000   1.720507
538.744000   1.722282
538.745000   1.722567
538.746000   1.721361
538.747000   1.718785
538.748000   1.715100
538.749000   1.710631
538.750000   1.705552
538.751000   1.699720
538.752000   1.692843
538.753000   1.684712
538.754000   1.675291
538.755000   1.664706
538.756000   1.653204
538.757000   1.641087
538.758000   1.628678
538.759000   1.616354
538.760000   1.604504
538.761000   1.593280
538.762000   1.582529
538.763000   1.572087
538.764000   1.562014
538.765000   1.552593
538.766000   1.544181
538.767000   1.537068
538.768000   1.531432
538.769000   1.527423
538.770000   1.525243
538.771000   1.525042
538.772000   1.526679
538.773000   1.529737
538.774000   1.533788
538.775000   1.538495
538.776000   1.543541
538.777000   1.548543
538.778000   1.553060
538.779000   1.556706
538.780000   1.559284
538.781000   1.560867
538.782000   1.561735
538.783000   1.562151
538.784000   1.562213
538.785000   1.561942
538.786000   1.561383
538.787000   1.560580
538.788000   1.559567
538.789000   1.558397
538.790000   1.557191
538.791000   1.556169
538.792000   1.555664
538.793000   1.556068
538.794000   1.557630
538.795000   1.560237
538.796000   1.563415
538.797000   1.566503
538.798000   1.568825
538.799000   1.569793
538.800000   1.568974
538.801000   1.566118
538.802000   1.561189
538.803000   1.554386
538.804000   1.546086
538.805000   1.536662
538.806000   1.526231
538.807000   1.514624
538.808000   1.501600
538.809000   1.487048
538.810000   1.471052
538.811000   1.453859
538.812000   1.435816
538.813000   1.417337
538.814000   1.398882
538.815000   1.380931
538.816000   1.363924
538.817000   1.348176
538.818000   1.333823
538.819000   1.320884
538.820000   1.309371
538.821000   1.299337
538.822000   1.290867
538.823000   1.284062
538.824000   1.279026
538.825000   1.275851
538.826000   1.274561
538.827000   1.275070
538.828000   1.277170
538.829000   1.280533
538.830000   1.284741
538.831000   1.289380
538.832000   1.294135
538.833000   1.298844
538.834000   1.303470
538.835000   1.308023
538.836000   1.312483
538.837000   1.316747
538.838000   1.320668
538.839000   1.324113
538.840000   1.326988
538.841000   1.329240
538.842000   1.330859
538.843000   1.331910
538.844000   1.332530
538.845000   1.332854
538.846000   1.332920
538.847000   1.332657
538.848000   1.331962
538.849000   1.330811
538.850000   1.329351
538.851000   1.327940
538.852000   1.327093
538.853000   1.327325
538.854000   1.328992
538.855000   1.332257
538.856000   1.337173
538.857000   1.343771
538.858000   1.352081
538.859000   1.362117
538.860000   1.373850
538.861000   1.387202
538.862000   1.402056
538.863000   1.418266
538.864000   1.435602
538.865000   1.453663
538.866000   1.471830
538.867000   1.489352
538.868000   1.505495
538.869000   1.519651
538.870000   1.531397
538.871000   1.540539
538.872000   1.547123
538.873000   1.551401
538.874000   1.553701
538.875000   1.554279
538.876000   1.553277
538.877000   1.550802
538.878000   1.547025
538.879000   1.542237
538.880000   1.536839
538.881000   1.531300
538.882000   1.526090
538.883000   1.521622
538.884000   1.518185
538.885000   1.515926
538.886000   1.514862
538.887000   1.514907
538.888000   1.515861
538.889000   1.517416
538.890000   1.519214
538.891000   1.520913
538.892000   1.522238
538.893000   1.522984
538.894000   1.523002
538.895000   1.522191
538.896000   1.520527
538.897000   1.518107
538.898000   1.515132
538.899000   1.511877
538.900000   1.508679
538.901000   1.505944
538.902000   1.504120
538.903000   1.503629
538.904000   1.504800
538.905000   1.507857
538.906000   1.512966
538.907000   1.520279
538.908000   1.529914
538.909000   1.541879
538.910000   1.555990
538.911000   1.571871
538.912000   1.588991
538.913000   1.606692
538.914000   1.624220
538.915000   1.640807
538.916000   1.655765
538.917000   1.668567
538.918000   1.678861
538.919000   1.686425
538.920000   1.691092
538.921000   1.692733
538.922000   1.691291
538.923000   1.686804
538.924000   1.679405
538.925000   1.669334
538.926000   1.656952
538.927000   1.642738
538.928000   1.627278
538.929000   1.611231
538.930000   1.595262
538.931000   1.579909
538.932000   1.565449
538.933000   1.551883
538.934000   1.539043
538.935000   1.526753
538.936000   1.514936
538.937000   1.503671
538.938000   1.493209
538.939000   1.483964
538.940000   1.476435
538.941000   1.471035
538.942000   1.467937
538.943000   1.467056
538.944000   1.468177
538.945000   1.471067
538.946000   1.475516
538.947000   1.481343
538.948000   1.488395
538.949000   1.496545
538.950000   1.505669
538.951000   1.515574
538.952000   1.525896
538.953000   1.536082
538.954000   1.545473
538.955000   1.553457
538.956000   1.559598
538.957000   1.563704
538.958000   1.565858
538.959000   1.566402
538.960000   1.565849
538.961000   1.564724
538.962000   1.563402
538.963000   1.562045
538.964000   1.560694
538.965000   1.559392
538.966000   1.558255
538.967000   1.557473
538.968000   1.557272
538.969000   1.557853
538.970000   1.559318
538.971000   1.561604
538.972000   1.564480
538.973000   1.567605
538.974000   1.570599
538.975000   1.573133
538.976000   1.574999
538.977000   1.576137
538.978000   1.576621
538.979000   1.576593
538.980000   1.576184
538.981000   1.575453
538.982000   1.574424
538.983000   1.573136
538.984000   1.571666
538.985000   1.570130
538.986000   1.568690
538.987000   1.567552
538.988000   1.566929
538.989000   1.566969
538.990000   1.567689
538.991000   1.568972
538.992000   1.570629
538.993000   1.572458
538.994000   1.574266
538.995000   1.575868
538.996000   1.577106
538.997000   1.577873
538.998000   1.578094
538.999000   1.577666
539.000000   1.576406
539.001000   1.574067
539.001000   1.574067
539.002000   1.570418
539.003000   1.565306
539.004000   1.558674
539.005000   1.550561
539.006000   1.541093
539.007000   1.530460
539.008000   1.518865
539.009000   1.506461
539.010000   1.493332
539.011000   1.479542
539.012000   1.465190
539.013000   1.450427
539.014000   1.435454
539.015000   1.420517
539.016000   1.405898
539.017000   1.391891
539.018000   1.378737
539.019000   1.366577
539.020000   1.355467
539.021000   1.345449
539.022000   1.336611
539.023000   1.329096
539.024000   1.323078
539.025000   1.318735
539.026000   1.316219
539.027000   1.315629
539.028000   1.316961
539.029000   1.320057
539.030000   1.324629
539.031000   1.330313
539.032000   1.336736
539.033000   1.343568
539.034000   1.350576
539.035000   1.357642
539.036000   1.364746
539.037000   1.371875
539.038000   1.378929
539.039000   1.385719
539.040000   1.392042
539.041000   1.397767
539.042000   1.402870
539.043000   1.407442
539.044000   1.411689
539.045000   1.415925
539.046000   1.420522
539.047000   1.425824
539.048000   1.431998
539.049000   1.438940
539.050000   1.446303
539.051000   1.453641
539.052000   1.460526
539.053000   1.466616
539.054000   1.471668
539.055000   1.475547
539.056000   1.478204
539.057000   1.479617
539.058000   1.479722
539.059000   1.478353
539.060000   1.475260
539.061000   1.470194
539.062000   1.463032
539.063000   1.453840
539.064000   1.442882
539.065000   1.430575
539.066000   1.417422
539.067000   1.403929
539.068000   1.390536
539.069000   1.377597
539.070000   1.365352
539.071000   1.353903
539.072000   1.343266
539.073000   1.333480
539.074000   1.324682
539.075000   1.317102
539.076000   1.310999
539.077000   1.306580
539.078000   1.303980
539.079000   1.303308
539.080000   1.304689
539.081000   1.308260
539.082000   1.314119
539.083000   1.322318
539.084000   1.332889
539.085000   1.345834
539.086000   1.361055
539.087000   1.378288
539.088000   1.397121
539.089000   1.417067
539.090000   1.437619
539.091000   1.458222
539.092000   1.478241
539.093000   1.496990
539.094000   1.513831
539.095000   1.528239
539.096000   1.539807
539.097000   1.548269
539.098000   1.553569
539.099000   1.555920
539.100000   1.555811
539.101000   1.553919
539.102000   1.550946
539.103000   1.547488
539.104000   1.543985
539.105000   1.540719
539.106000   1.537777
539.107000   1.535023
539.108000   1.532193
539.109000   1.529026
539.110000   1.525374
539.111000   1.521245
539.112000   1.516784
539.113000   1.512198
539.114000   1.507674
539.115000   1.503323
539.116000   1.499159
539.117000   1.495145
539.118000   1.491276
539.119000   1.487634
539.120000   1.484384
539.121000   1.481744
539.122000   1.479961
539.123000   1.479269
539.124000   1.479824
539.125000   1.481594
539.126000   1.484299
539.127000   1.487450
539.128000   1.490493
539.129000   1.492926
539.130000   1.494381
539.131000   1.494685
539.132000   1.493902
539.133000   1.492353
539.134000   1.490519
539.135000   1.488797
539.136000   1.487283
539.137000   1.485826
539.138000   1.484262
539.139000   1.482553
539.140000   1.480803
539.141000   1.479216
539.142000   1.478063
539.143000   1.477631
539.144000   1.478145
539.145000   1.479647
539.146000   1.481934
539.147000   1.484611
539.148000   1.487215
539.149000   1.489325
539.150000   1.490635
539.151000   1.490995
539.152000   1.490446
539.153000   1.489227
539.154000   1.487699
539.155000   1.486197
539.156000   1.484916
539.157000   1.483899
539.158000   1.483118
539.159000   1.482555
539.160000   1.482272
539.161000   1.482438
539.162000   1.483330
539.163000   1.485281
539.164000   1.488572
539.165000   1.493318
539.166000   1.499455
539.167000   1.506799
539.168000   1.515104
539.169000   1.524069
539.170000   1.533380
539.171000   1.542766
539.172000   1.552035
539.173000   1.561029
539.174000   1.569511
539.175000   1.577085
539.176000   1.583260
539.177000   1.587579
539.178000   1.589680
539.179000   1.589296
539.180000   1.586279
539.181000   1.580664
539.182000   1.572682
539.183000   1.562683
539.184000   1.551022
539.185000   1.538009
539.186000   1.523953
539.187000   1.509214
539.188000   1.494213
539.189000   1.479400
539.190000   1.465222
539.191000   1.452106
539.192000   1.440425
539.193000   1.430425
539.194000   1.422148
539.195000   1.415444
539.196000   1.410078
539.197000   1.405840
539.198000   1.402611
539.199000   1.400388
539.200000   1.399274
539.201000   1.399425
539.202000   1.400970
539.203000   1.403912
539.204000   1.408084
539.205000   1.413218
539.206000   1.419057
539.207000   1.425440
539.208000   1.432342
539.209000   1.439855
539.210000   1.448160
539.211000   1.457454
539.212000   1.467860
539.213000   1.479360
539.214000   1.491797
539.215000   1.504952
539.216000   1.518615
539.217000   1.532622
539.218000   1.546867
539.219000   1.561295
539.220000   1.575891
539.221000   1.590643
539.222000   1.605475
539.223000   1.620179
539.224000   1.634418
539.225000   1.647813
539.226000   1.660018
539.227000   1.670765
539.228000   1.679864
539.229000   1.687202
539.230000   1.692736
539.231000   1.696440
539.232000   1.698231
539.233000   1.697928
539.234000   1.695331
539.235000   1.690337
539.236000   1.683009
539.237000   1.673593
539.238000   1.662481
539.239000   1.650164
539.240000   1.637158
539.241000   1.623934
539.242000   1.610869
539.243000   1.598233
539.244000   1.586213
539.245000   1.574939
539.246000   1.564497
539.247000   1.554941
539.248000   1.546319
539.249000   1.538701
539.250000   1.532186
539.251000   1.526859
539.252000   1.522691
539.253000   1.519489
539.254000   1.516972
539.255000   1.514912
539.256000   1.513201
539.257000   1.511851
539.258000   1.510966
539.259000   1.510716
539.260000   1.511308
539.261000   1.512942
539.262000   1.515755
539.263000   1.519794
539.264000   1.525001
539.265000   1.531218
539.266000   1.538238
539.267000   1.545859
539.268000   1.553918
539.269000   1.562300
539.270000   1.570909
539.271000   1.579622
539.272000   1.588268
539.273000   1.596653
539.274000   1.604589
539.275000   1.611866
539.276000   1.618267
539.277000   1.623653
539.278000   1.628061
539.279000   1.631723
539.280000   1.634966
539.281000   1.638074
539.282000   1.641207
539.283000   1.644430
539.284000   1.647800
539.285000   1.651386
539.286000   1.655231
539.287000   1.659314
539.288000   1.663584
539.289000   1.667990
539.290000   1.672448
539.291000   1.676786
539.292000   1.680760
539.293000   1.684142
539.294000   1.686818
539.295000   1.688822
539.296000   1.690295
539.297000   1.691420
539.298000   1.692371
539.299000   1.693305
539.300000   1.694323
539.301000   1.695436
539.302000   1.696579
539.303000   1.697678
539.304000   1.698713
539.305000   1.699757
539.306000   1.700956
539.307000   1.702474
539.308000   1.704402
539.309000   1.706714
539.310000   1.709255
539.311000   1.711782
539.312000   1.714045
539.313000   1.715868
539.314000   1.717189
539.315000   1.718056
539.316000   1.718609
539.317000   1.719033
539.318000   1.719508
539.319000   1.720131
539.320000   1.720871
539.321000   1.721595
539.322000   1.722121
539.323000   1.722278
539.324000   1.721908
539.325000   1.720884
539.326000   1.719116
539.327000   1.716582
539.328000   1.713327
539.329000   1.709424
539.330000   1.704902
539.331000   1.699727
539.332000   1.693852
539.333000   1.687272
539.334000   1.680067
539.335000   1.672397
539.336000   1.664507
539.337000   1.656711
539.338000   1.649372
539.339000   1.642834
539.340000   1.637356
539.341000   1.633076
539.342000   1.630023
539.343000   1.628143
539.344000   1.627326
539.345000   1.627437
539.346000   1.628346
539.347000   1.629931
539.348000   1.632073
539.349000   1.634608
539.350000   1.637308
539.351000   1.639902
539.352000   1.642117
539.353000   1.643690
539.354000   1.644383
539.355000   1.644048
539.356000   1.642673
539.357000   1.640383
539.358000   1.637376
539.359000   1.633838
539.360000   1.629910
539.361000   1.625715
539.362000   1.621379
539.363000   1.617016
539.364000   1.612663
539.365000   1.608242
539.366000   1.603558
539.367000   1.598335
539.368000   1.592230
539.369000   1.584832
539.370000   1.575723
539.371000   1.564578
539.372000   1.551256
539.373000   1.535869
539.374000   1.518808
539.375000   1.500719
539.376000   1.482378
539.377000   1.464510
539.378000   1.447644
539.379000   1.432093
539.380000   1.418045
539.381000   1.405669
539.382000   1.395157
539.383000   1.386745
539.384000   1.380701
539.385000   1.377311
539.386000   1.376807
539.387000   1.379225
539.388000   1.384263
539.389000   1.391289
539.390000   1.399534
539.391000   1.408270
539.392000   1.416919
539.393000   1.425082
539.394000   1.432552
539.395000   1.439309
539.396000   1.445486
539.397000   1.451287
539.398000   1.456859
539.399000   1.462163
539.400000   1.466970
539.401000   1.471005
539.402000   1.474102
539.403000   1.476251
539.404000   1.477565
539.405000   1.478215
539.406000   1.478367
539.407000   1.478141
539.408000   1.477616
539.409000   1.476844
539.410000   1.475802
539.411000   1.474328
539.412000   1.472232
539.413000   1.469448
539.414000   1.466070
539.415000   1.462306
539.416000   1.458387
539.417000   1.454500
539.418000   1.450797
539.419000   1.447431
539.420000   1.444557
539.421000   1.442211
539.422000   1.440219
539.423000   1.438285
539.424000   1.436153
539.425000   1.433662
539.426000   1.430723
539.427000   1.427273
539.428000   1.423304
539.429000   1.418926
539.430000   1.414413
539.431000   1.410129
539.432000   1.406361
539.433000   1.403245
539.434000   1.400876
539.435000   1.399389
539.436000   1.398924
539.437000   1.399570
539.438000   1.401355
539.439000   1.404289
539.440000   1.408409
539.441000   1.413765
539.442000   1.420309
539.443000   1.427802
539.444000   1.435874
539.445000   1.444125
539.446000   1.452185
539.447000   1.459724
539.448000   1.466489
539.449000   1.472349
539.450000   1.477342
539.451000   1.481653
539.452000   1.485525
539.453000   1.489153
539.454000   1.492670
539.455000   1.496182
539.456000   1.499772
539.457000   1.503472
539.458000   1.507282
539.459000   1.511207
539.460000   1.515302
539.461000   1.519703
539.462000   1.524592
539.463000   1.530106
539.464000   1.536227
539.465000   1.542741
539.466000   1.549270
539.467000   1.555380
539.468000   1.560721
539.469000   1.565128
539.470000   1.568664
539.471000   1.571632
539.472000   1.574486
539.473000   1.577646
539.474000   1.581305
539.475000   1.585388
539.476000   1.589687
539.477000   1.594000
539.478000   1.598198
539.479000   1.602215
539.480000   1.606029
539.481000   1.609642
539.482000   1.613084
539.483000   1.616368
539.484000   1.619403
539.485000   1.621925
539.486000   1.623539
539.487000   1.623868
539.488000   1.622677
539.489000   1.619927
539.490000   1.615772
539.491000   1.610558
539.492000   1.604812
539.493000   1.599173
539.494000   1.594237
539.495000   1.590378
539.496000   1.587733
539.497000   1.586341
539.498000   1.586273
539.499000   1.587666
539.500000   1.590681
539.501000   1.595453
539.501000   1.595453
539.502000   1.602051
539.503000   1.610441
539.504000   1.620456
539.505000   1.631766
539.506000   1.643844
539.507000   1.655975
539.508000   1.667338
539.509000   1.677134
539.510000   1.684684
539.511000   1.689480
539.512000   1.691208
539.513000   1.689737
539.514000   1.685081
539.515000   1.677350
539.516000   1.666768
539.517000   1.653689
539.518000   1.638556
539.519000   1.621850
539.520000   1.604110
539.521000   1.585983
539.522000   1.568220
539.523000   1.551589
539.524000   1.536753
539.525000   1.524203
539.526000   1.514301
539.527000   1.507343
539.528000   1.503560
539.529000   1.503037
539.530000   1.505683
539.531000   1.511295
539.532000   1.519635
539.533000   1.530408
539.534000   1.543166
539.535000   1.557244
539.536000   1.571813
539.537000   1.586003
539.538000   1.599017
539.539000   1.610179
539.540000   1.618915
539.541000   1.624734
539.542000   1.627292
539.543000   1.626453
539.544000   1.622241
539.545000   1.614763
539.546000   1.604234
539.547000   1.591028
539.548000   1.575695
539.549000   1.558953
539.550000   1.541684
539.551000   1.524908
539.552000   1.509673
539.553000   1.496822
539.554000   1.486819
539.555000   1.479807
539.556000   1.475766
539.557000   1.474592
539.558000   1.476097
539.559000   1.480002
539.560000   1.485955
539.561000   1.493576
539.562000   1.502484
539.563000   1.512239
539.564000   1.522229
539.565000   1.531598
539.566000   1.539333
539.567000   1.544519
539.568000   1.546554
539.569000   1.545219
539.570000   1.540635
539.571000   1.533187
539.572000   1.523404
539.573000   1.511851
539.574000   1.499121
539.575000   1.485905
539.576000   1.472995
539.577000   1.461145
539.578000   1.450893
539.579000   1.442551
539.580000   1.436320
539.581000   1.432337
539.582000   1.430609
539.583000   1.430933
539.584000   1.432913
539.585000   1.436103
539.586000   1.440154
539.587000   1.444887
539.588000   1.450229
539.589000   1.456058
539.590000   1.462160
539.591000   1.468282
539.592000   1.474100
539.593000   1.479166
539.594000   1.482997
539.595000   1.485234
539.596000   1.485731
539.597000   1.484585
539.598000   1.482123
539.599000   1.478843
539.600000   1.475290
539.601000   1.471861
539.602000   1.468693
539.603000   1.465734
539.604000   1.462901
539.605000   1.460164
539.606000   1.457554
539.607000   1.455150
539.608000   1.453084
539.609000   1.451554
539.610000   1.450802
539.611000   1.451011
539.612000   1.452154
539.613000   1.453944
539.614000   1.455952
539.615000   1.457773
539.616000   1.459140
539.617000   1.459958
539.618000   1.460300
539.619000   1.460354
539.620000   1.460314
539.621000   1.460273
539.622000   1.460229
539.623000   1.460183
539.624000   1.460203
539.625000   1.460410
539.626000   1.460984
539.627000   1.462185
539.628000   1.464346
539.629000   1.467813
539.630000   1.472844
539.631000   1.479528
539.632000   1.487763
539.633000   1.497317
539.634000   1.507909
539.635000   1.519226
539.636000   1.530902
539.637000   1.542487
539.638000   1.553522
539.639000   1.563612
539.640000   1.572415
539.641000   1.579511
539.642000   1.584364
539.643000   1.586464
539.644000   1.585526
539.645000   1.581603
539.646000   1.575074
539.647000   1.566515
539.648000   1.556527
539.649000   1.545672
539.650000   1.534471
539.651000   1.523408
539.652000   1.512954
539.653000   1.503582
539.654000   1.495756
539.655000   1.489898
539.656000   1.486367
539.657000   1.485446
539.658000   1.487290
539.659000   1.491836
539.660000   1.498735
539.661000   1.507372
539.662000   1.516978
539.663000   1.526781
539.664000   1.536125
539.665000   1.544543
539.666000   1.551828
539.667000   1.558108
539.668000   1.563820
539.669000   1.569464
539.670000   1.575216
539.671000   1.580823
539.672000   1.585881
539.673000   1.590122
539.674000   1.593479
539.675000   1.596035
539.676000   1.597964
539.677000   1.599495
539.678000   1.600865
539.679000   1.602260
539.680000   1.603755
539.681000   1.605256
539.682000   1.606464
539.683000   1.606947
539.684000   1.606294
539.685000   1.604216
539.686000   1.600590
539.687000   1.595480
539.688000   1.589128
539.689000   1.581870
539.690000   1.574026
539.691000   1.565866
539.692000   1.557598
539.693000   1.549299
539.694000   1.540963
539.695000   1.532671
539.696000   1.524700
539.697000   1.517474
539.698000   1.511387
539.699000   1.506591
539.700000   1.502981
539.701000   1.500411
539.702000   1.498858
539.703000   1.498406
539.704000   1.499107
539.705000   1.500938
539.706000   1.503899
539.707000   1.508047
539.708000   1.513387
539.709000   1.519753
539.710000   1.526818
539.711000   1.534204
539.712000   1.541574
539.713000   1.548673
539.714000   1.555313
539.715000   1.561289
539.716000   1.566327
539.717000   1.570104
539.718000   1.572251
539.719000   1.572332
539.720000   1.569932
539.721000   1.564811
539.722000   1.557002
539.723000   1.546838
539.724000   1.534936
539.725000   1.522149
539.726000   1.509406
539.727000   1.497420
539.728000   1.486448
539.729000   1.476391
539.730000   1.467071
