516.910000   2.084472
516.911000   2.081188
516.912000   2.075329
516.913000   2.067383
516.914000   2.058036
516.915000   2.048047
516.916000   2.038112
516.917000   2.028735
516.918000   2.020150
516.919000   2.012365
516.920000   2.005311
516.921000   1.998945
516.922000   1.993262
516.923000   1.988276
516.924000   1.984038
516.925000   1.980671
516.926000   1.978388
516.927000   1.977383
516.928000   1.977611
516.929000   1.978685
516.930000   1.980090
516.931000   1.981478
516.932000   1.982773
516.933000   1.984083
516.934000   1.985595
516.935000   1.987518
516.936000   1.990072
516.937000   1.993438
516.938000   1.997707
516.939000   2.002897
516.940000   2.008966
516.941000   2.015732
516.942000   2.022857
516.943000   2.029962
516.944000   2.036751
516.945000   2.043110
516.946000   2.049108
516.947000   2.054870
516.948000   2.060425
516.949000   2.065704
516.950000   2.070634
516.951000   2.075057
516.952000   2.078559
516.953000   2.080574
516.954000   2.080664
516.955000   2.078670
516.956000   2.074611
516.957000   2.068509
516.958000   2.060355
516.959000   2.050236
516.960000   2.038433
516.961000   2.025384
516.962000   2.011551
516.963000   1.997336
516.964000   1.983114
516.965000   1.969273
516.966000   1.956087
516.967000   1.943559
516.968000   1.931454
516.969000   1.919494
516.970000   1.907535
516.971000   1.895649
516.972000   1.884165
516.973000   1.873601
516.974000   1.864507
516.975000   1.857253
516.976000   1.851907
516.977000   1.848299
516.978000   1.846204
516.979000   1.845457
516.980000   1.845981
516.981000   1.847791
516.982000   1.851003
516.983000   1.855837
516.984000   1.862542
516.985000   1.871186
516.986000   1.881465
516.987000   1.892716
516.988000   1.904109
516.989000   1.914803
516.990000   1.924039
516.991000   1.931198
516.992000   1.935852
516.993000   1.937790
516.994000   1.936999
516.995000   1.933580
516.996000   1.927710
516.997000   1.919687
516.998000   1.909923
516.999000   1.898889
517.000000   1.887131
517.001000   1.875355
517.002000   1.864397
517.003000   1.855033
517.004000   1.847721
517.005000   1.842412
517.006000   1.838608
517.007000   1.835630
517.008000   1.832857
517.009000   1.829811
517.010000   1.826123
517.011000   1.821489
517.012000   1.815724
517.013000   1.808800
517.014000   1.800767
517.015000   1.791655
517.016000   1.781547
517.017000   1.770739
517.018000   1.759822
517.019000   1.749648
517.020000   1.741208
517.021000   1.735403
517.022000   1.732791
517.023000   1.733429
517.024000   1.736913
517.025000   1.742591
517.026000   1.749807
517.027000   1.758039
517.028000   1.766908
517.029000   1.776144
517.030000   1.785561
517.031000   1.795047
517.032000   1.804537
517.033000   1.813944
517.034000   1.823071
517.035000   1.831651
517.036000   1.839508
517.037000   1.846659
517.038000   1.853254
517.039000   1.859421
517.040000   1.865152
517.041000   1.870301
517.042000   1.874660
517.043000   1.878003
517.044000   1.880093
517.045000   1.880734
517.046000   1.879824
517.047000   1.877345
517.048000   1.873345
517.049000   1.867974
517.050000   1.861544
517.051000   1.854599
517.052000   1.847918
517.053000   1.842424
517.054000   1.838992
517.055000   1.838286
517.056000   1.840618
517.057000   1.845818
517.058000   1.853216
517.059000   1.861814
517.060000   1.870577
517.061000   1.878651
517.062000   1.885433
517.063000   1.890490
517.064000   1.893470
517.065000   1.894174
517.066000   1.892685
517.067000   1.889389
517.068000   1.884882
517.069000   1.879888
517.070000   1.875254
517.071000   1.871935
517.072000   1.870819
517.073000   1.872473
517.074000   1.877048
517.075000   1.884366
517.076000   1.894028
517.077000   1.905528
517.078000   1.918321
517.079000   1.931830
517.080000   1.945429
517.081000   1.958473
517.082000   1.970319
517.083000   1.980343
517.084000   1.987998
517.085000   1.992910
517.086000   1.994954
517.087000   1.994280
517.088000   1.991317
517.089000   1.986708
517.090000   1.981191
517.091000   1.975393
517.092000   1.969566
517.093000   1.963458
517.094000   1.956501
517.095000   1.948108
517.096000   1.937892
517.097000   1.925776
517.098000   1.912014
517.099000   1.897116
517.100000   1.881677
517.101000   1.866172
517.102000   1.850893
517.103000   1.836088
517.104000   1.822147
517.105000   1.809671
517.106000   1.799418
517.107000   1.792193
517.108000   1.788710
517.109000   1.789421
517.110000   1.794323
517.111000   1.802823
517.112000   1.813834
517.113000   1.826079
517.114000   1.838361
517.115000   1.849697
517.116000   1.859358
517.117000   1.866898
517.118000   1.872171
517.119000   1.875288
517.120000   1.876472
517.121000   1.875894
517.122000   1.873656
517.123000   1.869919
517.124000   1.864973
517.125000   1.859170
517.126000   1.852821
517.127000   1.846149
517.128000   1.839313
517.129000   1.832456
517.130000   1.825672
517.131000   1.818921
517.132000   1.812002
517.133000   1.804658
517.134000   1.796695
517.135000   1.788064
517.136000   1.778897
517.137000   1.769524
517.138000   1.760484
517.139000   1.752473
517.140000   1.746153
517.141000   1.741863
517.142000   1.739481
517.143000   1.738595
517.144000   1.738757
517.145000   1.739642
517.146000   1.741088
517.147000   1.743080
517.148000   1.745731
517.149000   1.749213
517.150000   1.753658
517.151000   1.759059
517.152000   1.765237
517.153000   1.771903
517.154000   1.778765
517.155000   1.785625
517.156000   1.792431
517.157000   1.799283
517.158000   1.806424
517.159000   1.814192
517.160000   1.822901
517.161000   1.832706
517.162000   1.843515
517.163000   1.854975
517.164000   1.866511
517.165000   1.877473
517.166000   1.887319
517.167000   1.895754
517.168000   1.902754
517.169000   1.908494
517.170000   1.913202
517.171000   1.917076
517.172000   1.920313
517.173000   1.923096
517.174000   1.925509
517.175000   1.927523
517.176000   1.929161
517.177000   1.930616
517.178000   1.932175
517.179000   1.933975
517.180000   1.935809
517.181000   1.937136
517.182000   1.937313
517.183000   1.935827
517.184000   1.932378
517.185000   1.926865
517.186000   1.919376
517.187000   1.910226
517.188000   1.899902
517.189000   1.888907
517.190000   1.877616
517.191000   1.866287
517.192000   1.855143
517.193000   1.844437
517.194000   1.834500
517.195000   1.825776
517.196000   1.818817
517.197000   1.814194
517.198000   1.812358
517.199000   1.813556
517.200000   1.817865
517.201000   1.825257
517.202000   1.835627
517.203000   1.848778
517.204000   1.864427
517.205000   1.882239
517.206000   1.901875
517.207000   1.922963
517.208000   1.944954
517.209000   1.966993
517.210000   1.988021
517.211000   2.007038
517.212000   2.023316
517.213000   2.036483
517.214000   2.046502
517.215000   2.053554
517.216000   2.057845
517.217000   2.059436
517.218000   2.058280
517.219000   2.054324
517.220000   2.047504
517.221000   2.037837
517.222000   2.025626
517.223000   2.011516
517.224000   1.996373
517.225000   1.981108
517.226000   1.966544
517.227000   1.953360
517.228000   1.942099
517.229000   1.933183
517.230000   1.926829
517.231000   1.922964
517.232000   1.921244
517.233000   1.921171
517.234000   1.922146
517.235000   1.923478
517.236000   1.924405
517.237000   1.924161
517.238000   1.922143
517.239000   1.918103
517.240000   1.912237
517.241000   1.905007
517.242000   1.896842
517.243000   1.888148
517.244000   1.879492
517.245000   1.871616
517.246000   1.865303
517.247000   1.861272
517.248000   1.860113
517.249000   1.862259
517.250000   1.867977
517.251000   1.877357
517.252000   1.890208
517.253000   1.905904
517.254000   1.923427
517.255000   1.941583
517.256000   1.959145
517.257000   1.974923
517.258000   1.987835
517.259000   1.997002
517.260000   2.001859
517.261000   2.002258
517.262000   1.998512
517.263000   1.991290
517.264000   1.981386
517.265000   1.969551
517.266000   1.956473
517.267000   1.942813
517.268000   1.929201
517.269000   1.916192
517.270000   1.904233
517.271000   1.893656
517.272000   1.884708
517.273000   1.877576
517.274000   1.872361
517.275000   1.869014
517.276000   1.867261
517.277000   1.866614
517.278000   1.866494
517.279000   1.866385
517.280000   1.865947
517.281000   1.865075
517.282000   1.863910
517.283000   1.862793
517.284000   1.862117
517.285000   1.862113
517.286000   1.862680
517.287000   1.863383
517.288000   1.863598
517.289000   1.862710
517.290000   1.860260
517.291000   1.856033
517.292000   1.850088
517.293000   1.842721
517.294000   1.834374
517.295000   1.825529
517.296000   1.816669
517.297000   1.808342
517.298000   1.801211
517.299000   1.796020
517.300000   1.793501
517.301000   1.794312
517.302000   1.798985
517.303000   1.807831
517.304000   1.820800
517.305000   1.837386
517.306000   1.856680
517.307000   1.877539
517.308000   1.898761
517.309000   1.919178
517.310000   1.937684
517.311000   1.953272
517.312000   1.965115
517.313000   1.972644
517.314000   1.975538
517.315000   1.973698
517.316000   1.967304
517.317000   1.956913
517.318000   1.943464
517.319000   1.928186
517.320000   1.912410
517.321000   1.897353
517.322000   1.883930
517.323000   1.872640
517.324000   1.863571
517.325000   1.856560
517.326000   1.851402
517.327000   1.847991
517.328000   1.846367
517.329000   1.846702
517.330000   1.849242
517.331000   1.854210
517.332000   1.861696
517.333000   1.871579
517.334000   1.883566
517.335000   1.897330
517.336000   1.912612
517.337000   1.929221
517.338000   1.946952
517.339000   1.965502
517.340000   1.984423
517.341000   2.003080
517.342000   2.020600
517.343000   2.035892
517.344000   2.047822
517.345000   2.055449
517.346000   2.058159
517.347000   2.055712
517.348000   2.048244
517.349000   2.036284
517.350000   2.020737
517.351000   2.002812
517.352000   1.983848
517.353000   1.965061
517.354000   1.947324
517.355000   1.931084
517.356000   1.916418
517.357000   1.903159
517.358000   1.891032
517.359000   1.879789
517.360000   1.869315
517.361000   1.859652
517.362000   1.850934
517.363000   1.843247
517.364000   1.836512
517.365000   1.830504
517.366000   1.824967
517.367000   1.819746
517.368000   1.814854
517.369000   1.810475
517.370000   1.806926
517.371000   1.804578
517.372000   1.803728
517.373000   1.804480
517.374000   1.806681
517.375000   1.809929
517.376000   1.813620
517.377000   1.817106
517.378000   1.819897
517.379000   1.821771
517.380000   1.822781
517.381000   1.823188
517.382000   1.823347
517.383000   1.823625
517.384000   1.824381
517.385000   1.825981
517.386000   1.828733
517.387000   1.832800
517.388000   1.838206
517.389000   1.844931
517.390000   1.852951
517.391000   1.862152
517.391000   1.862152
517.392000   1.872194
517.393000   1.882460
517.394000   1.892193
517.395000   1.900702
517.396000   1.907494
517.397000   1.912230
517.398000   1.914624
517.399000   1.914460
517.400000   1.911699
517.401000   1.906541
517.402000   1.899377
517.403000   1.890703
517.404000   1.881085
517.405000   1.871162
517.406000   1.861626
517.407000   1.853175
517.408000   1.846421
517.409000   1.841786
517.410000   1.839428
517.411000   1.839255
517.412000   1.840981
517.413000   1.844201
517.414000   1.848514
517.415000   1.853618
517.416000   1.859355
517.417000   1.865709
517.418000   1.872798
517.419000   1.880856
517.420000   1.890176
517.421000   1.900988
517.422000   1.913337
517.423000   1.927067
517.424000   1.941931
517.425000   1.957696
517.426000   1.974153
517.427000   1.991071
517.428000   2.008159
517.429000   2.025053
517.430000   2.041343
517.431000   2.056591
517.432000   2.070346
517.433000   2.082165
517.434000   2.091639
517.435000   2.098419
517.436000   2.102251
517.437000   2.103042
517.438000   2.100943
517.439000   2.096377
517.440000   2.089993
517.441000   2.082501
517.442000   2.074492
517.443000   2.066397
517.444000   2.058563
517.445000   2.051302
517.446000   2.044884
517.447000   2.039545
517.448000   2.035516
517.449000   2.033015
517.450000   2.032145
517.451000   2.032783
517.452000   2.034570
517.453000   2.037030
517.454000   2.039689
517.455000   2.042108
517.456000   2.043878
517.457000   2.044624
517.458000   2.044041
517.459000   2.041943
517.460000   2.038220
517.461000   2.032774
517.462000   2.025520
517.463000   2.016429
517.464000   2.005590
517.465000   1.993263
517.466000   1.979892
517.467000   1.966064
517.468000   1.952401
517.469000   1.939434
517.470000   1.927534
517.471000   1.916923
517.472000   1.907732
517.473000   1.900049
517.474000   1.893943
517.475000   1.889506
517.476000   1.886891
517.477000   1.886329
517.478000   1.888058
517.479000   1.892172
517.480000   1.898508
517.481000   1.906669
517.482000   1.916150
517.483000   1.926436
517.484000   1.937057
517.485000   1.947613
517.486000   1.957789
517.487000   1.967351
517.488000   1.976116
517.489000   1.983867
517.490000   1.990274
517.491000   1.994907
517.492000   1.997355
517.493000   1.997366
517.494000   1.994921
517.495000   1.990243
517.496000   1.983763
517.497000   1.976052
517.498000   1.967700
517.499000   1.959155
517.500000   1.950615
517.501000   1.942090
517.502000   1.933588
517.503000   1.925244
517.504000   1.917334
517.505000   1.910206
517.506000   1.904206
517.507000   1.899638
517.508000   1.896729
517.509000   1.895593
517.510000   1.896178
517.511000   1.898250
517.512000   1.901479
517.513000   1.905523
517.514000   1.910074
517.515000   1.914856
517.516000   1.919625
517.517000   1.924197
517.518000   1.928467
517.519000   1.932343
517.520000   1.935633
517.521000   1.938058
517.522000   1.939407
517.523000   1.939653
517.524000   1.938975
517.525000   1.937723
517.526000   1.936371
517.527000   1.935482
517.528000   1.935641
517.529000   1.937354
517.530000   1.940932
517.531000   1.946451
517.532000   1.953774
517.533000   1.962570
517.534000   1.972318
517.535000   1.982331
517.536000   1.991815
517.537000   1.999953
517.538000   2.005978
517.539000   2.009217
517.540000   2.009099
517.541000   2.005185
517.542000   1.997259
517.543000   1.985417
517.544000   1.970113
517.545000   1.952131
517.546000   1.932517
517.547000   1.912472
517.548000   1.893199
517.549000   1.875702
517.550000   1.860659
517.551000   1.848462
517.552000   1.839374
517.553000   1.833635
517.554000   1.831507
517.555000   1.833241
517.556000   1.839022
517.557000   1.848853
517.558000   1.862469
517.559000   1.879352
517.560000   1.898831
517.561000   1.920159
517.562000   1.942543
517.563000   1.965149
517.564000   1.987117
517.565000   2.007569
517.566000   2.025561
517.567000   2.040025
517.568000   2.049798
517.569000   2.053760
517.570000   2.051030
517.571000   2.041130
517.572000   2.024099
517.573000   2.000537
517.574000   1.971541
517.575000   1.938553
517.576000   1.903168
517.577000   1.867007
517.578000   1.831638
517.579000   1.798524
517.580000   1.768959
517.581000   1.744017
517.582000   1.724529
517.583000   1.711065
517.584000   1.703914
517.585000   1.703044
517.586000   1.708081
517.587000   1.718333
517.588000   1.732843
517.589000   1.750458
517.590000   1.769892
517.591000   1.789815
517.592000   1.808942
517.593000   1.826095
517.594000   1.840234
517.595000   1.850476
517.596000   1.856159
517.597000   1.856946
517.598000   1.852909
517.599000   1.844549
517.600000   1.832742
517.601000   1.818615
517.602000   1.803402
517.603000   1.788303
517.604000   1.774374
517.605000   1.762416
517.606000   1.752923
517.607000   1.746099
517.608000   1.741946
517.609000   1.740355
517.610000   1.741178
517.611000   1.744253
517.612000   1.749371
517.613000   1.756246
517.614000   1.764495
517.615000   1.773662
517.616000   1.783274
517.617000   1.792940
517.618000   1.802431
517.619000   1.811732
517.620000   1.821024
517.621000   1.830604
517.622000   1.840739
517.623000   1.851501
517.624000   1.862655
517.625000   1.873672
517.626000   1.883882
517.627000   1.892653
517.628000   1.899516
517.629000   1.904205
517.630000   1.906644
517.631000   1.906915
517.632000   1.905220
517.633000   1.901853
517.634000   1.897154
517.635000   1.891508
517.636000   1.885354
517.637000   1.879212
517.638000   1.873651
517.639000   1.869222
517.640000   1.866380
517.641000   1.865426
517.642000   1.866450
517.643000   1.869284
517.644000   1.873506
517.645000   1.878545
517.646000   1.883829
517.647000   1.888864
517.648000   1.893248
517.649000   1.896665
517.650000   1.898906
517.651000   1.899901
517.652000   1.899729
517.653000   1.898593
517.654000   1.896771
517.655000   1.894601
517.656000   1.892452
517.657000   1.890683
517.658000   1.889570
517.659000   1.889290
517.660000   1.889953
517.661000   1.891634
517.662000   1.894359
517.663000   1.898030
517.664000   1.902418
517.665000   1.907214
517.666000   1.912117
517.667000   1.916892
517.668000   1.921414
517.669000   1.925689
517.670000   1.929863
517.671000   1.934172
517.672000   1.938851
517.673000   1.944031
517.674000   1.949690
517.675000   1.955653
517.676000   1.961588
517.677000   1.967020
517.678000   1.971372
517.679000   1.974071
517.680000   1.974664
517.681000   1.972887
517.682000   1.968650
517.683000   1.961947
517.684000   1.952795
517.685000   1.941253
517.686000   1.927496
517.687000   1.911862
517.688000   1.894865
517.689000   1.877179
517.690000   1.859593
517.691000   1.842929
517.692000   1.827902
517.693000   1.814984
517.694000   1.804367
517.695000   1.796039
517.696000   1.789907
517.697000   1.785904
517.698000   1.784040
517.699000   1.784405
517.700000   1.787133
517.701000   1.792340
517.702000   1.800076
517.703000   1.810294
517.704000   1.822825
517.705000   1.837344
517.706000   1.853376
517.707000   1.870380
517.708000   1.887845
517.709000   1.905325
517.710000   1.922416
517.711000   1.938697
517.712000   1.953672
517.713000   1.966772
517.714000   1.977408
517.715000   1.985043
517.716000   1.989242
517.717000   1.989733
517.718000   1.986466
517.719000   1.979665
517.720000   1.969817
517.721000   1.957606
517.722000   1.943827
517.723000   1.929331
517.724000   1.915022
517.725000   1.901848
517.726000   1.890748
517.727000   1.882573
517.728000   1.877991
517.729000   1.877444
517.730000   1.881125
517.731000   1.888962
517.732000   1.900611
517.733000   1.915471
517.734000   1.932726
517.735000   1.951388
517.736000   1.970340
517.737000   1.988398
517.738000   2.004387
517.739000   2.017234
517.740000   2.026044
517.741000   2.030165
517.742000   2.029245
517.743000   2.023290
517.744000   2.012681
517.745000   1.998137
517.746000   1.980629
517.747000   1.961267
517.748000   1.941184
517.749000   1.921421
517.750000   1.902825
517.751000   1.885992
517.752000   1.871293
517.753000   1.858960
517.754000   1.849173
517.755000   1.842103
517.756000   1.837915
517.757000   1.836746
517.758000   1.838688
517.759000   1.843757
517.760000   1.851852
517.761000   1.862720
517.762000   1.875977
517.763000   1.891177
517.764000   1.907867
517.765000   1.925611
517.766000   1.943981
517.767000   1.962541
517.768000   1.980821
517.769000   1.998271
517.770000   2.014243
517.771000   2.028039
517.772000   2.039052
517.773000   2.046887
517.774000   2.051418
517.775000   2.052775
517.776000   2.051305
517.777000   2.047533
517.778000   2.042122
517.779000   2.035794
517.780000   2.029248
517.781000   2.023083
517.782000   2.017763
517.783000   2.013606
517.784000   2.010774
517.785000   2.009251
517.786000   2.008842
517.787000   2.009187
517.788000   2.009791
517.789000   2.010037
517.790000   2.009199
517.791000   2.006499
517.792000   2.001218
517.793000   1.992813
517.794000   1.980996
517.795000   1.965764
517.796000   1.947399
517.797000   1.926451
517.798000   1.903668
517.799000   1.879872
517.800000   1.855837
517.801000   1.832221
517.802000   1.809574
517.803000   1.788355
517.804000   1.768958
517.805000   1.751723
517.806000   1.736934
517.807000   1.724813
517.808000   1.715494
517.809000   1.708979
517.810000   1.705096
517.811000   1.703526
517.812000   1.703866
517.813000   1.705707
517.814000   1.708685
517.815000   1.712509
517.816000   1.716956
517.817000   1.721803
517.818000   1.726703
517.819000   1.731039
517.820000   1.733922
517.821000   1.734369
517.822000   1.731550
517.823000   1.724947
517.824000   1.714434
517.825000   1.700259
517.826000   1.682978
517.827000   1.663347
517.828000   1.642204
517.829000   1.620385
517.830000   1.598682
517.831000   1.577843
517.832000   1.558552
517.833000   1.541411
517.834000   1.526905
517.835000   1.515374
517.836000   1.507002
517.837000   1.501817
517.838000   1.499672
517.839000   1.500236
517.840000   1.503048
517.841000   1.507639
517.842000   1.513635
517.843000   1.520805
517.844000   1.529060
517.845000   1.538436
517.846000   1.549052
517.847000   1.561033
517.848000   1.574399
517.849000   1.589002
517.850000   1.604541
517.851000   1.620626
517.852000   1.636806
517.853000   1.652583
517.854000   1.667415
517.855000   1.680745
517.856000   1.692046
517.857000   1.700870
517.858000   1.706882
517.859000   1.709917
517.860000   1.710039
517.861000   1.707590
517.862000   1.703165
517.863000   1.697554
517.864000   1.691691
517.865000   1.686608
517.866000   1.683377
517.867000   1.682974
517.868000   1.686094
517.869000   1.693026
517.870000   1.703707
517.871000   1.717823
517.872000   1.734891
517.873000   1.754282
517.874000   1.775262
517.875000   1.797045
517.876000   1.818846
517.877000   1.839889
517.878000   1.859387
517.879000   1.876601
517.880000   1.890955
517.881000   1.902136
517.882000   1.910118
517.883000   1.915144
517.884000   1.917672
517.885000   1.918309
517.886000   1.917720
517.887000   1.916534
517.888000   1.915265
517.889000   1.914281
517.890000   1.913818
517.891000   1.914020
517.891000   1.914020
517.892000   1.914994
517.893000   1.916858
517.894000   1.919773
517.895000   1.923910
517.896000   1.929338
517.897000   1.935901
517.898000   1.943193
517.899000   1.950695
517.900000   1.957944
517.901000   1.964647
517.902000   1.970733
517.903000   1.976356
517.904000   1.981853
517.905000   1.987619
517.906000   1.993940
517.907000   2.000847
517.908000   2.008116
517.909000   2.015383
517.910000   2.022247
517.911000   2.028331
517.912000   2.033309
517.913000   2.036923
517.914000   2.038993
517.915000   2.039384
517.916000   2.037920
517.917000   2.034327
517.918000   2.028287
517.919000   2.019575
517.920000   2.008192
517.921000   1.994436
517.922000   1.978907
517.923000   1.962456
517.924000   1.946051
517.925000   1.930608
517.926000   1.916868
517.927000   1.905378
517.928000   1.896549
517.929000   1.890686
517.930000   1.887987
517.931000   1.888517
517.932000   1.892199
517.933000   1.898802
517.934000   1.907915
517.935000   1.918899
517.936000   1.930856
517.937000   1.942700
517.938000   1.953308
517.939000   1.961691
517.940000   1.967111
517.941000   1.969158
517.942000   1.967776
517.943000   1.963221
517.944000   1.955922
517.945000   1.946311
517.946000   1.934778
517.947000   1.921789
517.948000   1.907991
517.949000   1.894214
517.950000   1.881394
517.951000   1.870488
517.952000   1.862378
517.953000   1.857774
517.954000   1.857123
517.955000   1.860513
517.956000   1.867643
517.957000   1.877884
517.958000   1.890385
517.959000   1.904171
517.960000   1.918234
517.961000   1.931622
517.962000   1.943531
517.963000   1.953368
517.964000   1.960710
517.965000   1.965149
517.966000   1.966260
517.967000   1.963767
517.968000   1.957706
517.969000   1.948441
517.970000   1.936588
517.971000   1.922943
517.972000   1.908422
517.973000   1.893984
517.974000   1.880482
517.975000   1.868493
517.976000   1.858286
517.977000   1.849965
517.978000   1.843587
517.979000   1.839190
517.980000   1.836755
517.981000   1.836211
517.982000   1.837457
517.983000   1.840388
517.984000   1.844805
517.985000   1.850277
517.986000   1.856169
517.987000   1.861832
517.988000   1.866747
517.989000   1.870569
517.990000   1.873138
517.991000   1.874492
517.992000   1.874849
517.993000   1.874468
517.994000   1.873350
517.995000   1.871082
517.996000   1.867053
517.997000   1.860772
517.998000   1.852010
517.999000   1.840803
518.000000   1.827426
518.001000   1.812363
518.002000   1.796250
518.003000   1.779784
518.004000   1.763604
518.005000   1.748257
518.006000   1.734244
518.007000   1.722040
518.008000   1.712053
518.009000   1.704595
518.010000   1.699864
518.011000   1.697948
518.012000   1.698816
518.013000   1.702219
518.014000   1.707548
518.015000   1.713828
518.016000   1.719925
518.017000   1.724784
518.018000   1.727561
518.019000   1.727690
518.020000   1.724941
518.021000   1.719462
518.022000   1.711732
518.023000   1.702352
518.024000   1.691860
518.025000   1.680784
518.026000   1.669790
518.027000   1.659692
518.028000   1.651349
518.029000   1.645545
518.030000   1.642886
518.031000   1.643762
518.032000   1.648351
518.033000   1.656622
518.034000   1.668303
518.035000   1.682849
518.036000   1.699488
518.037000   1.717291
518.038000   1.735260
518.039000   1.752397
518.040000   1.767805
518.041000   1.780789
518.042000   1.790932
518.043000   1.798006
518.044000   1.801744
518.045000   1.801798
518.046000   1.797989
518.047000   1.790501
518.048000   1.779861
518.049000   1.766838
518.050000   1.752345
518.051000   1.737363
518.052000   1.722862
518.053000   1.709680
518.054000   1.698415
518.055000   1.689398
518.056000   1.682722
518.057000   1.678278
518.058000   1.675805
518.059000   1.674963
518.060000   1.675415
518.061000   1.676918
518.062000   1.679374
518.063000   1.682802
518.064000   1.687195
518.065000   1.692347
518.066000   1.697818
518.067000   1.703083
518.068000   1.707735
518.069000   1.711591
518.070000   1.714698
518.071000   1.717306
518.072000   1.719785
518.073000   1.722536
518.074000   1.725908
518.075000   1.730193
518.076000   1.735629
518.077000   1.742346
518.078000   1.750307
518.079000   1.759359
518.080000   1.769324
518.081000   1.780050
518.082000   1.791392
518.083000   1.803157
518.084000   1.815094
518.085000   1.826947
518.086000   1.838539
518.087000   1.849753
518.088000   1.860424
518.089000   1.870305
518.090000   1.879211
518.091000   1.887125
518.092000   1.894168
518.093000   1.900494
518.094000   1.906197
518.095000   1.911297
518.096000   1.915793
518.097000   1.919731
518.098000   1.923223
518.099000   1.926372
518.100000   1.929190
518.101000   1.931617
518.102000   1.933581
518.103000   1.935008
518.104000   1.935811
518.105000   1.935947
518.106000   1.935508
518.107000   1.934778
518.108000   1.934235
518.109000   1.934468
518.110000   1.936001
518.111000   1.939149
518.112000   1.944036
518.113000   1.950695
518.114000   1.959082
518.115000   1.969067
518.116000   1.980438
518.117000   1.992912
518.118000   2.006170
518.119000   2.019907
518.120000   2.033873
518.121000   2.047788
518.122000   2.061148
518.123000   2.073172
518.124000   2.083031
518.125000   2.090091
518.126000   2.094017
518.127000   2.094787
518.128000   2.092663
518.129000   2.088146
518.130000   2.081907
518.131000   2.074654
518.132000   2.066991
518.133000   2.059325
518.134000   2.051889
518.135000   2.044792
518.136000   2.038050
518.137000   2.031613
518.138000   2.025397
518.139000   2.019330
518.140000   2.013403
518.141000   2.007703
518.142000   2.002411
518.143000   1.997692
518.144000   1.993523
518.145000   1.989676
518.146000   1.985897
518.147000   1.982100
518.148000   1.978404
518.149000   1.975072
518.150000   1.972423
518.151000   1.970740
518.152000   1.970189
518.153000   1.970766
518.154000   1.972289
518.155000   1.974426
518.156000   1.976735
518.157000   1.978685
518.158000   1.979677
518.159000   1.979109
518.160000   1.976455
518.161000   1.971314
518.162000   1.963440
518.163000   1.952759
518.164000   1.939402
518.165000   1.923743
518.166000   1.906413
518.167000   1.888188
518.168000   1.869776
518.169000   1.851738
518.170000   1.834585
518.171000   1.818821
518.172000   1.804862
518.173000   1.792943
518.174000   1.783076
518.175000   1.775079
518.176000   1.768654
518.177000   1.763464
518.178000   1.759155
518.179000   1.755266
518.180000   1.751140
518.181000   1.746032
518.182000   1.739328
518.183000   1.730660
518.184000   1.719921
518.185000   1.707240
518.186000   1.692969
518.187000   1.677651
518.188000   1.661979
518.189000   1.646673
518.190000   1.632321
518.191000   1.619314
518.192000   1.607921
518.193000   1.598364
518.194000   1.590832
518.195000   1.585469
518.196000   1.582366
518.197000   1.581556
518.198000   1.583035
518.199000   1.586795
518.200000   1.592831
518.201000   1.601057
518.202000   1.611152
518.203000   1.622587
518.204000   1.634850
518.205000   1.647591
518.206000   1.660616
518.207000   1.673805
518.208000   1.687033
518.209000   1.700123
518.210000   1.712843
518.211000   1.724939
518.212000   1.736167
518.213000   1.746321
518.214000   1.755230
518.215000   1.762762
518.216000   1.768825
518.217000   1.773361
518.218000   1.776341
518.219000   1.777744
518.220000   1.777550
518.221000   1.775752
518.222000   1.772386
518.223000   1.767586
518.224000   1.761644
518.225000   1.755061
518.226000   1.748503
518.227000   1.742592
518.228000   1.737677
518.229000   1.733866
518.230000   1.731203
518.231000   1.729765
518.232000   1.729636
518.233000   1.730865
518.234000   1.733434
518.235000   1.737251
518.236000   1.742155
518.237000   1.747939
518.238000   1.754375
518.239000   1.761245
518.240000   1.768346
518.241000   1.775464
518.242000   1.782325
518.243000   1.788585
518.244000   1.793848
518.245000   1.797724
518.246000   1.799910
518.247000   1.800266
518.248000   1.798867
518.249000   1.796034
518.250000   1.792357
518.251000   1.788677
518.252000   1.785976
518.253000   1.785050
518.254000   1.786213
518.255000   1.789397
518.256000   1.794474
518.257000   1.801392
518.258000   1.810134
518.259000   1.820627
518.260000   1.832684
518.261000   1.845998
518.262000   1.860202
518.263000   1.874969
518.264000   1.889984
518.265000   1.904632
518.266000   1.917865
518.267000   1.928670
518.268000   1.936422
518.269000   1.940893
518.270000   1.942159
518.271000   1.940507
518.272000   1.936369
518.273000   1.930286
518.274000   1.922897
518.275000   1.914991
518.276000   1.907524
518.277000   1.901339
518.278000   1.896711
518.279000   1.893502
518.280000   1.891544
518.281000   1.890726
518.282000   1.890939
518.283000   1.892038
518.284000   1.893858
518.285000   1.896292
518.286000   1.899440
518.287000   1.903708
518.288000   1.909348
518.289000   1.915596
518.290000   1.921094
518.291000   1.924768
518.292000   1.925921
518.293000   1.924054
518.294000   1.918771
518.295000   1.909777
518.296000   1.896954
518.297000   1.880480
518.298000   1.860944
518.299000   1.839320
518.300000   1.816539
518.301000   1.793122
518.302000   1.769467
518.303000   1.746123
518.304000   1.723752
518.305000   1.703012
518.306000   1.684490
518.307000   1.668692
518.308000   1.656108
518.309000   1.647335
518.310000   1.643113
518.311000   1.643870
518.312000   1.649138
518.313000   1.658006
518.314000   1.669647
518.315000   1.683333
518.316000   1.698338
518.317000   1.713913
518.318000   1.729338
518.319000   1.744044
518.320000   1.757753
518.321000   1.770428
518.322000   1.781763
518.323000   1.790944
518.324000   1.797211
518.325000   1.800238
518.326000   1.800127
518.327000   1.797295
518.328000   1.792384
518.329000   1.786207
518.330000   1.779737
518.331000   1.774118
518.332000   1.770497
518.333000   1.769434
518.334000   1.770681
518.335000   1.773769
518.336000   1.778348
518.337000   1.784174
518.338000   1.791034
518.339000   1.798703
518.340000   1.806952
518.341000   1.815584
518.342000   1.824491
518.343000   1.833603
518.344000   1.842587
518.345000   1.850652
518.346000   1.856924
518.347000   1.860782
518.348000   1.861869
518.349000   1.860018
518.350000   1.855198
518.351000   1.847497
518.352000   1.837119
518.353000   1.824428
518.354000   1.810028
518.355000   1.794837
518.356000   1.779922
518.357000   1.766096
518.358000   1.753833
518.359000   1.743575
518.360000   1.735861
518.361000   1.731237
518.362000   1.730128
518.363000   1.732749
518.364000   1.739066
518.365000   1.748838
518.366000   1.761711
518.367000   1.777353
518.368000   1.795436
518.369000   1.815302
518.370000   1.835789
518.371000   1.855595
518.372000   1.873576
518.373000   1.888799
518.374000   1.900559
518.375000   1.908421
518.376000   1.912248
518.377000   1.912217
518.378000   1.908794
518.379000   1.902715
518.380000   1.894920
518.381000   1.886439
518.382000   1.878141
518.383000   1.870558
518.384000   1.863997
518.385000   1.858687
518.386000   1.854775
518.387000   1.852298
518.388000   1.851173
518.389000   1.851231
518.390000   1.852268
518.391000   1.854140
518.391000   1.854140
518.392000   1.856890
518.393000   1.860803
518.394000   1.866096
518.395000   1.872439
518.396000   1.879190
518.397000   1.885888
518.398000   1.892313
518.399000   1.898341
518.400000   1.903814
518.401000   1.908484
518.402000   1.912026
518.403000   1.914102
518.404000   1.914474
518.405000   1.913126
518.406000   1.910261
518.407000   1.906054
518.408000   1.900496
518.409000   1.893618
518.410000   1.885641
518.411000   1.876943
518.412000   1.867981
518.413000   1.859247
518.414000   1.851257
518.415000   1.844541
518.416000   1.839673
518.417000   1.837306
518.418000   1.838194
518.419000   1.843032
518.420000   1.852065
518.421000   1.864982
518.422000   1.881306
518.423000   1.900640
518.424000   1.922660
518.425000   1.947025
518.426000   1.973312
518.427000   2.000976
518.428000   2.029342
518.429000   2.057648
518.430000   2.085142
518.431000   2.111210
518.432000   2.135348
518.433000   2.156919
518.434000   2.175138
518.435000   2.189396
518.436000   2.199432
518.437000   2.205277
518.438000   2.207118
518.439000   2.205198
518.440000   2.199779
518.441000   2.191175
518.442000   2.179858
518.443000   2.166569
518.444000   2.152274
518.445000   2.137859
518.446000   2.123860
518.447000   2.110616
518.448000   2.098487
518.449000   2.087862
518.450000   2.079096
518.451000   2.072489
518.452000   2.068285
518.453000   2.066699
518.454000   2.067914
518.455000   2.072079
518.456000   2.079234
518.457000   2.089104
518.458000   2.100907
518.459000   2.113473
518.460000   2.125551
518.461000   2.135999
518.462000   2.143857
518.463000   2.148381
518.464000   2.149059
518.465000   2.145632
518.466000   2.138090
518.467000   2.126654
518.468000   2.111774
518.469000   2.094147
518.470000   2.074756
518.471000   2.054785
518.472000   2.035268
518.473000   2.016747
518.474000   1.999426
518.475000   1.983419
518.476000   1.968778
518.477000   1.955458
518.478000   1.943359
518.479000   1.932429
518.480000   1.922791
518.481000   1.914789
518.482000   1.908808
518.483000   1.904877
518.484000   1.902652
518.485000   1.901791
518.486000   1.902081
518.487000   1.903353
518.488000   1.905416
518.489000   1.908024
518.490000   1.910867
518.491000   1.913562
518.492000   1.915706
518.493000   1.916989
518.494000   1.917260
518.495000   1.916330
518.496000   1.913639
518.497000   1.908413
518.498000   1.900083
518.499000   1.888477
518.500000   1.873805
518.501000   1.856601
518.502000   1.837683
518.503000   1.818125
518.504000   1.799178
518.505000   1.782000
518.506000   1.767225
518.507000   1.754908
518.508000   1.744850
518.509000   1.736774
518.510000   1.730333
518.511000   1.725107
518.512000   1.720637
518.513000   1.716495
518.514000   1.712385
518.515000   1.708200
518.516000   1.703857
518.517000   1.698937
518.518000   1.692738
518.519000   1.684717
518.520000   1.674715
518.521000   1.662936
518.522000   1.649855
518.523000   1.636128
518.524000   1.622513
518.525000   1.609795
518.526000   1.598712
518.527000   1.589841
518.528000   1.583402
518.529000   1.579265
518.530000   1.577173
518.531000   1.576907
518.532000   1.578313
518.533000   1.581286
518.534000   1.585770
518.535000   1.591799
518.536000   1.599576
518.537000   1.609449
518.538000   1.621452
518.539000   1.634871
518.540000   1.648721
518.541000   1.662306
518.542000   1.675231
518.543000   1.687232
518.544000   1.698062
518.545000   1.707481
518.546000   1.715347
518.547000   1.721659
518.548000   1.726381
518.549000   1.729248
518.550000   1.729978
518.551000   1.728542
518.552000   1.725196
518.553000   1.720400
518.554000   1.714738
518.555000   1.708896
518.556000   1.703697
518.557000   1.700147
518.558000   1.699249
518.559000   1.701409
518.560000   1.706316
518.561000   1.713483
518.562000   1.722526
518.563000   1.733112
518.564000   1.744898
518.565000   1.757532
518.566000   1.770722
518.567000   1.784278
518.568000   1.798045
518.569000   1.811651
518.570000   1.824435
518.571000   1.835678
518.572000   1.844773
518.573000   1.851242
518.574000   1.854734
518.575000   1.855051
518.576000   1.852193
518.577000   1.846443
518.578000   1.838455
518.579000   1.829211
518.580000   1.819560
518.581000   1.809733
518.582000   1.799612
518.583000   1.789191
518.584000   1.778707
518.585000   1.768613
518.586000   1.759531
518.587000   1.752225
518.588000   1.747570
518.589000   1.746429
518.590000   1.749398
518.591000   1.756625
518.592000   1.767920
518.593000   1.782942
518.594000   1.801262
518.595000   1.822370
518.596000   1.845690
518.597000   1.870593
518.598000   1.896434
518.599000   1.922596
518.600000   1.948535
518.601000   1.973714
518.602000   1.997369
518.603000   2.018425
518.604000   2.035792
518.605000   2.048721
518.606000   2.056954
518.607000   2.060717
518.608000   2.060633
518.609000   2.057634
518.610000   2.052840
518.611000   2.047414
518.612000   2.042341
518.613000   2.038220
518.614000   2.035241
518.615000   2.033335
518.616000   2.032317
518.617000   2.031939
518.618000   2.031922
518.619000   2.031999
518.620000   2.031978
518.621000   2.031819
518.622000   2.031643
518.623000   2.031569
518.624000   2.031428
518.625000   2.030758
518.626000   2.029117
518.627000   2.026274
518.628000   2.022225
518.629000   2.017128
518.630000   2.011236
518.631000   2.004833
518.632000   1.998195
518.633000   1.991589
518.634000   1.985293
518.635000   1.979544
518.636000   1.974406
518.637000   1.969837
518.638000   1.965846
518.639000   1.962515
518.640000   1.959925
518.641000   1.958091
518.642000   1.956952
518.643000   1.956424
518.644000   1.956550
518.645000   1.957613
518.646000   1.959834
518.647000   1.962768
518.648000   1.965602
518.649000   1.967761
518.650000   1.968959
518.651000   1.969016
518.652000   1.967750
518.653000   1.964945
518.654000   1.960392
518.655000   1.953949
518.656000   1.945621
518.657000   1.935581
518.658000   1.924089
518.659000   1.911374
518.660000   1.897694
518.661000   1.883456
518.662000   1.869211
518.663000   1.855551
518.664000   1.843017
518.665000   1.832023
518.666000   1.822838
518.667000   1.815643
518.668000   1.810670
518.669000   1.808294
518.670000   1.808799
518.671000   1.811917
518.672000   1.816884
518.673000   1.822902
518.674000   1.829334
518.675000   1.835699
518.676000   1.841621
518.677000   1.846817
518.678000   1.851095
518.679000   1.854367
518.680000   1.856626
518.681000   1.857894
518.682000   1.858156
518.683000   1.857337
518.684000   1.855343
518.685000   1.852078
518.686000   1.847410
518.687000   1.841169
518.688000   1.833189
518.689000   1.823381
518.690000   1.811802
518.691000   1.798711
518.692000   1.784578
518.693000   1.770041
518.694000   1.755771
518.695000   1.742276
518.696000   1.729813
518.697000   1.718520
518.698000   1.708597
518.699000   1.700372
518.700000   1.694252
518.701000   1.690617
518.702000   1.689721
518.703000   1.691624
518.704000   1.696186
518.705000   1.703090
518.706000   1.711900
518.707000   1.722094
518.708000   1.733075
518.709000   1.744195
518.710000   1.754801
518.711000   1.764299
518.712000   1.772215
518.713000   1.778238
518.714000   1.782256
518.715000   1.784376
518.716000   1.784934
518.717000   1.784451
518.718000   1.783502
518.719000   1.782470
518.720000   1.781392
518.721000   1.780045
518.722000   1.778141
518.723000   1.775474
518.724000   1.771984
518.725000   1.767785
518.726000   1.763160
518.727000   1.758547
518.728000   1.754484
518.729000   1.751509
518.730000   1.750000
518.731000   1.750110
518.732000   1.751896
518.733000   1.755440
518.734000   1.760851
518.735000   1.768178
518.736000   1.777329
518.737000   1.788009
518.738000   1.799748
518.739000   1.812003
518.740000   1.824302
518.741000   1.836297
518.742000   1.847623
518.743000   1.857769
518.744000   1.866218
518.745000   1.872651
518.746000   1.877018
518.747000   1.879492
518.748000   1.880399
518.749000   1.880160
518.750000   1.879259
518.751000   1.878238
518.752000   1.877692
518.753000   1.878193
518.754000   1.880048
518.755000   1.883122
518.756000   1.886998
518.757000   1.891251
518.758000   1.895535
518.759000   1.899581
518.760000   1.903176
518.761000   1.906167
518.762000   1.908495
518.763000   1.910251
518.764000   1.911696
518.765000   1.913131
518.766000   1.914591
518.767000   1.915773
518.768000   1.916377
518.769000   1.916372
518.770000   1.915973
518.771000   1.915517
518.772000   1.915334
518.773000   1.915643
518.774000   1.916537
518.775000   1.918081
518.776000   1.920448
518.777000   1.923817
518.778000   1.927992
518.779000   1.932400
518.780000   1.936461
518.781000   1.939782
518.782000   1.942140
518.783000   1.943438
518.784000   1.943731
518.785000   1.943301
518.786000   1.942699
518.787000   1.942539
518.788000   1.943029
518.789000   1.943843
518.790000   1.944483
518.791000   1.944484
518.792000   1.943393
518.793000   1.940750
518.794000   1.936143
518.795000   1.929324
518.796000   1.920338
518.797000   1.909610
518.798000   1.897869
518.799000   1.885805
518.800000   1.873814
518.801000   1.862173
518.802000   1.851223
518.803000   1.841365
518.804000   1.832987
518.805000   1.826433
518.806000   1.822010
518.807000   1.820046
518.808000   1.820932
518.809000   1.824979
518.810000   1.832040
518.811000   1.841411
518.812000   1.852167
518.813000   1.863379
518.814000   1.874154
518.815000   1.883639
518.816000   1.891066
518.817000   1.895848
518.818000   1.897698
518.819000   1.896720
518.820000   1.893339
518.821000   1.887992
518.822000   1.880977
518.823000   1.872661
518.824000   1.863593
518.825000   1.854393
518.826000   1.845604
518.827000   1.837617
518.828000   1.830703
518.829000   1.825130
518.830000   1.821299
518.831000   1.819703
518.832000   1.820587
518.833000   1.823674
518.834000   1.828341
518.835000   1.833892
518.836000   1.839665
518.837000   1.845082
518.838000   1.849712
518.839000   1.853372
518.840000   1.856229
518.841000   1.858771
518.842000   1.861505
518.843000   1.864375
518.844000   1.866657
518.845000   1.867550
518.846000   1.866574
518.847000   1.863604
518.848000   1.858786
518.849000   1.852452
518.850000   1.845058
518.851000   1.837148
518.852000   1.829347
518.853000   1.822283
518.854000   1.816334
518.855000   1.811461
518.856000   1.807436
518.857000   1.804112
518.858000   1.801468
518.859000   1.799545
518.860000   1.798377
518.861000   1.797938
518.862000   1.798165
518.863000   1.799087
518.864000   1.800951
518.865000   1.804008
518.866000   1.808058
518.867000   1.812602
518.868000   1.817268
518.869000   1.821899
518.870000   1.826432
518.871000   1.830796
518.872000   1.834876
518.873000   1.838564
518.874000   1.841842
518.875000   1.844877
518.876000   1.847939
518.877000   1.851071
518.878000   1.853890
518.879000   1.855797
518.880000   1.856178
518.881000   1.854444
518.882000   1.850072
518.883000   1.842705
518.884000   1.832276
518.885000   1.819087
518.886000   1.803825
518.887000   1.787482
518.888000   1.771112
518.889000   1.755521
518.890000   1.741173
518.891000   1.728335
518.891000   1.728335
518.892000   1.717179
518.893000   1.707825
518.894000   1.700341
518.895000   1.694746
518.896000   1.691009
518.897000   1.689098
518.898000   1.689064
518.899000   1.691029
518.900000   1.694876
518.901000   1.700009
518.902000   1.705611
518.903000   1.710990
518.904000   1.715675
518.905000   1.719390
518.906000   1.722027
518.907000   1.723638
518.908000   1.724451
518.909000   1.724860
518.910000   1.725354
518.911000   1.726345
518.912000   1.728004
518.913000   1.730208
518.914000   1.732628
518.915000   1.734828
518.916000   1.736359
518.917000   1.736828
518.918000   1.735969
518.919000   1.733716
518.920000   1.730273
518.921000   1.726090
518.922000   1.721630
518.923000   1.717058
518.924000   1.712288
518.925000   1.707320
518.926000   1.702441
518.927000   1.698183
518.928000   1.695187
518.929000   1.694053
518.930000   1.695195
518.931000   1.698754
518.932000   1.704563
518.933000   1.712157
518.934000   1.720811
518.935000   1.729665
518.936000   1.737916
518.937000   1.744963
518.938000   1.750451
518.939000   1.754236
518.940000   1.756323
518.941000   1.756824
518.942000   1.755982
518.943000   1.754248
518.944000   1.752259
518.945000   1.750581
518.946000   1.749534
518.947000   1.749332
518.948000   1.750215
518.949000   1.752389
518.950000   1.755918
518.951000   1.760695
518.952000   1.766518
518.953000   1.773205
518.954000   1.780648
518.955000   1.788732
518.956000   1.797142
518.957000   1.805343
518.958000   1.812771
518.959000   1.818992
518.960000   1.823731
518.961000   1.826848
518.962000   1.828348
518.963000   1.828427
518.964000   1.827495
518.965000   1.826141
518.966000   1.825015
518.967000   1.824661
518.968000   1.825413
518.969000   1.827393
518.970000   1.830578
518.971000   1.834886
518.972000   1.840258
518.973000   1.846699
518.974000   1.854273
518.975000   1.863070
518.976000   1.873165
518.977000   1.884571
518.978000   1.897206
518.979000   1.910867
518.980000   1.925252
518.981000   1.940002
518.982000   1.954728
518.983000   1.968996
518.984000   1.982303
518.985000   1.994069
518.986000   2.003672
518.987000   2.010505
518.988000   2.014037
518.989000   2.013878
518.990000   2.009857
518.991000   2.002092
518.992000   1.991019
518.993000   1.977373
518.994000   1.962122
518.995000   1.946373
518.996000   1.931263
518.997000   1.917846
518.998000   1.907001
518.999000   1.899373
519.000000   1.895359
519.001000   1.895117
519.002000   1.898592
519.003000   1.905553
519.004000   1.915634
519.005000   1.928367
519.006000   1.943188
519.007000   1.959433
519.008000   1.976358
519.009000   1.993188
519.010000   2.009194
519.011000   2.023767
519.012000   2.036484
519.013000   2.047149
519.014000   2.055805
519.015000   2.062684
519.016000   2.068091
519.017000   2.072227
519.018000   2.075092
519.019000   2.076555
519.020000   2.076500
519.021000   2.074937
519.022000   2.072046
519.023000   2.068172
519.024000   2.063790
519.025000   2.059445
519.026000   2.055689
519.027000   2.052997
519.028000   2.051659
519.029000   2.051705
519.030000   2.052913
519.031000   2.054895
519.032000   2.057210
519.033000   2.059437
519.034000   2.061230
519.035000   2.062337
519.036000   2.062613
519.037000   2.062038
519.038000   2.060686
519.039000   2.058604
519.040000   2.055652
519.041000   2.051539
519.042000   2.046064
519.043000   2.039226
519.044000   2.031186
519.045000   2.022184
519.046000   2.012488
519.047000   2.002366
519.048000   1.992093
519.049000   1.981972
519.050000   1.972335
519.051000   1.963448
519.052000   1.955368
519.053000   1.947965
519.054000   1.941053
519.055000   1.934454
519.056000   1.927984
519.057000   1.921436
519.058000   1.914600
519.059000   1.907381
519.060000   1.899963
519.061000   1.892860
519.062000   1.886503
519.063000   1.880750
519.064000   1.875238
519.065000   1.869864
519.066000   1.864767
519.067000   1.860124
519.068000   1.856032
519.069000   1.852483
519.070000   1.849395
519.071000   1.846680
519.072000   1.844337
519.073000   1.842521
519.074000   1.841364
519.075000   1.840627
519.076000   1.839765
519.077000   1.838253
519.078000   1.835736
519.079000   1.832032
519.080000   1.827110
519.081000   1.821081
519.082000   1.814204
519.083000   1.806930
519.084000   1.799975
519.085000   1.794253
519.086000   1.790272
519.087000   1.787641
519.088000   1.785749
519.089000   1.784263
519.090000   1.783042
519.091000   1.781977
519.092000   1.780908
519.093000   1.779591
519.094000   1.777710
519.095000   1.774996
519.096000   1.771425
519.097000   1.767248
519.098000   1.762353
519.099000   1.755909
519.100000   1.747150
519.101000   1.735907
519.102000   1.722536
519.103000   1.707698
519.104000   1.692190
519.105000   1.676850
519.106000   1.662529
519.107000   1.650110
519.108000   1.640517
519.109000   1.634632
519.110000   1.633084
519.111000   1.636172
519.112000   1.643997
519.113000   1.656533
519.114000   1.673550
519.115000   1.694556
519.116000   1.718801
519.117000   1.745340
519.118000   1.773162
519.119000   1.801336
519.120000   1.829108
519.121000   1.855737
519.122000   1.880231
519.123000   1.901428
519.124000   1.918326
519.125000   1.930258
519.126000   1.936931
519.127000   1.938397
519.128000   1.935023
519.129000   1.927454
519.130000   1.916555
519.131000   1.903329
519.132000   1.888807
519.133000   1.873915
519.134000   1.859378
519.135000   1.845716
519.136000   1.833290
519.137000   1.822347
519.138000   1.813040
519.139000   1.805471
519.140000   1.799733
519.141000   1.795978
519.142000   1.794408
519.143000   1.795140
519.144000   1.798004
519.145000   1.802554
519.146000   1.808308
519.147000   1.814948
519.148000   1.822381
519.149000   1.830690
519.150000   1.840069
519.151000   1.850761
519.152000   1.862987
519.153000   1.876855
519.154000   1.892262
519.155000   1.908826
519.156000   1.925945
519.157000   1.942946
519.158000   1.959202
519.159000   1.974148
519.160000   1.987280
519.161000   1.998175
519.162000   2.006561
519.163000   2.012372
519.164000   2.015724
519.165000   2.016715
519.166000   2.015221
519.167000   2.011060
519.168000   2.004278
519.169000   1.995214
519.170000   1.984427
519.171000   1.972585
519.172000   1.960357
519.173000   1.948309
519.174000   1.936868
519.175000   1.926394
519.176000   1.917233
519.177000   1.909523
519.178000   1.902985
519.179000   1.897152
519.180000   1.891748
519.181000   1.886773
519.182000   1.882386
519.183000   1.878708
519.184000   1.875672
519.185000   1.873035
519.186000   1.870548
519.187000   1.868061
519.188000   1.865460
519.189000   1.862591
519.190000   1.859377
519.191000   1.855919
519.192000   1.852421
519.193000   1.849046
519.194000   1.845823
519.195000   1.842689
519.196000   1.839617
519.197000   1.836748
519.198000   1.834450
519.199000   1.833182
519.200000   1.833164
519.201000   1.834292
519.202000   1.836379
519.203000   1.839307
519.204000   1.843026
519.205000   1.847542
519.206000   1.852944
519.207000   1.859410
519.208000   1.867175
519.209000   1.876401
519.210000   1.887034
519.211000   1.898812
519.212000   1.911330
519.213000   1.924039
519.214000   1.936256
519.215000   1.947248
519.216000   1.956342
519.217000   1.963000
519.218000   1.966894
519.219000   1.967942
519.220000   1.966258
519.221000   1.961950
519.222000   1.954949
519.223000   1.945073
519.224000   1.932298
519.225000   1.916949
519.226000   1.899702
519.227000   1.881484
519.228000   1.863346
519.229000   1.846338
519.230000   1.831403
519.231000   1.819279
519.232000   1.810437
519.233000   1.805074
519.234000   1.803121
519.235000   1.804269
519.236000   1.808001
519.237000   1.813636
519.238000   1.820401
519.239000   1.827532
519.240000   1.834395
519.241000   1.840560
519.242000   1.845737
519.243000   1.849624
519.244000   1.851840
519.245000   1.852071
519.246000   1.850264
519.247000   1.846722
519.248000   1.842076
519.249000   1.837198
519.250000   1.833088
519.251000   1.830736
519.252000   1.831006
519.253000   1.834546
519.254000   1.841774
519.255000   1.852882
519.256000   1.867832
519.257000   1.886339
519.258000   1.907870
519.259000   1.931654
519.260000   1.956728
519.261000   1.981997
519.262000   2.006308
519.263000   2.028542
519.264000   2.047715
519.265000   2.063073
519.266000   2.074134
519.267000   2.080662
519.268000   2.082673
519.269000   2.080488
519.270000   2.074745
519.271000   2.066295
519.272000   2.056046
519.273000   2.044826
519.274000   2.033308
519.275000   2.022007
519.276000   2.011328
519.277000   2.001596
519.278000   1.993050
519.279000   1.985802
519.280000   1.979806
519.281000   1.974901
519.282000   1.970881
519.283000   1.967553
519.284000   1.964772
519.285000   1.962470
519.286000   1.960679
519.287000   1.959530
519.288000   1.959215
519.289000   1.959918
519.290000   1.961756
519.291000   1.964767
519.292000   1.968919
519.293000   1.974125
519.294000   1.980231
519.295000   1.987013
519.296000   1.994190
519.297000   2.001463
519.298000   2.008554
519.299000   2.015251
519.300000   2.021432
519.301000   2.027078
519.302000   2.032264
519.303000   2.037108
519.304000   2.041707
519.305000   2.046089
519.306000   2.050200
519.307000   2.053929
519.308000   2.057139
519.309000   2.059684
519.310000   2.061427
519.311000   2.062260
519.312000   2.062109
519.313000   2.060922
519.314000   2.058627
519.315000   2.055098
519.316000   2.050149
519.317000   2.043570
519.318000   2.035189
519.319000   2.024929
519.320000   2.012852
519.321000   1.999172
519.322000   1.984258
519.323000   1.968599
519.324000   1.952749
519.325000   1.937241
519.326000   1.922514
519.327000   1.908889
519.328000   1.896583
519.329000   1.885725
519.330000   1.876378
519.331000   1.868565
519.332000   1.862302
519.333000   1.857610
519.334000   1.854495
519.335000   1.852898
519.336000   1.852648
519.337000   1.853466
519.338000   1.855019
519.339000   1.856976
519.340000   1.859041
519.341000   1.860970
519.342000   1.862587
519.343000   1.863791
519.344000   1.864541
519.345000   1.864782
519.346000   1.864356
519.347000   1.863012
519.348000   1.860534
519.349000   1.856843
519.350000   1.852029
519.351000   1.846331
519.352000   1.840092
519.353000   1.833722
519.354000   1.827650
519.355000   1.822274
519.356000   1.817897
519.357000   1.814658
519.358000   1.812496
519.359000   1.811154
519.360000   1.810223
519.361000   1.809190
519.362000   1.807516
519.363000   1.804717
519.364000   1.800463
519.365000   1.794653
519.366000   1.787462
519.367000   1.779275
519.368000   1.770521
519.369000   1.761500
519.370000   1.752374
519.371000   1.743296
519.372000   1.734496
519.373000   1.726293
519.374000   1.719065
519.375000   1.713208
519.376000   1.709095
519.377000   1.707032
519.378000   1.707195
519.379000   1.709557
519.380000   1.713828
519.381000   1.719468
519.382000   1.725786
519.383000   1.732069
519.384000   1.737682
519.385000   1.742149
519.386000   1.745195
519.387000   1.746772
519.388000   1.747032
519.389000   1.746237
519.390000   1.744672
519.391000   1.742603
519.391000   1.742603
519.392000   1.740326
519.393000   1.738227
519.394000   1.736809
519.395000   1.736656
519.396000   1.738360
519.397000   1.742430
519.398000   1.749194
519.399000   1.758744
519.400000   1.770937
519.401000   1.785437
519.402000   1.801740
519.403000   1.819134
519.404000   1.836693
519.405000   1.853389
519.406000   1.868244
519.407000   1.880435
519.408000   1.889333
519.409000   1.894524
519.410000   1.895845
519.411000   1.893433
519.412000   1.887730
519.413000   1.879399
519.414000   1.869218
519.415000   1.858018
519.416000   1.846666
519.417000   1.836009
519.418000   1.826778
519.419000   1.819515
519.420000   1.814574
519.421000   1.812167
519.422000   1.812432
519.423000   1.815495
519.424000   1.821513
519.425000   1.830612
519.426000   1.842752
519.427000   1.857646
519.428000   1.874837
519.429000   1.893793
519.430000   1.913953
519.431000   1.934765
519.432000   1.955735
519.433000   1.976486
519.434000   1.996781
519.435000   2.016481
519.436000   2.035454
519.437000   2.053521
519.438000   2.070434
519.439000   2.085849
519.440000   2.099337
519.441000   2.110463
519.442000   2.118891
519.443000   2.124457
519.444000   2.127223
519.445000   2.127497
519.446000   2.125799
519.447000   2.122726
519.448000   2.118762
519.449000   2.114209
519.450000   2.109278
519.451000   2.104206
519.452000   2.099290
519.453000   2.094881
519.454000   2.091350
519.455000   2.089062
519.456000   2.088318
519.457000   2.089271
519.458000   2.091833
519.459000   2.095651
519.460000   2.100160
519.461000   2.104690
519.462000   2.108562
519.463000   2.111186
519.464000   2.112117
519.465000   2.111112
519.466000   2.108141
519.467000   2.103386
519.468000   2.097197
519.469000   2.089997
519.470000   2.082204
519.471000   2.074242
519.472000   2.066606
519.473000   2.059885
519.474000   2.054705
519.475000   2.051670
519.476000   2.051301
519.477000   2.054002
519.478000   2.060043
519.479000   2.069520
519.480000   2.082286
519.481000   2.097895
519.482000   2.115622
519.483000   2.134522
519.484000   2.153484
519.485000   2.171277
519.486000   2.186625
519.487000   2.198338
519.488000   2.205493
519.489000   2.207589
519.490000   2.204547
519.491000   2.196469
519.492000   2.183491
519.493000   2.165936
519.494000   2.144461
519.495000   2.120001
519.496000   2.093634
519.497000   2.066473
519.498000   2.039594
519.499000   2.014000
519.500000   1.990596
519.501000   1.970142
519.502000   1.953164
519.503000   1.939838
519.504000   1.930003
519.505000   1.923293
519.506000   1.919269
519.507000   1.917504
519.508000   1.917633
519.509000   1.919405
519.510000   1.922746
519.511000   1.927788
519.512000   1.934752
519.513000   1.943623
519.514000   1.953981
519.515000   1.965256
519.516000   1.976964
519.517000   1.988733
519.518000   2.000230
519.519000   2.011129
519.520000   2.021104
519.521000   2.029869
519.522000   2.037216
519.523000   2.043053
519.524000   2.047344
519.525000   2.049947
519.526000   2.050527
519.527000   2.048705
519.528000   2.044250
519.529000   2.037155
519.530000   2.027644
519.531000   2.016159
519.532000   2.003369
519.533000   1.990169
519.534000   1.977617
519.535000   1.966651
519.536000   1.957695
519.537000   1.950704
519.538000   1.945548
519.539000   1.942165
519.540000   1.940505
519.541000   1.940431
519.542000   1.941666
519.543000   1.943790
519.544000   1.946292
519.545000   1.948668
519.546000   1.950508
519.547000   1.951395
519.548000   1.950725
519.549000   1.947855
519.550000   1.942365
519.551000   1.934123
519.552000   1.923222
519.553000   1.909907
519.554000   1.894555
519.555000   1.877715
519.556000   1.860195
519.557000   1.843044
519.558000   1.827242
519.559000   1.813302
519.560000   1.801410
519.561000   1.791793
519.562000   1.784784
519.563000   1.780707
519.564000   1.779773
519.565000   1.782058
519.566000   1.787540
519.567000   1.796196
519.568000   1.808067
519.569000   1.823119
519.570000   1.840901
519.571000   1.860581
519.572000   1.881240
519.573000   1.901922
519.574000   1.921589
519.575000   1.939166
519.576000   1.953680
519.577000   1.964440
519.578000   1.971209
519.579000   1.974229
519.580000   1.973908
519.581000   1.970435
519.582000   1.963857
519.583000   1.954307
519.584000   1.942056
519.585000   1.927489
519.586000   1.911092
519.587000   1.893445
519.588000   1.875241
519.589000   1.857321
519.590000   1.840642
519.591000   1.826026
519.592000   1.813836
519.593000   1.804017
519.594000   1.796392
519.595000   1.790804
519.596000   1.787152
519.597000   1.785384
519.598000   1.785528
519.599000   1.787731
519.600000   1.792268
519.601000   1.799369
519.602000   1.808900
519.603000   1.820240
519.604000   1.832518
519.605000   1.844875
519.606000   1.856612
519.607000   1.867230
519.608000   1.876448
519.609000   1.884226
519.610000   1.890767
519.611000   1.896436
519.612000   1.901493
519.613000   1.905869
519.614000   1.909326
519.615000   1.911770
519.616000   1.913332
519.617000   1.914308
519.618000   1.915072
519.619000   1.916038
519.620000   1.917665
519.621000   1.920445
519.622000   1.924777
519.623000   1.930719
519.624000   1.937897
519.625000   1.945679
519.626000   1.953369
519.627000   1.960304
519.628000   1.965896
519.629000   1.969688
519.630000   1.971395
519.631000   1.970950
519.632000   1.968507
519.633000   1.964375
519.634000   1.958807
519.635000   1.951827
519.636000   1.943429
519.637000   1.933857
519.638000   1.923609
519.639000   1.913303
519.640000   1.903548
519.641000   1.894855
519.642000   1.887596
519.643000   1.882042
519.644000   1.878441
519.645000   1.876956
519.646000   1.877420
519.647000   1.879303
519.648000   1.882008
519.649000   1.885090
519.650000   1.888267
519.651000   1.891345
519.652000   1.894182
519.653000   1.896749
519.654000   1.899228
519.655000   1.902011
519.656000   1.905456
519.657000   1.909640
519.658000   1.914527
519.659000   1.920206
519.660000   1.926833
519.661000   1.934461
519.662000   1.942943
519.663000   1.951943
519.664000   1.961008
519.665000   1.969679
519.666000   1.977597
519.667000   1.984526
519.668000   1.990251
519.669000   1.994449
519.670000   1.996687
519.671000   1.996514
519.672000   1.993576
519.673000   1.987750
519.674000   1.979233
519.675000   1.968573
519.676000   1.956635
519.677000   1.944477
519.678000   1.933134
519.679000   1.923395
519.680000   1.915737
519.681000   1.910419
519.682000   1.907574
519.683000   1.907240
519.684000   1.909354
519.685000   1.913750
519.686000   1.920175
519.687000   1.928306
519.688000   1.937741
519.689000   1.947950
519.690000   1.958236
519.691000   1.967788
519.692000   1.975861
519.693000   1.981936
519.694000   1.985811
519.695000   1.987598
519.696000   1.987673
519.697000   1.986581
519.698000   1.984916
519.699000   1.983252
519.700000   1.982131
519.701000   1.982064
519.702000   1.983502
519.703000   1.986832
519.704000   1.992374
519.705000   2.000379
519.706000   2.010985
519.707000   2.024157
519.708000   2.039635
519.709000   2.056926
519.710000   2.075342
519.711000   2.094039
519.712000   2.112062
519.713000   2.128427
519.714000   2.142211
519.715000   2.152623
519.716000   2.159016
519.717000   2.160885
519.718000   2.157895
519.719000   2.149933
519.720000   2.137151
519.721000   2.119970
519.722000   2.099058
519.723000   2.075279
519.724000   2.049615
519.725000   2.023066
519.726000   1.996568
519.727000   1.970951
519.728000   1.946945
519.729000   1.925192
519.730000   1.906215
519.731000   1.890369
519.732000   1.877812
519.733000   1.868549
519.734000   1.862491
519.735000   1.859511
519.736000   1.859450
519.737000   1.862130
519.738000   1.867359
519.739000   1.874946
519.740000   1.884678
519.741000   1.896288
519.742000   1.909461
519.743000   1.923876
519.744000   1.939242
519.745000   1.955277
519.746000   1.971653
519.747000   1.987963
519.748000   2.003750
519.749000   2.018584
519.750000   2.032122
519.751000   2.044120
519.752000   2.054375
519.753000   2.062675
519.754000   2.068834
519.755000   2.072744
519.756000   2.074404
519.757000   2.073930
519.758000   2.071571
519.759000   2.067731
519.760000   2.062931
519.761000   2.057718
519.762000   2.052533
519.763000   2.047643
519.764000   2.043172
519.765000   2.039135
519.766000   2.035435
519.767000   2.031851
519.768000   2.028084
519.769000   2.023823
519.770000   2.018815
519.771000   2.012894
519.772000   2.006000
519.773000   1.998156
519.774000   1.989429
519.775000   1.979868
519.776000   1.969471
519.777000   1.958196
519.778000   1.946052
519.779000   1.933163
519.780000   1.919805
519.781000   1.906407
519.782000   1.893521
519.783000   1.881731
519.784000   1.871513
519.785000   1.863161
519.786000   1.856831
519.787000   1.852614
519.788000   1.850595
519.789000   1.850873
519.790000   1.853563
519.791000   1.858802
519.792000   1.866743
519.793000   1.877504
519.794000   1.891047
519.795000   1.907048
519.796000   1.924885
519.797000   1.943748
519.798000   1.962796
519.799000   1.981265
519.800000   1.998537
519.801000   2.014195
519.802000   2.028040
519.803000   2.040059
519.804000   2.050278
519.805000   2.058577
519.806000   2.064650
519.807000   2.068149
519.808000   2.068846
519.809000   2.066712
519.810000   2.061932
519.811000   2.054881
519.812000   2.046095
519.813000   2.036201
519.814000   2.025803
519.815000   2.015361
519.816000   2.005136
519.817000   1.995213
519.818000   1.985592
519.819000   1.976280
519.820000   1.967347
519.821000   1.958933
519.822000   1.951236
519.823000   1.944466
519.824000   1.938776
519.825000   1.934197
519.826000   1.930623
519.827000   1.927839
519.828000   1.925568
519.829000   1.923530
519.830000   1.921502
519.831000   1.919344
519.832000   1.917000
519.833000   1.914451
519.834000   1.911651
519.835000   1.908495
519.836000   1.904894
519.837000   1.900877
519.838000   1.896606
519.839000   1.892326
519.840000   1.888332
519.841000   1.884976
519.842000   1.882669
519.843000   1.881818
519.844000   1.882728
519.845000   1.885534
519.846000   1.890230
519.847000   1.896733
519.848000   1.904906
519.849000   1.914519
519.850000   1.925193
519.851000   1.936401
519.852000   1.947521
519.853000   1.957873
519.854000   1.966696
519.855000   1.973182
519.856000   1.976608
519.857000   1.976516
519.858000   1.972810
519.859000   1.965723
519.860000   1.955701
519.861000   1.943301
519.862000   1.929142
519.863000   1.913813
519.864000   1.897762
519.865000   1.881273
519.866000   1.864533
519.867000   1.847717
519.868000   1.831022
519.869000   1.814641
519.870000   1.798704
519.871000   1.783236
519.872000   1.768176
519.873000   1.753424
519.874000   1.738901
519.875000   1.724641
519.876000   1.710866
519.877000   1.697996
519.878000   1.686589
519.879000   1.677251
519.880000   1.670554
519.881000   1.666983
519.882000   1.666887
519.883000   1.670401
519.884000   1.677403
519.885000   1.687572
519.886000   1.700460
519.887000   1.715562
519.888000   1.732335
519.889000   1.750215
519.890000   1.768605
519.891000   1.786849
519.891000   1.786849
519.892000   1.804197
519.893000   1.819801
519.894000   1.832812
519.895000   1.842538
519.896000   1.848568
519.897000   1.850839
519.898000   1.849620
519.899000   1.845446
519.900000   1.839016
519.901000   1.831082
519.902000   1.822331
519.903000   1.813302
