540.343000   2.091017
540.344000   2.087764
540.345000   2.084969
540.346000   2.082500
540.347000   2.080139
540.348000   2.077638
540.349000   2.074808
540.350000   2.071585
540.351000   2.068041
540.352000   2.064366
540.353000   2.060831
540.354000   2.057726
540.355000   2.055248
540.356000   2.053394
540.357000   2.051934
540.358000   2.050484
540.359000   2.048619
540.360000   2.045974
540.361000   2.042302
540.362000   2.037531
540.363000   2.031792
540.364000   2.025401
540.365000   2.018766
540.366000   2.012226
540.367000   2.005956
540.368000   2.000011
540.369000   1.994431
540.370000   1.989326
540.371000   1.984893
540.372000   1.981408
540.373000   1.979185
540.374000   1.978517
540.375000   1.979583
540.376000   1.982348
540.377000   1.986520
540.378000   1.991585
540.379000   1.996930
540.380000   2.001988
540.381000   2.006349
540.382000   2.009813
540.383000   2.012394
540.384000   2.014276
540.385000   2.015719
540.386000   2.016963
540.387000   2.018183
540.388000   2.019472
540.389000   2.020863
540.390000   2.022381
540.391000   2.024100
540.392000   2.026164
540.393000   2.028750
540.394000   2.032002
540.395000   2.035953
540.396000   2.040514
540.397000   2.045540
540.398000   2.050883
540.399000   2.056353
540.400000   2.061660
540.401000   2.066445
540.402000   2.070390
540.403000   2.073284
540.404000   2.075019
540.405000   2.075524
540.406000   2.074693
540.407000   2.072399
540.408000   2.068556
540.409000   2.063166
540.410000   2.056329
540.411000   2.048238
540.412000   2.039211
540.413000   2.029697
540.414000   2.020220
540.415000   2.011265
540.416000   2.003196
540.417000   1.996271
540.418000   1.990705
540.419000   1.986710
540.420000   1.984502
540.421000   1.984271
540.422000   1.986167
540.423000   1.990297
540.424000   1.996694
540.425000   2.005279
540.426000   2.015838
540.427000   2.028046
540.428000   2.041507
540.429000   2.055774
540.430000   2.070351
540.431000   2.084706
540.432000   2.098284
540.433000   2.110525
540.434000   2.120868
540.435000   2.128735
540.436000   2.133570
540.437000   2.134933
540.438000   2.132604
540.439000   2.126652
540.440000   2.117458
540.441000   2.105696
540.442000   2.092265
540.443000   2.078146
540.444000   2.064215
540.445000   2.051146
540.446000   2.039464
540.447000   2.029660
540.448000   2.022235
540.449000   2.017668
540.450000   2.016374
540.451000   2.018662
540.452000   2.024709
540.453000   2.034515
540.454000   2.047832
540.455000   2.064120
540.456000   2.082576
540.457000   2.102252
540.458000   2.122194
540.459000   2.141562
540.460000   2.159709
540.461000   2.176223
540.462000   2.190900
540.463000   2.203623
540.464000   2.214231
540.465000   2.222493
540.466000   2.228218
540.467000   2.231370
540.468000   2.232142
540.469000   2.230978
540.470000   2.228547
540.471000   2.225653
540.472000   2.223101
540.473000   2.221529
540.474000   2.221342
540.475000   2.222756
540.476000   2.225897
540.477000   2.230863
540.478000   2.237751
540.479000   2.246692
540.480000   2.257860
540.481000   2.271429
540.482000   2.287463
540.483000   2.305802
540.484000   2.326066
540.485000   2.347735
540.486000   2.370225
540.487000   2.392914
540.488000   2.415159
540.489000   2.436339
540.490000   2.455887
540.491000   2.473280
540.492000   2.487989
540.493000   2.499501
540.494000   2.507404
540.495000   2.511481
540.496000   2.511732
540.497000   2.508368
540.498000   2.501782
540.499000   2.492512
540.500000   2.481163
540.501000   2.468307
540.501000   2.468307
540.502000   2.454420
540.503000   2.439938
540.504000   2.425365
540.505000   2.411336
540.506000   2.398586
540.507000   2.387898
540.508000   2.380027
540.509000   2.375630
540.510000   2.375154
540.511000   2.378715
540.512000   2.386040
540.513000   2.396527
540.514000   2.409373
540.515000   2.423699
540.516000   2.438647
540.517000   2.453440
540.518000   2.467410
540.519000   2.479986
540.520000   2.490643
540.521000   2.498875
540.522000   2.504225
540.523000   2.506386
540.524000   2.505274
540.525000   2.501047
540.526000   2.494066
540.527000   2.484852
540.528000   2.474040
540.529000   2.462319
540.530000   2.450341
540.531000   2.438619
540.532000   2.427485
540.533000   2.417132
540.534000   2.407708
540.535000   2.399377
540.536000   2.392345
540.537000   2.386860
540.538000   2.383195
540.539000   2.381612
540.540000   2.382294
540.541000   2.385269
540.542000   2.390390
540.543000   2.397384
540.544000   2.405912
540.545000   2.415635
540.546000   2.426250
540.547000   2.437523
540.548000   2.449284
540.549000   2.461365
540.550000   2.473510
540.551000   2.485306
540.552000   2.496224
540.553000   2.505718
540.554000   2.513309
540.555000   2.518638
540.556000   2.521498
540.557000   2.521838
540.558000   2.519761
540.559000   2.515463
540.560000   2.509168
540.561000   2.501088
540.562000   2.491412
540.563000   2.480328
540.564000   2.468066
540.565000   2.454935
540.566000   2.441314
540.567000   2.427608
540.568000   2.414183
540.569000   2.401295
540.570000   2.389046
540.571000   2.377398
540.572000   2.366218
540.573000   2.355327
540.574000   2.344522
540.575000   2.333624
540.576000   2.322515
540.577000   2.311173
540.578000   2.299630
540.579000   2.287898
540.580000   2.275909
540.581000   2.263576
540.582000   2.250916
540.583000   2.238124
540.584000   2.225586
540.585000   2.213846
540.586000   2.203569
540.587000   2.195482
540.588000   2.190254
540.589000   2.188382
540.590000   2.190171
540.591000   2.195778
540.592000   2.205251
540.593000   2.218514
540.594000   2.235345
540.595000   2.255341
540.596000   2.277888
540.597000   2.302128
540.598000   2.326930
540.599000   2.350932
540.600000   2.372669
540.601000   2.390751
540.602000   2.404023
540.603000   2.411673
540.604000   2.413310
540.605000   2.408974
540.606000   2.399076
540.607000   2.384250
540.608000   2.365220
540.609000   2.342771
540.610000   2.317796
540.611000   2.291331
540.612000   2.264519
540.613000   2.238531
540.614000   2.214486
540.615000   2.193381
540.616000   2.176027
540.617000   2.162971
540.618000   2.154416
540.619000   2.150214
540.620000   2.149956
540.621000   2.153083
540.622000   2.158963
540.623000   2.166942
540.624000   2.176381
540.625000   2.186705
540.626000   2.197408
540.627000   2.208004
540.628000   2.217944
540.629000   2.226581
540.630000   2.233227
540.631000   2.237254
540.632000   2.238192
540.633000   2.235802
540.634000   2.230127
540.635000   2.221493
540.636000   2.210446
540.637000   2.197641
540.638000   2.183716
540.639000   2.169216
540.640000   2.154595
540.641000   2.140238
540.642000   2.126505
540.643000   2.113763
540.644000   2.102423
540.645000   2.092932
540.646000   2.085739
540.647000   2.081211
540.648000   2.079558
540.649000   2.080819
540.650000   2.084917
540.651000   2.091716
540.652000   2.101093
540.653000   2.112964
540.654000   2.127298
540.655000   2.144064
540.656000   2.163116
540.657000   2.184070
540.658000   2.206252
540.659000   2.228801
540.660000   2.250839
540.661000   2.271592
540.662000   2.290449
540.663000   2.306984
540.664000   2.320949
540.665000   2.332270
540.666000   2.341013
540.667000   2.347362
540.668000   2.351609
540.669000   2.354158
540.670000   2.355515
540.671000   2.356232
540.672000   2.356812
540.673000   2.357602
540.674000   2.358724
540.675000   2.360088
540.676000   2.361456
540.677000   2.362497
540.678000   2.362802
540.679000   2.361896
540.680000   2.359300
540.681000   2.354646
540.682000   2.347781
540.683000   2.338807
540.684000   2.328057
540.685000   2.316040
540.686000   2.303330
540.687000   2.290463
540.688000   2.277869
540.689000   2.265866
540.690000   2.254652
540.691000   2.244294
540.692000   2.234749
540.693000   2.225922
540.694000   2.217707
540.695000   2.209988
540.696000   2.202607
540.697000   2.195404
540.698000   2.188309
540.699000   2.181453
540.700000   2.175182
540.701000   2.169891
540.702000   2.165767
540.703000   2.162799
540.704000   2.161024
540.705000   2.160624
540.706000   2.161857
540.707000   2.164961
540.708000   2.170093
540.709000   2.177299
540.710000   2.186494
540.711000   2.197454
540.712000   2.209784
540.713000   2.222882
540.714000   2.235955
540.715000   2.248106
540.716000   2.258459
540.717000   2.266295
540.718000   2.271144
540.719000   2.272838
540.720000   2.271547
540.721000   2.267781
540.722000   2.262306
540.723000   2.255903
540.724000   2.249108
540.725000   2.242134
540.726000   2.234964
540.727000   2.227463
540.728000   2.219454
540.729000   2.210785
540.730000   2.201393
540.731000   2.191324
540.732000   2.180717
540.733000   2.169728
540.734000   2.158409
540.735000   2.146609
540.736000   2.134004
540.737000   2.120253
540.738000   2.105149
540.739000   2.088690
540.740000   2.071085
540.741000   2.052701
540.742000   2.033964
540.743000   2.015205
540.744000   1.996532
540.745000   1.977827
540.746000   1.958880
540.747000   1.939528
540.748000   1.919791
540.749000   1.899937
540.750000   1.880474
540.751000   1.862047
540.752000   1.845312
540.753000   1.830815
540.754000   1.818939
540.755000   1.809940
540.756000   1.804010
540.757000   1.801294
540.758000   1.801867
540.759000   1.805736
540.760000   1.812875
540.761000   1.823227
540.762000   1.836628
540.763000   1.852702
540.764000   1.870830
540.765000   1.890220
540.766000   1.910020
540.767000   1.929401
540.768000   1.947596
540.769000   1.963919
540.770000   1.977793
540.771000   1.988783
540.772000   1.996601
540.773000   2.001091
540.774000   2.002261
540.775000   2.000347
540.776000   1.995843
540.777000   1.989450
540.778000   1.981962
540.779000   1.974142
540.780000   1.966619
540.781000   1.959837
540.782000   1.954062
540.783000   1.949453
540.784000   1.946147
540.785000   1.944302
540.786000   1.944067
540.787000   1.945513
540.788000   1.948600
540.789000   1.953168
540.790000   1.958955
540.791000   1.965597
540.792000   1.972602
540.793000   1.979343
540.794000   1.985105
540.795000   1.989159
540.796000   1.990832
540.797000   1.989581
540.798000   1.985076
540.799000   1.977256
540.800000   1.966329
540.801000   1.952692
540.802000   1.936877
540.803000   1.919554
540.804000   1.901534
540.805000   1.883710
540.806000   1.866961
540.807000   1.852079
540.808000   1.839725
540.809000   1.830411
540.810000   1.824467
540.811000   1.821968
540.812000   1.822695
540.813000   1.826193
540.814000   1.831897
540.815000   1.839275
540.816000   1.847912
540.817000   1.857555
540.818000   1.868109
540.819000   1.879557
540.820000   1.891829
540.821000   1.904696
540.822000   1.917792
540.823000   1.930753
540.824000   1.943302
540.825000   1.955298
540.826000   1.966757
540.827000   1.977880
540.828000   1.989021
540.829000   2.000537
540.830000   2.012647
540.831000   2.025383
540.832000   2.038617
540.833000   2.052093
540.834000   2.065485
540.835000   2.078455
540.836000   2.090688
540.837000   2.101882
540.838000   2.111708
540.839000   2.119814
540.840000   2.125891
540.841000   2.129747
540.842000   2.131362
540.843000   2.130904
540.844000   2.128755
540.845000   2.125500
540.846000   2.121851
540.847000   2.118468
540.848000   2.115776
540.849000   2.113905
540.850000   2.112762
540.851000   2.112152
540.852000   2.111901
540.853000   2.111932
540.854000   2.112311
540.855000   2.113228
540.856000   2.114906
540.857000   2.117492
540.858000   2.120986
540.859000   2.125274
540.860000   2.130207
540.861000   2.135674
540.862000   2.141662
540.863000   2.148285
540.864000   2.155790
540.865000   2.164484
540.866000   2.174596
540.867000   2.186107
540.868000   2.198708
540.869000   2.211914
540.870000   2.225248
540.871000   2.238359
540.872000   2.251065
540.873000   2.263342
540.874000   2.275279
540.875000   2.287018
540.876000   2.298685
540.877000   2.310340
540.878000   2.321984
540.879000   2.333611
540.880000   2.345261
540.881000   2.357066
540.882000   2.369266
540.883000   2.382178
540.884000   2.396100
540.885000   2.411161
540.886000   2.427197
540.887000   2.443737
540.888000   2.460131
540.889000   2.475740
540.890000   2.490053
540.891000   2.502716
540.892000   2.513503
540.893000   2.522305
540.894000   2.529131
540.895000   2.534091
540.896000   2.537359
540.897000   2.539119
540.898000   2.539582
540.899000   2.539022
540.900000   2.537773
540.901000   2.536150
540.902000   2.534344
540.903000   2.532363
540.904000   2.530038
540.905000   2.527078
540.906000   2.523130
540.907000   2.517842
540.908000   2.510954
540.909000   2.502373
540.910000   2.492185
540.911000   2.480623
540.912000   2.468018
540.913000   2.454763
540.914000   2.441286
540.915000   2.428005
540.916000   2.415251
540.917000   2.403208
540.918000   2.391947
540.919000   2.381509
540.920000   2.371975
540.921000   2.363513
540.922000   2.356382
540.923000   2.350932
540.924000   2.347538
540.925000   2.346500
540.926000   2.347930
540.927000   2.351724
540.928000   2.357602
540.929000   2.365163
540.930000   2.373926
540.931000   2.383376
540.932000   2.393035
540.933000   2.402518
540.934000   2.411545
540.935000   2.419881
540.936000   2.427247
540.937000   2.433275
540.938000   2.437531
540.939000   2.439576
540.940000   2.439055
540.941000   2.435775
540.942000   2.429761
540.943000   2.421243
540.944000   2.410588
540.945000   2.398208
540.946000   2.384522
540.947000   2.369987
540.948000   2.355123
540.949000   2.340506
540.950000   2.326728
540.951000   2.314377
540.952000   2.304031
540.953000   2.296216
540.954000   2.291273
540.955000   2.289208
540.956000   2.289649
540.957000   2.291969
540.958000   2.295459
540.959000   2.299480
540.960000   2.303520
540.961000   2.307211
540.962000   2.310284
540.963000   2.312499
540.964000   2.313549
540.965000   2.313043
540.966000   2.310594
540.967000   2.305958
540.968000   2.299128
540.969000   2.290365
540.970000   2.280170
540.971000   2.269206
540.972000   2.258161
540.973000   2.247603
540.974000   2.237902
540.975000   2.229271
540.976000   2.221863
540.977000   2.215846
540.978000   2.211431
540.979000   2.208853
540.980000   2.208337
540.981000   2.210037
540.982000   2.213958
540.983000   2.219894
540.984000   2.227443
540.985000   2.236099
540.986000   2.245366
540.987000   2.254853
540.988000   2.264348
540.989000   2.273816
540.990000   2.283307
540.991000   2.292820
540.992000   2.302232
540.993000   2.311358
540.994000   2.320061
540.995000   2.328316
540.996000   2.336194
540.997000   2.343789
540.998000   2.351164
540.999000   2.358312
541.000000   2.365151
541.001000   2.371519
541.001000   2.371519
541.002000   2.377187
541.003000   2.381907
541.004000   2.385469
541.005000   2.387757
541.006000   2.388760
541.007000   2.388577
541.008000   2.387388
541.009000   2.385422
541.010000   2.382893
541.011000   2.379930
541.012000   2.376579
541.013000   2.372879
541.014000   2.368936
541.015000   2.364952
541.016000   2.361186
541.017000   2.357907
541.018000   2.355345
541.019000   2.353653
541.020000   2.352865
541.021000   2.352861
541.022000   2.353383
541.023000   2.354099
541.024000   2.354684
541.025000   2.354866
541.026000   2.354459
541.027000   2.353400
541.028000   2.351759
541.029000   2.349715
541.030000   2.347487
541.031000   2.345267
541.032000   2.343224
541.033000   2.341539
541.034000   2.340428
541.035000   2.340125
541.036000   2.340846
541.037000   2.342742
541.038000   2.345872
541.039000   2.350207
541.040000   2.355634
541.041000   2.361977
541.042000   2.369031
541.043000   2.376608
541.044000   2.384548
541.045000   2.392730
541.046000   2.401091
541.047000   2.409622
541.048000   2.418318
541.049000   2.427079
541.050000   2.435642
541.051000   2.443608
541.052000   2.450527
541.053000   2.456002
541.054000   2.459743
541.055000   2.461622
541.056000   2.461709
541.057000   2.460297
541.058000   2.457859
541.059000   2.454919
541.060000   2.451863
541.061000   2.448801
541.062000   2.445560
541.063000   2.441797
541.064000   2.437170
541.065000   2.431492
541.066000   2.424815
541.067000   2.417439
541.068000   2.409825
541.069000   2.402467
541.070000   2.395772
541.071000   2.390009
541.072000   2.385322
541.073000   2.381777
541.074000   2.379421
541.075000   2.378329
541.076000   2.378612
541.077000   2.380369
541.078000   2.383582
541.079000   2.388008
541.080000   2.393172
541.081000   2.398498
541.082000   2.403475
541.083000   2.407738
541.084000   2.411079
541.085000   2.413422
541.086000   2.414805
541.087000   2.415345
541.088000   2.415190
541.089000   2.414467
541.090000   2.413288
541.091000   2.411792
541.092000   2.410160
541.093000   2.408606
541.094000   2.407356
541.095000   2.406659
541.096000   2.406769
541.097000   2.407895
541.098000   2.410102
541.099000   2.413286
541.100000   2.417220
541.101000   2.421651
541.102000   2.426349
541.103000   2.431101
541.104000   2.435688
541.105000   2.439884
541.106000   2.443467
541.107000   2.446215
541.108000   2.447891
541.109000   2.448298
541.110000   2.447373
541.111000   2.445263
541.112000   2.442295
541.113000   2.438864
541.114000   2.435282
541.115000   2.431664
541.116000   2.427909
541.117000   2.423761
541.118000   2.418930
541.119000   2.413210
541.120000   2.406534
541.121000   2.398952
541.122000   2.390570
541.123000   2.381487
541.124000   2.371773
541.125000   2.361489
541.126000   2.350736
541.127000   2.339676
541.128000   2.328514
541.129000   2.317456
541.130000   2.306657
541.131000   2.296168
541.132000   2.285926
541.133000   2.275797
541.134000   2.265630
541.135000   2.255285
541.136000   2.244608
541.137000   2.233416
541.138000   2.221557
541.139000   2.208981
541.140000   2.195788
541.141000   2.182216
541.142000   2.168608
541.143000   2.155362
541.144000   2.142893
541.145000   2.131593
541.146000   2.121778
541.147000   2.113664
541.148000   2.107368
541.149000   2.102925
541.150000   2.100327
541.151000   2.099562
541.152000   2.100636
541.153000   2.103570
541.154000   2.108359
541.155000   2.114913
541.156000   2.123002
541.157000   2.132253
541.158000   2.142204
541.159000   2.152378
541.160000   2.162340
541.161000   2.171752
541.162000   2.180448
541.163000   2.188492
541.164000   2.196141
541.165000   2.203690
541.166000   2.211293
541.167000   2.218883
541.168000   2.226218
541.169000   2.232988
541.170000   2.238940
541.171000   2.243926
541.172000   2.247874
541.173000   2.250714
541.174000   2.252337
541.175000   2.252586
541.176000   2.251252
541.177000   2.248084
541.178000   2.242843
541.179000   2.235363
541.180000   2.225610
541.181000   2.213700
541.182000   2.199848
541.183000   2.184249
541.184000   2.166964
541.185000   2.147889
541.186000   2.126829
541.187000   2.103658
541.188000   2.078497
541.189000   2.051784
541.190000   2.024257
541.191000   1.996869
541.192000   1.970681
541.193000   1.946737
541.194000   1.925925
541.195000   1.908848
541.196000   1.895779
541.197000   1.886734
541.198000   1.881595
541.199000   1.880184
541.200000   1.882307
541.201000   1.887767
541.202000   1.896369
541.203000   1.907915
541.204000   1.922151
541.205000   1.938677
541.206000   1.956888
541.207000   1.976022
541.208000   1.995288
541.209000   2.013975
541.210000   2.031493
541.211000   2.047379
541.212000   2.061320
541.213000   2.073186
541.214000   2.083053
541.215000   2.091183
541.216000   2.097969
541.217000   2.103870
541.218000   2.109341
541.219000   2.114740
541.220000   2.120243
541.221000   2.125795
541.222000   2.131155
541.223000   2.135982
541.224000   2.139927
541.225000   2.142692
541.226000   2.144076
541.227000   2.144001
541.228000   2.142463
541.229000   2.139446
541.230000   2.134920
541.231000   2.128927
541.232000   2.121675
541.233000   2.113561
541.234000   2.105079
541.235000   2.096680
541.236000   2.088644
541.237000   2.081038
541.238000   2.073748
541.239000   2.066524
541.240000   2.059050
541.241000   2.051027
541.242000   2.042273
541.243000   2.032762
541.244000   2.022595
541.245000   2.011965
541.246000   2.001146
541.247000   1.990511
541.248000   1.980536
541.249000   1.971781
541.250000   1.964840
541.251000   1.960294
541.252000   1.958699
541.253000   1.960539
541.254000   1.966115
541.255000   1.975442
541.256000   1.988245
541.257000   2.004045
541.258000   2.022273
541.259000   2.042372
541.260000   2.063838
541.261000   2.086193
541.262000   2.108889
541.263000   2.131239
541.264000   2.152436
541.265000   2.171678
541.266000   2.188323
541.267000   2.202040
541.268000   2.212902
541.269000   2.221402
541.270000   2.228348
541.271000   2.234606
541.272000   2.240771
541.273000   2.246928
541.274000   2.252639
541.275000   2.257171
541.276000   2.259784
541.277000   2.259933
541.278000   2.257353
541.279000   2.252058
541.280000   2.244292
541.281000   2.234480
541.282000   2.223161
541.283000   2.210920
541.284000   2.198352
541.285000   2.186073
541.286000   2.174759
541.287000   2.165161
541.288000   2.158037
541.289000   2.153986
541.290000   2.153262
541.291000   2.155688
541.292000   2.160720
541.293000   2.167643
541.294000   2.175750
541.295000   2.184420
541.296000   2.193075
541.297000   2.201153
541.298000   2.208134
541.299000   2.213601
541.300000   2.217294
541.301000   2.219122
541.302000   2.219153
541.303000   2.217582
541.304000   2.214719
541.305000   2.210947
541.306000   2.206614
541.307000   2.201931
541.308000   2.196945
541.309000   2.191610
541.310000   2.185861
541.311000   2.179642
541.312000   2.172927
541.313000   2.165756
541.314000   2.158315
541.315000   2.150960
541.316000   2.144167
541.317000   2.138415
541.318000   2.134082
541.319000   2.131449
541.320000   2.130775
541.321000   2.132323
541.322000   2.136331
541.323000   2.142947
541.324000   2.152178
541.325000   2.163832
541.326000   2.177502
541.327000   2.192612
541.328000   2.208504
541.329000   2.224510
541.330000   2.239992
541.331000   2.254348
541.332000   2.267034
541.333000   2.277599
541.334000   2.285740
541.335000   2.291335
541.336000   2.294480
541.337000   2.295507
541.338000   2.295005
541.339000   2.293768
541.340000   2.292657
541.341000   2.292381
541.342000   2.293297
541.343000   2.295340
541.344000   2.298116
541.345000   2.301070
541.346000   2.303663
541.347000   2.305464
541.348000   2.306181
541.349000   2.305631
541.350000   2.303688
541.351000   2.300220
541.352000   2.295054
541.353000   2.287986
541.354000   2.278836
541.355000   2.267530
541.356000   2.254176
541.357000   2.239084
541.358000   2.222708
541.359000   2.205505
541.360000   2.187792
541.361000   2.169670
541.362000   2.151115
541.363000   2.132152
541.364000   2.112988
541.365000   2.094042
541.366000   2.075889
541.367000   2.059181
541.368000   2.044558
541.369000   2.032558
541.370000   2.023556
541.371000   2.017748
541.372000   2.015174
541.373000   2.015792
541.374000   2.019524
541.375000   2.026273
541.376000   2.035888
541.377000   2.048088
541.378000   2.062395
541.379000   2.078102
541.380000   2.094294
541.381000   2.109931
541.382000   2.124004
541.383000   2.135688
541.384000   2.144445
541.385000   2.150060
541.386000   2.152608
541.387000   2.152384
541.388000   2.149846
541.389000   2.145546
541.390000   2.140097
541.391000   2.134152
541.392000   2.128413
541.393000   2.123597
541.394000   2.120365
541.395000   2.119202
541.396000   2.120328
541.397000   2.123655
541.398000   2.128805
541.399000   2.135179
541.400000   2.142054
541.401000   2.148674
541.402000   2.154323
541.403000   2.158357
541.404000   2.160239
541.405000   2.159572
541.406000   2.156157
541.407000   2.150021
541.408000   2.141388
541.409000   2.130589
541.410000   2.117962
541.411000   2.103795
541.412000   2.088316
541.413000   2.071710
541.414000   2.054163
541.415000   2.035930
541.416000   2.017393
541.417000   1.999070
541.418000   1.981583
541.419000   1.965584
541.420000   1.951710
541.421000   1.940518
541.422000   1.932434
541.423000   1.927699
541.424000   1.926386
541.425000   1.928446
541.426000   1.933770
541.427000   1.942232
541.428000   1.953691
541.429000   1.967971
541.430000   1.984841
541.431000   2.003993
541.432000   2.025006
541.433000   2.047317
541.434000   2.070245
541.435000   2.093072
541.436000   2.115121
541.437000   2.135784
541.438000   2.154542
541.439000   2.170981
541.440000   2.184849
541.441000   2.196112
541.442000   2.204974
541.443000   2.211845
541.444000   2.217282
541.445000   2.221911
541.446000   2.226379
541.447000   2.231246
541.448000   2.236872
541.449000   2.243341
541.450000   2.250509
541.451000   2.258133
541.452000   2.265997
541.453000   2.273965
541.454000   2.281902
541.455000   2.289571
541.456000   2.296610
541.457000   2.302601
541.458000   2.307159
541.459000   2.310003
541.460000   2.311024
541.461000   2.310333
541.462000   2.308262
541.463000   2.305278
541.464000   2.301863
541.465000   2.298399
541.466000   2.295118
541.467000   2.292115
541.468000   2.289397
541.469000   2.286980
541.470000   2.284977
541.471000   2.283626
541.472000   2.283284
541.473000   2.284376
541.474000   2.287296
541.475000   2.292251
541.476000   2.299147
541.477000   2.307619
541.478000   2.317154
541.479000   2.327225
541.480000   2.337397
541.481000   2.347410
541.482000   2.357211
541.483000   2.366935
541.484000   2.376787
541.485000   2.386885
541.486000   2.397154
541.487000   2.407343
541.488000   2.417106
541.489000   2.426066
541.490000   2.433856
541.491000   2.440148
541.492000   2.444697
541.493000   2.447370
541.494000   2.448139
541.495000   2.447014
541.496000   2.443927
541.497000   2.438715
541.498000   2.431241
541.499000   2.421534
541.500000   2.409834
541.501000   2.396583
541.501000   2.396583
541.502000   2.382421
541.503000   2.368169
541.504000   2.354746
541.505000   2.343012
541.506000   2.333622
541.507000   2.326968
541.508000   2.323214
541.509000   2.322347
541.510000   2.324218
541.511000   2.328593
541.512000   2.335200
541.513000   2.343761
541.514000   2.353985
541.515000   2.365525
541.516000   2.377949
541.517000   2.390706
541.518000   2.403108
541.519000   2.414413
541.520000   2.423963
541.521000   2.431303
541.522000   2.436220
541.523000   2.438707
541.524000   2.438905
541.525000   2.437056
541.526000   2.433488
541.527000   2.428568
541.528000   2.422634
541.529000   2.416027
541.530000   2.409160
541.531000   2.402544
541.532000   2.396726
541.533000   2.392155
541.534000   2.389050
541.535000   2.387384
541.536000   2.387019
541.537000   2.387860
541.538000   2.389890
541.539000   2.393081
541.540000   2.397319
541.541000   2.402414
541.542000   2.408111
541.543000   2.414080
541.544000   2.419901
541.545000   2.425124
541.546000   2.429382
541.547000   2.432468
541.548000   2.434345
541.549000   2.435098
541.550000   2.434895
541.551000   2.433956
541.552000   2.432455
541.553000   2.430397
541.554000   2.427559
541.555000   2.423585
541.556000   2.418162
541.557000   2.411169
541.558000   2.402753
541.559000   2.393312
541.560000   2.383405
541.561000   2.373625
541.562000   2.364491
541.563000   2.356399
541.564000   2.349660
541.565000   2.344577
541.566000   2.341501
541.567000   2.340836
541.568000   2.342980
541.569000   2.348238
541.570000   2.356722
541.571000   2.368267
541.572000   2.382389
541.573000   2.398289
541.574000   2.414914
541.575000   2.431054
541.576000   2.445430
541.577000   2.456781
541.578000   2.463964
541.579000   2.466080
541.580000   2.462608
541.581000   2.453460
541.582000   2.438932
541.583000   2.419558
541.584000   2.396017
541.585000   2.369127
541.586000   2.339843
541.587000   2.309193
541.588000   2.278223
541.589000   2.247979
541.590000   2.219511
541.591000   2.193838
541.592000   2.171858
541.593000   2.154241
541.594000   2.141366
541.595000   2.133316
541.596000   2.129905
541.597000   2.130723
541.598000   2.135187
541.599000   2.142643
541.600000   2.152473
541.601000   2.164189
541.602000   2.177405
541.603000   2.191723
541.604000   2.206622
541.605000   2.221455
541.606000   2.235540
541.607000   2.248281
541.608000   2.259241
541.609000   2.268187
541.610000   2.275082
541.611000   2.280033
541.612000   2.283219
541.613000   2.284835
541.614000   2.285053
541.615000   2.284032
541.616000   2.281984
541.617000   2.279241
541.618000   2.276261
541.619000   2.273563
541.620000   2.271601
541.621000   2.270646
541.622000   2.270741
541.623000   2.271774
541.624000   2.273563
541.625000   2.275894
541.626000   2.278534
541.627000   2.281258
541.628000   2.283824
541.629000   2.285906
541.630000   2.287035
541.631000   2.286617
541.632000   2.284021
541.633000   2.278715
541.634000   2.270347
541.635000   2.258766
541.636000   2.243979
541.637000   2.226133
541.638000   2.205487
541.639000   2.182346
541.640000   2.156978
541.641000   2.129607
541.642000   2.100512
541.643000   2.070149
541.644000   2.039224
541.645000   2.008658
541.646000   1.979460
541.647000   1.952575
541.648000   1.928784
541.649000   1.908683
541.650000   1.892671
541.651000   1.880950
541.652000   1.873554
541.653000   1.870419
541.654000   1.871446
541.655000   1.876584
541.656000   1.885845
541.657000   1.899235
541.658000   1.916598
541.659000   1.937495
541.660000   1.961180
541.661000   1.986672
541.662000   2.012846
541.663000   2.038540
541.664000   2.062664
541.665000   2.084294
541.666000   2.102767
541.667000   2.117725
541.668000   2.129069
541.669000   2.136846
541.670000   2.141171
541.671000   2.142276
541.672000   2.140572
541.673000   2.136633
541.674000   2.131091
541.675000   2.124532
541.676000   2.117466
541.677000   2.110358
541.678000   2.103637
541.679000   2.097604
541.680000   2.092302
541.681000   2.087524
541.682000   2.082940
541.683000   2.078224
541.684000   2.073120
541.685000   2.067472
541.686000   2.061250
541.687000   2.054573
541.688000   2.047670
541.689000   2.040768
541.690000   2.033936
541.691000   2.027016
541.692000   2.019682
541.693000   2.011571
541.694000   2.002394
541.695000   1.992031
541.696000   1.980581
541.697000   1.968385
541.698000   1.955989
541.699000   1.944058
541.700000   1.933244
541.701000   1.924066
541.702000   1.916899
541.703000   1.912043
541.704000   1.909788
541.705000   1.910432
541.706000   1.914287
541.707000   1.921675
541.708000   1.932902
541.709000   1.948209
541.710000   1.967695
541.711000   1.991214
541.712000   2.018300
541.713000   2.048183
541.714000   2.079862
541.715000   2.112175
541.716000   2.143847
541.717000   2.173546
541.718000   2.199952
541.719000   2.221870
541.720000   2.238375
541.721000   2.248932
541.722000   2.253453
541.723000   2.252291
541.724000   2.246258
541.725000   2.236597
541.726000   2.224787
541.727000   2.212197
541.728000   2.199772
541.729000   2.187947
541.730000   2.176815
541.731000   2.166388
541.732000   2.156762
541.733000   2.148082
541.734000   2.140427
541.735000   2.133758
541.736000   2.127949
541.737000   2.122824
541.738000   2.118201
541.739000   2.113951
541.740000   2.110080
541.741000   2.106821
541.742000   2.104636
541.743000   2.104073
541.744000   2.105494
541.745000   2.108883
541.746000   2.113836
541.747000   2.119695
541.748000   2.125721
541.749000   2.131248
541.750000   2.135786
541.751000   2.139065
541.752000   2.141028
541.753000   2.141767
541.754000   2.141416
541.755000   2.140073
541.756000   2.137816
541.757000   2.134765
541.758000   2.131136
541.759000   2.127257
541.760000   2.123542
541.761000   2.120402
541.762000   2.118159
541.763000   2.116990
541.764000   2.116940
541.765000   2.117915
541.766000   2.119677
541.767000   2.121882
541.768000   2.124184
541.769000   2.126317
541.770000   2.128124
541.771000   2.129541
541.772000   2.130588
541.773000   2.131383
541.774000   2.132161
541.775000   2.133275
541.776000   2.135145
541.777000   2.138183
541.778000   2.142686
541.779000   2.148699
541.780000   2.155914
541.781000   2.163682
541.782000   2.171188
541.783000   2.177698
541.784000   2.182764
541.785000   2.186280
541.786000   2.188392
541.787000   2.189352
541.788000   2.189432
541.789000   2.188938
541.790000   2.188247
541.791000   2.187841
541.792000   2.188302
541.793000   2.190306
541.794000   2.194594
541.795000   2.201881
541.796000   2.212662
541.797000   2.227016
541.798000   2.244507
541.799000   2.264257
541.800000   2.285110
541.801000   2.305789
541.802000   2.325057
541.803000   2.341811
541.804000   2.355130
541.805000   2.364280
541.806000   2.368700
541.807000   2.368013
541.808000   2.362094
541.809000   2.351164
541.810000   2.335825
541.811000   2.317001
541.812000   2.295815
541.813000   2.273464
541.814000   2.251102
541.815000   2.229700
541.816000   2.209946
541.817000   2.192250
541.818000   2.176879
541.819000   2.164088
541.820000   2.154175
541.821000   2.147461
541.822000   2.144219
541.823000   2.144596
541.824000   2.148567
541.825000   2.155942
541.826000   2.166387
541.827000   2.179480
541.828000   2.194795
541.829000   2.211981
541.830000   2.230806
541.831000   2.251127
541.832000   2.272831
541.833000   2.295723
541.834000   2.319412
541.835000   2.343243
541.836000   2.366335
541.837000   2.387762
541.838000   2.406736
541.839000   2.422722
541.840000   2.435458
541.841000   2.444943
541.842000   2.451428
541.843000   2.455390
541.844000   2.457448
541.845000   2.458222
541.846000   2.458218
541.847000   2.457837
541.848000   2.457416
541.849000   2.457219
541.850000   2.457402
541.851000   2.458005
541.852000   2.459010
541.853000   2.460382
541.854000   2.462027
541.855000   2.463713
541.856000   2.465031
541.857000   2.465437
541.858000   2.464308
541.859000   2.461021
541.860000   2.455060
541.861000   2.446110
541.862000   2.434130
541.863000   2.419341
541.864000   2.402116
541.865000   2.382823
541.866000   2.361756
541.867000   2.339191
541.868000   2.315475
541.869000   2.291107
541.870000   2.266782
541.871000   2.243405
541.872000   2.222038
541.873000   2.203767
541.874000   2.189520
541.875000   2.179925
541.876000   2.175277
541.877000   2.175596
541.878000   2.180681
541.879000   2.190141
541.880000   2.203421
541.881000   2.219873
541.882000   2.238872
541.883000   2.259896
541.884000   2.282486
541.885000   2.306139
541.886000   2.330236
541.887000   2.354080
541.888000   2.376948
541.889000   2.398136
541.890000   2.416990
541.891000   2.432936
541.892000   2.445512
541.893000   2.454390
541.894000   2.459364
541.895000   2.460336
541.896000   2.457347
541.897000   2.450643
541.898000   2.440709
541.899000   2.428265
541.900000   2.414206
541.901000   2.399524
541.902000   2.385186
541.903000   2.372004
541.904000   2.360519
541.905000   2.350983
541.906000   2.343490
541.907000   2.338134
541.908000   2.335046
541.909000   2.334338
541.910000   2.336024
541.911000   2.339984
541.912000   2.345971
541.913000   2.353599
541.914000   2.362315
541.915000   2.371404
541.916000   2.380095
541.917000   2.387705
541.918000   2.393710
541.919000   2.397779
541.920000   2.399761
541.921000   2.399674
541.922000   2.397659
541.923000   2.393910
541.924000   2.388607
541.925000   2.381947
541.926000   2.374232
541.927000   2.365888
541.928000   2.357393
541.929000   2.349165
541.930000   2.341526
541.931000   2.334723
541.932000   2.328955
541.933000   2.324315
541.934000   2.320733
541.935000   2.318007
541.936000   2.315936
541.937000   2.314425
541.938000   2.313486
541.939000   2.313191
541.940000   2.313622
541.941000   2.314845
541.942000   2.316861
541.943000   2.319527
541.944000   2.322532
541.945000   2.325468
541.946000   2.327930
541.947000   2.329570
541.948000   2.330116
541.949000   2.329375
541.950000   2.327262
541.951000   2.323828
541.952000   2.319276
541.953000   2.313891
541.954000   2.307959
541.955000   2.301707
541.956000   2.295263
541.957000   2.288661
541.958000   2.281912
541.959000   2.275129
541.960000   2.268585
541.961000   2.262670
541.962000   2.257778
541.963000   2.254220
541.964000   2.252224
541.965000   2.251953
541.966000   2.253510
541.967000   2.256945
541.968000   2.262311
541.969000   2.269710
541.970000   2.279276
541.971000   2.291029
541.972000   2.304678
541.973000   2.319549
541.974000   2.334659
541.975000   2.348857
541.976000   2.361014
541.977000   2.370193
541.978000   2.375779
541.979000   2.377507
541.980000   2.375383
541.981000   2.369555
541.982000   2.360273
541.983000   2.347952
541.984000   2.333220
541.985000   2.316873
541.986000   2.299797
541.987000   2.282893
541.988000   2.267035
541.989000   2.253032
541.990000   2.241542
541.991000   2.232958
541.992000   2.227330
541.993000   2.224408
541.994000   2.223718
541.995000   2.224638
541.996000   2.226463
541.997000   2.228467
541.998000   2.229985
541.999000   2.230470
542.000000   2.229491
542.001000   2.226674
542.001000   2.226674
542.002000   2.221688
542.003000   2.214338
542.004000   2.204673
542.005000   2.193050
542.006000   2.180127
542.007000   2.166800
542.008000   2.154060
542.009000   2.142787
542.010000   2.133557
542.011000   2.126547
542.012000   2.121638
542.013000   2.118607
542.014000   2.117258
542.015000   2.117421
542.016000   2.118892
542.017000   2.121404
542.018000   2.124650
542.019000   2.128325
542.020000   2.132164
542.021000   2.135934
542.022000   2.139453
542.023000   2.142642
542.024000   2.145539
542.025000   2.148225
542.026000   2.150727
542.027000   2.152977
542.028000   2.154835
542.029000   2.156120
542.030000   2.156623
542.031000   2.156122
542.032000   2.154465
542.033000   2.151659
542.034000   2.147863
542.035000   2.143291
542.036000   2.138105
542.037000   2.132374
542.038000   2.126115
542.039000   2.119346
542.040000   2.112088
542.041000   2.104340
542.042000   2.096102
542.043000   2.087431
542.044000   2.078485
542.045000   2.069510
542.046000   2.060816
542.047000   2.052773
542.048000   2.045810
542.049000   2.040355
542.050000   2.036710
542.051000   2.034968
542.052000   2.035037
542.053000   2.036717
542.054000   2.039761
542.055000   2.043904
542.056000   2.048897
542.057000   2.054558
542.058000   2.060814
542.059000   2.067681
542.060000   2.075147
542.061000   2.083068
542.062000   2.091154
542.063000   2.099018
542.064000   2.106244
542.065000   2.112470
542.066000   2.117477
542.067000   2.121223
542.068000   2.123801
542.069000   2.125348
542.070000   2.125946
542.071000   2.125581
542.072000   2.124200
542.073000   2.121778
542.074000   2.118385
542.075000   2.114234
542.076000   2.109702
542.077000   2.105302
542.078000   2.101576
542.079000   2.098901
542.080000   2.097327
542.081000   2.096577
542.082000   2.096239
542.083000   2.095967
542.084000   2.095574
542.085000   2.095038
542.086000   2.094458
542.087000   2.093999
542.088000   2.093811
542.089000   2.093920
542.090000   2.094164
542.091000   2.094224
542.092000   2.093727
542.093000   2.092326
542.094000   2.089749
542.095000   2.085844
542.096000   2.080633
542.097000   2.074338
542.098000   2.067343
542.099000   2.060102
542.100000   2.053092
542.101000   2.046856
542.102000   2.042045
542.103000   2.039337
542.104000   2.039323
542.105000   2.042415
542.106000   2.048824
542.107000   2.058560
542.108000   2.071413
542.109000   2.086893
542.110000   2.104227
542.111000   2.122460
542.112000   2.140631
542.113000   2.157908
542.114000   2.173652
542.115000   2.187422
542.116000   2.198939
542.117000   2.208030
542.118000   2.214522
542.119000   2.218167
542.120000   2.218724
542.121000   2.216153
542.122000   2.210719
542.123000   2.202943
542.124000   2.193484
542.125000   2.183028
542.126000   2.172233
542.127000   2.161697
542.128000   2.151923
542.129000   2.143270
542.130000   2.135949
542.131000   2.130063
542.132000   2.125623
542.133000   2.122537
542.134000   2.120623
542.135000   2.119655
542.136000   2.119428
542.137000   2.119765
542.138000   2.120459
542.139000   2.121249
542.140000   2.121918
542.141000   2.122399
542.142000   2.122804
542.143000   2.123391
542.144000   2.124519
542.145000   2.126601
542.146000   2.130039
542.147000   2.135122
542.148000   2.141939
542.149000   2.150402
542.150000   2.160357
542.151000   2.171678
542.152000   2.184301
542.153000   2.198229
542.154000   2.213531
542.155000   2.230306
542.156000   2.248608
542.157000   2.268305
542.158000   2.288960
542.159000   2.309855
542.160000   2.330139
542.161000   2.348977
542.162000   2.365671
542.163000   2.379759
542.164000   2.391119
542.165000   2.399992
542.166000   2.406859
542.167000   2.412159
542.168000   2.416066
542.169000   2.418512
542.170000   2.419345
542.171000   2.418477
542.172000   2.415955
542.173000   2.412002
542.174000   2.407004
542.175000   2.401436
542.176000   2.395750
542.177000   2.390258
542.178000   2.385068
542.179000   2.380092
542.180000   2.375071
542.181000   2.369671
542.182000   2.363602
542.183000   2.356748
542.184000   2.349213
542.185000   2.341244
542.186000   2.333045
542.187000   2.324579
542.188000   2.315595
542.189000   2.305822
542.190000   2.295148
542.191000   2.283689
542.192000   2.271780
542.193000   2.259937
542.194000   2.248790
542.195000   2.238978
542.196000   2.231046
542.197000   2.225352
542.198000   2.222086
542.199000   2.221330
542.200000   2.223126
542.201000   2.227499
542.202000   2.234469
542.203000   2.244063
542.204000   2.256312
542.205000   2.271209
542.206000   2.288622
542.207000   2.308243
542.208000   2.329630
542.209000   2.352290
542.210000   2.375711
542.211000   2.399330
542.212000   2.422505
542.213000   2.444529
542.214000   2.464680
542.215000   2.482275
542.216000   2.496712
542.217000   2.507516
542.218000   2.514431
542.219000   2.517497
542.220000   2.517031
542.221000   2.513511
542.222000   2.507440
542.223000   2.499274
542.224000   2.489419
542.225000   2.478243
542.226000   2.466043
542.227000   2.453020
542.228000   2.439309
542.229000   2.425043
542.230000   2.410381
542.231000   2.395499
542.232000   2.380615
542.233000   2.366023
542.234000   2.352123
542.235000   2.339372
542.236000   2.328141
542.237000   2.318618
542.238000   2.310829
542.239000   2.304696
542.240000   2.300048
542.241000   2.296650
542.242000   2.294305
542.243000   2.292950
542.244000   2.292677
542.245000   2.293632
542.246000   2.295880
542.247000   2.299355
542.248000   2.303895
542.249000   2.309301
542.250000   2.315376
542.251000   2.321969
542.252000   2.329012
542.253000   2.336554
542.254000   2.344701
542.255000   2.353474
542.256000   2.362664
542.257000   2.371836
542.258000   2.380463
542.259000   2.388097
542.260000   2.394503
542.261000   2.399734
542.262000   2.404129
542.263000   2.408221
542.264000   2.412593
542.265000   2.417724
542.266000   2.423920
542.267000   2.431333
542.268000   2.439976
542.269000   2.449740
542.270000   2.460456
542.271000   2.472010
542.272000   2.484408
542.273000   2.497717
542.274000   2.511856
542.275000   2.526368
542.276000   2.540398
542.277000   2.552901
542.278000   2.562903
542.279000   2.569675
542.280000   2.572778
542.281000   2.572060
542.282000   2.567637
542.283000   2.559844
542.284000   2.549129
542.285000   2.535933
542.286000   2.520653
542.287000   2.503742
542.288000   2.485817
542.289000   2.467687
542.290000   2.450277
542.291000   2.434469
542.292000   2.420922
542.293000   2.409943
542.294000   2.401477
542.295000   2.395194
542.296000   2.390625
542.297000   2.387288
542.298000   2.384710
542.299000   2.382399
542.300000   2.379799
542.301000   2.376304
542.302000   2.371310
542.303000   2.364320
542.304000   2.355016
542.305000   2.343275
542.306000   2.329155
542.307000   2.312861
542.308000   2.294710
542.309000   2.275064
542.310000   2.254287
542.311000   2.232762
542.312000   2.210938
542.313000   2.189329
542.314000   2.168454
542.315000   2.148765
542.316000   2.130648
542.317000   2.114462
542.318000   2.100529
542.319000   2.089108
542.320000   2.080365
542.321000   2.074394
542.322000   2.071251
542.323000   2.070957
542.324000   2.073448
542.325000   2.078504
542.326000   2.085728
542.327000   2.094577
542.328000   2.104419
542.329000   2.114596
542.330000   2.124494
542.331000   2.133600
542.332000   2.141521
542.333000   2.147960
542.334000   2.152675
542.335000   2.155472
542.336000   2.156222
542.337000   2.154885
542.338000   2.151550
542.339000   2.146483
542.340000   2.140178
542.341000   2.133371
542.342000   2.126950
542.343000   2.121756
542.344000   2.118321
542.345000   2.116741
542.346000   2.116740
542.347000   2.117882
542.348000   2.119730
542.349000   2.121910
542.350000   2.124096
542.351000   2.125978
542.352000   2.127220
542.353000   2.127391
542.354000   2.125911
542.355000   2.122097
542.356000   2.115329
542.357000   2.105255
542.358000   2.091935
542.359000   2.075866
542.360000   2.057876
542.361000   2.038905
542.362000   2.019781
542.363000   2.001080
542.364000   1.983129
542.365000   1.966109
542.366000   1.950194
542.367000   1.935620
542.368000   1.922677
542.369000   1.911668
542.370000   1.902865
542.371000   1.896485
542.372000   1.892667
542.373000   1.891458
542.374000   1.892784
542.375000   1.896481
542.376000   1.902361
542.377000   1.910304
542.378000   1.920293
542.379000   1.932377
542.380000   1.946598
542.381000   1.962926
542.382000   1.981234
542.383000   2.001293
542.384000   2.022776
542.385000   2.045287
542.386000   2.068402
542.387000   2.091719
542.388000   2.114867
542.389000   2.137513
542.390000   2.159354
542.391000   2.180139
542.392000   2.199676
542.393000   2.217843
542.394000   2.234577
542.395000   2.249842
542.396000   2.263557
542.397000   2.275501
542.398000   2.285264
542.399000   2.292288
542.400000   2.296010
542.401000   2.296006
542.402000   2.292084
542.403000   2.284292
542.404000   2.272907
542.405000   2.258408
542.406000   2.241398
542.407000   2.222504
542.408000   2.202314
542.409000   2.181425
542.410000   2.160512
542.411000   2.140348
542.412000   2.121729
542.413000   2.105323
542.414000   2.091549
542.415000   2.080554
542.416000   2.072277
542.417000   2.066553
542.418000   2.063175
542.419000   2.061929
542.420000   2.062634
542.421000   2.065188
542.422000   2.069548
542.423000   2.075648
542.424000   2.083353
542.425000   2.092493
542.426000   2.102943
542.427000   2.114692
542.428000   2.127872
542.429000   2.142744
542.430000   2.159598
542.431000   2.178620
542.432000   2.199764
542.433000   2.222648
542.434000   2.246530
542.435000   2.270408
542.436000   2.293193
542.437000   2.313870
542.438000   2.331610
542.439000   2.345851
542.440000   2.356312
542.441000   2.362937
542.442000   2.365746
542.443000   2.364711
542.444000   2.359811
542.445000   2.351212
542.446000   2.339400
542.447000   2.325176
542.448000   2.309545
542.449000   2.293566
542.450000   2.278183
542.451000   2.264104
542.452000   2.251720
542.453000   2.241080
542.454000   2.231951
542.455000   2.223943
542.456000   2.216686
542.457000   2.209960
542.458000   2.203715
542.459000   2.198036
542.460000   2.193085
542.461000   2.189058
542.462000   2.186162
542.463000   2.184621
542.464000   2.184653
542.465000   2.186344
542.466000   2.189581
542.467000   2.194180
542.468000   2.199977
542.469000   2.206818
542.470000   2.214520
542.471000   2.222845
542.472000   2.231513
542.473000   2.240249
542.474000   2.248843
542.475000   2.257111
542.476000   2.264772
542.477000   2.271381
542.478000   2.276482
542.479000   2.279801
542.480000   2.281307
542.481000   2.281141
542.482000   2.279504
542.483000   2.276580
542.484000   2.272527
542.485000   2.267530
542.486000   2.261875
542.487000   2.255961
542.488000   2.250219
542.489000   2.245041
542.490000   2.240797
542.491000   2.237817
542.492000   2.236330
542.493000   2.236412
542.494000   2.237986
542.495000   2.240855
542.496000   2.244769
542.497000   2.249509
542.498000   2.254966
542.499000   2.261153
542.500000   2.268077
542.501000   2.275562
542.501000   2.275562
542.502000   2.283197
542.503000   2.290436
542.504000   2.296708
542.505000   2.301498
542.506000   2.304437
542.507000   2.305364
542.508000   2.304368
542.509000   2.301780
542.510000   2.298119
542.511000   2.293994
542.512000   2.289973
542.513000   2.286473
542.514000   2.283747
542.515000   2.281974
542.516000   2.281358
542.517000   2.282165
542.518000   2.284698
542.519000   2.289212
542.520000   2.295802
542.521000   2.304313
542.522000   2.314368
542.523000   2.325468
542.524000   2.337092
542.525000   2.348669
542.526000   2.359460
542.527000   2.368530
542.528000   2.374907
542.529000   2.377754
542.530000   2.376458
542.531000   2.370676
542.532000   2.360379
542.533000   2.345890
542.534000   2.327872
542.535000   2.307268
542.536000   2.285187
542.537000   2.262750
542.538000   2.240880
542.539000   2.220153
542.540000   2.200788
542.541000   2.182811
542.542000   2.166234
542.543000   2.151150
542.544000   2.137751
542.545000   2.126291
542.546000   2.117065
542.547000   2.110378
542.548000   2.106504
542.549000   2.105615
542.550000   2.107730
542.551000   2.112722
542.552000   2.120418
542.553000   2.130686
542.554000   2.143450
542.555000   2.158618
542.556000   2.175986
542.557000   2.195177
542.558000   2.215645
542.559000   2.236729
542.560000   2.257741
542.561000   2.278050
542.562000   2.297118
542.563000   2.314506
542.564000   2.329888
542.565000   2.343070
542.566000   2.353996
542.567000   2.362735
542.568000   2.369448
542.569000   2.374336
542.570000   2.377619
542.571000   2.379508
542.572000   2.380155
542.573000   2.379578
542.574000   2.377617
542.575000   2.373969
542.576000   2.368286
542.577000   2.360279
542.578000   2.349753
542.579000   2.336626
542.580000   2.320945
542.581000   2.302906
542.582000   2.282841
542.583000   2.261175
542.584000   2.238382
542.585000   2.214945
542.586000   2.191339
542.587000   2.168010
542.588000   2.145364
542.589000   2.123738
542.590000   2.103420
542.591000   2.084687
542.592000   2.067839
542.593000   2.053223
542.594000   2.041238
542.595000   2.032316
542.596000   2.026879
542.597000   2.025260
542.598000   2.027623
542.599000   2.033921
542.600000   2.043915
542.601000   2.057230
542.602000   2.073412
542.603000   2.091998
542.604000   2.112587
542.605000   2.134907
542.606000   2.158812
542.607000   2.184193
542.608000   2.210821
542.609000   2.238260
542.610000   2.265899
542.611000   2.293038
542.612000   2.318961
542.613000   2.342960
542.614000   2.364345
542.615000   2.382466
542.616000   2.396750
542.617000   2.406746
542.618000   2.412158
542.619000   2.412870
542.620000   2.408988
542.621000   2.400875
542.622000   2.389133
542.623000   2.374533
542.624000   2.357893
542.625000   2.339945
542.626000   2.321230
542.627000   2.302037
542.628000   2.282395
542.629000   2.262173
542.630000   2.241235
542.631000   2.219587
542.632000   2.197420
542.633000   2.175090
542.634000   2.153055
542.635000   2.131806
542.636000   2.111804
542.637000   2.093423
542.638000   2.076920
542.639000   2.062461
542.640000   2.050191
542.641000   2.040261
542.642000   2.032815
542.643000   2.027960
542.644000   2.025756
542.645000   2.026207
542.646000   2.029236
542.647000   2.034626
542.648000   2.041984
542.649000   2.050763
542.650000   2.060347
542.651000   2.070130
542.652000   2.079576
542.653000   2.088264
542.654000   2.095934
542.655000   2.102535
542.656000   2.108215
542.657000   2.113251
542.658000   2.117928
542.659000   2.122466
542.660000   2.127026
542.661000   2.131777
542.662000   2.136950
542.663000   2.142861
542.664000   2.149885
542.665000   2.158377
542.666000   2.168556
542.667000   2.180374
542.668000   2.193445
542.669000   2.207077
542.670000   2.220370
542.671000   2.232364
542.672000   2.242207
542.673000   2.249334
542.674000   2.253550
542.675000   2.254989
542.676000   2.253937
542.677000   2.250613
542.678000   2.245063
542.679000   2.237236
542.680000   2.227142
542.681000   2.214931
542.682000   2.200865
542.683000   2.185295
542.684000   2.168713
542.685000   2.151756
542.686000   2.135141
542.687000   2.119550
542.688000   2.105583
542.689000   2.093758
542.690000   2.084532
542.691000   2.078299
542.692000   2.075347
542.693000   2.075799
542.694000   2.079601
542.695000   2.086564
542.696000   2.096359
542.697000   2.108504
542.698000   2.122403
542.699000   2.137444
542.700000   2.153100
542.701000   2.168986
542.702000   2.184864
542.703000   2.200583
542.704000   2.215986
542.705000   2.230840
542.706000   2.244839
542.707000   2.257662
542.708000   2.269058
542.709000   2.278923
542.710000   2.287333
542.711000   2.294522
542.712000   2.300834
542.713000   2.306643
542.714000   2.312241
542.715000   2.317716
542.716000   2.322885
542.717000   2.327359
542.718000   2.330718
542.719000   2.332650
542.720000   2.333000
542.721000   2.331749
542.722000   2.328992
542.723000   2.324915
542.724000   2.319758
542.725000   2.313741
542.726000   2.306993
542.727000   2.299557
542.728000   2.291490
542.729000   2.282953
542.730000   2.274220
542.731000   2.265639
542.732000   2.257565
542.733000   2.250334
542.734000   2.244245
542.735000   2.239582
542.736000   2.236644
542.737000   2.235742
542.738000   2.237113
542.739000   2.240845
542.740000   2.246909
542.741000   2.255221
542.742000   2.265693
542.743000   2.278232
542.744000   2.292729
542.745000   2.309042
542.746000   2.326998
542.747000   2.346409
542.748000   2.367096
542.749000   2.388847
542.750000   2.411311
542.751000   2.433851
542.752000   2.455518
542.753000   2.475165
542.754000   2.491561
542.755000   2.503507
542.756000   2.509995
542.757000   2.510379
542.758000   2.504508
542.759000   2.492766
542.760000   2.476044
542.761000   2.455603
542.762000   2.432839
542.763000   2.409018
542.764000   2.385143
542.765000   2.361968
542.766000   2.340084
542.767000   2.319999
542.768000   2.302171
542.769000   2.287019
542.770000   2.274909
542.771000   2.266132
542.772000   2.260869
542.773000   2.259090
542.774000   2.260455
542.775000   2.264309
542.776000   2.269842
542.777000   2.276294
542.778000   2.283095
542.779000   2.289920
542.780000   2.296695
542.781000   2.303562
542.782000   2.310780
542.783000   2.318601
542.784000   2.327165
542.785000   2.336444
542.786000   2.346276
542.787000   2.356485
542.788000   2.366956
542.789000   2.377638
542.790000   2.388501
542.791000   2.399484
542.792000   2.410451
542.793000   2.421178
542.794000   2.431384
542.795000   2.440754
542.796000   2.448906
542.797000   2.455343
542.798000   2.459535
542.799000   2.461101
542.800000   2.459889
542.801000   2.455925
542.802000   2.449292
542.803000   2.440074
542.804000   2.428405
542.805000   2.414557
542.806000   2.398987
542.807000   2.382280
542.808000   2.365037
542.809000   2.347732
542.810000   2.330648
542.811000   2.313891
542.812000   2.297431
542.813000   2.281132
542.814000   2.264825
542.815000   2.248364
542.816000   2.231693
542.817000   2.214884
542.818000   2.198181
542.819000   2.181998
542.820000   2.166813
542.821000   2.152954
542.822000   2.140453
542.823000   2.129160
542.824000   2.118929
542.825000   2.109700
542.826000   2.101505
542.827000   2.094445
542.828000   2.088668
542.829000   2.084343
542.830000   2.081629
542.831000   2.080647
542.832000   2.081476
542.833000   2.084110
542.834000   2.088385
542.835000   2.094011
542.836000   2.100737
542.837000   2.108475
542.838000   2.117293
542.839000   2.127347
542.840000   2.138798
542.841000   2.151729
542.842000   2.166113
542.843000   2.181815
542.844000   2.198546
542.845000   2.215769
542.846000   2.232709
542.847000   2.248502
542.848000   2.262362
542.849000   2.273625
542.850000   2.281695
542.851000   2.285991
542.852000   2.285943
542.853000   2.281092
542.854000   2.271229
542.855000   2.256474
542.856000   2.237200
542.857000   2.213869
542.858000   2.186993
542.859000   2.157204
542.860000   2.125286
542.861000   2.092109
542.862000   2.058586
542.863000   2.025645
542.864000   1.994204
542.865000   1.965105
542.866000   1.939011
542.867000   1.916376
542.868000   1.897513
542.869000   1.882669
542.870000   1.871995
542.871000   1.865490
542.872000   1.863001
542.873000   1.864279
542.874000   1.869036
542.875000   1.877000
542.876000   1.887934
542.877000   1.901599
542.878000   1.917708
542.879000   1.935903
542.880000   1.955756
542.881000   1.976804
542.882000   1.998593
542.883000   2.020742
542.884000   2.042975
542.885000   2.065131
542.886000   2.087132
542.887000   2.108894
542.888000   2.130199
542.889000   2.150594
542.890000   2.169382
542.891000   2.185713
542.892000   2.198711
542.893000   2.207599
542.894000   2.211796
542.895000   2.210990
542.896000   2.205190
542.897000   2.194744
542.898000   2.180292
542.899000   2.162640
542.900000   2.142583
542.901000   2.120799
542.902000   2.097854
542.903000   2.074267
542.904000   2.050571
542.905000   2.027315
542.906000   2.005056
542.907000   1.984333
542.908000   1.965626
542.909000   1.949312
542.910000   1.935621
542.911000   1.924639
542.912000   1.916328
542.913000   1.910582
542.914000   1.907278
542.915000   1.906300
542.916000   1.907534
542.917000   1.910831
542.918000   1.915986
542.919000   1.922715
542.920000   1.930687
542.921000   1.939563
542.922000   1.949007
542.923000   1.958646
542.924000   1.968039
542.925000   1.976741
542.926000   1.984385
542.927000   1.990744
542.928000   1.995743
542.929000   1.999447
542.930000   2.002047
542.931000   2.003826
542.932000   2.005109
542.933000   2.006179
542.934000   2.007229
542.935000   2.008338
542.936000   2.009505
542.937000   2.010662
542.938000   2.011679
542.939000   2.012378
542.940000   2.012559
542.941000   2.012056
542.942000   2.010788
542.943000   2.008771
542.944000   2.006086
542.945000   2.002864
542.946000   1.999289
542.947000   1.995607
542.948000   1.992119
542.949000   1.989163
542.950000   1.987093
542.951000   1.986272
542.952000   1.987015
542.953000   1.989503
542.954000   1.993701
542.955000   1.999380
542.956000   2.006215
542.957000   2.013871
542.958000   2.022043
542.959000   2.030448
542.960000   2.038830
542.961000   2.046974
542.962000   2.054723
542.963000   2.061997
542.964000   2.068752
542.965000   2.074904
542.966000   2.080307
542.967000   2.084823
542.968000   2.088380
542.969000   2.090948
542.970000   2.092492
542.971000   2.092946
542.972000   2.092255
542.973000   2.090455
542.974000   2.087754
542.975000   2.084536
542.976000   2.081252
542.977000   2.078248
542.978000   2.075706
542.979000   2.073737
542.980000   2.072463
542.981000   2.072028
542.982000   2.072582
542.983000   2.074264
542.984000   2.077186
542.985000   2.081422
542.986000   2.086991
542.987000   2.093820
542.988000   2.101665
542.989000   2.110033
542.990000   2.118231
542.991000   2.125534
542.992000   2.131329
542.993000   2.135172
542.994000   2.136795
542.995000   2.136087
542.996000   2.133091
542.997000   2.128014
542.998000   2.121273
542.999000   2.113476
543.000000   2.105279
543.001000   2.097172
543.001000   2.097172
543.002000   2.089473
543.003000   2.082471
543.004000   2.076464
543.005000   2.071677
543.006000   2.068192
543.007000   2.065952
543.008000   2.064837
543.009000   2.064792
543.010000   2.065876
543.011000   2.068110
543.012000   2.071246
543.013000   2.074824
543.014000   2.078401
543.015000   2.081670
543.016000   2.084459
543.017000   2.086718
543.018000   2.088538
543.019000   2.090187
543.020000   2.092140
543.021000   2.095029
543.022000   2.099424
543.023000   2.105517
543.024000   2.113113
543.025000   2.121901
543.026000   2.131583
543.027000   2.141870
543.028000   2.152445
543.029000   2.162960
543.030000   2.173073
543.031000   2.182532
543.032000   2.191227
543.033000   2.199049
543.034000   2.205550
543.035000   2.209949
543.036000   2.211542
543.037000   2.209964
543.038000   2.205219
543.039000   2.197621
543.040000   2.187748
543.041000   2.176428
543.042000   2.164725
543.043000   2.153827
543.044000   2.144753
543.045000   2.138182
543.046000   2.134583
543.047000   2.134360
543.048000   2.137833
543.049000   2.145158
543.050000   2.156277
543.051000   2.170920
543.052000   2.188665
543.053000   2.209029
543.054000   2.231518
543.055000   2.255527
543.056000   2.280213
543.057000   2.304635
543.058000   2.327992
543.059000   2.349713
543.060000   2.369423
543.061000   2.386908
543.062000   2.402089
543.063000   2.415039
543.064000   2.426004
543.065000   2.435355
543.066000   2.443392
543.067000   2.450186
543.068000   2.455681
543.069000   2.459905
543.070000   2.463016
543.071000   2.465239
543.072000   2.466772
543.073000   2.467733
543.074000   2.468172
543.075000   2.468133
543.076000   2.467717
543.077000   2.467018
543.078000   2.465980
543.079000   2.464412
543.080000   2.462198
543.081000   2.459387
543.082000   2.456123
543.083000   2.452534
543.084000   2.448679
543.085000   2.444559
543.086000   2.440189
543.087000   2.435666
543.088000   2.431169
543.089000   2.426871
543.090000   2.422887
543.091000   2.419343
543.092000   2.416398
543.093000   2.414175
543.094000   2.412714
543.095000   2.411991
543.096000   2.411989
543.097000   2.412771
543.098000   2.414565
543.099000   2.417800
543.100000   2.422962
543.101000   2.430191
543.102000   2.439111
543.103000   2.449142
543.104000   2.459791
543.105000   2.470709
543.106000   2.481671
543.107000   2.492561
543.108000   2.503368
543.109000   2.514163
543.110000   2.525048
543.111000   2.536050
543.112000   2.546998
543.113000   2.557528
543.114000   2.567205
543.115000   2.575615
543.116000   2.582407
543.117000   2.587304
543.118000   2.590116
543.119000   2.590756
543.120000   2.589279
543.121000   2.585934
543.122000   2.581171
543.123000   2.575528
543.124000   2.569393
543.125000   2.562877
543.126000   2.555974
543.127000   2.548715
543.128000   2.541194
543.129000   2.533521
543.130000   2.525795
543.131000   2.518084
543.132000   2.510406
543.133000   2.502716
543.134000   2.494900
543.135000   2.486795
543.136000   2.478174
543.137000   2.468728
543.138000   2.458116
543.139000   2.446104
543.140000   2.432670
543.141000   2.418016
543.142000   2.402473
543.143000   2.386375
543.144000   2.369983
543.145000   2.353494
543.146000   2.337131
543.147000   2.321254
543.148000   2.306391
543.149000   2.293167
543.150000   2.282172
543.151000   2.273886
543.152000   2.268677
543.153000   2.266789
543.154000   2.268310
543.155000   2.273136
543.156000   2.280968
543.157000   2.291347
543.158000   2.303706
543.159000   2.317447
543.160000   2.332005
543.161000   2.346847
543.162000   2.361400
543.163000   2.374956
543.164000   2.386681
543.165000   2.395742
543.166000   2.401439
543.167000   2.403322
543.168000   2.401248
543.169000   2.395402
543.170000   2.386280
543.171000   2.374645
543.172000   2.361456
543.173000   2.347751
543.174000   2.334426
543.175000   2.322054
543.176000   2.310930
543.177000   2.301254
543.178000   2.293229
543.179000   2.287023
543.180000   2.282703
543.181000   2.280185
543.182000   2.279252
543.183000   2.279614
543.184000   2.280976
543.185000   2.283034
543.186000   2.285390
543.187000   2.287542
543.188000   2.289006
543.189000   2.289445
543.190000   2.288700
543.191000   2.286766
543.192000   2.283751
543.193000   2.279858
543.194000   2.275381
543.195000   2.270697
543.196000   2.266220
543.197000   2.262292
543.198000   2.259044
543.199000   2.256383
543.200000   2.254105
543.201000   2.252007
543.202000   2.249930
543.203000   2.247763
543.204000   2.245447
543.205000   2.242982
543.206000   2.240446
543.207000   2.237998
543.208000   2.235826
543.209000   2.234041
543.210000   2.232623
543.211000   2.231475
543.212000   2.230501
543.213000   2.229589
543.214000   2.228573
543.215000   2.227212
543.216000   2.225221
543.217000   2.222358
543.218000   2.218526
543.219000   2.213828
543.220000   2.208497
543.221000   2.202717
543.222000   2.196526
543.223000   2.189888
543.224000   2.182820
543.225000   2.175433
543.226000   2.167937
543.227000   2.160628
543.228000   2.153868
543.229000   2.148061
543.230000   2.143610
543.231000   2.140851
543.232000   2.139960
543.233000   2.140842
543.234000   2.143115
543.235000   2.146261
543.236000   2.149810
543.237000   2.153427
543.238000   2.156919
543.239000   2.160187
543.240000   2.163186
543.241000   2.165883
543.242000   2.168270
543.243000   2.170378
543.244000   2.172273
543.245000   2.173986
543.246000   2.175488
543.247000   2.176762
543.248000   2.177866
543.249000   2.178895
543.250000   2.179881
543.251000   2.180723
543.252000   2.181187
543.253000   2.180979
543.254000   2.179850
543.255000   2.177689
543.256000   2.174547
543.257000   2.170564
543.258000   2.165845
543.259000   2.160421
543.260000   2.154331
543.261000   2.147711
543.262000   2.140816
543.263000   2.133998
543.264000   2.127677
543.265000   2.122281
543.266000   2.118208
543.267000   2.115781
543.268000   2.115227
543.269000   2.116653
543.270000   2.120009
543.271000   2.125069
543.272000   2.131472
543.273000   2.138803
543.274000   2.146645
543.275000   2.154605
543.276000   2.162332
543.277000   2.169539
543.278000   2.176048
543.279000   2.181843
543.280000   2.187105
543.281000   2.192202
543.282000   2.197554
543.283000   2.203435
543.284000   2.209868
543.285000   2.216696
543.286000   2.223704
543.287000   2.230675
543.288000   2.237407
543.289000   2.243720
543.290000   2.249473
543.291000   2.254578
543.292000   2.259028
543.293000   2.262897
543.294000   2.266243
543.295000   2.268937
543.296000   2.270655
543.297000   2.271098
543.298000   2.270160
543.299000   2.267943
543.300000   2.264676
543.301000   2.260610
543.302000   2.255951
543.303000   2.250858
543.304000   2.245483
543.305000   2.239979
543.306000   2.234396
543.307000   2.228591
543.308000   2.222333
543.309000   2.215444
543.310000   2.207845
543.311000   2.199511
543.312000   2.190439
543.313000   2.180645
543.314000   2.170208
543.315000   2.159343
543.316000   2.148427
543.317000   2.137914
543.318000   2.128156
543.319000   2.119339
543.320000   2.111575
543.321000   2.104977
543.322000   2.099675
543.323000   2.095817
543.324000   2.093593
543.325000   2.093258
543.326000   2.095141
543.327000   2.099589
543.328000   2.106821
543.329000   2.116779
543.330000   2.129118
543.331000   2.143332
543.332000   2.158871
543.333000   2.175174
543.334000   2.191685
543.335000   2.207882
543.336000   2.223306
