540.330000   2.521711
540.331000   2.521681
540.332000   2.519784
540.333000   2.516205
540.334000   2.511354
540.335000   2.505759
540.336000   2.500033
540.337000   2.494898
540.338000   2.491076
540.339000   2.489021
540.340000   2.488790
540.341000   2.490211
540.342000   2.493067
540.343000   2.497159
540.344000   2.502306
540.345000   2.508309
540.346000   2.514918
540.347000   2.521780
540.348000   2.528307
540.349000   2.533572
540.350000   2.536524
540.351000   2.536299
540.352000   2.532367
540.353000   2.524566
540.354000   2.513103
540.355000   2.498547
540.356000   2.481739
540.357000   2.463560
540.358000   2.444654
540.359000   2.425386
540.360000   2.406044
540.361000   2.386975
540.362000   2.368596
540.363000   2.351358
540.364000   2.335738
540.365000   2.322257
540.366000   2.311465
540.367000   2.303769
540.368000   2.299202
540.369000   2.297400
540.370000   2.297804
540.371000   2.299855
540.372000   2.303127
540.373000   2.307382
540.374000   2.312604
540.375000   2.318961
540.376000   2.326651
540.377000   2.335637
540.378000   2.345564
540.379000   2.355925
540.380000   2.366173
540.381000   2.375722
540.382000   2.383996
540.383000   2.390538
540.384000   2.395103
540.385000   2.397669
540.386000   2.398326
540.387000   2.397124
540.388000   2.394064
540.389000   2.389242
540.390000   2.382936
540.391000   2.375540
540.392000   2.367454
540.393000   2.359055
540.394000   2.350763
540.395000   2.343059
540.396000   2.336331
540.397000   2.330666
540.398000   2.325856
540.399000   2.321601
540.400000   2.317676
540.401000   2.313979
540.402000   2.310518
540.403000   2.307372
540.404000   2.304670
540.405000   2.302557
540.406000   2.301089
540.407000   2.300112
540.408000   2.299324
540.409000   2.298445
540.410000   2.297322
540.411000   2.295943
540.412000   2.294422
540.413000   2.292972
540.414000   2.291848
540.415000   2.291256
540.416000   2.291215
540.417000   2.291467
540.418000   2.291593
540.419000   2.291217
540.420000   2.290134
540.421000   2.288322
540.422000   2.285920
540.423000   2.283206
540.424000   2.280586
540.425000   2.278536
540.426000   2.277419
540.427000   2.277286
540.428000   2.277918
540.429000   2.279043
540.430000   2.280466
540.431000   2.282086
540.432000   2.283866
540.433000   2.285824
540.434000   2.288024
540.435000   2.290551
540.436000   2.293389
540.437000   2.296294
540.438000   2.298831
540.439000   2.300544
540.440000   2.301080
540.441000   2.300227
540.442000   2.297919
540.443000   2.294265
540.444000   2.289573
540.445000   2.284319
540.446000   2.278967
540.447000   2.273740
540.448000   2.268596
540.449000   2.263458
540.450000   2.258380
540.451000   2.253577
540.452000   2.249354
540.453000   2.246060
540.454000   2.244080
540.455000   2.243805
540.456000   2.245516
540.457000   2.249229
540.458000   2.254715
540.459000   2.261644
540.460000   2.269705
540.461000   2.278621
540.462000   2.288145
540.463000   2.298033
540.464000   2.308031
540.465000   2.317853
540.466000   2.327107
540.467000   2.335199
540.468000   2.341396
540.469000   2.345046
540.470000   2.345757
540.471000   2.343467
540.472000   2.338446
540.473000   2.331263
540.474000   2.322730
540.475000   2.313783
540.476000   2.305244
540.477000   2.297606
540.478000   2.291069
540.479000   2.285771
540.480000   2.281925
540.481000   2.279848
540.482000   2.279934
540.483000   2.282622
540.484000   2.288343
540.485000   2.297411
540.486000   2.309841
540.487000   2.325219
540.488000   2.342778
540.489000   2.361611
540.490000   2.380821
540.491000   2.399579
540.492000   2.417144
540.493000   2.432909
540.494000   2.446430
540.495000   2.457438
540.496000   2.465745
540.497000   2.471086
540.498000   2.473096
540.499000   2.471478
540.500000   2.466155
540.501000   2.457314
540.501000   2.457314
540.502000   2.445384
540.503000   2.431013
540.504000   2.415028
540.505000   2.398336
540.506000   2.381731
540.507000   2.365735
540.508000   2.350689
540.509000   2.336968
540.510000   2.325083
540.511000   2.315654
540.512000   2.309335
540.513000   2.306742
540.514000   2.308386
540.515000   2.314583
540.516000   2.325282
540.517000   2.339959
540.518000   2.357696
540.519000   2.377381
540.520000   2.397821
540.521000   2.417804
540.522000   2.436157
540.523000   2.451839
540.524000   2.464023
540.525000   2.472116
540.526000   2.475671
540.527000   2.474330
540.528000   2.467942
540.529000   2.456737
540.530000   2.441380
540.531000   2.422905
540.532000   2.402592
540.533000   2.381852
540.534000   2.362101
540.535000   2.344633
540.536000   2.330472
540.537000   2.320262
540.538000   2.314281
540.539000   2.312528
540.540000   2.314792
540.541000   2.320689
540.542000   2.329707
540.543000   2.341269
540.544000   2.354816
540.545000   2.369841
540.546000   2.385819
540.547000   2.402072
540.548000   2.417771
540.549000   2.432095
540.550000   2.444383
540.551000   2.454192
540.552000   2.461302
540.553000   2.465696
540.554000   2.467532
540.555000   2.467072
540.556000   2.464565
540.557000   2.460187
540.558000   2.454071
540.559000   2.446394
540.560000   2.437422
540.561000   2.427503
540.562000   2.417057
540.563000   2.406568
540.564000   2.396586
540.565000   2.387701
540.566000   2.380459
540.567000   2.375242
540.568000   2.372195
540.569000   2.371257
540.570000   2.372216
540.571000   2.374771
540.572000   2.378621
540.573000   2.383536
540.574000   2.389409
540.575000   2.396222
540.576000   2.403918
540.577000   2.412282
540.578000   2.420947
540.579000   2.429503
540.580000   2.437575
540.581000   2.444849
540.582000   2.451105
540.583000   2.456255
540.584000   2.460344
540.585000   2.463489
540.586000   2.465785
540.587000   2.467217
540.588000   2.467672
540.589000   2.467027
540.590000   2.465195
540.591000   2.462133
540.592000   2.457845
540.593000   2.452444
540.594000   2.446209
540.595000   2.439568
540.596000   2.432988
540.597000   2.426845
540.598000   2.421380
540.599000   2.416763
540.600000   2.413164
540.601000   2.410761
540.602000   2.409731
540.603000   2.410242
540.604000   2.412440
540.605000   2.416384
540.606000   2.421946
540.607000   2.428773
540.608000   2.436370
540.609000   2.444219
540.610000   2.451853
540.611000   2.458888
540.612000   2.465032
540.613000   2.470079
540.614000   2.473888
540.615000   2.476333
540.616000   2.477255
540.617000   2.476522
540.618000   2.474106
540.619000   2.470114
540.620000   2.464774
540.621000   2.458412
540.622000   2.451402
540.623000   2.444069
540.624000   2.436590
540.625000   2.429001
540.626000   2.421339
540.627000   2.413738
540.628000   2.406441
540.629000   2.399745
540.630000   2.393954
540.631000   2.389342
540.632000   2.386121
540.633000   2.384408
540.634000   2.384213
540.635000   2.385459
540.636000   2.388001
540.637000   2.391619
540.638000   2.396011
540.639000   2.400782
540.640000   2.405460
540.641000   2.409531
540.642000   2.412470
540.643000   2.413757
540.644000   2.412893
540.645000   2.409471
540.646000   2.403306
540.647000   2.394525
540.648000   2.383557
540.649000   2.371056
540.650000   2.357823
540.651000   2.344749
540.652000   2.332753
540.653000   2.322678
540.654000   2.315189
540.655000   2.310748
540.656000   2.309607
540.657000   2.311827
540.658000   2.317280
540.659000   2.325654
540.660000   2.336453
540.661000   2.348973
540.662000   2.362285
540.663000   2.375266
540.664000   2.386679
540.665000   2.395302
540.666000   2.400072
540.667000   2.400213
540.668000   2.395317
540.669000   2.385410
540.670000   2.370962
540.671000   2.352846
540.672000   2.332183
540.673000   2.310138
540.674000   2.287781
540.675000   2.266086
540.676000   2.245964
540.677000   2.228258
540.678000   2.213698
540.679000   2.202861
540.680000   2.196155
540.681000   2.193836
540.682000   2.196003
540.683000   2.202543
540.684000   2.213048
540.685000   2.226785
540.686000   2.242802
540.687000   2.260083
540.688000   2.277664
540.689000   2.294692
540.690000   2.310463
540.691000   2.324438
540.692000   2.336208
540.693000   2.345413
540.694000   2.351668
540.695000   2.354588
540.696000   2.353862
540.697000   2.349324
540.698000   2.341027
540.699000   2.329293
540.700000   2.314717
540.701000   2.298107
540.702000   2.280408
540.703000   2.262601
540.704000   2.245648
540.705000   2.230484
540.706000   2.217992
540.707000   2.208902
540.708000   2.203671
540.709000   2.202503
540.710000   2.205461
540.711000   2.212541
540.712000   2.223640
540.713000   2.238464
540.714000   2.256475
540.715000   2.276921
540.716000   2.298948
540.717000   2.321701
540.718000   2.344373
540.719000   2.366202
540.720000   2.386492
540.721000   2.404667
540.722000   2.420286
540.723000   2.433003
540.724000   2.442536
540.725000   2.448706
540.726000   2.451498
540.727000   2.451129
540.728000   2.448069
540.729000   2.442991
540.730000   2.436597
540.731000   2.429413
540.732000   2.421765
540.733000   2.413869
540.734000   2.405912
540.735000   2.398091
540.736000   2.390639
540.737000   2.383844
540.738000   2.378060
540.739000   2.373694
540.740000   2.371117
540.741000   2.370521
540.742000   2.371823
540.743000   2.374734
540.744000   2.378902
540.745000   2.384029
540.746000   2.389916
540.747000   2.396458
540.748000   2.403620
540.749000   2.411409
540.750000   2.419854
540.751000   2.428933
540.752000   2.438483
540.753000   2.448164
540.754000   2.457545
540.755000   2.466237
540.756000   2.473967
540.757000   2.480592
540.758000   2.486085
540.759000   2.490528
540.760000   2.494095
540.761000   2.497035
540.762000   2.499627
540.763000   2.502131
540.764000   2.504756
540.765000   2.507632
540.766000   2.510838
540.767000   2.514476
540.768000   2.518737
540.769000   2.523899
540.770000   2.530272
540.771000   2.538113
540.772000   2.547535
540.773000   2.558465
540.774000   2.570666
540.775000   2.583789
540.776000   2.597434
540.777000   2.611176
540.778000   2.624606
540.779000   2.637350
540.780000   2.649088
540.781000   2.659506
540.782000   2.668238
540.783000   2.674842
540.784000   2.678872
540.785000   2.680000
540.786000   2.678096
540.787000   2.673274
540.788000   2.665881
540.789000   2.656453
540.790000   2.645628
540.791000   2.634045
540.792000   2.622262
540.793000   2.610747
540.794000   2.599912
540.795000   2.590119
540.796000   2.581675
540.797000   2.574812
540.798000   2.569675
540.799000   2.566312
540.800000   2.564649
540.801000   2.564463
540.802000   2.565344
540.803000   2.566716
540.804000   2.567906
540.805000   2.568276
540.806000   2.567351
540.807000   2.564895
540.808000   2.560915
540.809000   2.555620
540.810000   2.549335
540.811000   2.542448
540.812000   2.535382
540.813000   2.528586
540.814000   2.522495
540.815000   2.517516
540.816000   2.514028
540.817000   2.512364
540.818000   2.512738
540.819000   2.515180
540.820000   2.519511
540.821000   2.525383
540.822000   2.532370
540.823000   2.540060
540.824000   2.548089
540.825000   2.556138
540.826000   2.563925
540.827000   2.571234
540.828000   2.577931
540.829000   2.583926
540.830000   2.589116
540.831000   2.593366
540.832000   2.596549
540.833000   2.598614
540.834000   2.599607
540.835000   2.599650
540.836000   2.598874
540.837000   2.597365
540.838000   2.595143
540.839000   2.592175
540.840000   2.588403
540.841000   2.583787
540.842000   2.578341
540.843000   2.572164
540.844000   2.565448
540.845000   2.558491
540.846000   2.551676
540.847000   2.545440
540.848000   2.540192
540.849000   2.536224
540.850000   2.533675
540.851000   2.532538
540.852000   2.532711
540.853000   2.534044
540.854000   2.536360
540.855000   2.539473
540.856000   2.543190
540.857000   2.547312
540.858000   2.551635
540.859000   2.555945
540.860000   2.560024
540.861000   2.563659
540.862000   2.566668
540.863000   2.568939
540.864000   2.570460
540.865000   2.571333
540.866000   2.571739
540.867000   2.571896
540.868000   2.572006
540.869000   2.572201
540.870000   2.572536
540.871000   2.572996
540.872000   2.573498
540.873000   2.573888
540.874000   2.573982
540.875000   2.573660
540.876000   2.572939
540.877000   2.571949
540.878000   2.570862
540.879000   2.569813
540.880000   2.568868
540.881000   2.568058
540.882000   2.567430
540.883000   2.567078
540.884000   2.567117
540.885000   2.567646
540.886000   2.568756
540.887000   2.570535
540.888000   2.573044
540.889000   2.576264
540.890000   2.580077
540.891000   2.584288
540.892000   2.588655
540.893000   2.592928
540.894000   2.596891
540.895000   2.600391
540.896000   2.603343
540.897000   2.605715
540.898000   2.607507
540.899000   2.608733
540.900000   2.609418
540.901000   2.609595
540.902000   2.609309
540.903000   2.608636
540.904000   2.607708
540.905000   2.606730
540.906000   2.605969
540.907000   2.605680
540.908000   2.606003
540.909000   2.606913
540.910000   2.608283
540.911000   2.609973
540.912000   2.611879
540.913000   2.613934
540.914000   2.616089
540.915000   2.618294
540.916000   2.620467
540.917000   2.622447
540.918000   2.623969
540.919000   2.624679
540.920000   2.624195
540.921000   2.622177
540.922000   2.618361
540.923000   2.612577
540.924000   2.604731
540.925000   2.594791
540.926000   2.582748
540.927000   2.568611
540.928000   2.552457
540.929000   2.534534
540.930000   2.515331
540.931000   2.495570
540.932000   2.476081
540.933000   2.457669
540.934000   2.441038
540.935000   2.426774
540.936000   2.415341
540.937000   2.407055
540.938000   2.402081
540.939000   2.400425
540.940000   2.401923
540.941000   2.406213
540.942000   2.412721
540.943000   2.420685
540.944000   2.429237
540.945000   2.437474
540.946000   2.444508
540.947000   2.449496
540.948000   2.451686
540.949000   2.450492
540.950000   2.445573
540.951000   2.436887
540.952000   2.424714
540.953000   2.409609
540.954000   2.392306
540.955000   2.373587
540.956000   2.354202
540.957000   2.334848
540.958000   2.316188
540.959000   2.298873
540.960000   2.283542
540.961000   2.270807
540.962000   2.261218
540.963000   2.255210
540.964000   2.253029
540.965000   2.254669
540.966000   2.259830
540.967000   2.267940
540.968000   2.278230
540.969000   2.289830
540.970000   2.301851
540.971000   2.313462
540.972000   2.323953
540.973000   2.332772
540.974000   2.339513
540.975000   2.343831
540.976000   2.345368
540.977000   2.343782
540.978000   2.338887
540.979000   2.330767
540.980000   2.319810
540.981000   2.306673
540.982000   2.292219
540.983000   2.277429
540.984000   2.263305
540.985000   2.250767
540.986000   2.240581
540.987000   2.233340
540.988000   2.229479
540.989000   2.229289
540.990000   2.232905
540.991000   2.240287
540.992000   2.251205
540.993000   2.265241
540.994000   2.281825
540.995000   2.300245
540.996000   2.319650
540.997000   2.339067
540.998000   2.357481
540.999000   2.373957
541.000000   2.387735
541.001000   2.398291
541.001000   2.398291
541.002000   2.405374
541.003000   2.409006
541.004000   2.409434
541.005000   2.407024
541.006000   2.402161
541.007000   2.395237
541.008000   2.386691
541.009000   2.377033
541.010000   2.366812
541.011000   2.356563
541.012000   2.346757
541.013000   2.337760
541.014000   2.329821
541.015000   2.323057
541.016000   2.317456
541.017000   2.312901
541.018000   2.309216
541.019000   2.306220
541.020000   2.303770
541.021000   2.301798
541.022000   2.300351
541.023000   2.299605
541.024000   2.299816
541.025000   2.301209
541.026000   2.303861
541.027000   2.307708
541.028000   2.312626
541.029000   2.318521
541.030000   2.325374
541.031000   2.333256
541.032000   2.342334
541.033000   2.352838
541.034000   2.365012
541.035000   2.379029
541.036000   2.394940
541.037000   2.412664
541.038000   2.432029
541.039000   2.452791
541.040000   2.474660
541.041000   2.497302
541.042000   2.520341
541.043000   2.543326
541.044000   2.565681
541.045000   2.586647
541.046000   2.605273
541.047000   2.620507
541.048000   2.631353
541.049000   2.637046
541.050000   2.637192
541.051000   2.631832
541.052000   2.621422
541.053000   2.606727
541.054000   2.588677
541.055000   2.568222
541.056000   2.546249
541.057000   2.523566
541.058000   2.500907
541.059000   2.478925
541.060000   2.458178
541.061000   2.439111
541.062000   2.422035
541.063000   2.407104
541.064000   2.394289
541.065000   2.383379
541.066000   2.374038
541.067000   2.365919
541.068000   2.358767
541.069000   2.352447
541.070000   2.346946
541.071000   2.342365
541.072000   2.338919
541.073000   2.336876
541.074000   2.336446
541.075000   2.337715
541.076000   2.340656
541.077000   2.345190
541.078000   2.351221
541.079000   2.358621
541.080000   2.367187
541.081000   2.376600
541.082000   2.386435
541.083000   2.396190
541.084000   2.405319
541.085000   2.413266
541.086000   2.419526
541.087000   2.423695
541.088000   2.425529
541.089000   2.424946
541.090000   2.422001
541.091000   2.416848
541.092000   2.409739
541.093000   2.401048
541.094000   2.391229
541.095000   2.380725
541.096000   2.369911
541.097000   2.359107
541.098000   2.348599
541.099000   2.338669
541.100000   2.329619
541.101000   2.321794
541.102000   2.315563
541.103000   2.311252
541.104000   2.309057
541.105000   2.309003
541.106000   2.310965
541.107000   2.314711
541.108000   2.319933
541.109000   2.326279
541.110000   2.333401
541.111000   2.341005
541.112000   2.348848
541.113000   2.356655
541.114000   2.364024
541.115000   2.370433
541.116000   2.375362
541.117000   2.378421
541.118000   2.379405
541.119000   2.378313
541.120000   2.375334
541.121000   2.370830
541.122000   2.365300
541.123000   2.359301
541.124000   2.353368
541.125000   2.347970
541.126000   2.343541
541.127000   2.340512
541.128000   2.339317
541.129000   2.340363
541.130000   2.344008
541.131000   2.350537
541.132000   2.360119
541.133000   2.372742
541.134000   2.388146
541.135000   2.405834
541.136000   2.425150
541.137000   2.445353
541.138000   2.465635
541.139000   2.485125
541.140000   2.502974
541.141000   2.518474
541.142000   2.531128
541.143000   2.540595
541.144000   2.546607
541.145000   2.548947
541.146000   2.547519
541.147000   2.542412
541.148000   2.533941
541.149000   2.522647
541.150000   2.509264
541.151000   2.494625
541.152000   2.479493
541.153000   2.464434
541.154000   2.449800
541.155000   2.435834
541.156000   2.422779
541.157000   2.410944
541.158000   2.400716
541.159000   2.392552
541.160000   2.386941
541.161000   2.384278
541.162000   2.384723
541.163000   2.388202
541.164000   2.394536
541.165000   2.403541
541.166000   2.415052
541.167000   2.428886
541.168000   2.444808
541.169000   2.462520
541.170000   2.481685
541.171000   2.501943
541.172000   2.522864
541.173000   2.543858
541.174000   2.564164
541.175000   2.582981
541.176000   2.599632
541.177000   2.613644
541.178000   2.624760
541.179000   2.632929
541.180000   2.638289
541.181000   2.641122
541.182000   2.641776
541.183000   2.640591
541.184000   2.637863
541.185000   2.633872
541.186000   2.628919
541.187000   2.623331
541.188000   2.617414
541.189000   2.611409
541.190000   2.605467
541.191000   2.599645
541.192000   2.593896
541.193000   2.588086
541.194000   2.582041
541.195000   2.575550
541.196000   2.568336
541.197000   2.560119
541.198000   2.550760
541.199000   2.540356
541.200000   2.529234
541.201000   2.517853
541.202000   2.506677
541.203000   2.496095
541.204000   2.486435
541.205000   2.478010
541.206000   2.471119
541.207000   2.466033
541.208000   2.463015
541.209000   2.462333
541.210000   2.464219
541.211000   2.468775
541.212000   2.475886
541.213000   2.485204
541.214000   2.496229
541.215000   2.508434
541.216000   2.521356
541.217000   2.534615
541.218000   2.547853
541.219000   2.560705
541.220000   2.572827
541.221000   2.583914
541.222000   2.593644
541.223000   2.601659
541.224000   2.607621
541.225000   2.611282
541.226000   2.612544
541.227000   2.611445
541.228000   2.608104
541.229000   2.602682
541.230000   2.595375
541.231000   2.586407
541.232000   2.576001
541.233000   2.564386
541.234000   2.551837
541.235000   2.538716
541.236000   2.525477
541.237000   2.512662
541.238000   2.500862
541.239000   2.490658
541.240000   2.482494
541.241000   2.476564
541.242000   2.472780
541.243000   2.470868
541.244000   2.470511
541.245000   2.471435
541.246000   2.473436
541.247000   2.476378
541.248000   2.480173
541.249000   2.484731
541.250000   2.489880
541.251000   2.495310
541.252000   2.500606
541.253000   2.505348
541.254000   2.509196
541.255000   2.511914
541.256000   2.513368
541.257000   2.513525
541.258000   2.512437
541.259000   2.510212
541.260000   2.506954
541.261000   2.502725
541.262000   2.497582
541.263000   2.491644
541.264000   2.485109
541.265000   2.478211
541.266000   2.471185
541.267000   2.464287
541.268000   2.457829
541.269000   2.452167
541.270000   2.447621
541.271000   2.444402
541.272000   2.442604
541.273000   2.442223
541.274000   2.443173
541.275000   2.445274
541.276000   2.448249
541.277000   2.451733
541.278000   2.455292
541.279000   2.458399
541.280000   2.460403
541.281000   2.460555
541.282000   2.458115
541.283000   2.452490
541.284000   2.443324
541.285000   2.430554
541.286000   2.414410
541.287000   2.395369
541.288000   2.374066
541.289000   2.351178
541.290000   2.327348
541.291000   2.303179
541.292000   2.279267
541.293000   2.256215
541.294000   2.234619
541.295000   2.215040
541.296000   2.197990
541.297000   2.183931
541.298000   2.173260
541.299000   2.166237
541.300000   2.162894
541.301000   2.163004
541.302000   2.166150
541.303000   2.171835
541.304000   2.179559
541.305000   2.188879
541.306000   2.199450
541.307000   2.211048
541.308000   2.223554
541.309000   2.236878
541.310000   2.250858
541.311000   2.265203
541.312000   2.279498
541.313000   2.293263
541.314000   2.306022
541.315000   2.317355
541.316000   2.326924
541.317000   2.334471
541.318000   2.339815
541.319000   2.342814
541.320000   2.343344
541.321000   2.341298
541.322000   2.336642
541.323000   2.329453
541.324000   2.319949
541.325000   2.308493
541.326000   2.295593
541.327000   2.281872
541.328000   2.268007
541.329000   2.254621
541.330000   2.242185
541.331000   2.231013
541.332000   2.221321
541.333000   2.213243
541.334000   2.206811
541.335000   2.201955
541.336000   2.198557
541.337000   2.196488
541.338000   2.195602
541.339000   2.195685
541.340000   2.196411
541.341000   2.197361
541.342000   2.198092
541.343000   2.198182
541.344000   2.197231
541.345000   2.194868
541.346000   2.190809
541.347000   2.184947
541.348000   2.177357
541.349000   2.168214
541.350000   2.157698
541.351000   2.146025
541.352000   2.133567
541.353000   2.120912
541.354000   2.108839
541.355000   2.098212
541.356000   2.089883
541.357000   2.084630
541.358000   2.083078
541.359000   2.085636
541.360000   2.092469
541.361000   2.103539
541.362000   2.118640
541.363000   2.137414
541.364000   2.159345
541.365000   2.183744
541.366000   2.209735
541.367000   2.236235
541.368000   2.261971
541.369000   2.285538
541.370000   2.305533
541.371000   2.320756
541.372000   2.330385
541.373000   2.334083
541.374000   2.332049
541.375000   2.324973
541.376000   2.313928
541.377000   2.300149
541.378000   2.284791
541.379000   2.268795
541.380000   2.252927
541.381000   2.237862
541.382000   2.224236
541.383000   2.212621
541.384000   2.203506
541.385000   2.197271
541.386000   2.194171
541.387000   2.194299
541.388000   2.197536
541.389000   2.203522
541.390000   2.211699
541.391000   2.221427
541.392000   2.232106
541.393000   2.243228
541.394000   2.254385
541.395000   2.265247
541.396000   2.275519
541.397000   2.284886
541.398000   2.292980
541.399000   2.299421
541.400000   2.303897
541.401000   2.306201
541.402000   2.306249
541.403000   2.304094
541.404000   2.299944
541.405000   2.294152
541.406000   2.287159
541.407000   2.279445
541.408000   2.271508
541.409000   2.263911
541.410000   2.257303
541.411000   2.252341
541.412000   2.249547
541.413000   2.249226
541.414000   2.251528
541.415000   2.256551
541.416000   2.264325
541.417000   2.274720
541.418000   2.287374
541.419000   2.301718
541.420000   2.317084
541.421000   2.332795
541.422000   2.348208
541.423000   2.362734
541.424000   2.375862
541.425000   2.387190
541.426000   2.396397
541.427000   2.403175
541.428000   2.407231
541.429000   2.408396
541.430000   2.406740
541.431000   2.402632
541.432000   2.396695
541.433000   2.389694
541.434000   2.382387
541.435000   2.375425
541.436000   2.369322
541.437000   2.364462
541.438000   2.361119
541.439000   2.359519
541.440000   2.359864
541.441000   2.362322
541.442000   2.367002
541.443000   2.373916
541.444000   2.382950
541.445000   2.393859
541.446000   2.406256
541.447000   2.419593
541.448000   2.433188
541.449000   2.446303
541.450000   2.458243
541.451000   2.468423
541.452000   2.476427
541.453000   2.482040
541.454000   2.485234
541.455000   2.486082
541.456000   2.484626
541.457000   2.480816
541.458000   2.474584
541.459000   2.465980
541.460000   2.455244
541.461000   2.442810
541.462000   2.429276
541.463000   2.415357
541.464000   2.401805
541.465000   2.389310
541.466000   2.378367
541.467000   2.369200
541.468000   2.361797
541.469000   2.356024
541.470000   2.351725
541.471000   2.348785
541.472000   2.347158
541.473000   2.346882
541.474000   2.348059
541.475000   2.350767
541.476000   2.354902
541.477000   2.360070
541.478000   2.365675
541.479000   2.371128
541.480000   2.375985
541.481000   2.379983
541.482000   2.383037
541.483000   2.385216
541.484000   2.386705
541.485000   2.387718
541.486000   2.388388
541.487000   2.388701
541.488000   2.388545
541.489000   2.387803
541.490000   2.386405
541.491000   2.384349
541.492000   2.381715
541.493000   2.378689
541.494000   2.375567
541.495000   2.372694
541.496000   2.370339
541.497000   2.368600
541.498000   2.367439
541.499000   2.366784
541.500000   2.366605
541.501000   2.366935
541.501000   2.366935
541.502000   2.367874
541.503000   2.369572
541.504000   2.372171
541.505000   2.375655
541.506000   2.379712
541.507000   2.383772
541.508000   2.387199
541.509000   2.389458
541.510000   2.390195
541.511000   2.389260
541.512000   2.386703
541.513000   2.382750
541.514000   2.377741
541.515000   2.372020
541.516000   2.365827
541.517000   2.359292
541.518000   2.352487
541.519000   2.345470
541.520000   2.338291
541.521000   2.330998
541.522000   2.323666
541.523000   2.316425
541.524000   2.309455
541.525000   2.302871
541.526000   2.296602
541.527000   2.290409
541.528000   2.284064
541.529000   2.277482
541.530000   2.270754
541.531000   2.264125
541.532000   2.257979
541.533000   2.252834
541.534000   2.249292
541.535000   2.247924
541.536000   2.249140
541.537000   2.253157
541.538000   2.260042
541.539000   2.269756
541.540000   2.282154
541.541000   2.296994
541.542000   2.313946
541.543000   2.332605
541.544000   2.352475
541.545000   2.372908
541.546000   2.393044
541.547000   2.411885
541.548000   2.428477
541.549000   2.442078
541.550000   2.452265
541.551000   2.458976
541.552000   2.462501
541.553000   2.463404
541.554000   2.462352
541.555000   2.459924
541.556000   2.456518
541.557000   2.452424
541.558000   2.447902
541.559000   2.443190
541.560000   2.438469
541.561000   2.433839
541.562000   2.429314
541.563000   2.424829
541.564000   2.420205
541.565000   2.415098
541.566000   2.408988
541.567000   2.401290
541.568000   2.391508
541.569000   2.379331
541.570000   2.364692
541.571000   2.347795
541.572000   2.329116
541.573000   2.309343
541.574000   2.289199
541.575000   2.269223
541.576000   2.249735
541.577000   2.230995
541.578000   2.213356
541.579000   2.197290
541.580000   2.183344
541.581000   2.172107
541.582000   2.164167
541.583000   2.160036
541.584000   2.160026
541.585000   2.164173
541.586000   2.172279
541.587000   2.184040
541.588000   2.199098
541.589000   2.217016
541.590000   2.237237
541.591000   2.259108
541.592000   2.281947
541.593000   2.305044
541.594000   2.327575
541.595000   2.348538
541.596000   2.366857
541.597000   2.381597
541.598000   2.392118
541.599000   2.398140
541.600000   2.399760
541.601000   2.397439
541.602000   2.391953
541.603000   2.384241
541.604000   2.375178
541.605000   2.365474
541.606000   2.355744
541.607000   2.346588
541.608000   2.338574
541.609000   2.332174
541.610000   2.327710
541.611000   2.325303
541.612000   2.324846
541.613000   2.325973
541.614000   2.328045
541.615000   2.330251
541.616000   2.331793
541.617000   2.332024
541.618000   2.330517
541.619000   2.327085
541.620000   2.321798
541.621000   2.314967
541.622000   2.307062
541.623000   2.298518
541.624000   2.289549
541.625000   2.280154
541.626000   2.270281
541.627000   2.259943
541.628000   2.249261
541.629000   2.238488
541.630000   2.228012
541.631000   2.218329
541.632000   2.209916
541.633000   2.203051
541.634000   2.197770
541.635000   2.194040
541.636000   2.191938
541.637000   2.191697
541.638000   2.193666
541.639000   2.198246
541.640000   2.205828
541.641000   2.216735
541.642000   2.231110
541.643000   2.248758
541.644000   2.269046
541.645000   2.290971
541.646000   2.313320
541.647000   2.334804
541.648000   2.354165
541.649000   2.370306
541.650000   2.382428
541.651000   2.390114
541.652000   2.393293
541.653000   2.392037
541.654000   2.386418
541.655000   2.376631
541.656000   2.363164
541.657000   2.346831
541.658000   2.328683
541.659000   2.309895
541.660000   2.291647
541.661000   2.275018
541.662000   2.260865
541.663000   2.249695
541.664000   2.241640
541.665000   2.236568
541.666000   2.234221
541.667000   2.234261
541.668000   2.236290
541.669000   2.239881
541.670000   2.244635
541.671000   2.250250
541.672000   2.256529
541.673000   2.263296
541.674000   2.270286
541.675000   2.277150
541.676000   2.283549
541.677000   2.289207
541.678000   2.293919
541.679000   2.297572
541.680000   2.300171
541.681000   2.301825
541.682000   2.302681
541.683000   2.302795
541.684000   2.302117
541.685000   2.300600
541.686000   2.298308
541.687000   2.295407
541.688000   2.292121
541.689000   2.288704
541.690000   2.285462
541.691000   2.282770
541.692000   2.281029
541.693000   2.280516
541.694000   2.281281
541.695000   2.283160
541.696000   2.285866
541.697000   2.289052
541.698000   2.292368
541.699000   2.295538
541.700000   2.298447
541.701000   2.301146
541.702000   2.303679
541.703000   2.305887
541.704000   2.307453
541.705000   2.308114
541.706000   2.307803
541.707000   2.306668
541.708000   2.305050
541.709000   2.303437
541.710000   2.302409
541.711000   2.302507
541.712000   2.304051
541.713000   2.307059
541.714000   2.311343
541.715000   2.316623
541.716000   2.322590
541.717000   2.328952
541.718000   2.335469
541.719000   2.341987
541.720000   2.348417
541.721000   2.354650
541.722000   2.360461
541.723000   2.365526
541.724000   2.369540
541.725000   2.372304
541.726000   2.373754
541.727000   2.373964
541.728000   2.373150
541.729000   2.371659
541.730000   2.369870
541.731000   2.368004
541.732000   2.365999
541.733000   2.363599
541.734000   2.360521
541.735000   2.356566
541.736000   2.351646
541.737000   2.345782
541.738000   2.339091
541.739000   2.331756
541.740000   2.323965
541.741000   2.315818
541.742000   2.307312
541.743000   2.298408
541.744000   2.289059
541.745000   2.279180
541.746000   2.268662
541.747000   2.257464
541.748000   2.245696
541.749000   2.233598
541.750000   2.221425
541.751000   2.209292
541.752000   2.197182
541.753000   2.185131
541.754000   2.173363
541.755000   2.162233
541.756000   2.152072
541.757000   2.143104
541.758000   2.135512
541.759000   2.129513
541.760000   2.125332
541.761000   2.123085
541.762000   2.122745
541.763000   2.124205
541.764000   2.127378
541.765000   2.132237
541.766000   2.138782
541.767000   2.146956
541.768000   2.156582
541.769000   2.167400
541.770000   2.179080
541.771000   2.191138
541.772000   2.202960
541.773000   2.213969
541.774000   2.223765
541.775000   2.232180
541.776000   2.239275
541.777000   2.245305
541.778000   2.250628
541.779000   2.255545
541.780000   2.260136
541.781000   2.264194
541.782000   2.267341
541.783000   2.269197
541.784000   2.269461
541.785000   2.267927
541.786000   2.264501
541.787000   2.259250
541.788000   2.252422
541.789000   2.244354
541.790000   2.235242
541.791000   2.224990
541.792000   2.213344
541.793000   2.200159
541.794000   2.185529
541.795000   2.169791
541.796000   2.153478
541.797000   2.137281
541.798000   2.122015
541.799000   2.108516
541.800000   2.097406
541.801000   2.088895
541.802000   2.082825
541.803000   2.078892
541.804000   2.076822
541.805000   2.076464
541.806000   2.077818
541.807000   2.081008
541.808000   2.086235
541.809000   2.093679
541.810000   2.103358
541.811000   2.115059
541.812000   2.128426
541.813000   2.143060
541.814000   2.158486
541.815000   2.174187
541.816000   2.189762
541.817000   2.205020
541.818000   2.219958
541.819000   2.234615
541.820000   2.248855
541.821000   2.262233
541.822000   2.274114
541.823000   2.283951
541.824000   2.291456
541.825000   2.296561
541.826000   2.299288
541.827000   2.299740
541.828000   2.298201
541.829000   2.295122
541.830000   2.290958
541.831000   2.286063
541.832000   2.280754
541.833000   2.275418
541.834000   2.270526
541.835000   2.266563
541.836000   2.263885
541.837000   2.262586
541.838000   2.262503
541.839000   2.263270
541.840000   2.264285
541.841000   2.264715
541.842000   2.263642
541.843000   2.260243
541.844000   2.253887
541.845000   2.244201
541.846000   2.231125
541.847000   2.214958
541.848000   2.196312
541.849000   2.175925
541.850000   2.154421
541.851000   2.132286
541.852000   2.110031
541.853000   2.088291
541.854000   2.067792
541.855000   2.049276
541.856000   2.033469
541.857000   2.021078
541.858000   2.012731
541.859000   2.008809
541.860000   2.009292
541.861000   2.013830
541.862000   2.021954
541.863000   2.033197
541.864000   2.047097
541.865000   2.063189
541.866000   2.081023
541.867000   2.100229
541.868000   2.120559
541.869000   2.141821
541.870000   2.163663
541.871000   2.185461
541.872000   2.206425
541.873000   2.225797
541.874000   2.242972
541.875000   2.257560
541.876000   2.269426
541.877000   2.278697
541.878000   2.285697
541.879000   2.290775
541.880000   2.294186
541.881000   2.296192
541.882000   2.297198
541.883000   2.297742
541.884000   2.298391
541.885000   2.299698
541.886000   2.302211
541.887000   2.306483
541.888000   2.313001
541.889000   2.322034
541.890000   2.333474
541.891000   2.346830
541.892000   2.361317
541.893000   2.375923
541.894000   2.389494
541.895000   2.400925
541.896000   2.409360
541.897000   2.414314
541.898000   2.415623
541.899000   2.413253
541.900000   2.407147
541.901000   2.397298
541.902000   2.383919
541.903000   2.367517
541.904000   2.348848
541.905000   2.328856
541.906000   2.308590
541.907000   2.289114
541.908000   2.271331
541.909000   2.255826
541.910000   2.242850
541.911000   2.232475
541.912000   2.224742
541.913000   2.219702
541.914000   2.217360
541.915000   2.217612
541.916000   2.220241
541.917000   2.224986
541.918000   2.231532
541.919000   2.239450
541.920000   2.248215
541.921000   2.257349
541.922000   2.266511
541.923000   2.275486
541.924000   2.284127
541.925000   2.292324
541.926000   2.300003
541.927000   2.307069
541.928000   2.313287
541.929000   2.318286
541.930000   2.321743
541.931000   2.323541
541.932000   2.323805
541.933000   2.322871
541.934000   2.321223
541.935000   2.319428
541.936000   2.318051
541.937000   2.317552
541.938000   2.318205
541.939000   2.320141
541.940000   2.323447
541.941000   2.328204
541.942000   2.334451
541.943000   2.342154
541.944000   2.351175
541.945000   2.361280
541.946000   2.372139
541.947000   2.383307
541.948000   2.394221
541.949000   2.404291
541.950000   2.413039
541.951000   2.420176
541.952000   2.425599
541.953000   2.429373
541.954000   2.431705
541.955000   2.432915
541.956000   2.433362
541.957000   2.433313
541.958000   2.432800
541.959000   2.431642
541.960000   2.429566
541.961000   2.426310
541.962000   2.421675
541.963000   2.415558
541.964000   2.407979
541.965000   2.399088
541.966000   2.389106
541.967000   2.378189
541.968000   2.366314
541.969000   2.353366
541.970000   2.339342
541.971000   2.324450
541.972000   2.309096
541.973000   2.293825
541.974000   2.279276
541.975000   2.266130
541.976000   2.254990
541.977000   2.246177
541.978000   2.239610
541.979000   2.234962
541.980000   2.231877
541.981000   2.230064
541.982000   2.229317
541.983000   2.229528
541.984000   2.230713
541.985000   2.233011
541.986000   2.236577
541.987000   2.241409
541.988000   2.247343
541.989000   2.254204
541.990000   2.261924
541.991000   2.270546
541.992000   2.280215
541.993000   2.291153
541.994000   2.303619
541.995000   2.317752
541.996000   2.333379
541.997000   2.350020
541.998000   2.367089
541.999000   2.384044
542.000000   2.400435
542.001000   2.415934
542.001000   2.415934
542.002000   2.430358
542.003000   2.443682
542.004000   2.455960
542.005000   2.467164
542.006000   2.477102
542.007000   2.485521
542.008000   2.492242
542.009000   2.497196
542.010000   2.500429
542.011000   2.502105
542.012000   2.502517
542.013000   2.502072
542.014000   2.501146
542.015000   2.499877
542.016000   2.498138
542.017000   2.495727
542.018000   2.492521
542.019000   2.488537
542.020000   2.483944
542.021000   2.479072
542.022000   2.474393
542.023000   2.470431
542.024000   2.467598
542.025000   2.466023
542.026000   2.465573
542.027000   2.465986
542.028000   2.466955
542.029000   2.468144
542.030000   2.469208
542.031000   2.469842
542.032000   2.469831
542.033000   2.469055
542.034000   2.467400
542.035000   2.464658
542.036000   2.460554
542.037000   2.454898
542.038000   2.447654
542.039000   2.438908
542.040000   2.428848
542.041000   2.417851
542.042000   2.406536
542.043000   2.395666
542.044000   2.385926
542.045000   2.377705
542.046000   2.371118
542.047000   2.366178
542.048000   2.362922
542.049000   2.361405
542.050000   2.361640
542.051000   2.363590
542.052000   2.367225
542.053000   2.372514
542.054000   2.379264
542.055000   2.387007
542.056000   2.395110
542.057000   2.402985
542.058000   2.410181
542.059000   2.416341
542.060000   2.421069
542.061000   2.423896
542.062000   2.424417
542.063000   2.422365
542.064000   2.417542
542.065000   2.409804
542.066000   2.399183
542.067000   2.385973
542.068000   2.370711
542.069000   2.354080
542.070000   2.336816
542.071000   2.319639
542.072000   2.303241
542.073000   2.288217
542.074000   2.274910
542.075000   2.263361
542.076000   2.253450
542.077000   2.245063
542.078000   2.238184
542.079000   2.232926
542.080000   2.229532
542.081000   2.228341
542.082000   2.229724
542.083000   2.233950
542.084000   2.240986
542.085000   2.250471
542.086000   2.261923
542.087000   2.274891
542.088000   2.288936
542.089000   2.303563
542.090000   2.318218
542.091000   2.332331
542.092000   2.345363
542.093000   2.356783
542.094000   2.365950
542.095000   2.372117
542.096000   2.374637
542.097000   2.373138
542.098000   2.367573
542.099000   2.358213
542.100000   2.345639
542.101000   2.330746
542.102000   2.314705
542.103000   2.298768
542.104000   2.283912
542.105000   2.270629
542.106000   2.259068
542.107000   2.249279
542.108000   2.241314
542.109000   2.235254
542.110000   2.231207
542.111000   2.229324
542.112000   2.229787
542.113000   2.232699
542.114000   2.237907
542.115000   2.244982
542.116000   2.253387
542.117000   2.262640
542.118000   2.272409
542.119000   2.282523
542.120000   2.292951
542.121000   2.303757
542.122000   2.315013
542.123000   2.326637
542.124000   2.338226
542.125000   2.349121
542.126000   2.358675
542.127000   2.366416
542.128000   2.372074
542.129000   2.375608
542.130000   2.377233
542.131000   2.377398
542.132000   2.376691
542.133000   2.375661
542.134000   2.374666
542.135000   2.373903
542.136000   2.373562
542.137000   2.373886
542.138000   2.375104
542.139000   2.377358
542.140000   2.380704
542.141000   2.385155
542.142000   2.390671
542.143000   2.397050
542.144000   2.403817
542.145000   2.410298
542.146000   2.415837
542.147000   2.419982
542.148000   2.422539
542.149000   2.423551
542.150000   2.423249
542.151000   2.422050
542.152000   2.420546
542.153000   2.419366
542.154000   2.418975
542.155000   2.419641
542.156000   2.421526
542.157000   2.424749
542.158000   2.429381
542.159000   2.435446
542.160000   2.442934
542.161000   2.451809
542.162000   2.461961
542.163000   2.473118
542.164000   2.484787
542.165000   2.496346
542.166000   2.507202
542.167000   2.516895
542.168000   2.525115
542.169000   2.531721
542.170000   2.536756
542.171000   2.540455
542.172000   2.543144
542.173000   2.545026
542.174000   2.545993
542.175000   2.545690
542.176000   2.543720
542.177000   2.539768
542.178000   2.533639
542.179000   2.525291
542.180000   2.514892
542.181000   2.502843
542.182000   2.489686
542.183000   2.475891
542.184000   2.461721
542.185000   2.447318
542.186000   2.432824
542.187000   2.418454
542.188000   2.404514
542.189000   2.391402
542.190000   2.379598
542.191000   2.369616
542.192000   2.361871
542.193000   2.356526
542.194000   2.353465
542.195000   2.352399
542.196000   2.352934
542.197000   2.354635
542.198000   2.357093
542.199000   2.359983
542.200000   2.363099
542.201000   2.366338
542.202000   2.369570
542.203000   2.372476
542.204000   2.374596
542.205000   2.375569
542.206000   2.375254
542.207000   2.373688
542.208000   2.371055
542.209000   2.367725
542.210000   2.364234
542.211000   2.361128
542.212000   2.358714
542.213000   2.357015
542.214000   2.356027
542.215000   2.355958
542.216000   2.357204
542.217000   2.360153
542.218000   2.365059
542.219000   2.372071
542.220000   2.381269
542.221000   2.392587
542.222000   2.405668
542.223000   2.419860
542.224000   2.434372
542.225000   2.448386
542.226000   2.461103
542.227000   2.471756
542.228000   2.479641
542.229000   2.484207
542.230000   2.485092
542.231000   2.482023
542.232000   2.474700
542.233000   2.462904
542.234000   2.446711
542.235000   2.426579
542.236000   2.403306
542.237000   2.377940
542.238000   2.351681
542.239000   2.325777
542.240000   2.301378
542.241000   2.279375
542.242000   2.260288
542.243000   2.244353
542.244000   2.231669
542.245000   2.222293
542.246000   2.216262
542.247000   2.213612
542.248000   2.214404
542.249000   2.218721
542.250000   2.226585
542.251000   2.237745
542.252000   2.251515
542.253000   2.266889
542.254000   2.282824
542.255000   2.298424
542.256000   2.313008
542.257000   2.326144
542.258000   2.337690
542.259000   2.347804
542.260000   2.356812
542.261000   2.364963
542.262000   2.372267
542.263000   2.378593
542.264000   2.383825
542.265000   2.387903
542.266000   2.390806
542.267000   2.392561
542.268000   2.393269
542.269000   2.393133
542.270000   2.392392
542.271000   2.391171
542.272000   2.389393
542.273000   2.386851
542.274000   2.383318
542.275000   2.378623
542.276000   2.372725
542.277000   2.365798
542.278000   2.358266
542.279000   2.350749
542.280000   2.343835
542.281000   2.337781
542.282000   2.332487
542.283000   2.327746
542.284000   2.323420
542.285000   2.319431
542.286000   2.315752
542.287000   2.312448
542.288000   2.309721
542.289000   2.307882
542.290000   2.307192
542.291000   2.307690
542.292000   2.309188
542.293000   2.311428
542.294000   2.314196
542.295000   2.317337
542.296000   2.320738
542.297000   2.324314
542.298000   2.328033
542.299000   2.331914
542.300000   2.335886
542.301000   2.339612
542.302000   2.342559
542.303000   2.344241
542.304000   2.344370
542.305000   2.342892
542.306000   2.339946
542.307000   2.335827
542.308000   2.330931
542.309000   2.325663
542.310000   2.320313
542.311000   2.314988
542.312000   2.309703
542.313000   2.304487
542.314000   2.299417
542.315000   2.294587
542.316000   2.290083
542.317000   2.285989
542.318000   2.282404
542.319000   2.279397
542.320000   2.276872
542.321000   2.274475
542.322000   2.271705
542.323000   2.268115
542.324000   2.263434
542.325000   2.257600
542.326000   2.250755
542.327000   2.243236
542.328000   2.235538
542.329000   2.228199
542.330000   2.221632
542.331000   2.216036
542.332000   2.211473
542.333000   2.207941
542.334000   2.205384
542.335000   2.203678
542.336000   2.202640
542.337000   2.202053
542.338000   2.201714
542.339000   2.201461
542.340000   2.201134
542.341000   2.200533
542.342000   2.199410
542.343000   2.197486
542.344000   2.194461
542.345000   2.190101
542.346000   2.184341
542.347000   2.177383
542.348000   2.169718
542.349000   2.162014
542.350000   2.154852
542.351000   2.148494
542.352000   2.142936
542.353000   2.138101
542.354000   2.133925
542.355000   2.130380
542.356000   2.127496
542.357000   2.125411
542.358000   2.124356
542.359000   2.124520
542.360000   2.125852
542.361000   2.128025
542.362000   2.130614
542.363000   2.133269
542.364000   2.135733
542.365000   2.137766
542.366000   2.139129
542.367000   2.139688
542.368000   2.139471
542.369000   2.138539
542.370000   2.136779
542.371000   2.133913
542.372000   2.129695
542.373000   2.124058
542.374000   2.117149
542.375000   2.109314
542.376000   2.101077
542.377000   2.093101
542.378000   2.086063
542.379000   2.080419
542.380000   2.076339
542.381000   2.073869
542.382000   2.073112
542.383000   2.074282
542.384000   2.077708
542.385000   2.083809
542.386000   2.093045
542.387000   2.105784
542.388000   2.122072
542.389000   2.141438
542.390000   2.162975
542.391000   2.185594
542.392000   2.208227
542.393000   2.229901
542.394000   2.249779
542.395000   2.267185
542.396000   2.281639
542.397000   2.292847
542.398000   2.300595
542.399000   2.304647
542.400000   2.304809
542.401000   2.301099
542.402000   2.293837
542.403000   2.283615
542.404000   2.271211
542.405000   2.257505
542.406000   2.243413
542.407000   2.229804
542.408000   2.217368
542.409000   2.206516
542.410000   2.197469
542.411000   2.190413
542.412000   2.185541
542.413000   2.183008
542.414000   2.182923
542.415000   2.185371
542.416000   2.190452
542.417000   2.198258
542.418000   2.208767
542.419000   2.221723
542.420000   2.236669
542.421000   2.253087
542.422000   2.270478
542.423000   2.288361
542.424000   2.306241
542.425000   2.323638
542.426000   2.340155
542.427000   2.355498
542.428000   2.369388
542.429000   2.381460
542.430000   2.391333
542.431000   2.398777
542.432000   2.403826
542.433000   2.406786
542.434000   2.408168
542.435000   2.408593
542.436000   2.408734
542.437000   2.409312
542.438000   2.410967
542.439000   2.414067
542.440000   2.418630
542.441000   2.424416
542.442000   2.431044
542.443000   2.438095
542.444000   2.445177
542.445000   2.451952
542.446000   2.458114
542.447000   2.463325
542.448000   2.467140
542.449000   2.468947
542.450000   2.468108
542.451000   2.464190
542.452000   2.457102
542.453000   2.447092
542.454000   2.434693
542.455000   2.420643
542.456000   2.405776
542.457000   2.390857
542.458000   2.376365
542.459000   2.362387
542.460000   2.348753
542.461000   2.335258
542.462000   2.321785
542.463000   2.308319
542.464000   2.294952
542.465000   2.281896
542.466000   2.269503
542.467000   2.258215
542.468000   2.248404
542.469000   2.240201
542.470000   2.233536
542.471000   2.228302
542.472000   2.224472
542.473000   2.222140
542.474000   2.221500
542.475000   2.222786
542.476000   2.226197
542.477000   2.231745
542.478000   2.239098
542.479000   2.247613
542.480000   2.256572
542.481000   2.265356
542.482000   2.273478
542.483000   2.280574
542.484000   2.286412
542.485000   2.290921
542.486000   2.294176
542.487000   2.296309
542.488000   2.297373
542.489000   2.297344
542.490000   2.296245
542.491000   2.294197
542.492000   2.291335
542.493000   2.287714
542.494000   2.283314
542.495000   2.278124
542.496000   2.272172
542.497000   2.265458
542.498000   2.257886
542.499000   2.249339
542.500000   2.239811
542.501000   2.229453
542.501000   2.229453
542.502000   2.218533
542.503000   2.207375
542.504000   2.196352
542.505000   2.185887
542.506000   2.176436
542.507000   2.168347
542.508000   2.161720
542.509000   2.156397
542.510000   2.152071
542.511000   2.148387
542.512000   2.144993
542.513000   2.141586
542.514000   2.137944
542.515000   2.133956
542.516000   2.129621
542.517000   2.124981
542.518000   2.120087
542.519000   2.115054
542.520000   2.110151
542.521000   2.105810
542.522000   2.102576
542.523000   2.101048
542.524000   2.101817
542.525000   2.105420
542.526000   2.112229
542.527000   2.122286
542.528000   2.135191
542.529000   2.150205
542.530000   2.166461
542.531000   2.183102
542.532000   2.199345
542.533000   2.214509
542.534000   2.228056
542.535000   2.239605
542.536000   2.248919
542.537000   2.255821
542.538000   2.260166
542.539000   2.261935
542.540000   2.261338
542.541000   2.258821
542.542000   2.254980
542.543000   2.250454
542.544000   2.245827
542.545000   2.241567
542.546000   2.237967
542.547000   2.235067
542.548000   2.232647
542.549000   2.230373
542.550000   2.227957
542.551000   2.225231
542.552000   2.222138
542.553000   2.218730
542.554000   2.215193
542.555000   2.211859
542.556000   2.209125
542.557000   2.207252
542.558000   2.206266
542.559000   2.206090
542.560000   2.206703
542.561000   2.208159
542.562000   2.210538
542.563000   2.213882
542.564000   2.218193
542.565000   2.223435
542.566000   2.229478
542.567000   2.235999
542.568000   2.242529
542.569000   2.248603
542.570000   2.253853
542.571000   2.258010
542.572000   2.260909
542.573000   2.262515
542.574000   2.262954
542.575000   2.262481
542.576000   2.261347
542.577000   2.259614
542.578000   2.257114
542.579000   2.253621
542.580000   2.249020
542.581000   2.243379
542.582000   2.236965
542.583000   2.230247
542.584000   2.223881
542.585000   2.218603
542.586000   2.215013
542.587000   2.213354
542.588000   2.213519
542.589000   2.215239
542.590000   2.218240
542.591000   2.222312
542.592000   2.227323
542.593000   2.233243
542.594000   2.240143
542.595000   2.248118
542.596000   2.257092
542.597000   2.266658
542.598000   2.276144
542.599000   2.284784
542.600000   2.291843
542.601000   2.296725
542.602000   2.299070
542.603000   2.298827
542.604000   2.296245
542.605000   2.291764
542.606000   2.285867
542.607000   2.279032
542.608000   2.271800
542.609000   2.264793
542.610000   2.258644
542.611000   2.253916
542.612000   2.251073
542.613000   2.250497
542.614000   2.252449
542.615000   2.256952
542.616000   2.263667
542.617000   2.271927
542.618000   2.280941
542.619000   2.289960
542.620000   2.298352
542.621000   2.305617
542.622000   2.311397
542.623000   2.315507
542.624000   2.317898
542.625000   2.318534
542.626000   2.317295
542.627000   2.314076
542.628000   2.308955
542.629000   2.302258
542.630000   2.294513
542.631000   2.286360
542.632000   2.278463
542.633000   2.271435
542.634000   2.265717
542.635000   2.261484
542.636000   2.258684
542.637000   2.257215
542.638000   2.257048
542.639000   2.258229
542.640000   2.260826
542.641000   2.264883
542.642000   2.270418
542.643000   2.277428
542.644000   2.285846
542.645000   2.295446
542.646000   2.305851
542.647000   2.316688
542.648000   2.327715
542.649000   2.338838
542.650000   2.350055
542.651000   2.361398
542.652000   2.372898
542.653000   2.384524
542.654000   2.396075
542.655000   2.407148
542.656000   2.417260
542.657000   2.426028
542.658000   2.433237
542.659000   2.438851
542.660000   2.443001
542.661000   2.445991
542.662000   2.448297
542.663000   2.450469
542.664000   2.452938
542.665000   2.455875
542.666000   2.459238
542.667000   2.462881
542.668000   2.466616
542.669000   2.470242
542.670000   2.473603
542.671000   2.476623
542.672000   2.479294
542.673000   2.481538
542.674000   2.483080
542.675000   2.483495
542.676000   2.482375
542.677000   2.479453
542.678000   2.474641
542.679000   2.468047
542.680000   2.459977
542.681000   2.450918
542.682000   2.441437
542.683000   2.431979
542.684000   2.422640
542.685000   2.413154
542.686000   2.403072
542.687000   2.391958
542.688000   2.379529
542.689000   2.365748
542.690000   2.350862
542.691000   2.335373
542.692000   2.319917
542.693000   2.305068
542.694000   2.291187
542.695000   2.278460
542.696000   2.267027
542.697000   2.257081
542.698000   2.248916
542.699000   2.242935
542.700000   2.239616
542.701000   2.239433
542.702000   2.242695
542.703000   2.249341
542.704000   2.258837
542.705000   2.270322
542.706000   2.282831
542.707000   2.295447
542.708000   2.307390
542.709000   2.318079
542.710000   2.327166
542.711000   2.334519
542.712000   2.340123
542.713000   2.343971
542.714000   2.346070
542.715000   2.346552
542.716000   2.345728
542.717000   2.344031
542.718000   2.341941
542.719000   2.339914
542.720000   2.338321
542.721000   2.337364
542.722000   2.336991
542.723000   2.336855
542.724000   2.336428
542.725000   2.335189
542.726000   2.332757
542.727000   2.328913
542.728000   2.323587
542.729000   2.316877
542.730000   2.309083
542.731000   2.300694
542.732000   2.292264
542.733000   2.284254
542.734000   2.277014
542.735000   2.270865
542.736000   2.266145
542.737000   2.263176
542.738000   2.262203
542.739000   2.263362
542.740000   2.266688
542.741000   2.272086
542.742000   2.279274
542.743000   2.287769
542.744000   2.296998
542.745000   2.306425
542.746000   2.315604
542.747000   2.324189
542.748000   2.331939
542.749000   2.338767
542.750000   2.344777
542.751000   2.350237
542.752000   2.355439
542.753000   2.360553
542.754000   2.365590
542.755000   2.370444
542.756000   2.374933
542.757000   2.378842
542.758000   2.382006
542.759000   2.384397
542.760000   2.386141
542.761000   2.387417
542.762000   2.388296
542.763000   2.388682
542.764000   2.388397
542.765000   2.387298
542.766000   2.385343
542.767000   2.382651
542.768000   2.379533
542.769000   2.376522
542.770000   2.374296
542.771000   2.373486
542.772000   2.374436
542.773000   2.377112
542.774000   2.381180
542.775000   2.386114
542.776000   2.391314
542.777000   2.396221
542.778000   2.400417
542.779000   2.403636
542.780000   2.405679
542.781000   2.406310
542.782000   2.405282
542.783000   2.402452
542.784000   2.397852
542.785000   2.391704
542.786000   2.384427
542.787000   2.376624
542.788000   2.369032
542.789000   2.362371
542.790000   2.357114
542.791000   2.353312
542.792000   2.350634
542.793000   2.348558
542.794000   2.346552
542.795000   2.344190
542.796000   2.341203
542.797000   2.337486
542.798000   2.333077
542.799000   2.328055
542.800000   2.322399
542.801000   2.315967
542.802000   2.308634
542.803000   2.300441
542.804000   2.291642
542.805000   2.282681
542.806000   2.274142
542.807000   2.266684
542.808000   2.260921
542.809000   2.257249
542.810000   2.255666
542.811000   2.255782
542.812000   2.257001
542.813000   2.258715
542.814000   2.260405
542.815000   2.261672
542.816000   2.262239
542.817000   2.261963
542.818000   2.260819
542.819000   2.258827
542.820000   2.255951
542.821000   2.252116
542.822000   2.247343
542.823000   2.241850
542.824000   2.236041
542.825000   2.230417
542.826000   2.225475
542.827000   2.221614
542.828000   2.219036
542.829000   2.217679
542.830000   2.217217
542.831000   2.217212
542.832000   2.217285
542.833000   2.217192
542.834000   2.216807
542.835000   2.216087
542.836000   2.215063
542.837000   2.213863
542.838000   2.212701
542.839000   2.211799
542.840000   2.211300
542.841000   2.211277
542.842000   2.211802
542.843000   2.212961
542.844000   2.214841
542.845000   2.217529
542.846000   2.221134
542.847000   2.225798
542.848000   2.231611
542.849000   2.238490
542.850000   2.246160
542.851000   2.254260
542.852000   2.262447
542.853000   2.270421
542.854000   2.277935
542.855000   2.284815
542.856000   2.290985
542.857000   2.296456
542.858000   2.301236
542.859000   2.305188
542.860000   2.307999
542.861000   2.309293
542.862000   2.308754
542.863000   2.306206
542.864000   2.301659
542.865000   2.295340
542.866000   2.287704
542.867000   2.279360
542.868000   2.270903
542.869000   2.262761
542.870000   2.255194
542.871000   2.248395
542.872000   2.242571
542.873000   2.237991
542.874000   2.235005
542.875000   2.234066
542.876000   2.235718
542.877000   2.240489
542.878000   2.248680
542.879000   2.260175
542.880000   2.274443
542.881000   2.290663
542.882000   2.307871
542.883000   2.325089
542.884000   2.341450
542.885000   2.356283
542.886000   2.369119
542.887000   2.379628
542.888000   2.387505
542.889000   2.392467
542.890000   2.394350
542.891000   2.393202
542.892000   2.389304
542.893000   2.383156
542.894000   2.375441
542.895000   2.366923
542.896000   2.358283
542.897000   2.349917
542.898000   2.341811
542.899000   2.333630
542.900000   2.324957
542.901000   2.315495
542.902000   2.305135
542.903000   2.293955
542.904000   2.282217
542.905000   2.270349
542.906000   2.258884
542.907000   2.248320
542.908000   2.238997
542.909000   2.231120
542.910000   2.224882
542.911000   2.220560
542.912000   2.218504
542.913000   2.219063
542.914000   2.222497
542.915000   2.228896
542.916000   2.238122
542.917000   2.249728
542.918000   2.262957
542.919000   2.276877
542.920000   2.290556
542.921000   2.303182
542.922000   2.314097
542.923000   2.322822
542.924000   2.329059
542.925000   2.332715
542.926000   2.333906
542.927000   2.332911
542.928000   2.330102
542.929000   2.325921
542.930000   2.320889
542.931000   2.315568
542.932000   2.310465
542.933000   2.305947
542.934000   2.302234
542.935000   2.299432
542.936000   2.297564
542.937000   2.296546
542.938000   2.296150
542.939000   2.296051
542.940000   2.295902
542.941000   2.295396
542.942000   2.294303
542.943000   2.292523
542.944000   2.290158
542.945000   2.287547
542.946000   2.285190
542.947000   2.283526
542.948000   2.282708
542.949000   2.282550
542.950000   2.282610
542.951000   2.282309
542.952000   2.281055
542.953000   2.278376
542.954000   2.274013
542.955000   2.267948
542.956000   2.260325
542.957000   2.251339
542.958000   2.241209
542.959000   2.230232
542.960000   2.218827
542.961000   2.207527
542.962000   2.196932
542.963000   2.187673
542.964000   2.180385
542.965000   2.175641
542.966000   2.173800
542.967000   2.174840
542.968000   2.178352
542.969000   2.183715
542.970000   2.190285
542.971000   2.197527
542.972000   2.205075
542.973000   2.212737
542.974000   2.220445
542.975000   2.228154
542.976000   2.235727
542.977000   2.242914
542.978000   2.249454
542.979000   2.255205
542.980000   2.260215
542.981000   2.264725
542.982000   2.269146
542.983000   2.273999
542.984000   2.279801
542.985000   2.286887
542.986000   2.295214
542.987000   2.304312
542.988000   2.313425
542.989000   2.321742
542.990000   2.328556
542.991000   2.333341
542.992000   2.335780
542.993000   2.335761
542.994000   2.333365
542.995000   2.328806
542.996000   2.322349
542.997000   2.314302
542.998000   2.305063
542.999000   2.295155
543.000000   2.285224
543.001000   2.275967
543.001000   2.275967
543.002000   2.268019
543.003000   2.261818
543.004000   2.257506
543.005000   2.254888
543.006000   2.253497
543.007000   2.252778
543.008000   2.252282
543.009000   2.251711
543.010000   2.250870
543.011000   2.249644
543.012000   2.248034
543.013000   2.246196
543.014000   2.244410
543.015000   2.242988
543.016000   2.242203
543.017000   2.242339
543.018000   2.243732
543.019000   2.246711
543.020000   2.251491
543.021000   2.258125
543.022000   2.266541
543.023000   2.276572
543.024000   2.287920
543.025000   2.300121
543.026000   2.312584
543.027000   2.324717
543.028000   2.336041
543.029000   2.346222
543.030000   2.355035
543.031000   2.362313
543.032000   2.367957
543.033000   2.372001
543.034000   2.374597
543.035000   2.375908
543.036000   2.376042
543.037000   2.375092
543.038000   2.373181
543.039000   2.370482
543.040000   2.367205
543.041000   2.363591
543.042000   2.359919
543.043000   2.356493
543.044000   2.353581
543.045000   2.351334
543.046000   2.349800
543.047000   2.348975
543.048000   2.348859
543.049000   2.349481
543.050000   2.350937
543.051000   2.353397
543.052000   2.357051
543.053000   2.361979
543.054000   2.367993
543.055000   2.374578
543.056000   2.380979
543.057000   2.386387
543.058000   2.390109
543.059000   2.391692
543.060000   2.390994
543.061000   2.388166
543.062000   2.383551
543.063000   2.377518
543.064000   2.370369
543.065000   2.362361
543.066000   2.353798
543.067000   2.345082
543.068000   2.336701
543.069000   2.329184
543.070000   2.323046
543.071000   2.318748
543.072000   2.316639
543.073000   2.316875
543.074000   2.319346
543.075000   2.323675
543.076000   2.329285
543.077000   2.335511
543.078000   2.341725
543.079000   2.347426
543.080000   2.352301
543.081000   2.356229
543.082000   2.359250
543.083000   2.361473
543.084000   2.363003
543.085000   2.363952
543.086000   2.364489
543.087000   2.364833
543.088000   2.365210
543.089000   2.365833
543.090000   2.366888
543.091000   2.368464
543.092000   2.370448
543.093000   2.372434
543.094000   2.373756
543.095000   2.373642
543.096000   2.371423
543.097000   2.366691
543.098000   2.359385
543.099000   2.349772
543.100000   2.338334
543.101000   2.325663
543.102000   2.312401
543.103000   2.299185
543.104000   2.286648
543.105000   2.275444
543.106000   2.266219
543.107000   2.259536
543.108000   2.255805
543.109000   2.255253
543.110000   2.257902
543.111000   2.263538
543.112000   2.271694
543.113000   2.281715
543.114000   2.292873
543.115000   2.304464
543.116000   2.315852
543.117000   2.326506
543.118000   2.336038
543.119000   2.344237
543.120000   2.351047
543.121000   2.356459
543.122000   2.360402
543.123000   2.362735
543.124000   2.363300
543.125000   2.361953
543.126000   2.358599
543.127000   2.353277
543.128000   2.346224
543.129000   2.337838
543.130000   2.328563
543.131000   2.318749
543.132000   2.308626
543.133000   2.298389
543.134000   2.288289
543.135000   2.278658
543.136000   2.269907
543.137000   2.262494
543.138000   2.256883
543.139000   2.253496
543.140000   2.252655
543.141000   2.254503
543.142000   2.258926
543.143000   2.265555
543.144000   2.273822
543.145000   2.283048
543.146000   2.292552
543.147000   2.301757
543.148000   2.310243
543.149000   2.317700
543.150000   2.323794
543.151000   2.328106
543.152000   2.330240
543.153000   2.330000
543.154000   2.327473
543.155000   2.323014
543.156000   2.317188
543.157000   2.310676
543.158000   2.304144
543.159000   2.298077
543.160000   2.292675
543.161000   2.287872
543.162000   2.283383
543.163000   2.278726
543.164000   2.273308
543.165000   2.266578
543.166000   2.258147
543.167000   2.247813
543.168000   2.235505
543.169000   2.221225
543.170000   2.205052
543.171000   2.187198
543.172000   2.168048
543.173000   2.148110
543.174000   2.127966
543.175000   2.108235
543.176000   2.089543
543.177000   2.072419
543.178000   2.057154
543.179000   2.043732
543.180000   2.031905
543.181000   2.021359
543.182000   2.011848
543.183000   2.003279
543.184000   1.995711
543.185000   1.989300
543.186000   1.984206
543.187000   1.980537
543.188000   1.978359
543.189000   1.977721
543.190000   1.978690
543.191000   1.981369
543.192000   1.985888
543.193000   1.992351
543.194000   2.000790
543.195000   2.011122
543.196000   2.023120
543.197000   2.036388
543.198000   2.050323
543.199000   2.064130
543.200000   2.076919
543.201000   2.087865
543.202000   2.096335
543.203000   2.101957
543.204000   2.104648
543.205000   2.104625
543.206000   2.102383
543.207000   2.098631
543.208000   2.094178
543.209000   2.089824
543.210000   2.086303
543.211000   2.084246
543.212000   2.084118
543.213000   2.086173
543.214000   2.090473
543.215000   2.096949
543.216000   2.105435
543.217000   2.115655
543.218000   2.127161
543.219000   2.139337
543.220000   2.151485
543.221000   2.162972
543.222000   2.173308
543.223000   2.182166
543.224000   2.189364
543.225000   2.194870
543.226000   2.198839
543.227000   2.201590
543.228000   2.203490
543.229000   2.204817
543.230000   2.205729
543.231000   2.206322
543.232000   2.206694
543.233000   2.206996
543.234000   2.207434
543.235000   2.208229
543.236000   2.209567
543.237000   2.211587
543.238000   2.214391
543.239000   2.218022
543.240000   2.222467
543.241000   2.227698
543.242000   2.233711
543.243000   2.240564
543.244000   2.248401
543.245000   2.257490
543.246000   2.268216
543.247000   2.280978
543.248000   2.295973
543.249000   2.313006
543.250000   2.331499
543.251000   2.350668
543.252000   2.369701
543.253000   2.387872
543.254000   2.404605
543.255000   2.419509
543.256000   2.432396
543.257000   2.443242
543.258000   2.452102
543.259000   2.459018
543.260000   2.464018
543.261000   2.467188
543.262000   2.468750
543.263000   2.469055
543.264000   2.468508
543.265000   2.467471
543.266000   2.466163
543.267000   2.464601
543.268000   2.462556
543.269000   2.459588
543.270000   2.455152
543.271000   2.448745
543.272000   2.440021
543.273000   2.428868
543.274000   2.415448
543.275000   2.400213
543.276000   2.383848
543.277000   2.367168
543.278000   2.350986
543.279000   2.336052
543.280000   2.323074
543.281000   2.312745
543.282000   2.305678
543.283000   2.302313
543.284000   2.302831
543.285000   2.307117
543.286000   2.314760
543.287000   2.325077
543.288000   2.337140
543.289000   2.349846
543.290000   2.362007
543.291000   2.372455
543.292000   2.380136
543.293000   2.384205
543.294000   2.384113
543.295000   2.379676
543.296000   2.371113
543.297000   2.359002
543.298000   2.344149
543.299000   2.327447
543.300000   2.309785
543.301000   2.292009
543.302000   2.274858
543.303000   2.258920
543.304000   2.244631
543.305000   2.232316
543.306000   2.222222
543.307000   2.214510
543.308000   2.209227
543.309000   2.206296
543.310000   2.205539
543.311000   2.206728
543.312000   2.209620
543.313000   2.214009
543.314000   2.219781
543.315000   2.226939
543.316000   2.235562
543.317000   2.245641
543.318000   2.256883
543.319000   2.268608
543.320000   2.279822
543.321000   2.289414
543.322000   2.296368
543.323000   2.299946
