560.307000   2.545848
560.308000   2.543594
560.309000   2.542895
560.310000   2.543705
560.311000   2.545839
560.312000   2.548987
560.313000   2.552740
560.314000   2.556624
560.315000   2.560125
560.316000   2.562716
560.317000   2.563902
560.318000   2.563291
560.319000   2.560655
560.320000   2.555964
560.321000   2.549378
560.322000   2.541226
560.323000   2.531983
560.324000   2.522211
560.325000   2.512469
560.326000   2.503259
560.327000   2.495029
560.328000   2.488213
560.329000   2.483251
560.330000   2.480565
560.331000   2.480502
560.332000   2.483272
560.333000   2.488901
560.334000   2.497225
560.335000   2.507905
560.336000   2.520467
560.337000   2.534384
560.338000   2.549161
560.339000   2.564411
560.340000   2.579880
560.341000   2.595417
560.342000   2.610878
560.343000   2.626028
560.344000   2.640512
560.345000   2.653903
560.346000   2.665762
560.347000   2.675697
560.348000   2.683401
560.349000   2.688664
560.350000   2.691382
560.351000   2.691558
560.352000   2.689312
560.353000   2.684854
560.354000   2.678440
560.355000   2.670306
560.356000   2.660620
560.357000   2.649492
560.358000   2.637008
560.359000   2.623301
560.360000   2.608639
560.361000   2.593511
560.362000   2.578656
560.363000   2.564965
560.364000   2.553287
560.365000   2.544227
560.366000   2.538086
560.367000   2.534926
560.368000   2.534661
560.369000   2.537117
560.370000   2.542072
560.371000   2.549291
560.372000   2.558544
560.373000   2.569589
560.374000   2.582107
560.375000   2.595602
560.376000   2.609349
560.377000   2.622455
560.378000   2.634005
560.379000   2.643208
560.380000   2.649503
560.381000   2.652631
560.382000   2.652664
560.383000   2.649983
560.384000   2.645203
560.385000   2.639053
560.386000   2.632288
560.387000   2.625650
560.388000   2.619855
560.389000   2.615574
560.390000   2.613414
560.391000   2.613902
560.392000   2.617456
560.393000   2.624321
560.394000   2.634465
560.395000   2.647489
560.396000   2.662646
560.397000   2.678983
560.398000   2.695515
560.399000   2.711330
560.400000   2.725650
560.401000   2.737870
560.402000   2.747580
560.403000   2.754550
560.404000   2.758672
560.405000   2.759961
560.406000   2.758611
560.407000   2.755047
560.408000   2.749890
560.409000   2.743865
560.410000   2.737682
560.411000   2.731923
560.412000   2.726946
560.413000   2.722838
560.414000   2.719438
560.415000   2.716445
560.416000   2.713537
560.417000   2.710442
560.418000   2.706970
560.419000   2.703024
560.420000   2.698604
560.421000   2.693804
560.422000   2.688765
560.423000   2.683617
560.424000   2.678451
560.425000   2.673375
560.426000   2.668576
560.427000   2.664333
560.428000   2.660990
560.429000   2.658892
560.430000   2.658324
560.431000   2.659431
560.432000   2.662159
560.433000   2.666245
560.434000   2.671268
560.435000   2.676753
560.436000   2.682232
560.437000   2.687270
560.438000   2.691464
560.439000   2.694460
560.440000   2.696011
560.441000   2.696028
560.442000   2.694573
560.443000   2.691798
560.444000   2.687881
560.445000   2.683010
560.446000   2.677386
560.447000   2.671206
560.448000   2.664635
560.449000   2.657793
560.450000   2.650733
560.451000   2.643434
560.452000   2.635775
560.453000   2.627545
560.454000   2.618506
560.455000   2.608483
560.456000   2.597430
560.457000   2.585440
560.458000   2.572748
560.459000   2.559708
560.460000   2.546768
560.461000   2.534411
560.462000   2.523076
560.463000   2.513048
560.464000   2.504394
560.465000   2.496963
560.466000   2.490443
560.467000   2.484455
560.468000   2.478669
560.469000   2.472884
560.470000   2.467070
560.471000   2.461344
560.472000   2.455902
560.473000   2.450939
560.474000   2.446606
560.475000   2.443000
560.476000   2.440174
560.477000   2.438171
560.478000   2.437083
560.479000   2.437079
560.480000   2.438374
560.481000   2.441120
560.482000   2.445300
560.483000   2.450658
560.484000   2.456750
560.485000   2.463043
560.486000   2.468981
560.487000   2.473983
560.488000   2.477475
560.489000   2.478978
560.490000   2.478191
560.491000   2.475010
560.492000   2.469500
560.493000   2.461823
560.494000   2.452206
560.495000   2.440960
560.496000   2.428511
560.497000   2.415378
560.498000   2.402089
560.499000   2.389115
560.500000   2.376892
560.501000   2.365814
560.502000   2.356188
560.503000   2.348179
560.504000   2.341843
560.505000   2.337220
560.506000   2.334406
560.507000   2.333534
560.508000   2.334643
560.509000   2.337551
560.510000   2.341880
560.511000   2.347206
560.512000   2.353128
560.513000   2.359244
560.514000   2.365109
560.515000   2.370248
560.516000   2.374220
560.517000   2.376679
560.518000   2.377412
560.519000   2.376244
560.520000   2.372901
560.521000   2.367045
560.522000   2.358443
560.523000   2.347063
560.524000   2.333103
560.525000   2.317054
560.526000   2.299734
560.527000   2.282272
560.528000   2.265985
560.529000   2.252151
560.530000   2.241782
560.531000   2.235558
560.532000   2.233834
560.533000   2.236634
560.534000   2.243671
560.535000   2.254456
560.536000   2.268421
560.537000   2.285012
560.538000   2.303743
560.539000   2.324170
560.540000   2.345762
560.541000   2.367723
560.542000   2.388971
560.543000   2.408312
560.544000   2.424704
560.545000   2.437467
560.546000   2.446369
560.547000   2.451619
560.548000   2.453789
560.549000   2.453705
560.550000   2.452300
560.551000   2.450444
560.552000   2.448812
560.553000   2.447854
560.554000   2.447840
560.555000   2.448926
560.556000   2.451196
560.557000   2.454690
560.558000   2.459435
560.559000   2.465471
560.560000   2.472848
560.561000   2.481589
560.562000   2.491619
560.563000   2.502719
560.564000   2.514525
560.565000   2.526606
560.566000   2.538604
560.567000   2.550352
560.568000   2.561903
560.569000   2.573449
560.570000   2.585174
560.571000   2.597079
560.572000   2.608904
560.573000   2.620180
560.574000   2.630365
560.575000   2.638968
560.576000   2.645622
560.577000   2.650127
560.578000   2.652441
560.579000   2.652646
560.580000   2.650884
560.581000   2.647309
560.582000   2.642078
560.583000   2.635393
560.584000   2.627545
560.585000   2.618920
560.586000   2.609973
560.587000   2.601193
560.588000   2.593073
560.589000   2.586049
560.590000   2.580396
560.591000   2.576125
560.592000   2.573008
560.593000   2.570697
560.594000   2.568843
560.595000   2.567155
560.596000   2.565414
560.597000   2.563466
560.598000   2.561228
560.599000   2.558678
560.600000   2.555820
560.601000   2.552649
560.602000   2.549159
560.603000   2.545396
560.604000   2.541444
560.605000   2.537382
560.606000   2.533348
560.607000   2.529650
560.608000   2.526802
560.609000   2.525472
560.610000   2.526349
560.611000   2.530028
560.612000   2.536960
560.613000   2.547461
560.614000   2.561693
560.615000   2.579594
560.616000   2.600806
560.617000   2.624694
560.618000   2.650455
560.619000   2.677216
560.620000   2.704013
560.621000   2.729770
560.622000   2.753344
560.623000   2.773647
560.624000   2.789750
560.625000   2.800976
560.626000   2.806954
560.627000   2.807631
560.628000   2.803224
560.629000   2.794146
560.630000   2.780966
560.631000   2.764432
560.632000   2.745486
560.633000   2.725220
560.634000   2.704759
560.635000   2.685148
560.636000   2.667276
560.637000   2.651845
560.638000   2.639351
560.639000   2.630032
560.640000   2.623844
560.641000   2.620526
560.642000   2.619738
560.643000   2.621170
560.644000   2.624569
560.645000   2.629739
560.646000   2.636531
560.647000   2.644829
560.648000   2.654483
560.649000   2.665215
560.650000   2.676578
560.651000   2.688035
560.652000   2.699078
560.653000   2.709296
560.654000   2.718399
560.655000   2.726226
560.656000   2.732723
560.657000   2.737866
560.658000   2.741548
560.659000   2.743495
560.660000   2.743375
560.661000   2.740993
560.662000   2.736451
560.663000   2.730163
560.664000   2.722777
560.665000   2.715079
560.666000   2.707892
560.667000   2.701978
560.668000   2.697918
560.669000   2.696044
560.670000   2.696467
560.671000   2.699159
560.672000   2.704028
560.673000   2.710952
560.674000   2.719802
560.675000   2.730430
560.676000   2.742644
560.677000   2.756110
560.678000   2.770260
560.679000   2.784269
560.680000   2.797180
560.681000   2.808075
560.682000   2.816202
560.683000   2.821039
560.684000   2.822324
560.685000   2.820043
560.686000   2.814381
560.687000   2.805611
560.688000   2.794024
560.689000   2.779945
560.690000   2.763814
560.691000   2.746222
560.692000   2.727866
560.693000   2.709466
560.694000   2.691689
560.695000   2.675118
560.696000   2.660227
560.697000   2.647363
560.698000   2.636737
560.699000   2.628456
560.700000   2.622580
560.701000   2.619139
560.702000   2.618098
560.703000   2.619339
560.704000   2.622676
560.705000   2.627910
560.706000   2.634849
560.707000   2.643248
560.708000   2.652712
560.709000   2.662743
560.710000   2.672886
560.711000   2.682830
560.712000   2.692411
560.713000   2.701584
560.714000   2.710381
560.715000   2.718872
560.716000   2.727094
560.717000   2.734954
560.718000   2.742191
560.719000   2.748465
560.720000   2.753480
560.721000   2.757056
560.722000   2.759145
560.723000   2.759821
560.724000   2.759296
560.725000   2.757901
560.726000   2.756003
560.727000   2.753821
560.728000   2.751334
560.729000   2.748387
560.730000   2.744865
560.731000   2.740782
560.732000   2.736279
560.733000   2.731594
560.734000   2.727022
560.735000   2.722839
560.736000   2.719183
560.737000   2.715938
560.738000   2.712773
560.739000   2.709275
560.740000   2.705084
560.741000   2.699973
560.742000   2.693911
560.743000   2.687091
560.744000   2.679897
560.745000   2.672759
560.746000   2.665937
560.747000   2.659416
560.748000   2.653049
560.749000   2.646721
560.750000   2.640420
560.751000   2.634236
560.752000   2.628356
560.753000   2.623033
560.754000   2.618479
560.755000   2.614706
560.756000   2.611460
560.757000   2.608343
560.758000   2.605021
560.759000   2.601328
560.760000   2.597294
560.761000   2.593117
560.762000   2.589109
560.763000   2.585651
560.764000   2.583095
560.765000   2.581616
560.766000   2.581111
560.767000   2.581277
560.768000   2.581763
560.769000   2.582285
560.770000   2.582675
560.771000   2.582901
560.772000   2.583032
560.773000   2.583166
560.774000   2.583337
560.775000   2.583432
560.776000   2.583152
560.777000   2.582120
560.778000   2.580065
560.779000   2.576939
560.780000   2.572947
560.781000   2.568522
560.782000   2.564260
560.783000   2.560818
560.784000   2.558756
560.785000   2.558384
560.786000   2.559722
560.787000   2.562631
560.788000   2.566965
560.789000   2.572622
560.790000   2.579533
560.791000   2.587616
560.792000   2.596758
560.793000   2.606817
560.794000   2.617616
560.795000   2.628883
560.796000   2.640155
560.797000   2.650770
560.798000   2.659990
560.799000   2.667173
560.800000   2.671868
560.801000   2.673827
560.801000   2.673827
560.802000   2.672981
560.803000   2.669405
560.804000   2.663248
560.805000   2.654658
560.806000   2.643836
560.807000   2.631156
560.808000   2.617195
560.809000   2.602632
560.810000   2.588124
560.811000   2.574270
560.812000   2.561645
560.813000   2.550825
560.814000   2.542307
560.815000   2.536331
560.816000   2.532745
560.817000   2.531047
560.818000   2.530550
560.819000   2.530532
560.820000   2.530335
560.821000   2.529416
560.822000   2.527381
560.823000   2.524044
560.824000   2.519370
560.825000   2.513300
560.826000   2.505712
560.827000   2.496624
560.828000   2.486350
560.829000   2.475507
560.830000   2.464948
560.831000   2.455701
560.832000   2.448892
560.833000   2.445632
560.834000   2.446808
560.835000   2.452854
560.836000   2.463696
560.837000   2.478893
560.838000   2.497810
560.839000   2.519713
560.840000   2.543796
560.841000   2.569194
560.842000   2.595016
560.843000   2.620400
560.844000   2.644495
560.845000   2.666369
560.846000   2.684996
560.847000   2.699413
560.848000   2.708926
560.849000   2.713252
560.850000   2.712601
560.851000   2.707644
560.852000   2.699372
560.853000   2.688849
560.854000   2.676874
560.855000   2.663806
560.856000   2.649725
560.857000   2.634761
560.858000   2.619278
560.859000   2.603847
560.860000   2.589095
560.861000   2.575563
560.862000   2.563670
560.863000   2.553704
560.864000   2.545772
560.865000   2.539821
560.866000   2.535744
560.867000   2.533457
560.868000   2.532892
560.869000   2.533957
560.870000   2.536485
560.871000   2.540147
560.872000   2.544346
560.873000   2.548169
560.874000   2.550540
560.875000   2.550526
560.876000   2.547548
560.877000   2.541455
560.878000   2.532509
560.879000   2.521360
560.880000   2.508989
560.881000   2.496568
560.882000   2.485237
560.883000   2.475933
560.884000   2.469409
560.885000   2.466302
560.886000   2.467124
560.887000   2.472171
560.888000   2.481453
560.889000   2.494684
560.890000   2.511349
560.891000   2.530753
560.892000   2.552023
560.893000   2.574117
560.894000   2.595890
560.895000   2.616210
560.896000   2.634058
560.897000   2.648648
560.898000   2.659521
560.899000   2.666612
560.900000   2.670258
560.901000   2.671088
560.902000   2.669828
560.903000   2.667143
560.904000   2.663598
560.905000   2.659655
560.906000   2.655622
560.907000   2.651639
560.908000   2.647714
560.909000   2.643830
560.910000   2.640028
560.911000   2.636410
560.912000   2.633072
560.913000   2.630047
560.914000   2.627329
560.915000   2.624932
560.916000   2.622904
560.917000   2.621343
560.918000   2.620421
560.919000   2.620401
560.920000   2.621634
560.921000   2.624456
560.922000   2.628979
560.923000   2.634937
560.924000   2.641718
560.925000   2.648530
560.926000   2.654565
560.927000   2.659114
560.928000   2.661659
560.929000   2.661913
560.930000   2.659827
560.931000   2.655529
560.932000   2.649217
560.933000   2.641100
560.934000   2.631403
560.935000   2.620415
560.936000   2.608520
560.937000   2.596210
560.938000   2.584052
560.939000   2.572629
560.940000   2.562424
560.941000   2.553694
560.942000   2.546353
560.943000   2.540031
560.944000   2.534284
560.945000   2.528799
560.946000   2.523464
560.947000   2.518368
560.948000   2.513792
560.949000   2.510176
560.950000   2.508017
560.951000   2.507697
560.952000   2.509398
560.953000   2.513175
560.954000   2.519072
560.955000   2.527167
560.956000   2.537545
560.957000   2.550226
560.958000   2.565086
560.959000   2.581763
560.960000   2.599584
560.961000   2.617596
560.962000   2.634737
560.963000   2.650036
560.964000   2.662748
560.965000   2.672410
560.966000   2.678865
560.967000   2.682252
560.968000   2.682952
560.969000   2.681452
560.970000   2.678198
560.971000   2.673538
560.972000   2.667772
560.973000   2.661187
560.974000   2.654063
560.975000   2.646671
560.976000   2.639283
560.977000   2.632154
560.978000   2.625466
560.979000   2.619268
560.980000   2.613498
560.981000   2.608079
560.982000   2.602990
560.983000   2.598249
560.984000   2.593839
560.985000   2.589694
560.986000   2.585737
560.987000   2.581938
560.988000   2.578325
560.989000   2.574927
560.990000   2.571737
560.991000   2.568704
560.992000   2.565762
560.993000   2.562825
560.994000   2.559800
560.995000   2.556632
560.996000   2.553352
560.997000   2.550107
560.998000   2.547108
560.999000   2.544574
561.000000   2.542725
561.001000   2.541808
561.002000   2.542090
561.003000   2.543807
561.004000   2.547124
561.005000   2.552130
561.006000   2.558868
561.007000   2.567354
561.008000   2.577554
561.009000   2.589314
561.010000   2.602301
561.011000   2.615986
561.012000   2.629680
561.013000   2.642612
561.014000   2.654042
561.015000   2.663365
561.016000   2.670186
561.017000   2.674319
561.018000   2.675727
561.019000   2.674448
561.020000   2.670596
561.021000   2.664420
561.022000   2.656341
561.023000   2.646906
561.024000   2.636726
561.025000   2.626413
561.026000   2.616563
561.027000   2.607712
561.028000   2.600252
561.029000   2.594378
561.030000   2.590129
561.031000   2.587486
561.032000   2.586428
561.033000   2.586928
561.034000   2.588897
561.035000   2.592127
561.036000   2.596262
561.037000   2.600791
561.038000   2.605039
561.039000   2.608186
561.040000   2.609378
561.041000   2.607886
561.042000   2.603256
561.043000   2.595411
561.044000   2.584698
561.045000   2.571820
561.046000   2.557625
561.047000   2.542823
561.048000   2.527851
561.049000   2.512999
561.050000   2.498578
561.051000   2.485004
561.052000   2.472787
561.053000   2.462486
561.054000   2.454664
561.055000   2.449844
561.056000   2.448452
561.057000   2.450670
561.058000   2.456216
561.059000   2.464289
561.060000   2.473806
561.061000   2.483745
561.062000   2.493344
561.063000   2.502166
561.064000   2.510090
561.065000   2.517253
561.066000   2.523956
561.067000   2.530517
561.068000   2.537089
561.069000   2.543515
561.070000   2.549352
561.071000   2.554140
561.072000   2.557611
561.073000   2.559730
561.074000   2.560640
561.075000   2.560611
561.076000   2.559975
561.077000   2.559063
561.078000   2.558158
561.079000   2.557419
561.080000   2.556798
561.081000   2.556091
561.082000   2.555148
561.083000   2.554014
561.084000   2.552927
561.085000   2.552240
561.086000   2.552320
561.087000   2.553483
561.088000   2.556015
561.089000   2.560161
561.090000   2.565915
561.091000   2.572821
561.092000   2.580164
561.093000   2.587324
561.094000   2.593920
561.095000   2.599788
561.096000   2.604913
561.097000   2.609382
561.098000   2.613398
561.099000   2.617264
561.100000   2.621262
561.101000   2.625425
561.102000   2.629518
561.103000   2.633229
561.104000   2.636311
561.105000   2.638587
561.106000   2.639921
561.107000   2.640207
561.108000   2.639415
561.109000   2.637653
561.110000   2.635146
561.111000   2.632030
561.112000   2.628171
561.113000   2.623321
561.114000   2.617416
561.115000   2.610652
561.116000   2.603401
561.117000   2.596121
561.118000   2.589344
561.119000   2.583701
561.120000   2.579858
561.121000   2.578338
561.122000   2.579326
561.123000   2.582679
561.124000   2.588067
561.125000   2.595046
561.126000   2.603045
561.127000   2.611388
561.128000   2.619366
561.129000   2.626353
561.130000   2.631897
561.131000   2.635724
561.132000   2.637627
561.133000   2.637347
561.134000   2.634632
561.135000   2.629319
561.136000   2.621339
561.137000   2.610765
561.138000   2.597956
561.139000   2.583668
561.140000   2.569038
561.141000   2.555377
561.142000   2.543804
561.143000   2.535020
561.144000   2.529392
561.145000   2.527103
561.146000   2.528171
561.147000   2.532397
561.148000   2.539352
561.149000   2.548416
561.150000   2.558847
561.151000   2.569859
561.152000   2.580634
561.153000   2.590275
561.154000   2.597793
561.155000   2.602197
561.156000   2.602584
561.157000   2.598240
561.158000   2.588790
561.159000   2.574320
561.160000   2.555430
561.161000   2.533205
561.162000   2.509110
561.163000   2.484752
561.164000   2.461579
561.165000   2.440714
561.166000   2.423020
561.167000   2.409218
561.168000   2.399913
561.169000   2.395540
561.170000   2.396288
561.171000   2.402066
561.172000   2.412542
561.173000   2.427217
561.174000   2.445482
561.175000   2.466547
561.176000   2.489296
561.177000   2.512331
561.178000   2.534260
561.179000   2.553944
561.180000   2.570615
561.181000   2.583899
561.182000   2.593796
561.183000   2.600597
561.184000   2.604765
561.185000   2.606829
561.186000   2.607333
561.187000   2.606694
561.188000   2.605087
561.189000   2.602539
561.190000   2.599124
561.191000   2.595031
561.192000   2.590536
561.193000   2.585940
561.194000   2.581502
561.195000   2.577410
561.196000   2.573795
561.197000   2.570782
561.198000   2.568495
561.199000   2.566951
561.200000   2.565982
561.201000   2.565378
561.202000   2.565057
561.203000   2.565042
561.204000   2.565335
561.205000   2.565808
561.206000   2.566195
561.207000   2.566169
561.208000   2.565458
561.209000   2.563932
561.210000   2.561592
561.211000   2.558462
561.212000   2.554535
561.213000   2.549858
561.214000   2.544610
561.215000   2.539103
561.216000   2.533753
561.217000   2.529053
561.218000   2.525540
561.219000   2.523768
561.220000   2.524244
561.221000   2.527287
561.222000   2.532850
561.223000   2.540470
561.224000   2.549434
561.225000   2.558979
561.226000   2.568392
561.227000   2.577079
561.228000   2.584609
561.229000   2.590766
561.230000   2.595582
561.231000   2.599349
561.232000   2.602542
561.233000   2.605673
561.234000   2.609211
561.235000   2.613609
561.236000   2.619339
561.237000   2.626845
561.238000   2.636433
561.239000   2.648161
561.240000   2.661788
561.241000   2.676814
561.242000   2.692604
561.243000   2.708482
561.244000   2.723689
561.245000   2.737282
561.246000   2.748198
561.247000   2.755472
561.248000   2.758417
561.249000   2.756703
561.250000   2.750380
561.251000   2.739887
561.252000   2.726009
561.253000   2.709784
561.254000   2.692296
561.255000   2.674447
561.256000   2.656841
561.257000   2.639872
561.258000   2.623877
561.259000   2.609202
561.260000   2.596202
561.261000   2.585211
561.262000   2.576503
561.263000   2.570258
561.264000   2.566539
561.265000   2.565306
561.266000   2.566417
561.267000   2.569595
561.268000   2.574409
561.269000   2.580376
561.270000   2.587124
561.271000   2.594440
561.272000   2.602223
561.273000   2.610357
561.274000   2.618588
561.275000   2.626496
561.276000   2.633592
561.277000   2.639462
561.278000   2.643852
561.279000   2.646661
561.280000   2.647923
561.281000   2.647809
561.282000   2.646598
561.283000   2.644618
561.284000   2.642195
561.285000   2.639665
561.286000   2.637427
561.287000   2.635976
561.288000   2.635876
561.289000   2.637598
561.290000   2.641323
561.291000   2.646870
561.292000   2.653760
561.293000   2.661293
561.294000   2.668638
561.295000   2.674982
561.296000   2.679677
561.297000   2.682333
561.298000   2.682836
561.299000   2.681293
561.300000   2.677949
561.301000   2.673129
561.301000   2.673129
561.302000   2.667212
561.303000   2.660614
561.304000   2.653774
561.305000   2.647134
561.306000   2.641128
561.307000   2.636147
561.308000   2.632509
561.309000   2.630440
561.310000   2.630105
561.311000   2.631630
561.312000   2.635049
561.313000   2.640206
561.314000   2.646762
561.315000   2.654329
561.316000   2.662586
561.317000   2.671311
561.318000   2.680350
561.319000   2.689577
561.320000   2.698860
561.321000   2.708058
561.322000   2.716995
561.323000   2.725415
561.324000   2.732950
561.325000   2.739113
561.326000   2.743372
561.327000   2.745238
561.328000   2.744357
561.329000   2.740579
561.330000   2.733995
561.331000   2.724927
561.332000   2.713883
561.333000   2.701478
561.334000   2.688387
561.335000   2.675305
561.336000   2.662885
561.337000   2.651641
561.338000   2.641908
561.339000   2.633913
561.340000   2.627866
561.341000   2.623959
561.342000   2.622289
561.343000   2.622764
561.344000   2.625077
561.345000   2.628781
561.346000   2.633428
561.347000   2.638679
561.348000   2.644315
561.349000   2.650138
561.350000   2.655899
561.351000   2.661322
561.352000   2.666140
561.353000   2.670099
561.354000   2.672992
561.355000   2.674727
561.356000   2.675403
561.357000   2.675365
561.358000   2.675183
561.359000   2.675490
561.360000   2.676727
561.361000   2.679051
561.362000   2.682437
561.363000   2.686754
561.364000   2.691762
561.365000   2.697125
561.366000   2.702474
561.367000   2.707508
561.368000   2.712084
561.369000   2.716247
561.370000   2.720111
561.371000   2.723626
561.372000   2.726486
561.373000   2.728249
561.374000   2.728501
561.375000   2.726972
561.376000   2.723608
561.377000   2.718599
561.378000   2.712361
561.379000   2.705488
561.380000   2.698634
561.381000   2.692281
561.382000   2.686552
561.383000   2.681297
561.384000   2.676311
561.385000   2.671456
561.386000   2.666669
561.387000   2.661939
561.388000   2.657299
561.389000   2.652853
561.390000   2.648800
561.391000   2.645352
561.392000   2.642511
561.393000   2.639939
561.394000   2.637154
561.395000   2.633771
561.396000   2.629597
561.397000   2.624599
561.398000   2.618868
561.399000   2.612599
561.400000   2.606082
561.401000   2.599637
561.402000   2.593438
561.403000   2.587375
561.404000   2.581184
561.405000   2.574695
561.406000   2.567922
561.407000   2.561027
561.408000   2.554260
561.409000   2.547940
561.410000   2.542447
561.411000   2.538197
561.412000   2.535539
561.413000   2.534616
561.414000   2.535290
561.415000   2.537251
561.416000   2.540179
561.417000   2.543850
561.418000   2.548182
561.419000   2.553252
561.420000   2.559259
561.421000   2.566459
561.422000   2.575084
561.423000   2.585243
561.424000   2.596722
561.425000   2.608920
561.426000   2.621087
561.427000   2.632603
561.428000   2.643078
561.429000   2.652325
561.430000   2.660253
561.431000   2.666744
561.432000   2.671588
561.433000   2.674521
561.434000   2.675285
561.435000   2.673580
561.436000   2.668997
561.437000   2.661172
561.438000   2.649984
561.439000   2.635615
561.440000   2.618472
561.441000   2.599059
561.442000   2.577892
561.443000   2.555504
561.444000   2.532510
561.445000   2.509671
561.446000   2.487858
561.447000   2.467880
561.448000   2.450336
561.449000   2.435656
561.450000   2.424185
561.451000   2.416167
561.452000   2.411702
561.453000   2.410745
561.454000   2.413132
561.455000   2.418615
561.456000   2.426893
561.457000   2.437658
561.458000   2.450602
561.459000   2.465343
561.460000   2.481275
561.461000   2.497552
561.462000   2.513267
561.463000   2.527640
561.464000   2.540116
561.465000   2.550360
561.466000   2.558211
561.467000   2.563609
561.468000   2.566520
561.469000   2.566888
561.470000   2.564678
561.471000   2.560014
561.472000   2.553303
561.473000   2.545195
561.474000   2.536398
561.475000   2.527569
561.476000   2.519332
561.477000   2.512291
561.478000   2.506963
561.479000   2.503676
561.480000   2.502497
561.481000   2.503256
561.482000   2.505633
561.483000   2.509298
561.484000   2.514030
561.485000   2.519740
561.486000   2.526350
561.487000   2.533643
561.488000   2.541239
561.489000   2.548682
561.490000   2.555477
561.491000   2.561132
561.492000   2.565224
561.493000   2.567452
561.494000   2.567662
561.495000   2.565884
561.496000   2.562349
561.497000   2.557462
561.498000   2.551671
561.499000   2.545274
561.500000   2.538366
561.501000   2.530967
561.502000   2.523140
561.503000   2.514983
561.504000   2.506597
561.505000   2.498077
561.506000   2.489545
561.507000   2.481214
561.508000   2.473422
561.509000   2.466540
561.510000   2.460750
561.511000   2.455909
561.512000   2.451702
561.513000   2.447882
561.514000   2.444377
561.515000   2.441293
561.516000   2.438889
561.517000   2.437531
561.518000   2.437626
561.519000   2.439520
561.520000   2.443386
561.521000   2.449126
561.522000   2.456371
561.523000   2.464581
561.524000   2.473178
561.525000   2.481626
561.526000   2.489474
561.527000   2.496380
561.528000   2.502121
561.529000   2.506602
561.530000   2.509873
561.531000   2.512097
561.532000   2.513415
561.533000   2.513829
561.534000   2.513296
561.535000   2.511914
561.536000   2.509995
561.537000   2.507974
561.538000   2.506258
561.539000   2.505120
561.540000   2.504702
561.541000   2.505115
561.542000   2.506522
561.543000   2.509140
561.544000   2.513147
561.545000   2.518597
561.546000   2.525419
561.547000   2.533429
561.548000   2.542323
561.549000   2.551650
561.550000   2.560858
561.551000   2.569392
561.552000   2.576815
561.553000   2.582898
561.554000   2.587631
561.555000   2.591153
561.556000   2.593630
561.557000   2.595194
561.558000   2.595929
561.559000   2.595875
561.560000   2.595078
561.561000   2.593634
561.562000   2.591717
561.563000   2.589544
561.564000   2.587347
561.565000   2.585351
561.566000   2.583749
561.567000   2.582667
561.568000   2.582113
561.569000   2.581954
561.570000   2.581960
561.571000   2.581879
561.572000   2.581498
561.573000   2.580657
561.574000   2.579250
561.575000   2.577239
561.576000   2.574672
561.577000   2.571671
561.578000   2.568373
561.579000   2.564870
561.580000   2.561214
561.581000   2.557506
561.582000   2.553971
561.583000   2.550961
561.584000   2.548899
561.585000   2.548202
561.586000   2.549242
561.587000   2.552319
561.588000   2.557663
561.589000   2.565415
561.590000   2.575602
561.591000   2.588099
561.592000   2.602626
561.593000   2.618790
561.594000   2.636136
561.595000   2.654171
561.596000   2.672373
561.597000   2.690178
561.598000   2.706972
561.599000   2.722127
561.600000   2.735099
561.601000   2.745537
561.602000   2.753318
561.603000   2.758493
561.604000   2.761220
561.605000   2.761773
561.606000   2.760567
561.607000   2.758095
561.608000   2.754813
561.609000   2.751072
561.610000   2.747129
561.611000   2.743218
561.612000   2.739613
561.613000   2.736653
561.614000   2.734711
561.615000   2.734094
561.616000   2.734907
561.617000   2.736954
561.618000   2.739775
561.619000   2.742753
561.620000   2.745248
561.621000   2.746707
561.622000   2.746733
561.623000   2.745125
561.624000   2.741883
561.625000   2.737179
561.626000   2.731278
561.627000   2.724413
561.628000   2.716728
561.629000   2.708318
561.630000   2.699327
561.631000   2.690021
561.632000   2.680805
561.633000   2.672219
561.634000   2.664881
561.635000   2.659401
561.636000   2.656267
561.637000   2.655731
561.638000   2.657798
561.639000   2.662304
561.640000   2.669037
561.641000   2.677822
561.642000   2.688515
561.643000   2.700914
561.644000   2.714744
561.645000   2.729701
561.646000   2.745392
561.647000   2.761239
561.648000   2.776537
561.649000   2.790606
561.650000   2.802923
561.651000   2.813205
561.652000   2.821451
561.653000   2.827913
561.654000   2.832959
561.655000   2.836849
561.656000   2.839615
561.657000   2.841129
561.658000   2.841255
561.659000   2.839962
561.660000   2.837341
561.661000   2.833582
561.662000   2.828946
561.663000   2.823727
561.664000   2.818195
561.665000   2.812495
561.666000   2.806585
561.667000   2.800320
561.668000   2.793600
561.669000   2.786434
561.670000   2.778887
561.671000   2.771026
561.672000   2.762923
561.673000   2.754725
561.674000   2.746656
561.675000   2.738913
561.676000   2.731544
561.677000   2.724453
561.678000   2.717526
561.679000   2.710739
561.680000   2.704208
561.681000   2.698205
561.682000   2.693145
561.683000   2.689542
561.684000   2.687883
561.685000   2.688430
561.686000   2.691094
561.687000   2.695493
561.688000   2.701120
561.689000   2.707477
561.690000   2.714122
561.691000   2.720691
561.692000   2.726930
561.693000   2.732719
561.694000   2.738052
561.695000   2.742927
561.696000   2.747211
561.697000   2.750616
561.698000   2.752795
561.699000   2.753499
561.700000   2.752681
561.701000   2.750516
561.702000   2.747369
561.703000   2.743711
561.704000   2.740003
561.705000   2.736557
561.706000   2.733430
561.707000   2.730464
561.708000   2.727403
561.709000   2.723983
561.710000   2.719989
561.711000   2.715282
561.712000   2.709849
561.713000   2.703846
561.714000   2.697584
561.715000   2.691384
561.716000   2.685419
561.717000   2.679726
561.718000   2.674348
561.719000   2.669444
561.720000   2.665315
561.721000   2.662375
561.722000   2.661115
561.723000   2.662040
561.724000   2.665552
561.725000   2.671771
561.726000   2.680412
561.727000   2.690862
561.728000   2.702384
561.729000   2.714278
561.730000   2.725960
561.731000   2.736987
561.732000   2.747069
561.733000   2.756055
561.734000   2.763877
561.735000   2.770433
561.736000   2.775507
561.737000   2.778796
561.738000   2.779957
561.739000   2.778683
561.740000   2.774846
561.741000   2.768603
561.742000   2.760402
561.743000   2.750901
561.744000   2.740806
561.745000   2.730655
561.746000   2.720701
561.747000   2.711041
561.748000   2.701822
561.749000   2.693323
561.750000   2.685907
561.751000   2.679950
561.752000   2.675845
561.753000   2.673979
561.754000   2.674607
561.755000   2.677760
561.756000   2.683316
561.757000   2.691107
561.758000   2.700947
561.759000   2.712611
561.760000   2.725838
561.761000   2.740344
561.762000   2.755837
561.763000   2.771985
561.764000   2.788320
561.765000   2.804207
561.766000   2.818925
561.767000   2.831792
561.768000   2.842244
561.769000   2.849885
561.770000   2.854550
561.771000   2.856362
561.772000   2.855708
561.773000   2.853069
561.774000   2.848836
561.775000   2.843365
561.776000   2.837114
561.777000   2.830615
561.778000   2.824385
561.779000   2.818893
561.780000   2.814598
561.781000   2.811948
561.782000   2.811321
561.783000   2.812902
561.784000   2.816577
561.785000   2.821968
561.786000   2.828527
561.787000   2.835619
561.788000   2.842543
561.789000   2.848527
561.790000   2.852763
561.791000   2.854529
561.792000   2.853288
561.793000   2.848647
561.794000   2.840245
561.795000   2.827789
561.796000   2.811201
561.797000   2.790721
561.798000   2.766904
561.799000   2.740566
561.800000   2.712703
561.801000   2.684395
561.801000   2.684395
561.802000   2.656675
561.803000   2.630391
561.804000   2.606147
561.805000   2.584383
561.806000   2.565474
561.807000   2.549753
561.808000   2.537487
561.809000   2.528848
561.810000   2.523885
561.811000   2.522517
561.812000   2.524497
561.813000   2.529360
561.814000   2.536397
561.815000   2.544757
561.816000   2.553601
561.817000   2.562213
561.818000   2.570042
561.819000   2.576724
561.820000   2.582090
561.821000   2.586144
561.822000   2.588952
561.823000   2.590457
561.824000   2.590467
561.825000   2.588859
561.826000   2.585743
561.827000   2.581462
561.828000   2.576498
561.829000   2.571394
561.830000   2.566698
561.831000   2.562933
561.832000   2.560540
561.833000   2.559801
561.834000   2.560825
561.835000   2.563597
561.836000   2.568014
561.837000   2.573833
561.838000   2.580643
561.839000   2.587929
561.840000   2.595192
561.841000   2.602038
561.842000   2.608138
561.843000   2.613081
561.844000   2.616326
561.845000   2.617335
561.846000   2.615741
561.847000   2.611397
561.848000   2.604377
561.849000   2.594979
561.850000   2.583767
561.851000   2.571521
561.852000   2.559067
561.853000   2.547049
561.854000   2.535896
561.855000   2.525943
561.856000   2.517553
561.857000   2.511142
561.858000   2.507164
561.859000   2.506062
561.860000   2.508198
561.861000   2.513779
561.862000   2.522751
561.863000   2.534738
561.864000   2.549141
561.865000   2.565290
561.866000   2.582530
561.867000   2.600254
561.868000   2.617944
561.869000   2.635209
561.870000   2.651793
561.871000   2.667447
561.872000   2.681686
561.873000   2.693702
561.874000   2.702617
561.875000   2.707772
561.876000   2.708852
561.877000   2.705929
561.878000   2.699441
561.879000   2.690153
561.880000   2.679049
561.881000   2.667162
561.882000   2.655367
561.883000   2.644284
561.884000   2.634325
561.885000   2.625775
561.886000   2.618849
561.887000   2.613737
561.888000   2.610634
561.889000   2.609759
561.890000   2.611317
561.891000   2.615359
561.892000   2.621556
561.893000   2.629195
561.894000   2.637449
561.895000   2.645634
561.896000   2.653263
561.897000   2.660007
561.898000   2.665705
561.899000   2.670404
561.900000   2.674313
561.901000   2.677648
561.902000   2.680509
561.903000   2.682937
561.904000   2.685057
561.905000   2.687131
561.906000   2.689479
561.907000   2.692355
561.908000   2.695829
561.909000   2.699770
561.910000   2.703915
561.911000   2.707910
561.912000   2.711291
561.913000   2.713534
561.914000   2.714166
561.915000   2.712848
561.916000   2.709419
561.917000   2.703917
561.918000   2.696610
561.919000   2.688019
561.920000   2.678847
561.921000   2.669777
561.922000   2.661244
561.923000   2.653462
561.924000   2.646594
561.925000   2.640791
561.926000   2.636152
561.927000   2.632677
561.928000   2.630295
561.929000   2.628895
561.930000   2.628330
561.931000   2.628342
561.932000   2.628513
561.933000   2.628366
561.934000   2.627486
561.935000   2.625575
561.936000   2.622457
561.937000   2.618098
561.938000   2.612642
561.939000   2.606454
561.940000   2.600069
561.941000   2.593989
561.942000   2.588450
561.943000   2.583393
561.944000   2.578597
561.945000   2.573795
561.946000   2.568756
561.947000   2.563365
561.948000   2.557678
561.949000   2.551936
561.950000   2.546509
561.951000   2.541772
561.952000   2.538008
561.953000   2.535438
561.954000   2.534260
561.955000   2.534633
561.956000   2.536639
561.957000   2.540306
561.958000   2.545636
561.959000   2.552591
561.960000   2.561009
561.961000   2.570448
561.962000   2.580130
561.963000   2.589105
561.964000   2.596509
561.965000   2.601688
561.966000   2.604186
561.967000   2.603717
561.968000   2.600225
561.969000   2.593947
561.970000   2.585325
561.971000   2.574825
561.972000   2.562893
561.973000   2.550082
561.974000   2.537130
561.975000   2.524899
561.976000   2.514239
561.977000   2.505832
561.978000   2.500101
561.979000   2.497196
561.980000   2.496981
561.981000   2.499019
561.982000   2.502667
561.983000   2.507245
561.984000   2.512145
561.985000   2.516868
561.986000   2.521035
561.987000   2.524412
561.988000   2.526929
561.989000   2.528644
561.990000   2.529603
561.991000   2.529737
561.992000   2.528952
561.993000   2.527295
561.994000   2.524982
561.995000   2.522339
561.996000   2.519725
561.997000   2.517508
561.998000   2.516062
561.999000   2.515740
562.000000   2.516790
562.001000   2.519336
562.002000   2.523445
562.003000   2.529159
562.004000   2.536463
562.005000   2.545258
562.006000   2.555385
562.007000   2.566682
562.008000   2.579033
562.009000   2.592331
562.010000   2.606333
562.011000   2.620568
562.012000   2.634381
562.013000   2.647021
562.014000   2.657709
562.015000   2.665726
562.016000   2.670530
562.017000   2.671860
562.018000   2.669762
562.019000   2.664481
562.020000   2.656312
562.021000   2.645556
562.022000   2.632597
562.023000   2.617963
562.024000   2.602293
562.025000   2.586282
562.026000   2.570655
562.027000   2.556184
562.028000   2.543648
562.029000   2.533709
562.030000   2.526767
562.031000   2.522940
562.032000   2.522197
562.033000   2.524450
562.034000   2.529564
562.035000   2.537335
562.036000   2.547494
562.037000   2.559748
562.038000   2.573814
562.039000   2.589382
562.040000   2.606032
562.041000   2.623223
562.042000   2.640390
562.043000   2.657033
562.044000   2.672757
562.045000   2.687282
562.046000   2.700440
562.047000   2.712176
562.048000   2.722490
562.049000   2.731311
562.050000   2.738360
562.051000   2.743221
562.052000   2.745550
562.053000   2.745222
562.054000   2.742371
562.055000   2.737372
562.056000   2.730795
562.057000   2.723331
562.058000   2.715635
562.059000   2.708129
562.060000   2.700908
562.061000   2.693869
562.062000   2.686881
562.063000   2.679879
562.064000   2.672875
562.065000   2.665957
562.066000   2.659284
562.067000   2.653064
562.068000   2.647428
562.069000   2.642254
562.070000   2.637155
562.071000   2.631670
562.072000   2.625442
562.073000   2.618286
562.074000   2.610199
562.075000   2.601364
562.076000   2.592150
562.077000   2.583034
562.078000   2.574374
562.079000   2.566219
562.080000   2.558397
562.081000   2.550769
562.082000   2.543358
562.083000   2.536357
562.084000   2.530105
562.085000   2.525056
562.086000   2.521710
562.087000   2.520478
562.088000   2.521490
562.089000   2.524546
562.090000   2.529259
562.091000   2.535191
562.092000   2.541912
562.093000   2.549026
562.094000   2.556196
562.095000   2.563165
562.096000   2.569719
562.097000   2.575527
562.098000   2.579972
562.099000   2.582233
562.100000   2.581551
562.101000   2.577446
562.102000   2.569814
562.103000   2.558950
562.104000   2.545527
562.105000   2.530494
562.106000   2.514870
562.107000   2.499509
562.108000   2.485007
562.109000   2.471809
562.110000   2.460298
562.111000   2.450812
562.112000   2.443629
562.113000   2.438965
562.114000   2.436989
562.115000   2.437802
562.116000   2.441333
562.117000   2.447208
562.118000   2.454735
562.119000   2.463061
562.120000   2.471342
562.121000   2.478843
562.122000   2.485005
562.123000   2.489486
562.124000   2.492178
562.125000   2.493149
562.126000   2.492491
562.127000   2.490188
562.128000   2.486157
562.129000   2.480386
562.130000   2.473010
562.131000   2.464313
562.132000   2.454689
562.133000   2.444608
562.134000   2.434572
562.135000   2.425038
562.136000   2.416303
562.137000   2.408466
562.138000   2.401556
562.139000   2.395695
562.140000   2.391171
562.141000   2.388396
562.142000   2.387811
562.143000   2.389789
562.144000   2.394548
562.145000   2.402049
562.146000   2.411897
562.147000   2.423369
562.148000   2.435592
562.149000   2.447735
562.150000   2.459099
562.151000   2.469135
562.152000   2.477441
562.153000   2.483760
562.154000   2.487961
562.155000   2.489981
562.156000   2.489740
562.157000   2.487146
562.158000   2.482181
562.159000   2.474987
562.160000   2.465892
562.161000   2.455400
562.162000   2.444187
562.163000   2.433087
562.164000   2.423035
562.165000   2.414925
562.166000   2.409401
562.167000   2.406764
562.168000   2.407069
562.169000   2.410256
562.170000   2.416229
562.171000   2.424871
562.172000   2.436065
562.173000   2.449719
562.174000   2.465749
562.175000   2.483970
562.176000   2.503954
562.177000   2.525010
562.178000   2.546316
562.179000   2.567068
562.180000   2.586573
562.181000   2.604317
562.182000   2.620011
562.183000   2.633604
562.184000   2.645236
562.185000   2.655083
562.186000   2.663209
562.187000   2.669566
562.188000   2.674077
562.189000   2.676699
562.190000   2.677458
562.191000   2.676500
562.192000   2.674127
562.193000   2.670786
562.194000   2.666965
562.195000   2.663028
562.196000   2.659136
562.197000   2.655354
562.198000   2.651783
562.199000   2.648608
562.200000   2.646067
562.201000   2.644426
562.202000   2.643972
562.203000   2.645003
562.204000   2.647705
562.205000   2.652028
562.206000   2.657728
562.207000   2.664535
562.208000   2.672265
562.209000   2.680844
562.210000   2.690295
562.211000   2.700696
562.212000   2.712125
562.213000   2.724566
562.214000   2.737811
562.215000   2.751465
562.216000   2.765089
562.217000   2.778323
562.218000   2.790930
562.219000   2.802799
562.220000   2.813937
562.221000   2.824459
562.222000   2.834528
562.223000   2.844229
562.224000   2.853453
562.225000   2.861938
562.226000   2.869409
562.227000   2.875684
562.228000   2.880714
562.229000   2.884579
562.230000   2.887457
562.231000   2.889572
562.232000   2.891129
562.233000   2.892219
562.234000   2.892787
562.235000   2.892660
562.236000   2.891623
562.237000   2.889472
562.238000   2.886059
562.239000   2.881315
562.240000   2.875256
562.241000   2.867976
562.242000   2.859593
562.243000   2.850166
562.244000   2.839642
562.245000   2.827938
562.246000   2.815062
562.247000   2.801140
562.248000   2.786382
562.249000   2.771076
562.250000   2.755629
562.251000   2.740583
562.252000   2.726511
562.253000   2.713838
562.254000   2.702800
562.255000   2.693570
562.256000   2.686398
562.257000   2.681608
562.258000   2.679497
562.259000   2.680207
562.260000   2.683684
562.261000   2.689700
562.262000   2.697858
562.263000   2.707583
562.264000   2.718166
562.265000   2.728862
562.266000   2.738969
562.267000   2.747863
562.268000   2.755039
562.269000   2.760130
562.270000   2.762920
562.271000   2.763303
562.272000   2.761203
562.273000   2.756506
562.274000   2.749117
562.275000   2.739093
562.276000   2.726723
562.277000   2.712526
562.278000   2.697235
562.279000   2.681759
562.280000   2.667084
562.281000   2.654094
562.282000   2.643360
562.283000   2.635076
562.284000   2.629174
562.285000   2.625440
562.286000   2.623581
562.287000   2.623245
562.288000   2.624065
562.289000   2.625697
562.290000   2.627842
562.291000   2.630162
562.292000   2.632140
562.293000   2.633023
562.294000   2.631945
562.295000   2.628121
562.296000   2.621012
562.297000   2.610421
562.298000   2.596530
562.299000   2.579875
562.300000   2.561239
562.301000   2.541465
562.301000   2.541465
562.302000   2.521293
562.303000   2.501362
562.304000   2.482292
562.305000   2.464684
562.306000   2.449105
562.307000   2.436081
562.308000   2.426118
562.309000   2.419668
562.310000   2.417008
562.311000   2.418079
562.312000   2.422407
562.313000   2.429236
562.314000   2.437749
562.315000   2.447192
562.316000   2.456918
562.317000   2.466394
562.318000   2.475256
562.319000   2.483344
562.320000   2.490597
562.321000   2.496844
562.322000   2.501754
562.323000   2.505015
562.324000   2.506497
562.325000   2.506298
562.326000   2.504688
562.327000   2.502018
562.328000   2.498633
562.329000   2.494793
562.330000   2.490605
562.331000   2.486014
562.332000   2.480902
562.333000   2.475219
562.334000   2.469072
562.335000   2.462750
562.336000   2.456718
562.337000   2.451590
562.338000   2.448041
562.339000   2.446655
562.340000   2.447754
562.341000   2.451337
562.342000   2.457216
562.343000   2.465166
562.344000   2.475002
562.345000   2.486572
562.346000   2.499736
562.347000   2.514354
562.348000   2.530265
562.349000   2.547222
562.350000   2.564823
562.351000   2.582506
562.352000   2.599645
562.353000   2.615665
562.354000   2.630120
562.355000   2.642714
562.356000   2.653297
562.357000   2.661852
562.358000   2.668481
562.359000   2.673380
562.360000   2.676802
562.361000   2.679004
562.362000   2.680148
562.363000   2.680185
562.364000   2.678891
562.365000   2.676037
562.366000   2.671516
562.367000   2.665380
562.368000   2.657808
562.369000   2.649008
562.370000   2.639122
562.371000   2.628251
562.372000   2.616560
562.373000   2.604293
562.374000   2.591687
562.375000   2.578979
562.376000   2.566544
562.377000   2.554939
562.378000   2.544793
562.379000   2.536613
562.380000   2.530637
562.381000   2.526834
562.382000   2.525018
562.383000   2.524971
562.384000   2.526476
562.385000   2.529301
562.386000   2.533181
562.387000   2.537883
562.388000   2.543269
562.389000   2.549230
562.390000   2.555588
562.391000   2.562079
562.392000   2.568452
562.393000   2.574584
562.394000   2.580566
562.395000   2.586740
562.396000   2.593593
562.397000   2.601519
562.398000   2.610655
562.399000   2.620890
562.400000   2.631923
562.401000   2.643347
562.402000   2.654740
562.403000   2.665738
562.404000   2.676089
562.405000   2.685714
562.406000   2.694718
562.407000   2.703226
562.408000   2.711067
562.409000   2.717649
562.410000   2.722209
562.411000   2.724134
562.412000   2.723102
562.413000   2.719088
562.414000   2.712335
562.415000   2.703358
562.416000   2.692898
562.417000   2.681766
562.418000   2.670579
562.419000   2.659648
562.420000   2.649134
562.421000   2.639260
562.422000   2.630362
562.423000   2.622828
562.424000   2.617018
562.425000   2.613231
562.426000   2.611687
562.427000   2.612491
562.428000   2.615562
562.429000   2.620641
562.430000   2.627337
562.431000   2.635158
562.432000   2.643574
562.433000   2.652112
562.434000   2.660406
562.435000   2.668206
562.436000   2.675355
562.437000   2.681726
562.438000   2.687152
562.439000   2.691483
562.440000   2.694700
562.441000   2.696885
562.442000   2.698136
562.443000   2.698605
562.444000   2.698605
562.445000   2.698626
562.446000   2.699205
562.447000   2.700738
562.448000   2.703364
562.449000   2.707080
562.450000   2.711942
562.451000   2.718113
562.452000   2.725653
562.453000   2.734350
562.454000   2.743885
562.455000   2.754014
562.456000   2.764520
562.457000   2.775033
562.458000   2.784945
562.459000   2.793515
562.460000   2.800046
562.461000   2.804004
562.462000   2.805021
562.463000   2.802852
562.464000   2.797367
562.465000   2.788609
562.466000   2.776752
562.467000   2.761962
562.468000   2.744343
562.469000   2.724051
562.470000   2.701444
562.471000   2.677145
562.472000   2.652027
562.473000   2.627115
562.474000   2.603364
562.475000   2.581501
562.476000   2.562056
562.477000   2.545411
562.478000   2.531785
562.479000   2.521259
562.480000   2.513853
562.481000   2.509576
562.482000   2.508444
562.483000   2.510487
562.484000   2.515717
562.485000   2.524020
562.486000   2.535029
562.487000   2.548042
562.488000   2.562060
562.489000   2.575984
562.490000   2.588826
562.491000   2.599812
562.492000   2.608441
562.493000   2.614538
562.494000   2.618279
562.495000   2.620115
562.496000   2.620505
562.497000   2.619607
562.498000   2.617263
562.499000   2.613264
562.500000   2.607544
562.501000   2.600204
562.502000   2.591461
562.503000   2.581636
562.504000   2.571147
562.505000   2.560487
562.506000   2.550077
562.507000   2.540040
562.508000   2.530107
562.509000   2.519767
562.510000   2.508492
562.511000   2.495899
562.512000   2.481836
562.513000   2.466430
562.514000   2.450114
562.515000   2.433578
562.516000   2.417545
562.517000   2.402466
562.518000   2.388474
562.519000   2.375558
562.520000   2.363690
562.521000   2.352873
562.522000   2.343186
562.523000   2.334824
562.524000   2.328097
562.525000   2.323320
562.526000   2.320594
562.527000   2.319734
562.528000   2.320489
562.529000   2.322739
562.530000   2.326505
562.531000   2.331893
562.532000   2.339102
562.533000   2.348468
562.534000   2.360455
562.535000   2.375441
562.536000   2.393474
562.537000   2.414279
562.538000   2.437430
562.539000   2.462443
562.540000   2.488763
562.541000   2.515734
562.542000   2.542601
562.543000   2.568526
562.544000   2.592584
562.545000   2.613693
562.546000   2.630642
562.547000   2.642333
562.548000   2.648071
562.549000   2.647708
562.550000   2.641653
562.551000   2.630793
562.552000   2.616380
562.553000   2.599858
562.554000   2.582591
562.555000   2.565577
562.556000   2.549406
562.557000   2.534458
562.558000   2.521064
562.559000   2.509538
562.560000   2.500148
562.561000   2.493120
562.562000   2.488659
562.563000   2.486963
562.564000   2.488150
562.565000   2.492097
562.566000   2.498413
562.567000   2.506599
562.568000   2.516198
562.569000   2.526823
562.570000   2.538160
562.571000   2.549968
562.572000   2.562089
562.573000   2.574425
562.574000   2.586784
562.575000   2.598711
562.576000   2.609560
562.577000   2.618755
562.578000   2.625940
562.579000   2.630996
562.580000   2.634017
562.581000   2.635300
562.582000   2.635353
562.583000   2.634852
562.584000   2.634463
562.585000   2.634629
562.586000   2.635574
562.587000   2.637458
562.588000   2.640440
562.589000   2.644628
562.590000   2.650019
562.591000   2.656489
562.592000   2.663824
562.593000   2.671727
562.594000   2.679700
562.595000   2.686951
562.596000   2.692543
562.597000   2.695668
562.598000   2.695788
562.599000   2.692675
562.600000   2.686415
562.601000   2.677437
562.602000   2.666498
562.603000   2.654541
562.604000   2.642342
562.605000   2.630258
562.606000   2.618387
562.607000   2.606822
562.608000   2.595737
562.609000   2.585383
562.610000   2.576103
562.611000   2.568351
562.612000   2.562656
562.613000   2.559458
562.614000   2.558895
562.615000   2.560822
562.616000   2.564997
562.617000   2.571159
562.618000   2.579008
562.619000   2.588213
562.620000   2.598481
562.621000   2.609638
562.622000   2.621581
562.623000   2.633993
562.624000   2.646075
562.625000   2.656720
562.626000   2.664843
562.627000   2.669579
562.628000   2.670370
562.629000   2.667046
562.630000   2.659908
562.631000   2.649705
562.632000   2.637362
562.633000   2.623616
562.634000   2.609012
562.635000   2.594126
562.636000   2.579618
562.637000   2.566168
562.638000   2.554422
562.639000   2.544954
562.640000   2.538248
562.641000   2.534600
562.642000   2.533893
562.643000   2.535481
562.644000   2.538432
562.645000   2.541835
562.646000   2.544959
562.647000   2.547296
562.648000   2.548589
562.649000   2.548870
562.650000   2.548435
562.651000   2.547633
562.652000   2.546543
562.653000   2.545041
562.654000   2.543128
562.655000   2.541068
562.656000   2.539327
562.657000   2.538475
562.658000   2.539123
562.659000   2.541868
562.660000   2.547193
562.661000   2.555254
562.662000   2.565802
562.663000   2.578388
562.664000   2.592579
562.665000   2.608009
562.666000   2.624352
562.667000   2.641312
562.668000   2.658657
562.669000   2.676283
562.670000   2.694185
562.671000   2.712262
562.672000   2.730168
562.673000   2.747433
562.674000   2.763646
562.675000   2.778472
562.676000   2.791606
562.677000   2.802741
562.678000   2.811605
562.679000   2.818004
562.680000   2.821782
562.681000   2.822664
562.682000   2.820208
562.683000   2.814015
562.684000   2.803948
562.685000   2.790175
562.686000   2.773131
562.687000   2.753469
562.688000   2.732044
562.689000   2.709899
562.690000   2.688154
562.691000   2.667721
562.692000   2.649019
562.693000   2.632055
562.694000   2.616695
562.695000   2.602834
562.696000   2.590472
562.697000   2.579747
562.698000   2.570983
562.699000   2.564687
562.700000   2.561419
562.701000   2.561446
562.702000   2.564489
562.703000   2.569950
562.704000   2.577246
562.705000   2.585909
562.706000   2.595581
562.707000   2.606016
562.708000   2.617099
562.709000   2.628843
562.710000   2.641268
562.711000   2.654096
562.712000   2.666575
562.713000   2.677698
562.714000   2.686502
562.715000   2.692242
562.716000   2.694464
562.717000   2.693078
562.718000   2.688414
562.719000   2.681229
562.720000   2.672474
562.721000   2.662809
562.722000   2.652453
562.723000   2.641543
562.724000   2.630364
562.725000   2.619339
562.726000   2.608985
562.727000   2.599931
562.728000   2.592904
562.729000   2.588464
562.730000   2.586581
562.731000   2.586666
562.732000   2.588028
562.733000   2.590075
562.734000   2.592295
562.735000   2.594226
562.736000   2.595504
562.737000   2.595931
562.738000   2.595433
562.739000   2.593811
562.740000   2.590632
562.741000   2.585489
562.742000   2.578229
562.743000   2.568973
562.744000   2.558038
562.745000   2.545888
562.746000   2.533138
562.747000   2.520553
562.748000   2.508855
562.749000   2.498359
562.750000   2.488957
562.751000   2.480518
562.752000   2.473098
562.753000   2.466910
562.754000   2.462229
562.755000   2.459351
562.756000   2.458596
562.757000   2.460310
562.758000   2.464742
562.759000   2.471808
562.760000   2.481053
562.761000   2.491854
562.762000   2.503546
562.763000   2.515426
562.764000   2.526762
562.765000   2.536872
562.766000   2.545255
562.767000   2.551674
562.768000   2.556049
562.769000   2.558119
562.770000   2.557403
562.771000   2.553544
562.772000   2.546519
562.773000   2.536609
562.774000   2.524323
562.775000   2.510382
562.776000   2.495714
562.777000   2.481386
562.778000   2.468338
562.779000   2.457085
562.780000   2.447763
562.781000   2.440445
562.782000   2.435284
562.783000   2.432447
562.784000   2.431998
562.785000   2.433885
562.786000   2.438022
562.787000   2.444364
562.788000   2.452797
562.789000   2.462910
562.790000   2.474014
562.791000   2.485354
562.792000   2.496263
562.793000   2.506197
562.794000   2.514739
562.795000   2.521642
562.796000   2.526922
562.797000   2.530874
562.798000   2.533818
562.799000   2.535689
562.800000   2.536100
562.801000   2.534740
562.801000   2.534740
562.802000   2.531593
562.803000   2.526929
562.804000   2.521212
562.805000   2.515000
562.806000   2.508896
562.807000   2.503500
562.808000   2.499184
562.809000   2.495859
562.810000   2.493153
562.811000   2.490724
562.812000   2.488330
562.813000   2.485775
562.814000   2.482859
562.815000   2.479410
562.816000   2.475340
562.817000   2.470603
562.818000   2.464885
562.819000   2.457423
562.820000   2.447339
562.821000   2.434042
562.822000   2.417338
562.823000   2.397413
562.824000   2.374802
562.825000   2.350395
562.826000   2.325404
562.827000   2.301102
562.828000   2.278344
562.829000   2.257468
562.830000   2.238669
562.831000   2.222221
562.832000   2.208489
562.833000   2.197903
562.834000   2.190960
562.835000   2.188251
562.836000   2.190430
562.837000   2.197958
562.838000   2.210740
562.839000   2.228199
562.840000   2.249575
562.841000   2.274036
562.842000   2.300650
562.843000   2.328443
562.844000   2.356532
562.845000   2.384278
562.846000   2.411291
562.847000   2.437107
562.848000   2.460833
562.849000   2.481353
562.850000   2.497768
562.851000   2.509529
562.852000   2.516386
562.853000   2.518410
562.854000   2.516101
562.855000   2.510416
562.856000   2.502566
562.857000   2.493583
562.858000   2.484109
562.859000   2.474626
562.860000   2.465675
562.861000   2.457801
562.862000   2.451401
562.863000   2.446621
562.864000   2.443459
562.865000   2.441962
562.866000   2.442188
562.867000   2.443873
562.868000   2.446346
562.869000   2.448877
562.870000   2.450974
562.871000   2.452442
562.872000   2.453303
562.873000   2.453702
562.874000   2.453872
562.875000   2.454162
562.876000   2.454880
562.877000   2.456000
562.878000   2.457234
562.879000   2.458356
562.880000   2.459359
562.881000   2.460435
562.882000   2.461923
562.883000   2.464266
562.884000   2.467972
562.885000   2.473526
562.886000   2.481198
562.887000   2.490839
562.888000   2.502025
562.889000   2.514395
562.890000   2.527804
562.891000   2.542323
562.892000   2.558174
562.893000   2.575657
562.894000   2.595059
562.895000   2.616532
562.896000   2.639869
562.897000   2.664253
562.898000   2.688398
562.899000   2.710973
562.900000   2.730841
562.901000   2.747093
562.902000   2.759056
562.903000   2.766346
562.904000   2.768944
562.905000   2.767215
562.906000   2.761706
562.907000   2.752811
562.908000   2.740750
562.909000   2.725854
562.910000   2.708684
562.911000   2.689967
562.912000   2.670495
562.913000   2.651074
562.914000   2.632529
562.915000   2.615730
562.916000   2.601479
562.917000   2.590180
562.918000   2.581659
562.919000   2.575429
562.920000   2.570997
562.921000   2.567972
562.922000   2.566068
562.923000   2.565121
562.924000   2.565144
562.925000   2.566351
562.926000   2.568974
562.927000   2.572864
562.928000   2.577446
562.929000   2.582097
562.930000   2.586365
562.931000   2.589968
562.932000   2.592785
562.933000   2.594925
562.934000   2.596786
562.935000   2.598949
562.936000   2.601776
562.937000   2.605179
562.938000   2.608885
562.939000   2.612648
562.940000   2.616216
562.941000   2.619297
562.942000   2.621655
562.943000   2.623228
562.944000   2.623995
562.945000   2.623616
562.946000   2.621496
562.947000   2.617213
562.948000   2.610687
562.949000   2.602120
562.950000   2.591921
562.951000   2.580696
562.952000   2.569233
562.953000   2.558318
562.954000   2.548344
562.955000   2.539269
562.956000   2.530947
562.957000   2.523316
562.958000   2.516394
562.959000   2.510251
562.960000   2.505020
562.961000   2.500945
562.962000   2.498371
562.963000   2.497563
562.964000   2.498437
562.965000   2.500625
562.966000   2.503790
562.967000   2.507757
562.968000   2.512507
562.969000   2.518121
562.970000   2.524769
562.971000   2.532744
562.972000   2.542458
562.973000   2.554273
562.974000   2.568193
562.975000   2.583796
562.976000   2.600458
562.977000   2.617531
562.978000   2.634424
562.979000   2.650637
562.980000   2.665782
562.981000   2.679623
562.982000   2.692107
562.983000   2.703294
562.984000   2.713167
562.985000   2.721553
562.986000   2.728268
562.987000   2.733173
562.988000   2.736175
562.989000   2.737276
562.990000   2.736633
562.991000   2.734577
562.992000   2.731600
562.993000   2.728244
562.994000   2.724834
562.995000   2.721360
562.996000   2.717700
562.997000   2.713821
562.998000   2.709746
562.999000   2.705456
563.000000   2.700940
563.001000   2.696365
563.002000   2.692159
563.003000   2.688821
563.004000   2.686559
563.005000   2.685310
563.006000   2.685066
563.007000   2.686015
563.008000   2.688446
563.009000   2.692585
563.010000   2.698529
563.011000   2.706341
563.012000   2.716059
563.013000   2.727454
563.014000   2.739915
563.015000   2.752729
563.016000   2.765309
563.017000   2.777247
563.018000   2.788285
563.019000   2.798307
563.020000   2.807328
563.021000   2.815455
563.022000   2.822713
563.023000   2.828804
563.024000   2.833226
563.025000   2.835650
563.026000   2.836062
563.027000   2.834740
563.028000   2.832196
563.029000   2.829158
563.030000   2.826539
563.031000   2.825301
563.032000   2.826148
563.033000   2.829179
563.034000   2.833966
563.035000   2.839904
563.036000   2.846380
563.037000   2.852803
563.038000   2.858635
563.039000   2.863470
563.040000   2.867132
563.041000   2.869699
563.042000   2.871256
563.043000   2.871410
563.044000   2.869268
563.045000   2.863937
563.046000   2.854874
563.047000   2.841948
563.048000   2.825415
563.049000   2.805894
563.050000   2.784350
563.051000   2.762015
563.052000   2.740124
563.053000   2.719556
563.054000   2.700767
563.055000   2.683988
563.056000   2.669367
563.057000   2.657018
563.058000   2.647034
563.059000   2.639510
563.060000   2.634593
563.061000   2.632481
563.062000   2.633250
563.063000   2.636616
563.064000   2.641960
563.065000   2.648518
563.066000   2.655524
563.067000   2.662352
563.068000   2.668626
563.069000   2.674292
563.070000   2.679612
563.071000   2.684934
563.072000   2.690251
563.073000   2.695109
563.074000   2.698978
563.075000   2.701481
563.076000   2.702378
563.077000   2.701547
563.078000   2.699009
563.079000   2.694958
563.080000   2.689651
563.081000   2.683174
563.082000   2.675337
563.083000   2.665957
563.084000   2.655121
563.085000   2.643113
563.086000   2.630148
563.087000   2.616296
563.088000   2.601670
563.089000   2.586618
563.090000   2.571685
563.091000   2.557381
563.092000   2.543988
563.093000   2.531666
563.094000   2.520582
563.095000   2.510902
563.096000   2.502708
563.097000   2.496015
563.098000   2.490877
563.099000   2.487445
563.100000   2.485866
563.101000   2.486004
563.102000   2.487313
563.103000   2.489083
563.104000   2.490743
563.105000   2.491968
563.106000   2.492645
563.107000   2.492804
563.108000   2.492601
563.109000   2.492341
563.110000   2.492409
563.111000   2.493045
563.112000   2.494239
563.113000   2.495894
563.114000   2.497998
563.115000   2.500646
563.116000   2.503989
563.117000   2.508182
563.118000   2.513374
563.119000   2.519706
563.120000   2.527208
563.121000   2.535585
563.122000   2.544104
563.123000   2.551819
563.124000   2.557844
563.125000   2.561518
563.126000   2.562488
563.127000   2.560762
563.128000   2.556727
563.129000   2.551068
563.130000   2.544472
563.131000   2.537267
563.132000   2.529407
563.133000   2.520793
563.134000   2.511475
563.135000   2.501675
563.136000   2.491733
563.137000   2.482077
563.138000   2.473200
563.139000   2.465615
563.140000   2.459729
563.141000   2.455653
563.142000   2.453181
563.143000   2.451973
563.144000   2.451713
563.145000   2.452168
563.146000   2.453215
563.147000   2.454875
563.148000   2.457366
563.149000   2.461107
563.150000   2.466505
563.151000   2.473634
563.152000   2.482205
563.153000   2.491855
563.154000   2.502332
563.155000   2.513542
563.156000   2.525540
563.157000   2.538515
563.158000   2.552747
563.159000   2.568493
563.160000   2.585770
563.161000   2.604217
563.162000   2.623215
563.163000   2.642068
563.164000   2.660046
563.165000   2.676400
563.166000   2.690414
563.167000   2.701490
563.168000   2.709232
563.169000   2.713449
563.170000   2.714027
563.171000   2.710809
563.172000   2.703724
563.173000   2.692963
563.174000   2.679004
563.175000   2.662548
563.176000   2.644467
563.177000   2.625800
563.178000   2.607705
563.179000   2.591275
563.180000   2.577267
563.181000   2.566030
563.182000   2.557713
563.183000   2.552427
563.184000   2.550278
563.185000   2.551364
563.186000   2.555785
563.187000   2.563674
563.188000   2.575166
563.189000   2.590220
563.190000   2.608378
563.191000   2.628797
563.192000   2.650531
563.193000   2.672730
563.194000   2.694712
563.195000   2.715971
563.196000   2.736219
563.197000   2.755396
563.198000   2.773593
563.199000   2.790810
563.200000   2.806726
563.201000   2.820775
563.202000   2.832413
563.203000   2.841289
563.204000   2.847284
563.205000   2.850512
563.206000   2.851313
563.207000   2.850241
563.208000   2.848002
563.209000   2.845274
563.210000   2.842515
563.211000   2.839945
563.212000   2.837597
563.213000   2.835344
563.214000   2.833027
563.215000   2.830617
563.216000   2.828286
563.217000   2.826378
563.218000   2.825231
563.219000   2.824894
563.220000   2.824981
563.221000   2.824881
563.222000   2.824042
563.223000   2.822090
563.224000   2.818868
563.225000   2.814468
563.226000   2.809228
563.227000   2.803613
563.228000   2.797964
563.229000   2.792350
563.230000   2.786721
563.231000   2.781146
563.232000   2.775854
563.233000   2.771093
563.234000   2.766996
563.235000   2.763601
563.236000   2.760966
563.237000   2.759159
563.238000   2.758140
563.239000   2.757747
563.240000   2.757815
563.241000   2.758250
563.242000   2.758982
563.243000   2.759901
563.244000   2.760885
563.245000   2.761906
563.246000   2.763034
563.247000   2.764224
563.248000   2.765105
563.249000   2.765070
563.250000   2.763529
563.251000   2.760084
563.252000   2.754600
563.253000   2.747224
563.254000   2.738363
563.255000   2.728609
563.256000   2.718574
563.257000   2.708648
563.258000   2.698883
563.259000   2.689179
563.260000   2.679514
563.261000   2.670020
563.262000   2.660963
563.263000   2.652692
563.264000   2.645581
563.265000   2.639958
563.266000   2.636013
563.267000   2.633668
563.268000   2.632538
563.269000   2.632082
563.270000   2.631774
563.271000   2.631165
563.272000   2.629904
563.273000   2.627770
563.274000   2.624725
563.275000   2.620947
563.276000   2.616725
563.277000   2.612194
563.278000   2.607161
563.279000   2.601266
563.280000   2.594227
563.281000   2.585969
563.282000   2.576654
563.283000   2.566702
563.284000   2.556799
563.285000   2.547852
563.286000   2.540807
563.287000   2.536366
563.288000   2.534839
563.289000   2.536275
563.290000   2.540624
563.291000   2.547808
563.292000   2.557722
563.293000   2.570260
563.294000   2.585354
563.295000   2.602957
563.296000   2.622872
563.297000   2.644461
563.298000   2.666574
563.299000   2.687778
563.300000   2.706634
563.301000   2.721911
