560.017000   2.828277
560.018000   2.830256
560.019000   2.834456
560.020000   2.840360
560.021000   2.847439
560.022000   2.855132
560.023000   2.862867
560.024000   2.870138
560.025000   2.876596
560.026000   2.882067
560.027000   2.886399
560.028000   2.889230
560.029000   2.889951
560.030000   2.887888
560.031000   2.882552
560.032000   2.873767
560.033000   2.861692
560.034000   2.846817
560.035000   2.829916
560.036000   2.811897
560.037000   2.793507
560.038000   2.775200
560.039000   2.757343
560.040000   2.740442
560.041000   2.725182
560.042000   2.712328
560.043000   2.702574
560.044000   2.696508
560.045000   2.694713
560.046000   2.697716
560.047000   2.705678
560.048000   2.718236
560.049000   2.734671
560.050000   2.754110
560.051000   2.775594
560.052000   2.798113
560.053000   2.820672
560.054000   2.842387
560.055000   2.862585
560.056000   2.880737
560.057000   2.896249
560.058000   2.908401
560.059000   2.916566
560.060000   2.920475
560.061000   2.920358
560.062000   2.916903
560.063000   2.911131
560.064000   2.904240
560.065000   2.897405
560.066000   2.891458
560.067000   2.886623
560.068000   2.882654
560.069000   2.879212
560.070000   2.876113
560.071000   2.873418
560.072000   2.871429
560.073000   2.870562
560.074000   2.871146
560.075000   2.873369
560.076000   2.877331
560.077000   2.882950
560.078000   2.889907
560.079000   2.897796
560.080000   2.906236
560.081000   2.914868
560.082000   2.923322
560.083000   2.931233
560.084000   2.938299
560.085000   2.944343
560.086000   2.949249
560.087000   2.952809
560.088000   2.954708
560.089000   2.954712
560.090000   2.952782
560.091000   2.949058
560.092000   2.943803
560.093000   2.937387
560.094000   2.930302
560.095000   2.923162
560.096000   2.916547
560.097000   2.910772
560.098000   2.905930
560.099000   2.902118
560.100000   2.899440
560.101000   2.897942
560.102000   2.897727
560.103000   2.899067
560.104000   2.902378
560.105000   2.908058
560.106000   2.916221
560.107000   2.926574
560.108000   2.938609
560.109000   2.951820
560.110000   2.965766
560.111000   2.979969
560.112000   2.993810
560.113000   3.006677
560.114000   3.018226
560.115000   3.028379
560.116000   3.037007
560.117000   3.043674
560.118000   3.047771
560.119000   3.048790
560.120000   3.046520
560.121000   3.041146
560.122000   3.033313
560.123000   3.024074
560.124000   3.014659
560.125000   3.006089
560.126000   2.998920
560.127000   2.993344
560.128000   2.989448
560.129000   2.987326
560.130000   2.987046
560.131000   2.988602
560.132000   2.991923
560.133000   2.996925
560.134000   3.003511
560.135000   3.011455
560.136000   3.020220
560.137000   3.028929
560.138000   3.036455
560.139000   3.041645
560.140000   3.043608
560.141000   3.041887
560.142000   3.036521
560.143000   3.028007
560.144000   3.017110
560.145000   3.004500
560.146000   2.990560
560.147000   2.975607
560.148000   2.960143
560.149000   2.944881
560.150000   2.930656
560.151000   2.918354
560.152000   2.908874
560.153000   2.903036
560.154000   2.901397
560.155000   2.904084
560.156000   2.910884
560.157000   2.921472
560.158000   2.935551
560.159000   2.952875
560.160000   2.973217
560.161000   2.996238
560.162000   3.021352
560.163000   3.047736
560.164000   3.074408
560.165000   3.100216
560.166000   3.123950
560.167000   3.144560
560.168000   3.161289
560.169000   3.173698
560.170000   3.181643
560.171000   3.185270
560.172000   3.184993
560.173000   3.181378
560.174000   3.174903
560.175000   3.165852
560.176000   3.154538
560.177000   3.141530
560.178000   3.127667
560.179000   3.113943
560.180000   3.101393
560.181000   3.091003
560.182000   3.083654
560.183000   3.080044
560.184000   3.080503
560.185000   3.084852
560.186000   3.092464
560.187000   3.102436
560.188000   3.113767
560.189000   3.125500
560.190000   3.136785
560.191000   3.146895
560.192000   3.155228
560.193000   3.161220
560.194000   3.164166
560.195000   3.163167
560.196000   3.157387
560.197000   3.146323
560.198000   3.129904
560.199000   3.108471
560.200000   3.082719
560.201000   3.053649
560.202000   3.022501
560.203000   2.990590
560.204000   2.959037
560.205000   2.928580
560.206000   2.899686
560.207000   2.872795
560.208000   2.848441
560.209000   2.827176
560.210000   2.809360
560.211000   2.795154
560.212000   2.784742
560.213000   2.778408
560.214000   2.776307
560.215000   2.778250
560.216000   2.783804
560.217000   2.792464
560.218000   2.803733
560.219000   2.817135
560.220000   2.832242
560.221000   2.848740
560.222000   2.866443
560.223000   2.885101
560.224000   2.904077
560.225000   2.922272
560.226000   2.938391
560.227000   2.951219
560.228000   2.959756
560.229000   2.963300
560.230000   2.961523
560.231000   2.954532
560.232000   2.942858
560.233000   2.927282
560.234000   2.908551
560.235000   2.887318
560.236000   2.864311
560.237000   2.840444
560.238000   2.816770
560.239000   2.794383
560.240000   2.774339
560.241000   2.757609
560.242000   2.745014
560.243000   2.737063
560.244000   2.733768
560.245000   2.734697
560.246000   2.739212
560.247000   2.746581
560.248000   2.755951
560.249000   2.766366
560.250000   2.776880
560.251000   2.786713
560.252000   2.795331
560.253000   2.802341
560.254000   2.807303
560.255000   2.809744
560.256000   2.809391
560.257000   2.806329
560.258000   2.800943
560.259000   2.793695
560.260000   2.785030
560.261000   2.775514
560.262000   2.765913
560.263000   2.757019
560.264000   2.749459
560.265000   2.743719
560.266000   2.740236
560.267000   2.739413
560.268000   2.741555
560.269000   2.746832
560.270000   2.755298
560.271000   2.766955
560.272000   2.781757
560.273000   2.799441
560.274000   2.819332
560.275000   2.840439
560.276000   2.861743
560.277000   2.882365
560.278000   2.901604
560.279000   2.918935
560.280000   2.934033
560.281000   2.946801
560.282000   2.957305
560.283000   2.965618
560.284000   2.971707
560.285000   2.975471
560.286000   2.976866
560.287000   2.976013
560.288000   2.973221
560.289000   2.968958
560.290000   2.963813
560.291000   2.958414
560.292000   2.953270
560.293000   2.948582
560.294000   2.944246
560.295000   2.940088
560.296000   2.936087
560.297000   2.932345
560.298000   2.928912
560.299000   2.925866
560.300000   2.923506
560.301000   2.922312
560.302000   2.922694
560.303000   2.924759
560.304000   2.928306
560.305000   2.932954
560.306000   2.938282
560.307000   2.943919
560.308000   2.949589
560.309000   2.955083
560.310000   2.960180
560.311000   2.964615
560.312000   2.968060
560.313000   2.970057
560.314000   2.970091
560.315000   2.967760
560.316000   2.962878
560.317000   2.955508
560.318000   2.946004
560.319000   2.935034
560.320000   2.923487
560.321000   2.912161
560.322000   2.901521
560.323000   2.891719
560.324000   2.882803
560.325000   2.874861
560.326000   2.868047
560.327000   2.862550
560.328000   2.858586
560.329000   2.856437
560.330000   2.856457
560.331000   2.858945
560.332000   2.863834
560.333000   2.870566
560.334000   2.878366
560.335000   2.886548
560.336000   2.894595
560.337000   2.902108
560.338000   2.908773
560.339000   2.914412
560.340000   2.919080
560.341000   2.923040
560.342000   2.926424
560.343000   2.928924
560.344000   2.930023
560.345000   2.929429
560.346000   2.927209
560.347000   2.923703
560.348000   2.919412
560.349000   2.914947
560.350000   2.911006
560.351000   2.908310
560.352000   2.907423
560.353000   2.908557
560.354000   2.911582
560.355000   2.916195
560.356000   2.922090
560.357000   2.928994
560.358000   2.936638
560.359000   2.944771
560.360000   2.953196
560.361000   2.961768
560.362000   2.970268
560.363000   2.978307
560.364000   2.985314
560.365000   2.990501
560.366000   2.993044
560.367000   2.992366
560.368000   2.988258
560.369000   2.980857
560.370000   2.970564
560.371000   2.957922
560.372000   2.943466
560.373000   2.927678
560.374000   2.911042
560.375000   2.894011
560.376000   2.876935
560.377000   2.860126
560.378000   2.843934
560.379000   2.828775
560.380000   2.815105
560.381000   2.803321
560.382000   2.793611
560.383000   2.785965
560.384000   2.780374
560.385000   2.776880
560.386000   2.775410
560.387000   2.775731
560.388000   2.777595
560.389000   2.780861
560.390000   2.785468
560.391000   2.791310
560.392000   2.798090
560.393000   2.805371
560.394000   2.812767
560.395000   2.820027
560.396000   2.826904
560.397000   2.833046
560.398000   2.838154
560.399000   2.842186
560.400000   2.845343
560.401000   2.847832
560.402000   2.849687
560.403000   2.850856
560.404000   2.851429
560.405000   2.851752
560.406000   2.852363
560.407000   2.853760
560.408000   2.856184
560.409000   2.859628
560.410000   2.863924
560.411000   2.868692
560.412000   2.873291
560.413000   2.876984
560.414000   2.879158
560.415000   2.879463
560.416000   2.877854
560.417000   2.874519
560.418000   2.869707
560.419000   2.863614
560.420000   2.856364
560.421000   2.847977
560.422000   2.838391
560.423000   2.827602
560.424000   2.815731
560.425000   2.803016
560.426000   2.789783
560.427000   2.776455
560.428000   2.763541
560.429000   2.751545
560.430000   2.740771
560.431000   2.731150
560.432000   2.722332
560.433000   2.713973
560.434000   2.705923
560.435000   2.698270
560.436000   2.691325
560.437000   2.685610
560.438000   2.681863
560.439000   2.680965
560.440000   2.683678
560.441000   2.690277
560.442000   2.700500
560.443000   2.713862
560.444000   2.729885
560.445000   2.748121
560.446000   2.768115
560.447000   2.789397
560.448000   2.811522
560.449000   2.834083
560.450000   2.856587
560.451000   2.878248
560.452000   2.897988
560.453000   2.914615
560.454000   2.927001
560.455000   2.934296
560.456000   2.936110
560.457000   2.932595
560.458000   2.924411
560.459000   2.912576
560.460000   2.898199
560.461000   2.882253
560.462000   2.865550
560.463000   2.848862
560.464000   2.832970
560.465000   2.818600
560.466000   2.806312
560.467000   2.796466
560.468000   2.789332
560.469000   2.785170
560.470000   2.784102
560.471000   2.785857
560.472000   2.789766
560.473000   2.795010
560.474000   2.800834
560.475000   2.806626
560.476000   2.811968
560.477000   2.816658
560.478000   2.820713
560.479000   2.824289
560.480000   2.827509
560.481000   2.830319
560.482000   2.832579
560.483000   2.834242
560.484000   2.835399
560.485000   2.836234
560.486000   2.836969
560.487000   2.837838
560.488000   2.839095
560.489000   2.840975
560.490000   2.843564
560.491000   2.846672
560.492000   2.849893
560.493000   2.852782
560.494000   2.854985
560.495000   2.856294
560.496000   2.856658
560.497000   2.856187
560.498000   2.855167
560.499000   2.854010
560.500000   2.853090
560.501000   2.852599
560.502000   2.852600
560.503000   2.853107
560.504000   2.854049
560.505000   2.855266
560.506000   2.856570
560.507000   2.857811
560.508000   2.858903
560.509000   2.859782
560.510000   2.860266
560.511000   2.859954
560.511000   2.859954
560.512000   2.858352
560.513000   2.855097
560.514000   2.850039
560.515000   2.843182
560.516000   2.834623
560.517000   2.824606
560.518000   2.813629
560.519000   2.802398
560.520000   2.791569
560.521000   2.781533
560.522000   2.772511
560.523000   2.764761
560.524000   2.758656
560.525000   2.754666
560.526000   2.753281
560.527000   2.754932
560.528000   2.759944
560.529000   2.768486
560.530000   2.780416
560.531000   2.795213
560.532000   2.812118
560.533000   2.830296
560.534000   2.848908
560.535000   2.867138
560.536000   2.884249
560.537000   2.899678
560.538000   2.913090
560.539000   2.924262
560.540000   2.932822
560.541000   2.938204
560.542000   2.939921
560.543000   2.937803
560.544000   2.932034
560.545000   2.923088
560.546000   2.911672
560.547000   2.898668
560.548000   2.885056
560.549000   2.871750
560.550000   2.859410
560.551000   2.848432
560.552000   2.839069
560.553000   2.831474
560.554000   2.825696
560.555000   2.821727
560.556000   2.819598
560.557000   2.819428
560.558000   2.821342
560.559000   2.825243
560.560000   2.830582
560.561000   2.836464
560.562000   2.842012
560.563000   2.846617
560.564000   2.849972
560.565000   2.852012
560.566000   2.852887
560.567000   2.852938
560.568000   2.852574
560.569000   2.852043
560.570000   2.851360
560.571000   2.850492
560.572000   2.849510
560.573000   2.848598
560.574000   2.847997
560.575000   2.847961
560.576000   2.848723
560.577000   2.850460
560.578000   2.853185
560.579000   2.856648
560.580000   2.860392
560.581000   2.863944
560.582000   2.866908
560.583000   2.868964
560.584000   2.869846
560.585000   2.869391
560.586000   2.867612
560.587000   2.864708
560.588000   2.860901
560.589000   2.856196
560.590000   2.850412
560.591000   2.843402
560.592000   2.835166
560.593000   2.825847
560.594000   2.815699
560.595000   2.805079
560.596000   2.794422
560.597000   2.784141
560.598000   2.774465
560.599000   2.765389
560.600000   2.756847
560.601000   2.748882
560.602000   2.741612
560.603000   2.735125
560.604000   2.729497
560.605000   2.724919
560.606000   2.721773
560.607000   2.720534
560.608000   2.721513
560.609000   2.724689
560.610000   2.729784
560.611000   2.736442
560.612000   2.744316
560.613000   2.753125
560.614000   2.762703
560.615000   2.773035
560.616000   2.784225
560.617000   2.796324
560.618000   2.809113
560.619000   2.822115
560.620000   2.834816
560.621000   2.846814
560.622000   2.857856
560.623000   2.867848
560.624000   2.876861
560.625000   2.885120
560.626000   2.892886
560.627000   2.900262
560.628000   2.907044
560.629000   2.912802
560.630000   2.917071
560.631000   2.919484
560.632000   2.919827
560.633000   2.918064
560.634000   2.914375
560.635000   2.909151
560.636000   2.902895
560.637000   2.895978
560.638000   2.888509
560.639000   2.880465
560.640000   2.871879
560.641000   2.862936
560.642000   2.853974
560.643000   2.845467
560.644000   2.837999
560.645000   2.832180
560.646000   2.828440
560.647000   2.826818
560.648000   2.827044
560.649000   2.828791
560.650000   2.831807
560.651000   2.835944
560.652000   2.841155
560.653000   2.847492
560.654000   2.855070
560.655000   2.863941
560.656000   2.873889
560.657000   2.884356
560.658000   2.894665
560.659000   2.904292
560.660000   2.912978
560.661000   2.920675
560.662000   2.927442
560.663000   2.933412
560.664000   2.938821
560.665000   2.943901
560.666000   2.948679
560.667000   2.953001
560.668000   2.956768
560.669000   2.960071
560.670000   2.963154
560.671000   2.966283
560.672000   2.969653
560.673000   2.973412
560.674000   2.977740
560.675000   2.982792
560.676000   2.988530
560.677000   2.994700
560.678000   3.000952
560.679000   3.006923
560.680000   3.012252
560.681000   3.016620
560.682000   3.019813
560.683000   3.021801
560.684000   3.022726
560.685000   3.022707
560.686000   3.021631
560.687000   3.019237
560.688000   3.015364
560.689000   3.010048
560.690000   3.003487
560.691000   2.995983
560.692000   2.987940
560.693000   2.979866
560.694000   2.972349
560.695000   2.965911
560.696000   2.960874
560.697000   2.957412
560.698000   2.955657
560.699000   2.955711
560.700000   2.957631
560.701000   2.961447
560.702000   2.967198
560.703000   2.974953
560.704000   2.984749
560.705000   2.996409
560.706000   3.009428
560.707000   3.023094
560.708000   3.036684
560.709000   3.049545
560.710000   3.061101
560.711000   3.070920
560.712000   3.078824
560.713000   3.084914
560.714000   3.089423
560.715000   3.092437
560.716000   3.093819
560.717000   3.093404
560.718000   3.091215
560.719000   3.087510
560.720000   3.082758
560.721000   3.077575
560.722000   3.072660
560.723000   3.068726
560.724000   3.066382
560.725000   3.065979
560.726000   3.067565
560.727000   3.070999
560.728000   3.076055
560.729000   3.082466
560.730000   3.089951
560.731000   3.098267
560.732000   3.107280
560.733000   3.116964
560.734000   3.127244
560.735000   3.137748
560.736000   3.147799
560.737000   3.156676
560.738000   3.163848
560.739000   3.169036
560.740000   3.172191
560.741000   3.173449
560.742000   3.173080
560.743000   3.171397
560.744000   3.168640
560.745000   3.164878
560.746000   3.160078
560.747000   3.154215
560.748000   3.147311
560.749000   3.139398
560.750000   3.130512
560.751000   3.120723
560.752000   3.110185
560.753000   3.099157
560.754000   3.087935
560.755000   3.076758
560.756000   3.065836
560.757000   3.055465
560.758000   3.046056
560.759000   3.038039
560.760000   3.031759
560.761000   3.027450
560.762000   3.025270
560.763000   3.025286
560.764000   3.027344
560.765000   3.030987
560.766000   3.035601
560.767000   3.040639
560.768000   3.045728
560.769000   3.050661
560.770000   3.055316
560.771000   3.059570
560.772000   3.063276
560.773000   3.066273
560.774000   3.068341
560.775000   3.069177
560.776000   3.068466
560.777000   3.065971
560.778000   3.061602
560.779000   3.055457
560.780000   3.047809
560.781000   3.039057
560.782000   3.029639
560.783000   3.019904
560.784000   3.009982
560.785000   2.999823
560.786000   2.989392
560.787000   2.978817
560.788000   2.968405
560.789000   2.958617
560.790000   2.950027
560.791000   2.943268
560.792000   2.938897
560.793000   2.937208
560.794000   2.938121
560.795000   2.941284
560.796000   2.946216
560.797000   2.952379
560.798000   2.959192
560.799000   2.966064
560.800000   2.972461
560.801000   2.977987
560.802000   2.982431
560.803000   2.985693
560.804000   2.987646
560.805000   2.988053
560.806000   2.986640
560.807000   2.983244
560.808000   2.977905
560.809000   2.970873
560.810000   2.962577
560.811000   2.953585
560.812000   2.944534
560.813000   2.936022
560.814000   2.928480
560.815000   2.922129
560.816000   2.916999
560.817000   2.912994
560.818000   2.909989
560.819000   2.907902
560.820000   2.906719
560.821000   2.906490
560.822000   2.907288
560.823000   2.909121
560.824000   2.911876
560.825000   2.915379
560.826000   2.919462
560.827000   2.923939
560.828000   2.928575
560.829000   2.933129
560.830000   2.937392
560.831000   2.941194
560.832000   2.944378
560.833000   2.946750
560.834000   2.948094
560.835000   2.948271
560.836000   2.947302
560.837000   2.945342
560.838000   2.942534
560.839000   2.938917
560.840000   2.934475
560.841000   2.929259
560.842000   2.923431
560.843000   2.917222
560.844000   2.910864
560.845000   2.904592
560.846000   2.898671
560.847000   2.893414
560.848000   2.889130
560.849000   2.886048
560.850000   2.884276
560.851000   2.883856
560.852000   2.884804
560.853000   2.887039
560.854000   2.890310
560.855000   2.894264
560.856000   2.898572
560.857000   2.903007
560.858000   2.907475
560.859000   2.912001
560.860000   2.916678
560.861000   2.921589
560.862000   2.926747
560.863000   2.932035
560.864000   2.937210
560.865000   2.941950
560.866000   2.945900
560.867000   2.948689
560.868000   2.949973
560.869000   2.949499
560.870000   2.947195
560.871000   2.943218
560.872000   2.937912
560.873000   2.931646
560.874000   2.924669
560.875000   2.917106
560.876000   2.909068
560.877000   2.900737
560.878000   2.892387
560.879000   2.884360
560.880000   2.877021
560.881000   2.870722
560.882000   2.865743
560.883000   2.862220
560.884000   2.860107
560.885000   2.859203
560.886000   2.859193
560.887000   2.859657
560.888000   2.860146
560.889000   2.860297
560.890000   2.859923
560.891000   2.859022
560.892000   2.857711
560.893000   2.856122
560.894000   2.854358
560.895000   2.852566
560.896000   2.851011
560.897000   2.850010
560.898000   2.849791
560.899000   2.850472
560.900000   2.852150
560.901000   2.854966
560.902000   2.859076
560.903000   2.864540
560.904000   2.871254
560.905000   2.878975
560.906000   2.887410
560.907000   2.896289
560.908000   2.905421
560.909000   2.914694
560.910000   2.924020
560.911000   2.933259
560.912000   2.942181
560.913000   2.950454
560.914000   2.957661
560.915000   2.963360
560.916000   2.967158
560.917000   2.968762
560.918000   2.968006
560.919000   2.964890
560.920000   2.959616
560.921000   2.952589
560.922000   2.944326
560.923000   2.935268
560.924000   2.925676
560.925000   2.915720
560.926000   2.905636
560.927000   2.895803
560.928000   2.886733
560.929000   2.879031
560.930000   2.873344
560.931000   2.870287
560.932000   2.870357
560.933000   2.873821
560.934000   2.880657
560.935000   2.890500
560.936000   2.902669
560.937000   2.916354
560.938000   2.930825
560.939000   2.945530
560.940000   2.960104
560.941000   2.974321
560.942000   2.987982
560.943000   3.000817
560.944000   3.012484
560.945000   3.022640
560.946000   3.030994
560.947000   3.037344
560.948000   3.041642
560.949000   3.044039
560.950000   3.044864
560.951000   3.044544
560.952000   3.043482
560.953000   3.041974
560.954000   3.040242
560.955000   3.038530
560.956000   3.037160
560.957000   3.036513
560.958000   3.036945
560.959000   3.038721
560.960000   3.042009
560.961000   3.046882
560.962000   3.053270
560.963000   3.060918
560.964000   3.069452
560.965000   3.078501
560.966000   3.087782
560.967000   3.097108
560.968000   3.106360
560.969000   3.115454
560.970000   3.124301
560.971000   3.132746
560.972000   3.140499
560.973000   3.147125
560.974000   3.152112
560.975000   3.154963
560.976000   3.155255
560.977000   3.152672
560.978000   3.147027
560.979000   3.138278
560.980000   3.126533
560.981000   3.112021
560.982000   3.095059
560.983000   3.076052
560.984000   3.055514
560.985000   3.034038
560.986000   3.012280
560.987000   2.991019
560.988000   2.971206
560.989000   2.953902
560.990000   2.940140
560.991000   2.930755
560.992000   2.926218
560.993000   2.926572
560.994000   2.931505
560.995000   2.940477
560.996000   2.952847
560.997000   2.967967
560.998000   2.985211
560.999000   3.003944
561.000000   3.023434
561.001000   3.042806
561.002000   3.061021
561.003000   3.076932
561.004000   3.089420
561.005000   3.097527
561.006000   3.100561
561.007000   3.098154
561.008000   3.090310
561.009000   3.077396
561.010000   3.060099
561.011000   3.039302
561.011000   3.039302
561.012000   3.015948
561.013000   2.990930
561.014000   2.965058
561.015000   2.939072
561.016000   2.913656
561.017000   2.889456
561.018000   2.867084
561.019000   2.847098
561.020000   2.829927
561.021000   2.815798
561.022000   2.804716
561.023000   2.796511
561.024000   2.790917
561.025000   2.787611
561.026000   2.786254
561.027000   2.786529
561.028000   2.788191
561.029000   2.791080
561.030000   2.795060
561.031000   2.799921
561.032000   2.805347
561.033000   2.810942
561.034000   2.816277
561.035000   2.820914
561.036000   2.824440
561.037000   2.826482
561.038000   2.826703
561.039000   2.824777
561.040000   2.820359
561.041000   2.813118
561.042000   2.802822
561.043000   2.789436
561.044000   2.773179
561.045000   2.754550
561.046000   2.734307
561.047000   2.713399
561.048000   2.692836
561.049000   2.673516
561.050000   2.656116
561.051000   2.641102
561.052000   2.628822
561.053000   2.619579
561.054000   2.613640
561.055000   2.611193
561.056000   2.612305
561.057000   2.616885
561.058000   2.624636
561.059000   2.635016
561.060000   2.647231
561.061000   2.660328
561.062000   2.673322
561.063000   2.685329
561.064000   2.695658
561.065000   2.703863
561.066000   2.709762
561.067000   2.713406
561.068000   2.714996
561.069000   2.714773
561.070000   2.712941
561.071000   2.709680
561.072000   2.705235
561.073000   2.699977
561.074000   2.694413
561.075000   2.689145
561.076000   2.684810
561.077000   2.682026
561.078000   2.681325
561.079000   2.683074
561.080000   2.687419
561.081000   2.694277
561.082000   2.703381
561.083000   2.714336
561.084000   2.726677
561.085000   2.739915
561.086000   2.753560
561.087000   2.767117
561.088000   2.780045
561.089000   2.791714
561.090000   2.801417
561.091000   2.808463
561.092000   2.812313
561.093000   2.812707
561.094000   2.809723
561.095000   2.803721
561.096000   2.795162
561.097000   2.784478
561.098000   2.772114
561.099000   2.758579
561.100000   2.744428
561.101000   2.730210
561.102000   2.716457
561.103000   2.703671
561.104000   2.692327
561.105000   2.682862
561.106000   2.675682
561.107000   2.671152
561.108000   2.669523
561.109000   2.670790
561.110000   2.674649
561.111000   2.680603
561.112000   2.688070
561.113000   2.696455
561.114000   2.705199
561.115000   2.713843
561.116000   2.722090
561.117000   2.729874
561.118000   2.737362
561.119000   2.744791
561.120000   2.752109
561.121000   2.758885
561.122000   2.764653
561.123000   2.769198
561.124000   2.772586
561.125000   2.775112
561.126000   2.777211
561.127000   2.779375
561.128000   2.782071
561.129000   2.785677
561.130000   2.790449
561.131000   2.796502
561.132000   2.803796
561.133000   2.812151
561.134000   2.821313
561.135000   2.831031
561.136000   2.841070
561.137000   2.851185
561.138000   2.861077
561.139000   2.870368
561.140000   2.878643
561.141000   2.885547
561.142000   2.890892
561.143000   2.894676
561.144000   2.896999
561.145000   2.897931
561.146000   2.897508
561.147000   2.895820
561.148000   2.893038
561.149000   2.889356
561.150000   2.884927
561.151000   2.879837
561.152000   2.874124
561.153000   2.867816
561.154000   2.860985
561.155000   2.853814
561.156000   2.846630
561.157000   2.839824
561.158000   2.833645
561.159000   2.828092
561.160000   2.823031
561.161000   2.818372
561.162000   2.814186
561.163000   2.810721
561.164000   2.808396
561.165000   2.807773
561.166000   2.809488
561.167000   2.814134
561.168000   2.822076
561.169000   2.833331
561.170000   2.847596
561.171000   2.864386
561.172000   2.883114
561.173000   2.903091
561.174000   2.923496
561.175000   2.943370
561.176000   2.961641
561.177000   2.977197
561.178000   2.989003
561.179000   2.996236
561.180000   2.998425
561.181000   2.995492
561.182000   2.987703
561.183000   2.975594
561.184000   2.959966
561.185000   2.941882
561.186000   2.922587
561.187000   2.903359
561.188000   2.885330
561.189000   2.869382
561.190000   2.856115
561.191000   2.845903
561.192000   2.838948
561.193000   2.835321
561.194000   2.834984
561.195000   2.837791
561.196000   2.843469
561.197000   2.851572
561.198000   2.861460
561.199000   2.872341
561.200000   2.883374
561.201000   2.893765
561.202000   2.902852
561.203000   2.910135
561.204000   2.915298
561.205000   2.918211
561.206000   2.918925
561.207000   2.917675
561.208000   2.914851
561.209000   2.910851
561.210000   2.905887
561.211000   2.900014
561.212000   2.893362
561.213000   2.886268
561.214000   2.879227
561.215000   2.872778
561.216000   2.867397
561.217000   2.863420
561.218000   2.861003
561.219000   2.860148
561.220000   2.860777
561.221000   2.862799
561.222000   2.866037
561.223000   2.870167
561.224000   2.874878
561.225000   2.879992
561.226000   2.885423
561.227000   2.891054
561.228000   2.896658
561.229000   2.901886
561.230000   2.906354
561.231000   2.909765
561.232000   2.912048
561.233000   2.913390
561.234000   2.914014
561.235000   2.913891
561.236000   2.912853
561.237000   2.910874
561.238000   2.908116
561.239000   2.904839
561.240000   2.901306
561.241000   2.897730
561.242000   2.894279
561.243000   2.891132
561.244000   2.888569
561.245000   2.886960
561.246000   2.886585
561.247000   2.887412
561.248000   2.889148
561.249000   2.891417
561.250000   2.893863
561.251000   2.896166
561.252000   2.898064
561.253000   2.899391
561.254000   2.900120
561.255000   2.900395
561.256000   2.900497
561.257000   2.900702
561.258000   2.901080
561.259000   2.901470
561.260000   2.901675
561.261000   2.901619
561.262000   2.901371
561.263000   2.901082
561.264000   2.900927
561.265000   2.901062
561.266000   2.901606
561.267000   2.902630
561.268000   2.904103
561.269000   2.905814
561.270000   2.907324
561.271000   2.908055
561.272000   2.907488
561.273000   2.905316
561.274000   2.901507
561.275000   2.896309
561.276000   2.890208
561.277000   2.883846
561.278000   2.877919
561.279000   2.873032
561.280000   2.869585
561.281000   2.867778
561.282000   2.867736
561.283000   2.869588
561.284000   2.873452
561.285000   2.879381
561.286000   2.887302
561.287000   2.896980
561.288000   2.908009
561.289000   2.919830
561.290000   2.931759
561.291000   2.942975
561.292000   2.952524
561.293000   2.959438
561.294000   2.962930
561.295000   2.962545
561.296000   2.958195
561.297000   2.950131
561.298000   2.938875
561.299000   2.925150
561.300000   2.909817
561.301000   2.893806
561.302000   2.878001
561.303000   2.863160
561.304000   2.849904
561.305000   2.838736
561.306000   2.830052
561.307000   2.824107
561.308000   2.820978
561.309000   2.820522
561.310000   2.822384
561.311000   2.826059
561.312000   2.830977
561.313000   2.836584
561.314000   2.842339
561.315000   2.847671
561.316000   2.852002
561.317000   2.854812
561.318000   2.855695
561.319000   2.854371
561.320000   2.850717
561.321000   2.844789
561.322000   2.836836
561.323000   2.827252
561.324000   2.816493
561.325000   2.805015
561.326000   2.793260
561.327000   2.781661
561.328000   2.770601
561.329000   2.760387
561.330000   2.751254
561.331000   2.743404
561.332000   2.737036
561.333000   2.732367
561.334000   2.729625
561.335000   2.729008
561.336000   2.730601
561.337000   2.734279
561.338000   2.739687
561.339000   2.746314
561.340000   2.753616
561.341000   2.761106
561.342000   2.768401
561.343000   2.775228
561.344000   2.781415
561.345000   2.786861
561.346000   2.791501
561.347000   2.795250
561.348000   2.797948
561.349000   2.799350
561.350000   2.799181
561.351000   2.797205
561.352000   2.793280
561.353000   2.787381
561.354000   2.779626
561.355000   2.770314
561.356000   2.759930
561.357000   2.749101
561.358000   2.738444
561.359000   2.728436
561.360000   2.719427
561.361000   2.711734
561.362000   2.705712
561.363000   2.701734
561.364000   2.700150
561.365000   2.701234
561.366000   2.705144
561.367000   2.711848
561.368000   2.721069
561.369000   2.732253
561.370000   2.744636
561.371000   2.757364
561.372000   2.769589
561.373000   2.780509
561.374000   2.789384
561.375000   2.795555
561.376000   2.798475
561.377000   2.797725
561.378000   2.793031
561.379000   2.784326
561.380000   2.771836
561.381000   2.756101
561.382000   2.737850
561.383000   2.717811
561.384000   2.696641
561.385000   2.674963
561.386000   2.653405
561.387000   2.632562
561.388000   2.612906
561.389000   2.594752
561.390000   2.578320
561.391000   2.563832
561.392000   2.551562
561.393000   2.541820
561.394000   2.534926
561.395000   2.531181
561.396000   2.530845
561.397000   2.534036
561.398000   2.540600
561.399000   2.550122
561.400000   2.562097
561.401000   2.576083
561.402000   2.591754
561.403000   2.608893
561.404000   2.627354
561.405000   2.647003
561.406000   2.667624
561.407000   2.688800
561.408000   2.709868
561.409000   2.730007
561.410000   2.748395
561.411000   2.764337
561.412000   2.777341
561.413000   2.787154
561.414000   2.793773
561.415000   2.797426
561.416000   2.798524
561.417000   2.797539
561.418000   2.794874
561.419000   2.790832
561.420000   2.785697
561.421000   2.779834
561.422000   2.773731
561.423000   2.767995
561.424000   2.763308
561.425000   2.760330
561.426000   2.759556
561.427000   2.761167
561.428000   2.765007
561.429000   2.770717
561.430000   2.777905
561.431000   2.786246
561.432000   2.795483
561.433000   2.805389
561.434000   2.815745
561.435000   2.826323
561.436000   2.836849
561.437000   2.846970
561.438000   2.856293
561.439000   2.864467
561.440000   2.871230
561.441000   2.876433
561.442000   2.880053
561.443000   2.882201
561.444000   2.883114
561.445000   2.883087
561.446000   2.882364
561.447000   2.881072
561.448000   2.879267
561.449000   2.877022
561.450000   2.874496
561.451000   2.871929
561.452000   2.869636
561.453000   2.867990
561.454000   2.867399
561.455000   2.868247
561.456000   2.870811
561.457000   2.875198
561.458000   2.881284
561.459000   2.888722
561.460000   2.897035
561.461000   2.905728
561.462000   2.914333
561.463000   2.922442
561.464000   2.929711
561.465000   2.935832
561.466000   2.940474
561.467000   2.943283
561.468000   2.943990
561.469000   2.942477
561.470000   2.938717
561.471000   2.932699
561.472000   2.924485
561.473000   2.914336
561.474000   2.902736
561.475000   2.890293
561.476000   2.877634
561.477000   2.865364
561.478000   2.854107
561.479000   2.844509
561.480000   2.837188
561.481000   2.832664
561.482000   2.831311
561.483000   2.833371
561.484000   2.838958
561.485000   2.848008
561.486000   2.860193
561.487000   2.874904
561.488000   2.891336
561.489000   2.908605
561.490000   2.925856
561.491000   2.942364
561.492000   2.957608
561.493000   2.971293
561.494000   2.983270
561.495000   2.993380
561.496000   3.001375
561.497000   3.007023
561.498000   3.010253
561.499000   3.011231
561.500000   3.010326
561.501000   3.008055
561.502000   3.005029
561.503000   3.001909
561.504000   2.999331
561.505000   2.997790
561.506000   2.997527
561.507000   2.998491
561.508000   3.000405
561.509000   3.002888
561.510000   3.005556
561.511000   3.008096
561.511000   3.008096
561.512000   3.010294
561.513000   3.012046
561.514000   3.013305
561.515000   3.014006
561.516000   3.014040
561.517000   3.013311
561.518000   3.011759
561.519000   3.009287
561.520000   3.005796
561.521000   3.001310
561.522000   2.996026
561.523000   2.990237
561.524000   2.984182
561.525000   2.977939
561.526000   2.971444
561.527000   2.964638
561.528000   2.957610
561.529000   2.950639
561.530000   2.944101
561.531000   2.938338
561.532000   2.933611
561.533000   2.930136
561.534000   2.928084
561.535000   2.927535
561.536000   2.928478
561.537000   2.930891
561.538000   2.934852
561.539000   2.940585
561.540000   2.948424
561.541000   2.958649
561.542000   2.971322
561.543000   2.986256
561.544000   3.003031
561.545000   3.020983
561.546000   3.039245
561.547000   3.056867
561.548000   3.072938
561.549000   3.086682
561.550000   3.097511
561.551000   3.105028
561.552000   3.108966
561.553000   3.109115
561.554000   3.105312
561.555000   3.097468
561.556000   3.085640
561.557000   3.070101
561.558000   3.051372
561.559000   3.030191
561.560000   3.007454
561.561000   2.984136
561.562000   2.961145
561.563000   2.939156
561.564000   2.918524
561.565000   2.899344
561.566000   2.881593
561.567000   2.865249
561.568000   2.850348
561.569000   2.836974
561.570000   2.825247
561.571000   2.815314
561.572000   2.807320
561.573000   2.801347
561.574000   2.797307
561.575000   2.794865
561.576000   2.793512
561.577000   2.792724
561.578000   2.792084
561.579000   2.791323
561.580000   2.790352
561.581000   2.789264
561.582000   2.788298
561.583000   2.787701
561.584000   2.787550
561.585000   2.787693
561.586000   2.787903
561.587000   2.788039
561.588000   2.788118
561.589000   2.788308
561.590000   2.788914
561.591000   2.790336
561.592000   2.792988
561.593000   2.797176
561.594000   2.802947
561.595000   2.809988
561.596000   2.817718
561.597000   2.825519
561.598000   2.832926
561.599000   2.839683
561.600000   2.845740
561.601000   2.851237
561.602000   2.856489
561.603000   2.861907
561.604000   2.867750
561.605000   2.873818
561.606000   2.879486
561.607000   2.884110
561.608000   2.887298
561.609000   2.888949
561.610000   2.889200
561.611000   2.888371
561.612000   2.886894
561.613000   2.885207
561.614000   2.883561
561.615000   2.881893
561.616000   2.879907
561.617000   2.877298
561.618000   2.873887
561.619000   2.869628
561.620000   2.864582
561.621000   2.858908
561.622000   2.852914
561.623000   2.847070
561.624000   2.841836
561.625000   2.837289
561.626000   2.833083
561.627000   2.828825
561.628000   2.824345
561.629000   2.819737
561.630000   2.815329
561.631000   2.811647
561.632000   2.809345
561.633000   2.808956
561.634000   2.810567
561.635000   2.813898
561.636000   2.818618
561.637000   2.824458
561.638000   2.831142
561.639000   2.838345
561.640000   2.845739
561.641000   2.853062
561.642000   2.860098
561.643000   2.866475
561.644000   2.871531
561.645000   2.874483
561.646000   2.874694
561.647000   2.871790
561.648000   2.865692
561.649000   2.856643
561.650000   2.845232
561.651000   2.832360
561.652000   2.819001
561.653000   2.805826
561.654000   2.793138
561.655000   2.781151
561.656000   2.770124
561.657000   2.760329
561.658000   2.751998
561.659000   2.745334
561.660000   2.740564
561.661000   2.737957
561.662000   2.737709
561.663000   2.739679
561.664000   2.743332
561.665000   2.747996
561.666000   2.753086
561.667000   2.758164
561.668000   2.762953
561.669000   2.767379
561.670000   2.771622
561.671000   2.776111
561.672000   2.781336
561.673000   2.787444
561.674000   2.794142
561.675000   2.801046
561.676000   2.807938
561.677000   2.814775
561.678000   2.821612
561.679000   2.828539
561.680000   2.835698
561.681000   2.843308
561.682000   2.851559
561.683000   2.860339
561.684000   2.869160
561.685000   2.877422
561.686000   2.884632
561.687000   2.890478
561.688000   2.894824
561.689000   2.897662
561.690000   2.899034
561.691000   2.899025
561.692000   2.897770
561.693000   2.895261
561.694000   2.891240
561.695000   2.885433
561.696000   2.877763
561.697000   2.868372
561.698000   2.857575
561.699000   2.845823
561.700000   2.833697
561.701000   2.821853
561.702000   2.810805
561.703000   2.800659
561.704000   2.791185
561.705000   2.782154
561.706000   2.773506
561.707000   2.765327
561.708000   2.757765
561.709000   2.751004
561.710000   2.745317
561.711000   2.741145
561.712000   2.738979
561.713000   2.738973
561.714000   2.740775
561.715000   2.743829
561.716000   2.747694
561.717000   2.752106
561.718000   2.756927
561.719000   2.762097
561.720000   2.767656
561.721000   2.773748
561.722000   2.780455
561.723000   2.787523
561.724000   2.794392
561.725000   2.800455
561.726000   2.805188
561.727000   2.808193
561.728000   2.809252
561.729000   2.808361
561.730000   2.805760
561.731000   2.801924
561.732000   2.797422
561.733000   2.792631
561.734000   2.787646
561.735000   2.782510
561.736000   2.777310
561.737000   2.772077
561.738000   2.766781
561.739000   2.761468
561.740000   2.756376
561.741000   2.751943
561.742000   2.748557
561.743000   2.746112
561.744000   2.744010
561.745000   2.741641
561.746000   2.738700
561.747000   2.735202
561.748000   2.731353
561.749000   2.727436
561.750000   2.723873
561.751000   2.721227
561.752000   2.719902
561.753000   2.719793
561.754000   2.720461
561.755000   2.721512
561.756000   2.722775
561.757000   2.724307
561.758000   2.726365
561.759000   2.729282
561.760000   2.733312
561.761000   2.738538
561.762000   2.744746
561.763000   2.751356
561.764000   2.757706
561.765000   2.763345
561.766000   2.768099
561.767000   2.772051
561.768000   2.775535
561.769000   2.779132
561.770000   2.783589
561.771000   2.789453
561.772000   2.796610
561.773000   2.804370
561.774000   2.812012
561.775000   2.819045
561.776000   2.825197
561.777000   2.830347
561.778000   2.834506
561.779000   2.837877
561.780000   2.840854
561.781000   2.843747
561.782000   2.846365
561.783000   2.848123
561.784000   2.848483
561.785000   2.847174
561.786000   2.844206
561.787000   2.839806
561.788000   2.834378
561.789000   2.828474
561.790000   2.822688
561.791000   2.817399
561.792000   2.812621
561.793000   2.808222
561.794000   2.804147
561.795000   2.800436
561.796000   2.797197
561.797000   2.794603
561.798000   2.792922
561.799000   2.792558
561.800000   2.793980
561.801000   2.797403
561.802000   2.802459
561.803000   2.808412
561.804000   2.814605
561.805000   2.820661
561.806000   2.826460
561.807000   2.832085
561.808000   2.837818
561.809000   2.844149
561.810000   2.851638
561.811000   2.860578
561.812000   2.870796
561.813000   2.881858
561.814000   2.893320
561.815000   2.904773
561.816000   2.915832
561.817000   2.926127
561.818000   2.935322
561.819000   2.943154
561.820000   2.949440
561.821000   2.953901
561.822000   2.955895
561.823000   2.954534
561.824000   2.949090
561.825000   2.939274
561.826000   2.925299
561.827000   2.907843
561.828000   2.887982
561.829000   2.867111
561.830000   2.846734
561.831000   2.828068
561.832000   2.811703
561.833000   2.797778
561.834000   2.786328
561.835000   2.777414
561.836000   2.771105
561.837000   2.767446
561.838000   2.766458
561.839000   2.768133
561.840000   2.772395
561.841000   2.778938
561.842000   2.787108
561.843000   2.796063
561.844000   2.805033
561.845000   2.813414
561.846000   2.820737
561.847000   2.826661
561.848000   2.831037
561.849000   2.834007
561.850000   2.836006
561.851000   2.837492
561.852000   2.838597
561.853000   2.839178
561.854000   2.839127
561.855000   2.838506
561.856000   2.837530
561.857000   2.836513
561.858000   2.835824
561.859000   2.835849
561.860000   2.836849
561.861000   2.838740
561.862000   2.841154
561.863000   2.843751
561.864000   2.846379
561.865000   2.849053
561.866000   2.851902
561.867000   2.855108
561.868000   2.858855
561.869000   2.863275
561.870000   2.868346
561.871000   2.873730
561.872000   2.878814
561.873000   2.882980
561.874000   2.885758
561.875000   2.886855
561.876000   2.886158
561.877000   2.883778
561.878000   2.880105
561.879000   2.875723
561.880000   2.871069
561.881000   2.866154
561.882000   2.860816
561.883000   2.855082
561.884000   2.849227
561.885000   2.843683
561.886000   2.838972
561.887000   2.835694
561.888000   2.834534
561.889000   2.836184
561.890000   2.841145
561.891000   2.849558
561.892000   2.861268
561.893000   2.875954
561.894000   2.893161
561.895000   2.912323
561.896000   2.932796
561.897000   2.953914
561.898000   2.975062
561.899000   2.995681
561.900000   3.015096
561.901000   3.032317
561.902000   3.046212
561.903000   3.055887
561.904000   3.060862
561.905000   3.061045
561.906000   3.056715
561.907000   3.048547
561.908000   3.037591
561.909000   3.025095
561.910000   3.012186
561.911000   2.999703
561.912000   2.988326
561.913000   2.978753
561.914000   2.971658
561.915000   2.967482
561.916000   2.966293
561.917000   2.967868
561.918000   2.971891
561.919000   2.978021
561.920000   2.985747
561.921000   2.994267
561.922000   3.002623
561.923000   3.009974
561.924000   3.015749
561.925000   3.019633
561.926000   3.021503
561.927000   3.021464
561.928000   3.019907
561.929000   3.017349
561.930000   3.014099
561.931000   3.010150
561.932000   3.005406
561.933000   2.999930
561.934000   2.994008
561.935000   2.988099
561.936000   2.982681
561.937000   2.978068
561.938000   2.974430
561.939000   2.971898
561.940000   2.970464
561.941000   2.969872
561.942000   2.969773
561.943000   2.969945
561.944000   2.970373
561.945000   2.971233
561.946000   2.972821
561.947000   2.975479
561.948000   2.979540
561.949000   2.985232
561.950000   2.992442
561.951000   3.000531
561.952000   3.008498
561.953000   3.015294
561.954000   3.019984
561.955000   3.021824
561.956000   3.020310
561.957000   3.015238
561.958000   3.006735
561.959000   2.995203
561.960000   2.981124
561.961000   2.964893
561.962000   2.946867
561.963000   2.927435
561.964000   2.907031
561.965000   2.886159
561.966000   2.865428
561.967000   2.845542
561.968000   2.827260
561.969000   2.811305
561.970000   2.798184
561.971000   2.788038
561.972000   2.780691
561.973000   2.775830
561.974000   2.773123
561.975000   2.772266
561.976000   2.772996
561.977000   2.775129
561.978000   2.778628
561.979000   2.783521
561.980000   2.789694
561.981000   2.796907
561.982000   2.805025
561.983000   2.814141
561.984000   2.824541
561.985000   2.836598
561.986000   2.850665
561.987000   2.866965
561.988000   2.885516
561.989000   2.906054
561.990000   2.927964
561.991000   2.950321
561.992000   2.972036
561.993000   2.992003
561.994000   3.009200
561.995000   3.022787
561.996000   3.032201
561.997000   3.037255
561.998000   3.038129
561.999000   3.035155
562.000000   3.028592
562.001000   3.018698
562.002000   3.005944
562.003000   2.991105
562.004000   2.975247
562.005000   2.959659
562.006000   2.945725
562.007000   2.934750
562.008000   2.927706
562.009000   2.924991
562.010000   2.926407
562.011000   2.931388
562.011000   2.931388
562.012000   2.939228
562.013000   2.949183
562.014000   2.960517
562.015000   2.972503
562.016000   2.984451
562.017000   2.995724
562.018000   3.005672
562.019000   3.013530
562.020000   3.018541
562.021000   3.020212
562.022000   3.018470
562.023000   3.013652
562.024000   3.006434
562.025000   2.997731
562.026000   2.988594
562.027000   2.980083
562.028000   2.973053
562.029000   2.967999
562.030000   2.965115
562.031000   2.964426
562.032000   2.965844
562.033000   2.969184
562.034000   2.974174
562.035000   2.980490
562.036000   2.987788
562.037000   2.995674
562.038000   3.003561
562.039000   3.010600
562.040000   3.015845
562.041000   3.018506
562.042000   3.018102
562.043000   3.014507
562.044000   3.007940
562.045000   2.998936
562.046000   2.988254
562.047000   2.976683
562.048000   2.964796
562.049000   2.952866
562.050000   2.941011
562.051000   2.929320
562.052000   2.917892
562.053000   2.906796
562.054000   2.896028
562.055000   2.885498
562.056000   2.875085
562.057000   2.864652
562.058000   2.853973
562.059000   2.842734
562.060000   2.830663
562.061000   2.817681
562.062000   2.803962
562.063000   2.789932
562.064000   2.776230
562.065000   2.763608
562.066000   2.752812
562.067000   2.744434
562.068000   2.738791
562.069000   2.735934
562.070000   2.735736
562.071000   2.737962
562.072000   2.742276
562.073000   2.748250
562.074000   2.755376
562.075000   2.763102
562.076000   2.770862
562.077000   2.778064
562.078000   2.784066
562.079000   2.788238
562.080000   2.790109
562.081000   2.789472
562.082000   2.786410
562.083000   2.781274
562.084000   2.774644
562.085000   2.767261
562.086000   2.759925
562.087000   2.753352
562.088000   2.748064
562.089000   2.744367
562.090000   2.742405
562.091000   2.742200
562.092000   2.743645
562.093000   2.746498
562.094000   2.750398
562.095000   2.754921
562.096000   2.759657
562.097000   2.764264
562.098000   2.768473
562.099000   2.772067
562.100000   2.774900
562.101000   2.776921
562.102000   2.778200
562.103000   2.778918
562.104000   2.779360
562.105000   2.779877
562.106000   2.780843
562.107000   2.782603
562.108000   2.785439
562.109000   2.789567
562.110000   2.795155
562.111000   2.802328
562.112000   2.811146
562.113000   2.821560
562.114000   2.833379
562.115000   2.846276
562.116000   2.859832
562.117000   2.873600
562.118000   2.887189
562.119000   2.900346
562.120000   2.913000
562.121000   2.925181
562.122000   2.936832
562.123000   2.947696
562.124000   2.957404
562.125000   2.965641
562.126000   2.972177
562.127000   2.976819
562.128000   2.979374
562.129000   2.979655
562.130000   2.977503
562.131000   2.972825
562.132000   2.965650
562.133000   2.956174
562.134000   2.944757
562.135000   2.931823
562.136000   2.917703
562.137000   2.902575
562.138000   2.886518
562.139000   2.869617
562.140000   2.852067
562.141000   2.834253
562.142000   2.816794
562.143000   2.800514
562.144000   2.786260
562.145000   2.774608
562.146000   2.765729
562.147000   2.759549
562.148000   2.755967
562.149000   2.754929
562.150000   2.756420
562.151000   2.760408
562.152000   2.766806
562.153000   2.775425
562.154000   2.785940
562.155000   2.797893
562.156000   2.810722
562.157000   2.823799
562.158000   2.836460
562.159000   2.848091
562.160000   2.858231
562.161000   2.866639
562.162000   2.873281
562.163000   2.878284
562.164000   2.881874
562.165000   2.884337
562.166000   2.886036
562.167000   2.887413
562.168000   2.888944
562.169000   2.891065
562.170000   2.894148
562.171000   2.898502
562.172000   2.904361
562.173000   2.911842
562.174000   2.920891
562.175000   2.931292
562.176000   2.942733
562.177000   2.954897
562.178000   2.967505
562.179000   2.980333
562.180000   2.993182
562.181000   3.005839
562.182000   3.018022
562.183000   3.029351
562.184000   3.039361
562.185000   3.047603
562.186000   3.053735
562.187000   3.057573
562.188000   3.059078
562.189000   3.058321
562.190000   3.055440
562.191000   3.050605
562.192000   3.043978
562.193000   3.035693
562.194000   3.025863
562.195000   3.014624
562.196000   3.002192
562.197000   2.988906
562.198000   2.975236
562.199000   2.961747
562.200000   2.949047
562.201000   2.937754
562.202000   2.928442
562.203000   2.921585
562.204000   2.917481
562.205000   2.916247
562.206000   2.917866
562.207000   2.922243
562.208000   2.929233
562.209000   2.938660
562.210000   2.950329
562.211000   2.964025
562.212000   2.979493
562.213000   2.996408
562.214000   3.014345
562.215000   3.032754
562.216000   3.050976
562.217000   3.068383
562.218000   3.084559
562.219000   3.099364
562.220000   3.112898
562.221000   3.125403
562.222000   3.137151
562.223000   3.148338
562.224000   3.159023
562.225000   3.169142
562.226000   3.178542
562.227000   3.187019
562.228000   3.194333
562.229000   3.200224
562.230000   3.204434
562.231000   3.206707
562.232000   3.206749
562.233000   3.204180
562.234000   3.198564
562.235000   3.189526
562.236000   3.176892
562.237000   3.160788
562.238000   3.141682
562.239000   3.120334
562.240000   3.097620
562.241000   3.074331
562.242000   3.051141
562.243000   3.028639
562.244000   3.007326
562.245000   2.987586
562.246000   2.969683
562.247000   2.953757
562.248000   2.939852
562.249000   2.927944
562.250000   2.917984
562.251000   2.909908
562.252000   2.903573
562.253000   2.898605
562.254000   2.894362
562.255000   2.890133
562.256000   2.885366
562.257000   2.879772
562.258000   2.873323
562.259000   2.866230
562.260000   2.858904
562.261000   2.851895
562.262000   2.845754
562.263000   2.840878
562.264000   2.837406
562.265000   2.835304
562.266000   2.834547
562.267000   2.835175
562.268000   2.837240
562.269000   2.840733
562.270000   2.845530
562.271000   2.851352
562.272000   2.857752
562.273000   2.864155
562.274000   2.869988
562.275000   2.874828
562.276000   2.878357
562.277000   2.880160
562.278000   2.879777
562.279000   2.876993
562.280000   2.871955
562.281000   2.865060
562.282000   2.856765
562.283000   2.847468
562.284000   2.837517
562.285000   2.827258
562.286000   2.817082
562.287000   2.807436
562.288000   2.798771
562.289000   2.791422
562.290000   2.785512
562.291000   2.780993
562.292000   2.777708
562.293000   2.775425
562.294000   2.773864
562.295000   2.772740
562.296000   2.771798
562.297000   2.770876
562.298000   2.770010
562.299000   2.769451
562.300000   2.769425
562.301000   2.769767
562.302000   2.769999
562.303000   2.769655
562.304000   2.768419
562.305000   2.766127
562.306000   2.762727
562.307000   2.758258
562.308000   2.752845
562.309000   2.746683
562.310000   2.740004
562.311000   2.733033
562.312000   2.726016
562.313000   2.719295
562.314000   2.713246
562.315000   2.708029
562.316000   2.703641
562.317000   2.700214
562.318000   2.698102
562.319000   2.697758
562.320000   2.699544
562.321000   2.703541
562.322000   2.709441
562.323000   2.716601
562.324000   2.724228
562.325000   2.731594
562.326000   2.738201
562.327000   2.743845
562.328000   2.748448
562.329000   2.751831
562.330000   2.753722
562.331000   2.753848
562.332000   2.751922
562.333000   2.747717
562.334000   2.741184
562.335000   2.732493
562.336000   2.722030
562.337000   2.710372
562.338000   2.698278
562.339000   2.686625
562.340000   2.676244
562.341000   2.667727
562.342000   2.661369
562.343000   2.657333
562.344000   2.655785
562.345000   2.656909
562.346000   2.660857
562.347000   2.667713
562.348000   2.677463
562.349000   2.689920
562.350000   2.704614
562.351000   2.720795
562.352000   2.737651
562.353000   2.754536
562.354000   2.770895
562.355000   2.786037
562.356000   2.799255
562.357000   2.810146
562.358000   2.818671
562.359000   2.824983
562.360000   2.829204
562.361000   2.831355
562.362000   2.831423
562.363000   2.829429
562.364000   2.825464
562.365000   2.819708
562.366000   2.812457
562.367000   2.804114
562.368000   2.795055
562.369000   2.785455
562.370000   2.775232
562.371000   2.764144
562.372000   2.751959
562.373000   2.738596
562.374000   2.724175
562.375000   2.709045
562.376000   2.693820
562.377000   2.679422
562.378000   2.666989
562.379000   2.657528
562.380000   2.651507
562.381000   2.648972
562.382000   2.649966
562.383000   2.654653
562.384000   2.663218
562.385000   2.675757
562.386000   2.692216
562.387000   2.712364
562.388000   2.735761
562.389000   2.761710
562.390000   2.789281
562.391000   2.817487
562.392000   2.845421
562.393000   2.872160
562.394000   2.896674
562.395000   2.918038
562.396000   2.935706
562.397000   2.949609
562.398000   2.960065
562.399000   2.967558
562.400000   2.972527
562.401000   2.975323
562.402000   2.976297
562.403000   2.975881
562.404000   2.974607
562.405000   2.973083
562.406000   2.971932
562.407000   2.971697
562.408000   2.972758
562.409000   2.975280
562.410000   2.979202
562.411000   2.984325
562.412000   2.990415
562.413000   2.997249
562.414000   3.004611
562.415000   3.012319
562.416000   3.020272
562.417000   3.028481
562.418000   3.036972
562.419000   3.045593
562.420000   3.053913
562.421000   3.061330
562.422000   3.067253
562.423000   3.071220
562.424000   3.072953
562.425000   3.072389
562.426000   3.069709
562.427000   3.065318
562.428000   3.059736
562.429000   3.053455
562.430000   3.046883
562.431000   3.040382
562.432000   3.034306
562.433000   3.028986
562.434000   3.024718
562.435000   3.021767
562.436000   3.020386
562.437000   3.020806
562.438000   3.023172
562.439000   3.027463
562.440000   3.033482
562.441000   3.040923
562.442000   3.049419
562.443000   3.058589
562.444000   3.068060
562.445000   3.077490
562.446000   3.086565
562.447000   3.094939
562.448000   3.102180
562.449000   3.107798
562.450000   3.111368
562.451000   3.112644
562.452000   3.111624
562.453000   3.108545
562.454000   3.103856
562.455000   3.098136
562.456000   3.091967
562.457000   3.085782
562.458000   3.079774
562.459000   3.073979
562.460000   3.068397
562.461000   3.063051
562.462000   3.057961
562.463000   3.053087
562.464000   3.048306
562.465000   3.043422
562.466000   3.038177
562.467000   3.032214
562.468000   3.025095
562.469000   3.016440
562.470000   3.006074
562.471000   2.994102
562.472000   2.980863
562.473000   2.966840
562.474000   2.952563
562.475000   2.938573
562.476000   2.925381
562.477000   2.913397
562.478000   2.902889
562.479000   2.894024
562.480000   2.886908
562.481000   2.881600
562.482000   2.878117
562.483000   2.876441
562.484000   2.876516
562.485000   2.878234
562.486000   2.881375
562.487000   2.885559
562.488000   2.890281
562.489000   2.895045
562.490000   2.899514
562.491000   2.903606
562.492000   2.907516
562.493000   2.911686
562.494000   2.916689
562.495000   2.923066
562.496000   2.931159
562.497000   2.941040
562.498000   2.952563
562.499000   2.965455
562.500000   2.979368
562.501000   2.993887
562.502000   3.008520
562.503000   3.022703
562.504000   3.035809
562.505000   3.047160
562.506000   3.056035
562.507000   3.061694
562.508000   3.063467
562.509000   3.060878
562.510000   3.053749
562.511000   3.042243
562.511000   3.042243
562.512000   3.026865
562.513000   3.008430
562.514000   2.987984
562.515000   2.966682
562.516000   2.945608
562.517000   2.925594
562.518000   2.907174
562.519000   2.890638
562.520000   2.876126
562.521000   2.863684
562.522000   2.853315
562.523000   2.845029
562.524000   2.838859
562.525000   2.834831
562.526000   2.832856
562.527000   2.832648
562.528000   2.833743
562.529000   2.835616
562.530000   2.837782
562.531000   2.839839
562.532000   2.841487
562.533000   2.842541
562.534000   2.842935
562.535000   2.842694
562.536000   2.841847
562.537000   2.840356
562.538000   2.838103
562.539000   2.834961
562.540000   2.830865
562.541000   2.825842
562.542000   2.820015
562.543000   2.813595
562.544000   2.806874
562.545000   2.800218
562.546000   2.794052
562.547000   2.788825
562.548000   2.784952
562.549000   2.782743
562.550000   2.782381
562.551000   2.783954
562.552000   2.787487
562.553000   2.792924
562.554000   2.800090
562.555000   2.808632
562.556000   2.818006
562.557000   2.827532
562.558000   2.836532
562.559000   2.844456
562.560000   2.850945
562.561000   2.855755
562.562000   2.858643
562.563000   2.859375
562.564000   2.857808
562.565000   2.853902
562.566000   2.847735
562.567000   2.839527
562.568000   2.829665
562.569000   2.818680
562.570000   2.807213
562.571000   2.796000
562.572000   2.785830
562.573000   2.777428
562.574000   2.771261
562.575000   2.767507
562.576000   2.766193
562.577000   2.767286
562.578000   2.770698
562.579000   2.776273
562.580000   2.783777
562.581000   2.792905
562.582000   2.803285
562.583000   2.814506
562.584000   2.826129
562.585000   2.837693
562.586000   2.848652
562.587000   2.858274
562.588000   2.865751
562.589000   2.870516
562.590000   2.872395
562.591000   2.871547
562.592000   2.868336
562.593000   2.863198
562.594000   2.856544
562.595000   2.848707
562.596000   2.839966
562.597000   2.830602
562.598000   2.820945
562.599000   2.811351
562.600000   2.802110
562.601000   2.793384
562.602000   2.785250
562.603000   2.777707
562.604000   2.770643
562.605000   2.763840
562.606000   2.757055
562.607000   2.750167
562.608000   2.743344
562.609000   2.737110
562.610000   2.732086
562.611000   2.728554
562.612000   2.726489
562.613000   2.725871
562.614000   2.726724
562.615000   2.729068
562.616000   2.732893
562.617000   2.738169
562.618000   2.744825
562.619000   2.752743
562.620000   2.761779
562.621000   2.771788
562.622000   2.782611
562.623000   2.793964
562.624000   2.805344
562.625000   2.816092
562.626000   2.825528
562.627000   2.833056
562.628000   2.838222
562.629000   2.840779
562.630000   2.840762
562.631000   2.838553
562.632000   2.834858
562.633000   2.830503
562.634000   2.826083
562.635000   2.821808
562.636000   2.817713
562.637000   2.813896
562.638000   2.810540
562.639000   2.807858
562.640000   2.806021
562.641000   2.805104
562.642000   2.805071
562.643000   2.805792
562.644000   2.807097
562.645000   2.808803
562.646000   2.810568
562.647000   2.811809
562.648000   2.811916
562.649000   2.810489
562.650000   2.807369
562.651000   2.802567
562.652000   2.796171
562.653000   2.788303
562.654000   2.779139
562.655000   2.768991
562.656000   2.758313
562.657000   2.747526
562.658000   2.736876
562.659000   2.726610
562.660000   2.717148
562.661000   2.709033
562.662000   2.702761
562.663000   2.698667
562.664000   2.696945
562.665000   2.697751
562.666000   2.701315
562.667000   2.707974
562.668000   2.717950
562.669000   2.731053
562.670000   2.746813
562.671000   2.764726
562.672000   2.784261
562.673000   2.804795
562.674000   2.825659
562.675000   2.846263
562.676000   2.866241
562.677000   2.885551
562.678000   2.904426
562.679000   2.922999
562.680000   2.941001
562.681000   2.957977
562.682000   2.973441
562.683000   2.986858
562.684000   2.997738
562.685000   3.005773
562.686000   3.010932
562.687000   3.013521
562.688000   3.014218
562.689000   3.013973
562.690000   3.013658
562.691000   3.013771
562.692000   3.014481
562.693000   3.015775
562.694000   3.017563
562.695000   3.019718
562.696000   3.022066
562.697000   3.024395
562.698000   3.026511
562.699000   3.028329
562.700000   3.029887
562.701000   3.031048
562.702000   3.031092
562.703000   3.028839
562.704000   3.023196
562.705000   3.013510
562.706000   2.999637
562.707000   2.981873
562.708000   2.960883
562.709000   2.937652
562.710000   2.913417
562.711000   2.889478
562.712000   2.866906
562.713000   2.846371
562.714000   2.828289
562.715000   2.813046
562.716000   2.801042
562.717000   2.792628
562.718000   2.788044
562.719000   2.787401
562.720000   2.790702
562.721000   2.797856
562.722000   2.808672
562.723000   2.822799
562.724000   2.839527
562.725000   2.857720
562.726000   2.876130
562.727000   2.893768
562.728000   2.910033
562.729000   2.924710
562.730000   2.937914
562.731000   2.949953
562.732000   2.961152
562.733000   2.971734
562.734000   2.981795
562.735000   2.991303
562.736000   3.000178
562.737000   3.008368
562.738000   3.015851
562.739000   3.022592
562.740000   3.028514
562.741000   3.033466
562.742000   3.037220
562.743000   3.039529
562.744000   3.040258
562.745000   3.039463
562.746000   3.037295
562.747000   3.033811
562.748000   3.029002
562.749000   3.023025
562.750000   3.016318
562.751000   3.009479
562.752000   3.003050
562.753000   2.997386
562.754000   2.992670
562.755000   2.988980
562.756000   2.986323
562.757000   2.984637
562.758000   2.983823
562.759000   2.983811
562.760000   2.984589
562.761000   2.986124
562.762000   2.988279
562.763000   2.990835
562.764000   2.993592
562.765000   2.996443
562.766000   2.999419
562.767000   3.002709
562.768000   3.006656
562.769000   3.011655
562.770000   3.017998
562.771000   3.025745
562.772000   3.034723
562.773000   3.044625
562.774000   3.055135
562.775000   3.065987
562.776000   3.076984
562.777000   3.087995
562.778000   3.098932
562.779000   3.109727
562.780000   3.120284
562.781000   3.130450
562.782000   3.140040
562.783000   3.148906
562.784000   3.156967
562.785000   3.164188
562.786000   3.170553
562.787000   3.176061
562.788000   3.180722
562.789000   3.184546
562.790000   3.187465
562.791000   3.189287
562.792000   3.189723
562.793000   3.188477
562.794000   3.185332
562.795000   3.180195
562.796000   3.173128
562.797000   3.164354
562.798000   3.154236
562.799000   3.143203
562.800000   3.131643
562.801000   3.119854
562.802000   3.108099
562.803000   3.096681
562.804000   3.085971
562.805000   3.076392
562.806000   3.068366
562.807000   3.062266
562.808000   3.058340
562.809000   3.056623
562.810000   3.056908
562.811000   3.058836
562.812000   3.062033
562.813000   3.066175
562.814000   3.070983
562.815000   3.076210
562.816000   3.081655
562.817000   3.087155
562.818000   3.092546
562.819000   3.097602
562.820000   3.102015
562.821000   3.105458
562.822000   3.107651
562.823000   3.108387
562.824000   3.107554
562.825000   3.105157
562.826000   3.101320
562.827000   3.096243
562.828000   3.090113
562.829000   3.083007
562.830000   3.074862
562.831000   3.065562
562.832000   3.055039
562.833000   3.043352
562.834000   3.030701
562.835000   3.017383
562.836000   3.003743
562.837000   2.990122
562.838000   2.976774
562.839000   2.963804
562.840000   2.951182
562.841000   2.938831
562.842000   2.926716
562.843000   2.914883
562.844000   2.903440
562.845000   2.892500
562.846000   2.882149
562.847000   2.872444
562.848000   2.863415
562.849000   2.855068
562.850000   2.847410
562.851000   2.840468
562.852000   2.834285
562.853000   2.828921
562.854000   2.824463
562.855000   2.821047
562.856000   2.818832
562.857000   2.817915
562.858000   2.818212
562.859000   2.819436
562.860000   2.821207
562.861000   2.823192
562.862000   2.825186
562.863000   2.827138
562.864000   2.829155
562.865000   2.831458
562.866000   2.834302
562.867000   2.837861
562.868000   2.842163
562.869000   2.847088
562.870000   2.852400
562.871000   2.857789
562.872000   2.862893
562.873000   2.867314
562.874000   2.870635
562.875000   2.872418
562.876000   2.872181
562.877000   2.869412
562.878000   2.863650
562.879000   2.854607
562.880000   2.842257
562.881000   2.826861
562.882000   2.808924
562.883000   2.789132
562.884000   2.768281
562.885000   2.747194
562.886000   2.726641
562.887000   2.707278
562.888000   2.689625
562.889000   2.674078
562.890000   2.660910
562.891000   2.650285
562.892000   2.642264
562.893000   2.636819
562.894000   2.633849
562.895000   2.633166
562.896000   2.634472
562.897000   2.637379
562.898000   2.641472
562.899000   2.646395
562.900000   2.651902
562.901000   2.657865
562.902000   2.664225
562.903000   2.670941
562.904000   2.677946
562.905000   2.685139
562.906000   2.692386
562.907000   2.699524
562.908000   2.706380
562.909000   2.712788
562.910000   2.718586
562.911000   2.723607
562.912000   2.727677
562.913000   2.730600
562.914000   2.732177
562.915000   2.732226
562.916000   2.730612
562.917000   2.727262
562.918000   2.722203
562.919000   2.715590
562.920000   2.707726
562.921000   2.699054
562.922000   2.690139
562.923000   2.681589
562.924000   2.673958
562.925000   2.667638
562.926000   2.662813
562.927000   2.659479
562.928000   2.657506
562.929000   2.656698
562.930000   2.656818
562.931000   2.657602
562.932000   2.658762
562.933000   2.660002
562.934000   2.661029
562.935000   2.661562
562.936000   2.661348
562.937000   2.660193
562.938000   2.657991
562.939000   2.654736
562.940000   2.650508
562.941000   2.645464
562.942000   2.639829
562.943000   2.633904
562.944000   2.628041
562.945000   2.622601
562.946000   2.617911
562.947000   2.614231
562.948000   2.611758
562.949000   2.610635
562.950000   2.610984
562.951000   2.612914
562.952000   2.616537
562.953000   2.621953
562.954000   2.629210
562.955000   2.638265
562.956000   2.648948
562.957000   2.660986
562.958000   2.674056
562.959000   2.687837
562.960000   2.702044
562.961000   2.716426
562.962000   2.730759
562.963000   2.744837
562.964000   2.758472
562.965000   2.771482
562.966000   2.783685
562.967000   2.794891
562.968000   2.804930
562.969000   2.813680
562.970000   2.821092
562.971000   2.827218
562.972000   2.832224
562.973000   2.836385
562.974000   2.840056
562.975000   2.843624
562.976000   2.847447
562.977000   2.851821
562.978000   2.856962
562.979000   2.863005
562.980000   2.870003
562.981000   2.877959
562.982000   2.886839
562.983000   2.896581
562.984000   2.907073
562.985000   2.918154
562.986000   2.929621
562.987000   2.941237
562.988000   2.952734
562.989000   2.963817
562.990000   2.974184
562.991000   2.983547
562.992000   2.991636
562.993000   2.998191
562.994000   3.002994
562.995000   3.005953
562.996000   3.007169
562.997000   3.006941
562.998000   3.005723
562.999000   3.004052
563.000000   3.002488
563.001000   3.001551
563.002000   3.001671
563.003000   3.003150
563.004000   3.006157
563.005000   3.010747
563.006000   3.016881
563.007000   3.024430
563.008000   3.033165
563.009000   3.042745
563.010000   3.052735
563.011000   3.062636
