564.508000  3.420230
564.509000  3.415009
564.510000  3.410244
564.511000  3.406053
564.511000  3.406053
564.512000  3.402636
564.513000  3.400236
564.514000  3.399113
564.515000  3.399534
564.516000  3.401713
564.517000  3.405675
564.518000  3.411122
564.519000  3.417529
564.520000  3.424373
564.521000  3.431215
564.522000  3.437658
564.523000  3.443346
564.524000  3.448061
564.525000  3.451781
564.526000  3.454650
564.527000  3.456839
564.528000  3.458358
564.529000  3.459049
564.530000  3.458744
564.531000  3.457389
564.532000  3.455024
564.533000  3.451706
564.534000  3.447507
564.535000  3.442584
564.536000  3.437218
564.537000  3.431729
564.538000  3.426284
564.539000  3.420799
564.540000  3.415052
564.541000  3.408852
564.542000  3.402116
564.543000  3.394908
564.544000  3.387450
564.545000  3.380074
564.546000  3.373086
564.547000  3.366670
564.548000  3.360855
564.549000  3.355558
564.550000  3.350694
564.551000  3.346260
564.552000  3.342332
564.553000  3.339026
564.554000  3.336468
564.555000  3.334777
564.556000  3.334060
564.557000  3.334375
564.558000  3.335660
564.559000  3.337669
564.560000  3.340043
564.561000  3.342427
564.562000  3.344524
564.563000  3.346113
564.564000  3.347065
564.565000  3.347400
564.566000  3.347346
564.567000  3.347295
564.568000  3.347582
564.569000  3.348272
564.570000  3.349229
564.571000  3.350357
564.572000  3.351704
564.573000  3.353431
564.574000  3.355740
564.575000  3.358812
564.576000  3.362779
564.577000  3.367680
564.578000  3.373374
564.579000  3.379484
564.580000  3.385495
564.581000  3.390896
564.582000  3.395231
564.583000  3.398134
564.584000  3.399358
564.585000  3.398822
564.586000  3.396626
564.587000  3.392990
564.588000  3.388099
564.589000  3.381996
564.590000  3.374665
564.591000  3.366207
564.592000  3.356910
564.593000  3.347200
564.594000  3.337578
564.595000  3.328608
564.596000  3.320924
564.597000  3.315139
564.598000  3.311650
564.599000  3.310503
564.600000  3.311491
564.601000  3.314336
564.602000  3.318779
564.603000  3.324592
564.604000  3.331573
564.605000  3.339556
564.606000  3.348417
564.607000  3.357988
564.608000  3.367923
564.609000  3.377669
564.610000  3.386612
564.611000  3.394249
564.612000  3.400261
564.613000  3.404523
564.614000  3.407098
564.615000  3.408229
564.616000  3.408305
564.617000  3.407748
564.618000  3.406857
564.619000  3.405763
564.620000  3.404544
564.621000  3.403325
564.622000  3.402309
564.623000  3.401776
564.624000  3.402082
564.625000  3.403629
564.626000  3.406805
564.627000  3.411813
564.628000  3.418509
564.629000  3.426417
564.630000  3.434949
564.631000  3.443580
564.632000  3.451913
564.633000  3.459665
564.634000  3.466661
564.635000  3.472850
564.636000  3.478290
564.637000  3.483035
564.638000  3.487014
564.639000  3.490043
564.640000  3.491963
564.641000  3.492728
564.642000  3.492414
564.643000  3.491210
564.644000  3.489414
564.645000  3.487438
564.646000  3.485760
564.647000  3.484795
564.648000  3.484733
564.649000  3.485526
564.650000  3.487009
564.651000  3.489004
564.652000  3.491372
564.653000  3.494039
564.654000  3.497011
564.655000  3.500379
564.656000  3.504276
564.657000  3.508799
564.658000  3.513938
564.659000  3.519571
564.660000  3.525498
564.661000  3.531479
564.662000  3.537272
564.663000  3.542698
564.664000  3.547691
564.665000  3.552299
564.666000  3.556654
564.667000  3.560864
564.668000  3.564838
564.669000  3.568213
564.670000  3.570473
564.671000  3.571145
564.672000  3.569936
564.673000  3.566796
564.674000  3.561940
564.675000  3.555827
564.676000  3.549081
564.677000  3.542338
564.678000  3.536075
564.679000  3.530580
564.680000  3.526058
564.681000  3.522722
564.682000  3.520811
564.683000  3.520607
564.684000  3.522419
564.685000  3.526564
564.686000  3.533285
564.687000  3.542647
564.688000  3.554460
564.689000  3.568309
564.690000  3.583653
564.691000  3.599900
564.692000  3.616439
564.693000  3.632660
564.694000  3.647986
564.695000  3.661904
564.696000  3.673988
564.697000  3.683870
564.698000  3.691192
564.699000  3.695631
564.700000  3.696987
564.701000  3.695241
564.702000  3.690569
564.703000  3.683370
564.704000  3.674294
564.705000  3.664221
564.706000  3.654179
564.707000  3.645155
564.708000  3.637871
564.709000  3.632710
564.710000  3.629841
564.711000  3.629355
564.712000  3.631320
564.713000  3.635770
564.714000  3.642699
564.715000  3.652053
564.716000  3.663690
564.717000  3.677273
564.718000  3.692154
564.719000  3.707406
564.720000  3.722041
564.721000  3.735201
564.722000  3.746259
564.723000  3.754858
564.724000  3.760910
564.725000  3.764511
564.726000  3.765819
564.727000  3.764980
564.728000  3.762133
564.729000  3.757455
564.730000  3.751198
564.731000  3.743704
564.732000  3.735378
564.733000  3.726648
564.734000  3.717958
564.735000  3.709768
564.736000  3.702557
564.737000  3.696767
564.738000  3.692656
564.739000  3.690191
564.740000  3.689125
564.741000  3.689122
564.742000  3.689832
564.743000  3.690908
564.744000  3.692061
564.745000  3.693128
564.746000  3.694112
564.747000  3.695089
564.748000  3.695969
564.749000  3.696378
564.750000  3.695832
564.751000  3.693964
564.752000  3.690593
564.753000  3.685702
564.754000  3.679418
564.755000  3.671991
564.756000  3.663761
564.757000  3.655084
564.758000  3.646204
564.759000  3.637195
564.760000  3.628027
564.761000  3.618660
564.762000  3.609072
564.763000  3.599259
564.764000  3.589240
564.765000  3.579095
564.766000  3.568989
564.767000  3.559158
564.768000  3.549760
564.769000  3.540738
564.770000  3.531853
564.771000  3.522851
564.772000  3.513584
564.773000  3.504072
564.774000  3.494536
564.775000  3.485381
564.776000  3.477152
564.777000  3.470404
564.778000  3.465512
564.779000  3.462560
564.780000  3.461436
564.781000  3.461966
564.782000  3.463973
564.783000  3.467256
564.784000  3.471585
564.785000  3.476699
564.786000  3.482327
564.787000  3.488164
564.788000  3.493783
564.789000  3.498586
564.790000  3.501928
564.791000  3.503318
564.792000  3.502493
564.793000  3.499344
564.794000  3.493859
564.795000  3.486201
564.796000  3.476788
564.797000  3.466254
564.798000  3.455264
564.799000  3.444365
564.800000  3.433991
564.801000  3.424571
564.802000  3.416539
564.803000  3.410271
564.804000  3.406020
564.805000  3.403911
564.806000  3.403980
564.807000  3.406209
564.808000  3.410480
564.809000  3.416465
564.810000  3.423601
564.811000  3.431197
564.812000  3.438574
564.813000  3.445152
564.814000  3.450486
564.815000  3.454286
564.816000  3.456479
564.817000  3.457281
564.818000  3.457122
564.819000  3.456413
564.820000  3.455389
564.821000  3.454196
564.822000  3.453000
564.823000  3.452003
564.824000  3.451423
564.825000  3.451478
564.826000  3.452397
564.827000  3.454407
564.828000  3.457662
564.829000  3.462082
564.830000  3.467269
564.831000  3.472584
564.832000  3.477316
564.833000  3.480791
564.834000  3.482454
564.835000  3.481937
564.836000  3.479133
564.837000  3.474231
564.838000  3.467668
564.839000  3.459932
564.840000  3.451375
564.841000  3.442259
564.842000  3.432940
564.843000  3.423935
564.844000  3.415853
564.845000  3.409298
564.846000  3.404790
564.847000  3.402731
564.848000  3.403382
564.849000  3.406781
564.850000  3.412628
564.851000  3.420305
564.852000  3.429044
564.853000  3.438063
564.854000  3.446623
564.855000  3.454059
564.856000  3.459826
564.857000  3.463553
564.858000  3.465082
564.859000  3.464380
564.860000  3.461363
564.861000  3.455855
564.862000  3.447790
564.863000  3.437363
564.864000  3.425016
564.865000  3.411349
564.866000  3.397054
564.867000  3.382877
564.868000  3.369591
564.869000  3.357899
564.870000  3.348274
564.871000  3.340883
564.872000  3.335663
564.873000  3.332408
564.874000  3.330782
564.875000  3.330344
564.876000  3.330597
564.877000  3.331092
564.878000  3.331510
564.879000  3.331623
564.880000  3.331112
564.881000  3.329505
564.882000  3.326345
564.883000  3.321379
564.884000  3.314619
564.885000  3.306330
564.886000  3.297011
564.887000  3.287353
564.888000  3.278146
564.889000  3.270079
564.890000  3.263507
564.891000  3.258423
564.892000  3.254630
564.893000  3.251896
564.894000  3.250003
564.895000  3.248746
564.896000  3.247920
564.897000  3.247342
564.898000  3.246889
564.899000  3.246470
564.900000  3.245875
564.901000  3.244716
564.902000  3.242592
564.903000  3.239260
564.904000  3.234725
564.905000  3.229248
564.906000  3.223320
564.907000  3.217599
564.908000  3.212809
564.909000  3.209582
564.910000  3.208270
564.911000  3.208914
564.912000  3.211378
564.913000  3.215447
564.914000  3.220844
564.915000  3.227245
564.916000  3.234318
564.917000  3.241778
564.918000  3.249397
564.919000  3.256885
564.920000  3.263716
564.921000  3.269148
564.922000  3.272468
564.923000  3.273209
564.924000  3.271222
564.925000  3.266678
564.926000  3.260043
564.927000  3.252051
564.928000  3.243600
564.929000  3.235537
564.930000  3.228403
564.931000  3.222447
564.932000  3.217835
564.933000  3.214770
564.934000  3.213483
564.935000  3.214183
564.936000  3.217039
564.937000  3.222183
564.938000  3.229688
564.939000  3.239457
564.940000  3.251068
564.941000  3.263834
564.942000  3.276999
564.943000  3.289870
564.944000  3.301886
564.945000  3.312652
564.946000  3.321987
564.947000  3.329944
564.948000  3.336754
564.949000  3.342620
564.950000  3.347524
564.951000  3.351324
564.952000  3.353964
564.953000  3.355557
564.954000  3.356353
564.955000  3.356680
564.956000  3.356916
564.957000  3.357478
564.958000  3.358760
564.959000  3.360976
564.960000  3.364050
564.961000  3.367695
564.962000  3.371583
564.963000  3.375411
564.964000  3.378932
564.965000  3.381971
564.966000  3.384472
564.967000  3.386543
564.968000  3.388409
564.969000  3.390227
564.970000  3.391909
564.971000  3.393202
564.972000  3.393891
564.973000  3.393899
564.974000  3.393314
564.975000  3.392379
564.976000  3.391471
564.977000  3.391065
564.978000  3.391598
564.979000  3.393255
564.980000  3.395855
564.981000  3.399004
564.982000  3.402305
564.983000  3.405444
564.984000  3.408188
564.985000  3.410388
564.986000  3.412014
564.987000  3.413197
564.988000  3.414158
564.989000  3.415001
564.990000  3.415565
564.991000  3.415565
564.992000  3.414823
564.993000  3.413363
564.994000  3.411410
564.995000  3.409334
564.996000  3.407614
564.997000  3.406800
564.998000  3.407425
564.999000  3.409779
565.000000  3.413752
565.001000  3.418947
565.002000  3.424916
565.003000  3.431279
565.004000  3.437765
565.005000  3.444222
565.006000  3.450639
565.007000  3.457138
565.008000  3.463879
565.009000  3.470807
565.010000  3.477492
565.011000  3.483300
565.011000  3.483300
565.012000  3.487697
565.013000  3.490402
565.014000  3.491398
565.015000  3.490903
565.016000  3.489337
565.017000  3.487285
565.018000  3.485347
565.019000  3.483878
565.020000  3.482850
565.021000  3.482034
565.022000  3.481239
565.023000  3.480387
565.024000  3.479485
565.025000  3.478585
565.026000  3.477774
565.027000  3.477169
565.028000  3.476851
565.029000  3.476707
565.030000  3.476372
565.031000  3.475397
565.032000  3.473458
565.033000  3.470434
565.034000  3.466396
565.035000  3.461567
565.036000  3.456287
565.037000  3.451004
565.038000  3.446218
565.039000  3.442292
565.040000  3.439315
565.041000  3.437182
565.042000  3.435775
565.043000  3.435034
565.044000  3.434972
565.045000  3.435671
565.046000  3.437306
565.047000  3.440135
565.048000  3.444394
565.049000  3.450082
565.050000  3.456832
565.051000  3.464073
565.052000  3.471268
565.053000  3.478032
565.054000  3.484171
565.055000  3.489689
565.056000  3.494807
565.057000  3.499923
565.058000  3.505464
565.059000  3.511599
565.060000  3.518080
565.061000  3.524432
565.062000  3.530234
565.063000  3.535223
565.064000  3.539284
565.065000  3.542411
565.066000  3.544705
565.067000  3.546365
565.068000  3.547614
565.069000  3.548501
565.070000  3.548768
565.071000  3.547999
565.072000  3.545826
565.073000  3.541990
565.074000  3.536333
565.075000  3.528829
565.076000  3.519644
565.077000  3.509152
565.078000  3.497842
565.079000  3.486085
565.080000  3.473956
565.081000  3.461362
565.082000  3.448278
565.083000  3.434804
565.084000  3.421102
565.085000  3.407363
565.086000  3.393886
565.087000  3.381142
565.088000  3.369688
565.089000  3.359900
565.090000  3.351765
565.091000  3.344994
565.092000  3.339268
565.093000  3.334364
565.094000  3.330157
565.095000  3.326581
565.096000  3.323578
565.097000  3.321101
565.098000  3.319108
565.099000  3.317435
565.100000  3.315698
565.101000  3.313455
565.102000  3.310392
565.103000  3.306378
565.104000  3.301435
565.105000  3.295698
565.106000  3.289409
565.107000  3.282921
565.108000  3.276606
565.109000  3.270628
565.110000  3.264824
565.111000  3.258852
565.112000  3.252372
565.113000  3.245112
565.114000  3.236883
565.115000  3.227604
565.116000  3.217353
565.117000  3.206369
565.118000  3.194949
565.119000  3.183249
565.120000  3.171252
565.121000  3.158936
565.122000  3.146404
565.123000  3.133901
565.124000  3.121780
565.125000  3.110476
565.126000  3.100499
565.127000  3.092403
565.128000  3.086641
565.129000  3.083361
565.130000  3.082343
565.131000  3.083180
565.132000  3.085446
565.133000  3.088744
565.134000  3.092698
565.135000  3.096964
565.136000  3.101285
565.137000  3.105534
565.138000  3.109633
565.139000  3.113362
565.140000  3.116337
565.141000  3.118210
565.142000  3.118827
565.143000  3.118234
565.144000  3.116620
565.145000  3.114259
565.146000  3.111483
565.147000  3.108642
565.148000  3.105969
565.149000  3.103448
565.150000  3.100875
565.151000  3.098063
565.152000  3.094927
565.153000  3.091459
565.154000  3.087715
565.155000  3.083842
565.156000  3.080139
565.157000  3.077028
565.158000  3.074837
565.159000  3.073569
565.160000  3.072978
565.161000  3.072816
565.162000  3.072940
565.163000  3.073311
565.164000  3.073964
565.165000  3.075030
565.166000  3.076757
565.167000  3.079455
565.168000  3.083291
565.169000  3.088169
565.170000  3.093845
565.171000  3.100091
565.172000  3.106758
565.173000  3.113808
565.174000  3.121329
565.175000  3.129544
565.176000  3.138799
565.177000  3.149444
565.178000  3.161551
565.179000  3.174755
565.180000  3.188434
565.181000  3.202003
565.182000  3.215024
565.183000  3.227204
565.184000  3.238387
565.185000  3.248599
565.186000  3.258077
565.187000  3.267136
565.188000  3.275905
565.189000  3.284203
565.190000  3.291698
565.191000  3.298065
565.192000  3.303040
565.193000  3.306429
565.194000  3.308143
565.195000  3.308263
565.196000  3.307065
565.197000  3.304895
565.198000  3.301864
565.199000  3.297674
565.200000  3.291793
565.201000  3.283759
565.202000  3.273358
565.203000  3.260666
565.204000  3.246045
565.205000  3.230119
565.206000  3.213713
565.207000  3.197669
565.208000  3.182599
565.209000  3.168855
565.210000  3.156727
565.211000  3.146520
565.212000  3.138459
565.213000  3.132676
565.214000  3.129294
565.215000  3.128498
565.216000  3.130500
565.217000  3.135382
565.218000  3.142897
565.219000  3.152453
565.220000  3.163349
565.221000  3.174998
565.222000  3.186940
565.223000  3.198737
565.224000  3.209918
565.225000  3.220131
565.226000  3.229288
565.227000  3.237469
565.228000  3.244633
565.229000  3.250525
565.230000  3.254875
565.231000  3.257603
565.232000  3.258866
565.233000  3.259028
565.234000  3.258576
565.235000  3.258023
565.236000  3.257818
565.237000  3.258216
565.238000  3.259099
565.239000  3.260027
565.240000  3.260525
565.241000  3.260285
565.242000  3.259225
565.243000  3.257491
565.244000  3.255463
565.245000  3.253721
565.246000  3.252895
565.247000  3.253395
565.248000  3.255175
565.249000  3.257827
565.250000  3.260872
565.251000  3.263921
565.252000  3.266694
565.253000  3.269022
565.254000  3.270877
565.255000  3.272399
565.256000  3.273830
565.257000  3.275253
565.258000  3.276362
565.259000  3.276588
565.260000  3.275430
565.261000  3.272660
565.262000  3.268368
565.263000  3.262932
565.264000  3.256984
565.265000  3.251363
565.266000  3.246973
565.267000  3.244505
565.268000  3.244183
565.269000  3.245856
565.270000  3.249219
565.271000  3.253934
565.272000  3.259686
565.273000  3.266233
565.274000  3.273459
565.275000  3.281378
565.276000  3.290019
565.277000  3.299127
565.278000  3.308009
565.279000  3.315809
565.280000  3.321879
565.281000  3.325925
565.282000  3.327956
565.283000  3.328247
565.284000  3.327336
565.285000  3.325969
565.286000  3.324865
565.287000  3.324377
565.288000  3.324418
565.289000  3.324723
565.290000  3.325069
565.291000  3.325350
565.292000  3.325553
565.293000  3.325732
565.294000  3.325981
565.295000  3.326391
565.296000  3.326916
565.297000  3.327182
565.298000  3.326534
565.299000  3.324325
565.300000  3.320129
565.301000  3.313812
565.302000  3.305524
565.303000  3.295685
565.304000  3.284968
565.305000  3.274189
565.306000  3.264026
565.307000  3.254758
565.308000  3.246365
565.309000  3.238815
565.310000  3.232185
565.311000  3.226633
565.312000  3.222341
565.313000  3.219493
565.314000  3.218278
565.315000  3.218874
565.316000  3.221349
565.317000  3.225535
565.318000  3.231040
565.319000  3.237360
565.320000  3.243937
565.321000  3.250174
565.322000  3.255481
565.323000  3.259368
565.324000  3.261540
565.325000  3.261899
565.326000  3.260358
565.327000  3.256599
565.328000  3.250157
565.329000  3.240731
565.330000  3.228374
565.331000  3.213490
565.332000  3.196758
565.333000  3.179080
565.334000  3.161539
565.335000  3.145292
565.336000  3.131314
565.337000  3.120186
565.338000  3.112124
565.339000  3.107128
565.340000  3.105043
565.341000  3.105581
565.342000  3.108372
565.343000  3.113027
565.344000  3.119201
565.345000  3.126575
565.346000  3.134692
565.347000  3.142800
565.348000  3.149951
565.349000  3.155278
565.350000  3.158176
565.351000  3.158368
565.352000  3.155927
565.353000  3.151282
565.354000  3.145180
565.355000  3.138526
565.356000  3.132054
565.357000  3.126095
565.358000  3.120719
565.359000  3.115981
565.360000  3.112028
565.361000  3.109109
565.362000  3.107581
565.363000  3.107907
565.364000  3.110583
565.365000  3.115927
565.366000  3.123842
565.367000  3.133875
565.368000  3.145449
565.369000  3.157981
565.370000  3.170894
565.371000  3.183673
565.372000  3.195989
565.373000  3.207660
565.374000  3.218310
565.375000  3.227095
565.376000  3.233001
565.377000  3.235295
565.378000  3.233718
565.379000  3.228496
565.380000  3.220293
565.381000  3.210119
565.382000  3.199132
565.383000  3.188316
565.384000  3.178295
565.385000  3.169484
565.386000  3.162278
565.387000  3.157081
565.388000  3.154270
565.389000  3.154161
565.390000  3.157020
565.391000  3.163064
565.392000  3.172353
565.393000  3.184573
565.394000  3.198968
565.395000  3.214580
565.396000  3.230500
565.397000  3.245934
565.398000  3.260189
565.399000  3.272712
565.400000  3.283206
565.401000  3.291693
565.402000  3.298370
565.403000  3.303345
565.404000  3.306596
565.405000  3.308168
565.406000  3.308301
565.407000  3.307424
565.408000  3.306095
565.409000  3.304951
565.410000  3.304673
565.411000  3.305905
565.412000  3.309094
565.413000  3.314293
565.414000  3.321120
565.415000  3.328893
565.416000  3.336774
565.417000  3.343900
565.418000  3.349500
565.419000  3.352994
565.420000  3.354065
565.421000  3.352658
565.422000  3.348820
565.423000  3.342502
565.424000  3.333563
565.425000  3.321971
565.426000  3.307922
565.427000  3.291825
565.428000  3.274248
565.429000  3.255893
565.430000  3.237575
565.431000  3.220149
565.432000  3.204341
565.433000  3.190568
565.434000  3.178947
565.435000  3.169482
565.436000  3.162219
565.437000  3.157288
565.438000  3.154832
565.439000  3.154876
565.440000  3.157290
565.441000  3.161892
565.442000  3.168465
565.443000  3.176626
565.444000  3.185837
565.445000  3.195563
565.446000  3.205400
565.447000  3.215097
565.448000  3.224541
565.449000  3.233752
565.450000  3.242885
565.451000  3.252168
565.452000  3.261715
565.453000  3.271339
565.454000  3.280595
565.455000  3.288976
565.456000  3.296031
565.457000  3.301409
565.458000  3.304894
565.459000  3.306465
565.460000  3.306338
565.461000  3.304908
565.462000  3.302538
565.463000  3.299354
565.464000  3.295302
565.465000  3.290363
565.466000  3.284671
565.467000  3.278541
565.468000  3.272439
565.469000  3.266949
565.470000  3.262719
565.471000  3.260314
565.472000  3.259986
565.473000  3.261579
565.474000  3.264700
565.475000  3.268909
565.476000  3.273782
565.477000  3.278926
565.478000  3.284023
565.479000  3.288883
565.480000  3.293442
565.481000  3.297613
565.482000  3.301106
565.483000  3.303471
565.484000  3.304340
565.485000  3.303563
565.486000  3.301193
565.487000  3.297442
565.488000  3.292672
565.489000  3.287393
565.490000  3.282180
565.491000  3.277507
565.492000  3.273619
565.493000  3.270581
565.494000  3.268404
565.495000  3.267103
565.496000  3.266709
565.497000  3.267277
565.498000  3.268906
565.499000  3.271741
565.500000  3.275909
565.501000  3.281372
565.502000  3.287867
565.503000  3.295028
565.504000  3.302542
565.505000  3.310209
565.506000  3.317932
565.507000  3.325700
565.508000  3.333562
565.509000  3.341590
565.510000  3.349791
565.511000  3.358011
565.511000  3.358011
565.512000  3.365940
565.513000  3.373215
565.514000  3.379506
565.515000  3.384536
565.516000  3.388092
565.517000  3.390056
565.518000  3.390457
565.519000  3.389483
565.520000  3.387401
565.521000  3.384416
565.522000  3.380627
565.523000  3.376133
565.524000  3.371146
565.525000  3.366014
565.526000  3.361176
565.527000  3.357105
565.528000  3.354266
565.529000  3.353064
565.530000  3.353769
565.531000  3.356394
565.532000  3.360662
565.533000  3.366109
565.534000  3.372201
565.535000  3.378407
565.536000  3.384230
565.537000  3.389252
565.538000  3.393168
565.539000  3.395794
565.540000  3.396985
565.541000  3.396516
565.542000  3.394071
565.543000  3.389380
565.544000  3.382345
565.545000  3.373069
565.546000  3.361845
565.547000  3.349137
565.548000  3.335566
565.549000  3.321855
565.550000  3.308688
565.551000  3.296530
565.552000  3.285568
565.553000  3.275830
565.554000  3.267290
565.555000  3.259934
565.556000  3.253799
565.557000  3.249018
565.558000  3.245830
565.559000  3.244535
565.560000  3.245362
565.561000  3.248304
565.562000  3.253108
565.563000  3.259430
565.564000  3.266951
565.565000  3.275398
565.566000  3.284545
565.567000  3.294246
565.568000  3.304476
565.569000  3.315296
565.570000  3.326688
565.571000  3.338355
565.572000  3.349714
565.573000  3.360079
565.574000  3.368846
565.575000  3.375572
565.576000  3.379975
565.577000  3.381926
565.578000  3.381470
565.579000  3.378815
565.580000  3.374207
565.581000  3.367796
565.582000  3.359682
565.583000  3.350057
565.584000  3.339282
565.585000  3.327875
565.586000  3.316448
565.587000  3.305636
565.588000  3.296038
565.589000  3.288125
565.590000  3.282113
565.591000  3.277908
565.592000  3.275213
565.593000  3.273679
565.594000  3.272990
565.595000  3.272891
565.596000  3.273203
565.597000  3.273861
565.598000  3.274909
565.599000  3.276406
565.600000  3.278229
565.601000  3.280036
565.602000  3.281462
565.603000  3.282316
565.604000  3.282633
565.605000  3.282647
565.606000  3.282742
565.607000  3.283414
565.608000  3.285183
565.609000  3.288425
565.610000  3.293209
565.611000  3.299323
565.612000  3.306444
565.613000  3.314261
565.614000  3.322520
565.615000  3.331055
565.616000  3.339809
565.617000  3.348856
565.618000  3.358346
565.619000  3.368346
565.620000  3.378713
565.621000  3.389167
565.622000  3.399473
565.623000  3.409528
565.624000  3.419358
565.625000  3.429087
565.626000  3.438907
565.627000  3.449026
565.628000  3.459547
565.629000  3.470313
565.630000  3.480887
565.631000  3.490750
565.632000  3.499474
565.633000  3.506776
565.634000  3.512489
565.635000  3.516537
565.636000  3.518945
565.637000  3.519844
565.638000  3.519383
565.639000  3.517633
565.640000  3.514624
565.641000  3.510473
565.642000  3.505437
565.643000  3.499883
565.644000  3.494239
565.645000  3.488983
565.646000  3.484645
565.647000  3.481744
565.648000  3.480598
565.649000  3.481205
565.650000  3.483324
565.651000  3.486636
565.652000  3.490824
565.653000  3.495612
565.654000  3.500795
565.655000  3.506270
565.656000  3.512019
565.657000  3.517970
565.658000  3.523840
565.659000  3.529173
565.660000  3.533579
565.661000  3.536881
565.662000  3.539123
565.663000  3.540515
565.664000  3.541380
565.665000  3.542107
565.666000  3.543086
565.667000  3.544581
565.668000  3.546601
565.669000  3.548885
565.670000  3.551030
565.671000  3.552607
565.672000  3.553234
565.673000  3.552626
565.674000  3.550648
565.675000  3.547357
565.676000  3.542980
565.677000  3.537743
565.678000  3.531674
565.679000  3.524654
565.680000  3.516649
565.681000  3.507847
565.682000  3.498652
565.683000  3.489614
565.684000  3.481365
565.685000  3.474561
565.686000  3.469784
565.687000  3.467420
565.688000  3.467571
565.689000  3.470096
565.690000  3.474709
565.691000  3.481030
565.692000  3.488602
565.693000  3.496898
565.694000  3.505352
565.695000  3.513400
565.696000  3.520493
565.697000  3.526000
565.698000  3.529137
565.699000  3.529069
565.700000  3.525143
565.701000  3.517059
565.702000  3.504932
565.703000  3.489292
565.704000  3.471028
565.705000  3.451285
565.706000  3.431248
565.707000  3.411901
565.708000  3.393930
565.709000  3.377836
565.710000  3.364024
565.711000  3.352806
565.712000  3.344363
565.713000  3.338735
565.714000  3.335845
565.715000  3.335515
565.716000  3.337425
565.717000  3.341038
565.718000  3.345628
565.719000  3.350396
565.720000  3.354594
565.721000  3.357617
565.722000  3.359083
565.723000  3.358902
565.724000  3.357271
565.725000  3.354511
565.726000  3.350820
565.727000  3.346230
565.728000  3.340790
565.729000  3.334703
565.730000  3.328315
565.731000  3.322084
565.732000  3.316548
565.733000  3.312287
565.734000  3.309815
565.735000  3.309427
565.736000  3.311166
565.737000  3.314929
565.738000  3.320554
565.739000  3.327846
565.740000  3.336567
565.741000  3.346450
565.742000  3.357218
565.743000  3.368571
565.744000  3.380079
565.745000  3.391085
565.746000  3.400768
565.747000  3.408326
565.748000  3.413111
565.749000  3.414699
565.750000  3.412917
565.751000  3.407860
565.752000  3.399880
565.753000  3.389498
565.754000  3.377261
565.755000  3.363656
565.756000  3.349139
565.757000  3.334188
565.758000  3.319298
565.759000  3.304955
565.760000  3.291625
565.761000  3.279782
565.762000  3.269911
565.763000  3.262436
565.764000  3.257560
565.765000  3.255169
565.766000  3.254918
565.767000  3.256394
565.768000  3.259219
565.769000  3.263095
565.770000  3.267836
565.771000  3.273382
565.772000  3.279778
565.773000  3.287036
565.774000  3.294939
565.775000  3.303025
565.776000  3.310781
565.777000  3.317832
565.778000  3.324015
565.779000  3.329388
565.780000  3.334212
565.781000  3.338914
565.782000  3.343995
565.783000  3.349878
565.784000  3.356742
565.785000  3.364507
565.786000  3.372938
565.787000  3.381736
565.788000  3.390580
565.789000  3.399157
565.790000  3.407188
565.791000  3.414464
565.792000  3.420844
565.793000  3.426149
565.794000  3.430039
565.795000  3.432022
565.796000  3.431635
565.797000  3.428602
565.798000  3.422926
565.799000  3.414904
565.800000  3.405105
565.801000  3.394295
565.802000  3.383305
565.803000  3.372823
565.804000  3.363259
565.805000  3.354820
565.806000  3.347646
565.807000  3.341887
565.808000  3.337687
565.809000  3.335162
565.810000  3.334390
565.811000  3.335401
565.812000  3.338161
565.813000  3.342496
565.814000  3.348030
565.815000  3.354247
565.816000  3.360636
565.817000  3.366783
565.818000  3.372413
565.819000  3.377398
565.820000  3.381759
565.821000  3.385662
565.822000  3.389341
565.823000  3.392929
565.824000  3.396331
565.825000  3.399297
565.826000  3.401578
565.827000  3.402985
565.828000  3.403393
565.829000  3.402737
565.830000  3.401027
565.831000  3.398363
565.832000  3.394874
565.833000  3.390565
565.834000  3.385226
565.835000  3.378554
565.836000  3.370339
565.837000  3.360564
565.838000  3.349425
565.839000  3.337328
565.840000  3.324888
565.841000  3.312882
565.842000  3.302105
565.843000  3.293115
565.844000  3.286104
565.845000  3.281032
565.846000  3.277814
565.847000  3.276380
565.848000  3.276670
565.849000  3.278627
565.850000  3.282209
565.851000  3.287367
565.852000  3.293937
565.853000  3.301472
565.854000  3.309221
565.855000  3.316329
565.856000  3.322038
565.857000  3.325787
565.858000  3.327219
565.859000  3.326172
565.860000  3.322680
565.861000  3.316976
565.862000  3.309393
565.863000  3.300168
565.864000  3.289354
565.865000  3.276968
565.866000  3.263158
565.867000  3.248265
565.868000  3.232789
565.869000  3.217352
565.870000  3.202646
565.871000  3.189377
565.872000  3.178111
565.873000  3.169084
565.874000  3.162143
565.875000  3.156893
565.876000  3.152875
565.877000  3.149659
565.878000  3.146888
565.879000  3.144329
565.880000  3.141908
565.881000  3.139717
565.882000  3.137896
565.883000  3.136439
565.884000  3.135135
565.885000  3.133741
565.886000  3.132139
565.887000  3.130388
565.888000  3.128693
565.889000  3.127367
565.890000  3.126788
565.891000  3.127347
565.892000  3.129331
565.893000  3.132804
565.894000  3.137591
565.895000  3.143407
565.896000  3.149975
565.897000  3.157067
565.898000  3.164524
565.899000  3.172288
565.900000  3.180433
565.901000  3.189159
565.902000  3.198668
565.903000  3.208941
565.904000  3.219678
565.905000  3.230469
565.906000  3.240962
565.907000  3.250910
565.908000  3.260171
565.909000  3.268718
565.910000  3.276643
565.911000  3.284103
565.912000  3.291170
565.913000  3.297662
565.914000  3.303177
565.915000  3.307273
565.916000  3.309589
565.917000  3.309902
565.918000  3.308160
565.919000  3.304507
565.920000  3.299293
565.921000  3.292973
565.922000  3.285909
565.923000  3.278201
565.924000  3.269756
565.925000  3.260461
565.926000  3.250295
565.927000  3.239398
565.928000  3.228104
565.929000  3.216940
565.930000  3.206519
565.931000  3.197280
565.932000  3.189270
565.933000  3.182252
565.934000  3.175983
565.935000  3.170334
565.936000  3.165302
565.937000  3.160986
565.938000  3.157584
565.939000  3.155387
565.940000  3.154699
565.941000  3.155675
565.942000  3.158206
565.943000  3.161988
565.944000  3.166656
565.945000  3.171873
565.946000  3.177360
565.947000  3.182923
565.948000  3.188484
565.949000  3.194100
565.950000  3.199884
565.951000  3.205811
565.952000  3.211598
565.953000  3.216831
565.954000  3.221169
565.955000  3.224442
565.956000  3.226654
565.957000  3.227964
565.958000  3.228671
565.959000  3.229150
565.960000  3.229742
565.961000  3.230624
565.962000  3.231779
565.963000  3.233064
565.964000  3.234293
565.965000  3.235258
565.966000  3.235756
565.967000  3.235610
565.968000  3.234701
565.969000  3.232974
565.970000  3.230375
565.971000  3.226751
565.972000  3.221812
565.973000  3.215247
565.974000  3.206844
565.975000  3.196569
565.976000  3.184576
565.977000  3.171208
565.978000  3.156976
565.979000  3.142492
565.980000  3.128332
565.981000  3.114905
565.982000  3.102460
565.983000  3.091194
565.984000  3.081329
565.985000  3.073106
565.986000  3.066772
565.987000  3.062562
565.988000  3.060702
565.989000  3.061373
565.990000  3.064610
565.991000  3.070219
565.992000  3.077816
565.993000  3.086944
565.994000  3.097164
565.995000  3.108092
565.996000  3.119423
565.997000  3.130957
565.998000  3.142610
565.999000  3.154335
566.000000  3.165966
566.001000  3.177134
566.002000  3.187390
566.003000  3.196385
566.004000  3.203968
566.005000  3.210184
566.006000  3.215256
566.007000  3.219542
566.008000  3.223478
566.009000  3.227472
566.010000  3.231785
566.011000  3.236523
566.011000  3.236523
566.012000  3.241733
566.013000  3.247482
566.014000  3.253865
566.015000  3.260986
566.016000  3.268948
566.017000  3.277869
566.018000  3.287865
566.019000  3.298960
566.020000  3.310949
566.021000  3.323371
566.022000  3.335657
566.023000  3.347279
566.024000  3.357833
566.025000  3.367061
566.026000  3.374864
566.027000  3.381294
566.028000  3.386487
566.029000  3.390521
566.030000  3.393308
566.031000  3.394644
566.032000  3.394356
566.033000  3.392401
566.034000  3.388899
566.035000  3.384137
566.036000  3.378562
566.037000  3.372736
566.038000  3.367230
566.039000  3.362455
566.040000  3.358558
566.041000  3.355472
566.042000  3.353056
566.043000  3.351195
566.044000  3.349845
566.045000  3.349032
566.046000  3.348844
566.047000  3.349384
566.048000  3.350656
566.049000  3.352456
566.050000  3.354392
566.051000  3.356039
566.052000  3.357078
566.053000  3.357356
566.054000  3.356914
566.055000  3.355974
566.056000  3.354907
566.057000  3.354132
566.058000  3.353961
566.059000  3.354489
566.060000  3.355649
566.061000  3.357356
566.062000  3.359613
566.063000  3.362522
566.064000  3.366250
566.065000  3.370979
566.066000  3.376864
566.067000  3.383992
566.068000  3.392299
566.069000  3.401534
566.070000  3.411334
566.071000  3.421352
566.072000  3.431323
566.073000  3.441094
566.074000  3.450624
566.075000  3.459980
566.076000  3.469277
566.077000  3.478551
566.078000  3.487638
566.079000  3.496209
566.080000  3.503922
566.081000  3.510542
566.082000  3.515968
566.083000  3.520220
566.084000  3.523418
566.085000  3.525752
566.086000  3.527423
566.087000  3.528547
566.088000  3.529084
566.089000  3.528904
566.090000  3.527888
566.091000  3.525973
566.092000  3.523139
566.093000  3.519399
566.094000  3.514812
566.095000  3.509498
566.096000  3.503584
566.097000  3.497094
566.098000  3.489897
566.099000  3.481824
566.100000  3.472813
566.101000  3.462971
566.102000  3.452575
566.103000  3.442037
566.104000  3.431844
566.105000  3.422499
566.106000  3.414426
566.107000  3.407855
566.108000  3.402808
566.109000  3.399214
566.110000  3.397010
566.111000  3.396172
566.112000  3.396722
566.113000  3.398749
566.114000  3.402401
566.115000  3.407808
566.116000  3.414888
566.117000  3.423218
566.118000  3.432158
566.119000  3.441075
566.120000  3.449502
566.121000  3.457190
566.122000  3.464129
566.123000  3.470554
566.124000  3.476880
566.125000  3.483521
566.126000  3.490662
566.127000  3.498217
566.128000  3.505951
566.129000  3.513610
566.130000  3.520991
566.131000  3.527984
566.132000  3.534591
566.133000  3.540894
566.134000  3.546938
566.135000  3.552572
566.136000  3.557423
566.137000  3.561051
566.138000  3.563091
566.139000  3.563271
566.140000  3.561418
566.141000  3.557482
566.142000  3.551587
566.143000  3.543991
566.144000  3.534926
566.145000  3.524441
566.146000  3.512439
566.147000  3.498864
566.148000  3.483836
566.149000  3.467683
566.150000  3.450917
566.151000  3.434191
566.152000  3.418253
566.153000  3.403859
566.154000  3.391616
566.155000  3.381867
566.156000  3.374713
566.157000  3.370136
566.158000  3.368071
566.159000  3.368424
566.160000  3.371080
566.161000  3.375932
566.162000  3.382887
566.163000  3.391833
566.164000  3.402503
566.165000  3.414365
566.166000  3.426689
566.167000  3.438713
566.168000  3.449765
566.169000  3.459316
566.170000  3.467029
566.171000  3.472790
566.172000  3.476713
566.173000  3.479051
566.174000  3.480029
566.175000  3.479756
566.176000  3.478307
566.177000  3.475848
566.178000  3.472673
566.179000  3.469160
566.180000  3.465709
566.181000  3.462693
566.182000  3.460433
566.183000  3.459112
566.184000  3.458648
566.185000  3.458671
566.186000  3.458674
566.187000  3.458194
566.188000  3.456900
566.189000  3.454616
566.190000  3.451329
566.191000  3.447167
566.192000  3.442346
566.193000  3.437054
566.194000  3.431300
566.195000  3.424933
566.196000  3.417810
566.197000  3.409930
566.198000  3.401447
566.199000  3.392637
566.200000  3.383867
566.201000  3.375580
566.202000  3.368220
566.203000  3.362080
566.204000  3.357168
566.205000  3.353278
566.206000  3.350162
566.207000  3.347626
566.208000  3.345576
566.209000  3.344028
566.210000  3.343126
566.211000  3.343133
566.212000  3.344347
566.213000  3.346924
566.214000  3.350776
566.215000  3.355641
566.216000  3.361198
566.217000  3.367093
566.218000  3.372988
566.219000  3.378651
566.220000  3.384008
566.221000  3.389105
566.222000  3.393946
566.223000  3.398276
566.224000  3.401561
566.225000  3.403225
566.226000  3.402885
566.227000  3.400448
566.228000  3.396093
566.229000  3.390201
566.230000  3.383289
566.231000  3.375950
566.232000  3.368702
566.233000  3.361808
566.234000  3.355303
566.235000  3.349155
566.236000  3.343381
566.237000  3.338075
566.238000  3.333404
566.239000  3.329600
566.240000  3.326920
566.241000  3.325542
566.242000  3.325433
566.243000  3.326325
566.244000  3.327871
566.245000  3.329764
566.246000  3.331781
566.247000  3.333808
566.248000  3.335870
566.249000  3.338151
566.250000  3.340895
566.251000  3.344135
566.252000  3.347531
566.253000  3.350487
566.254000  3.352354
566.255000  3.352560
566.256000  3.350683
566.257000  3.346516
566.258000  3.340088
566.259000  3.331628
566.260000  3.321418
566.261000  3.309653
566.262000  3.296470
566.263000  3.282064
566.264000  3.266737
566.265000  3.250878
566.266000  3.234942
566.267000  3.219443
566.268000  3.204936
566.269000  3.191939
566.270000  3.180739
566.271000  3.171254
566.272000  3.163126
566.273000  3.155936
566.274000  3.149331
566.275000  3.143080
566.276000  3.137094
566.277000  3.131458
566.278000  3.126420
566.279000  3.122294
566.280000  3.119279
566.281000  3.117366
566.282000  3.116448
566.283000  3.116464
566.284000  3.117449
566.285000  3.119508
566.286000  3.122781
566.287000  3.127411
566.288000  3.133516
566.289000  3.141117
566.290000  3.150015
566.291000  3.159740
566.292000  3.169662
566.293000  3.179124
566.294000  3.187518
566.295000  3.194325
566.296000  3.199161
566.297000  3.201839
566.298000  3.202404
566.299000  3.201066
566.300000  3.198017
566.301000  3.193311
566.302000  3.186930
566.303000  3.178909
566.304000  3.169366
566.305000  3.158504
566.306000  3.146612
566.307000  3.134086
566.308000  3.121407
566.309000  3.109032
566.310000  3.097227
566.311000  3.085983
566.312000  3.075102
566.313000  3.064350
566.314000  3.053556
566.315000  3.042650
566.316000  3.031682
566.317000  3.020839
566.318000  3.010417
566.319000  3.000726
566.320000  2.991902
566.321000  2.983800
566.322000  2.976118
566.323000  2.968620
566.324000  2.961270
566.325000  2.954258
566.326000  2.947979
566.327000  2.942963
566.328000  2.939764
566.329000  2.938804
566.330000  2.940239
566.331000  2.943955
566.332000  2.949697
566.333000  2.957176
566.334000  2.966114
566.335000  2.976258
566.336000  2.987416
566.337000  2.999485
566.338000  3.012418
566.339000  3.026070
566.340000  3.040035
566.341000  3.053690
566.342000  3.066379
566.343000  3.077564
566.344000  3.086905
566.345000  3.094311
566.346000  3.099953
566.347000  3.104172
566.348000  3.107272
566.349000  3.109327
566.350000  3.110247
566.351000  3.109967
566.352000  3.108552
566.353000  3.106195
566.354000  3.103189
566.355000  3.099891
566.356000  3.096664
566.357000  3.093766
566.358000  3.091218
566.359000  3.088788
566.360000  3.086107
566.361000  3.082797
566.362000  3.078544
566.363000  3.073144
566.364000  3.066548
566.365000  3.058897
566.366000  3.050488
566.367000  3.041640
566.368000  3.032541
566.369000  3.023276
566.370000  3.013969
566.371000  3.004881
566.372000  2.996403
566.373000  2.989022
566.374000  2.983298
566.375000  2.979822
566.376000  2.979122
566.377000  2.981501
566.378000  2.986944
566.379000  2.995179
566.380000  3.005790
566.381000  3.018270
566.382000  3.032062
566.383000  3.046598
566.384000  3.061360
566.385000  3.075904
566.386000  3.089770
566.387000  3.102346
566.388000  3.112877
566.389000  3.120657
566.390000  3.125228
566.391000  3.126483
566.392000  3.124703
566.393000  3.120520
566.394000  3.114772
566.395000  3.108236
566.396000  3.101423
566.397000  3.094624
566.398000  3.088096
566.399000  3.082153
566.400000  3.077162
566.401000  3.073512
566.402000  3.071579
566.403000  3.071693
566.404000  3.074055
566.405000  3.078614
566.406000  3.085008
566.407000  3.092662
566.408000  3.100933
566.409000  3.109238
566.410000  3.117140
566.411000  3.124406
566.412000  3.131018
566.413000  3.137109
566.414000  3.142774
566.415000  3.147870
566.416000  3.152039
566.417000  3.154907
566.418000  3.156255
566.419000  3.156069
566.420000  3.154518
566.421000  3.151918
566.422000  3.148691
566.423000  3.145300
566.424000  3.142122
566.425000  3.139333
566.426000  3.136921
566.427000  3.134795
566.428000  3.132847
566.429000  3.130983
566.430000  3.129168
566.431000  3.127488
566.432000  3.126185
566.433000  3.125613
566.434000  3.126090
566.435000  3.127750
566.436000  3.130543
566.437000  3.134349
566.438000  3.139043
566.439000  3.144509
566.440000  3.150635
566.441000  3.157346
566.442000  3.164624
566.443000  3.172484
566.444000  3.180859
566.445000  3.189499
566.446000  3.198028
566.447000  3.206093
566.448000  3.213468
566.449000  3.220072
566.450000  3.225962
566.451000  3.231318
566.452000  3.236414
566.453000  3.241533
566.454000  3.246847
566.455000  3.252367
566.456000  3.258039
566.457000  3.263831
566.458000  3.269746
566.459000  3.275785
566.460000  3.281941
566.461000  3.288217
566.462000  3.294623
566.463000  3.301108
566.464000  3.307436
566.465000  3.313174
566.466000  3.317826
566.467000  3.320993
566.468000  3.322439
566.469000  3.322100
566.470000  3.320074
566.471000  3.316619
566.472000  3.312121
566.473000  3.306974
566.474000  3.301424
566.475000  3.295543
566.476000  3.289327
566.477000  3.282786
566.478000  3.275963
566.479000  3.268940
566.480000  3.261858
566.481000  3.254919
566.482000  3.248327
566.483000  3.242150
566.484000  3.236242
566.485000  3.230332
566.486000  3.224186
566.487000  3.217697
566.488000  3.210907
566.489000  3.203992
566.490000  3.197246
566.491000  3.191022
566.492000  3.185641
566.493000  3.181250
566.494000  3.177765
566.495000  3.174961
566.496000  3.172633
566.497000  3.170683
566.498000  3.169171
566.499000  3.168322
566.500000  3.168517
566.501000  3.170226
566.502000  3.173877
566.503000  3.179673
566.504000  3.187524
566.505000  3.197149
566.506000  3.208204
566.507000  3.220334
566.508000  3.233184
566.509000  3.246398
566.510000  3.259634
566.511000  3.272564
566.511000  3.272564
566.512000  3.284824
566.513000  3.295910
566.514000  3.305175
566.515000  3.311999
566.516000  3.315958
566.517000  3.316912
566.518000  3.314993
566.519000  3.310561
566.520000  3.304152
566.521000  3.296390
566.522000  3.287866
566.523000  3.279003
566.524000  3.270040
566.525000  3.261129
566.526000  3.252421
566.527000  3.244086
566.528000  3.236266
566.529000  3.229042
566.530000  3.222437
566.531000  3.216440
566.532000  3.211001
566.533000  3.205942
566.534000  3.200935
566.535000  3.195616
566.536000  3.189758
566.537000  3.183349
566.538000  3.176558
566.539000  3.169667
566.540000  3.163026
566.541000  3.157038
566.542000  3.152118
566.543000  3.148593
566.544000  3.146655
566.545000  3.146376
566.546000  3.147757
566.547000  3.150720
566.548000  3.155113
566.549000  3.160709
566.550000  3.167242
566.551000  3.174430
566.552000  3.181971
566.553000  3.189482
566.554000  3.196470
566.555000  3.202424
566.556000  3.206946
566.557000  3.209834
566.558000  3.211119
566.559000  3.211058
566.560000  3.210106
566.561000  3.208830
566.562000  3.207779
566.563000  3.207349
566.564000  3.207748
566.565000  3.209057
566.566000  3.211310
566.567000  3.214520
566.568000  3.218694
566.569000  3.223841
566.570000  3.229971
566.571000  3.237068
566.572000  3.245006
566.573000  3.253476
566.574000  3.261996
566.575000  3.270031
566.576000  3.277108
566.577000  3.282881
566.578000  3.287164
566.579000  3.289943
566.580000  3.291369
566.581000  3.291700
566.582000  3.291189
566.583000  3.290004
566.584000  3.288262
566.585000  3.286117
566.586000  3.283786
566.587000  3.281511
566.588000  3.279520
566.589000  3.278023
566.590000  3.277205
566.591000  3.277179
566.592000  3.277890
566.593000  3.279093
566.594000  3.280462
566.595000  3.281714
566.596000  3.282677
566.597000  3.283280
566.598000  3.283525
566.599000  3.283475
566.600000  3.283227
566.601000  3.282854
566.602000  3.282307
566.603000  3.281408
566.604000  3.279960
566.605000  3.277877
566.606000  3.275211
566.607000  3.272141
566.608000  3.268936
566.609000  3.265935
566.610000  3.263510
566.611000  3.261989
566.612000  3.261571
566.613000  3.262317
566.614000  3.264211
566.615000  3.267217
566.616000  3.271291
566.617000  3.276391
566.618000  3.282494
566.619000  3.289601
566.620000  3.297700
566.621000  3.306663
566.622000  3.316202
566.623000  3.325970
566.624000  3.335700
566.625000  3.345265
566.626000  3.354634
566.627000  3.363820
566.628000  3.372828
566.629000  3.381631
566.630000  3.390135
566.631000  3.398165
566.632000  3.405514
566.633000  3.412014
566.634000  3.417575
566.635000  3.422192
566.636000  3.425938
566.637000  3.428972
566.638000  3.431535
566.639000  3.433894
566.640000  3.436223
566.641000  3.438495
566.642000  3.440527
566.643000  3.442103
566.644000  3.443082
566.645000  3.443432
566.646000  3.443231
566.647000  3.442661
566.648000  3.441979
566.649000  3.441442
566.650000  3.441170
566.651000  3.441076
566.652000  3.440938
566.653000  3.440532
566.654000  3.439706
566.655000  3.438391
566.656000  3.436607
566.657000  3.434477
566.658000  3.432223
566.659000  3.430132
566.660000  3.428455
566.661000  3.427308
566.662000  3.426658
566.663000  3.426396
566.664000  3.426411
566.665000  3.426620
566.666000  3.426996
566.667000  3.427598
566.668000  3.428589
566.669000  3.430218
566.670000  3.432681
566.671000  3.435972
566.672000  3.439875
566.673000  3.444118
566.674000  3.448524
566.675000  3.453062
566.676000  3.457844
566.677000  3.463108
566.678000  3.469162
566.679000  3.476282
566.680000  3.484576
566.681000  3.493896
566.682000  3.503888
566.683000  3.514113
566.684000  3.524124
566.685000  3.533481
566.686000  3.541758
566.687000  3.548558
566.688000  3.553561
566.689000  3.556540
566.690000  3.557310
566.691000  3.555650
566.692000  3.551323
566.693000  3.544200
566.694000  3.534351
566.695000  3.522072
566.696000  3.507876
566.697000  3.492452
566.698000  3.476602
566.699000  3.461123
566.700000  3.446653
566.701000  3.433578
566.702000  3.422074
566.703000  3.412194
566.704000  3.403925
566.705000  3.397208
566.706000  3.391952
566.707000  3.388058
566.708000  3.385421
566.709000  3.383890
566.710000  3.383180
566.711000  3.382865
566.712000  3.382473
566.713000  3.381612
566.714000  3.380030
566.715000  3.377624
566.716000  3.374432
566.717000  3.370620
566.718000  3.366448
566.719000  3.362185
566.720000  3.358022
566.721000  3.354052
566.722000  3.350325
566.723000  3.346897
566.724000  3.343839
566.725000  3.341235
566.726000  3.339186
566.727000  3.337817
566.728000  3.337247
566.729000  3.337531
566.730000  3.338579
566.731000  3.340147
566.732000  3.341914
566.733000  3.343590
566.734000  3.344978
566.735000  3.346016
566.736000  3.346792
566.737000  3.347526
566.738000  3.348505
566.739000  3.349965
566.740000  3.351971
566.741000  3.354395
566.742000  3.357006
566.743000  3.359580
566.744000  3.361955
566.745000  3.364044
566.746000  3.365820
566.747000  3.367296
566.748000  3.368495
566.749000  3.369394
566.750000  3.369855
566.751000  3.369637
566.752000  3.368491
566.753000  3.366269
566.754000  3.362968
566.755000  3.358742
566.756000  3.353890
566.757000  3.348811
566.758000  3.343930
566.759000  3.339590
566.760000  3.335955
566.761000  3.333007
566.762000  3.330641
566.763000  3.328763
566.764000  3.327337
566.765000  3.326381
566.766000  3.325957
566.767000  3.326150
566.768000  3.327031
566.769000  3.328578
566.770000  3.330609
566.771000  3.332809
566.772000  3.334830
566.773000  3.336374
566.774000  3.337242
566.775000  3.337346
566.776000  3.336717
566.777000  3.335510
566.778000  3.333971
566.779000  3.332357
566.780000  3.330848
566.781000  3.329529
566.782000  3.328440
566.783000  3.327616
566.784000  3.327126
566.785000  3.327072
566.786000  3.327565
566.787000  3.328673
566.788000  3.330369
566.789000  3.332492
566.790000  3.334808
566.791000  3.337095
566.792000  3.339199
566.793000  3.341005
566.794000  3.342408
566.795000  3.343340
566.796000  3.343810
566.797000  3.343899
566.798000  3.343686
566.799000  3.343196
566.800000  3.342405
566.801000  3.341319
566.802000  3.340017
566.803000  3.338648
566.804000  3.337403
566.805000  3.336496
566.806000  3.336173
566.807000  3.336677
566.808000  3.338173
566.809000  3.340679
566.810000  3.344050
566.811000  3.348019
566.812000  3.352252
566.813000  3.356402
566.814000  3.360169
566.815000  3.363355
566.816000  3.365859
566.817000  3.367608
566.818000  3.368471
566.819000  3.368229
566.820000  3.366645
566.821000  3.363554
566.822000  3.358916
566.823000  3.352843
566.824000  3.345583
566.825000  3.337485
566.826000  3.328928
566.827000  3.320220
566.828000  3.311520
566.829000  3.302859
566.830000  3.294217
566.831000  3.285578
566.832000  3.276955
566.833000  3.268406
566.834000  3.260070
566.835000  3.252187
566.836000  3.245033
566.837000  3.238799
566.838000  3.233517
566.839000  3.229101
566.840000  3.225458
566.841000  3.222564
566.842000  3.220514
566.843000  3.219517
566.844000  3.219857
566.845000  3.221819
566.846000  3.225590
566.847000  3.231178
566.848000  3.238400
566.849000  3.246964
566.850000  3.256563
566.851000  3.266931
566.852000  3.277857
566.853000  3.289171
566.854000  3.300718
566.855000  3.312316
566.856000  3.323692
566.857000  3.334439
566.858000  3.344024
566.859000  3.351861
566.860000  3.357410
566.861000  3.360270
566.862000  3.360230
566.863000  3.357271
566.864000  3.351545
566.865000  3.343313
566.866000  3.332871
566.867000  3.320509
566.868000  3.306533
566.869000  3.291334
566.870000  3.275394
566.871000  3.259248
566.872000  3.243490
566.873000  3.228789
566.874000  3.215858
566.875000  3.205353
566.876000  3.197761
566.877000  3.193335
566.878000  3.192115
566.879000  3.193970
566.880000  3.198635
566.881000  3.205737
566.882000  3.214808
566.883000  3.225303
566.884000  3.236623
566.885000  3.248166
566.886000  3.259363
566.887000  3.269693
566.888000  3.278716
566.889000  3.286098
566.890000  3.291623
566.891000  3.295196
566.892000  3.296847
566.893000  3.296734
566.894000  3.295113
566.895000  3.292296
566.896000  3.288578
566.897000  3.284218
566.898000  3.279441
566.899000  3.274460
566.900000  3.269489
566.901000  3.264751
566.902000  3.260488
566.903000  3.256960
566.904000  3.254415
566.905000  3.253024
566.906000  3.252820
566.907000  3.253693
566.908000  3.255463
566.909000  3.257951
566.910000  3.261008
566.911000  3.264524
566.912000  3.268428
566.913000  3.272688
566.914000  3.277285
566.915000  3.282159
566.916000  3.287139
566.917000  3.291946
566.918000  3.296242
566.919000  3.299713
566.920000  3.302115
566.921000  3.303302
566.922000  3.303229
566.923000  3.301930
566.924000  3.299477
566.925000  3.295921
566.926000  3.291257
566.927000  3.285435
566.928000  3.278438
566.929000  3.270346
566.930000  3.261373
566.931000  3.251860
566.932000  3.242255
566.933000  3.233040
566.934000  3.224639
566.935000  3.217308
566.936000  3.211083
566.937000  3.205816
566.938000  3.201291
566.939000  3.197319
566.940000  3.193800
566.941000  3.190732
566.942000  3.188194
566.943000  3.186313
566.944000  3.185189
566.945000  3.184815
566.946000  3.185025
566.947000  3.185524
566.948000  3.185968
566.949000  3.186038
566.950000  3.185481
566.951000  3.184132
566.952000  3.181934
566.953000  3.178949
566.954000  3.175326
566.955000  3.171253
566.956000  3.166899
566.957000  3.162410
566.958000  3.157907
566.959000  3.153501
566.960000  3.149290
566.961000  3.145377
566.962000  3.141877
566.963000  3.138914
566.964000  3.136589
566.965000  3.134948
566.966000  3.133988
566.967000  3.133705
566.968000  3.134141
566.969000  3.135390
566.970000  3.137582
566.971000  3.140856
566.972000  3.145352
566.973000  3.151202
566.974000  3.158486
566.975000  3.167177
566.976000  3.177129
566.977000  3.188113
566.978000  3.199872
566.979000  3.212156
566.980000  3.224729
566.981000  3.237360
566.982000  3.249817
566.983000  3.261849
566.984000  3.273163
566.985000  3.283396
566.986000  3.292119
566.987000  3.298898
566.988000  3.303364
566.989000  3.305272
566.990000  3.304541
566.991000  3.301278
566.992000  3.295763
566.993000  3.288392
566.994000  3.279578
566.995000  3.269664
566.996000  3.258895
566.997000  3.247463
566.998000  3.235555
566.999000  3.223377
567.000000  3.211165
567.001000  3.199183
567.002000  3.187718
567.003000  3.177052
567.004000  3.167403
567.005000  3.158887
567.006000  3.151528
567.007000  3.145324
567.008000  3.140310
567.009000  3.136598
567.010000  3.134391
567.011000  3.133974
567.011000  3.133974
567.012000  3.135676
567.013000  3.139788
567.014000  3.146450
567.015000  3.155576
567.016000  3.166872
567.017000  3.179903
567.018000  3.194155
567.019000  3.209068
567.020000  3.224065
567.021000  3.238573
567.022000  3.252049
567.023000  3.263984
567.024000  3.273902
567.025000  3.281378
567.026000  3.286087
567.027000  3.287870
567.028000  3.286761
567.029000  3.282981
567.030000  3.276899
567.031000  3.269001
567.032000  3.259849
567.033000  3.250040
567.034000  3.240136
567.035000  3.230614
567.036000  3.221871
567.037000  3.214239
567.038000  3.207977
567.039000  3.203244
567.040000  3.200091
567.041000  3.198493
567.042000  3.198393
567.043000  3.199717
567.044000  3.202333
567.045000  3.206037
567.046000  3.210594
567.047000  3.215810
567.048000  3.221564
567.049000  3.227797
567.050000  3.234489
567.051000  3.241625
567.052000  3.249164
567.053000  3.256984
567.054000  3.264821
567.055000  3.272257
567.056000  3.278769
567.057000  3.283805
567.058000  3.286857
567.059000  3.287523
567.060000  3.285553
567.061000  3.280888
567.062000  3.273660
567.063000  3.264148
567.064000  3.252705
567.065000  3.239718
567.066000  3.225609
567.067000  3.210842
567.068000  3.195905
567.069000  3.181295
567.070000  3.167498
567.071000  3.154983
567.072000  3.144159
567.073000  3.135315
567.074000  3.128558
567.075000  3.123807
567.076000  3.120835
567.077000  3.119360
567.078000  3.119116
567.079000  3.119908
567.080000  3.121624
567.081000  3.124232
567.082000  3.127745
567.083000  3.132163
567.084000  3.137400
567.085000  3.143294
567.086000  3.149695
567.087000  3.156559
567.088000  3.163976
567.089000  3.172123
567.090000  3.181185
567.091000  3.191284
567.092000  3.202454
567.093000  3.214638
567.094000  3.227669
567.095000  3.241248
567.096000  3.254951
567.097000  3.268266
567.098000  3.280638
567.099000  3.291523
567.100000  3.300430
567.101000  3.306979
567.102000  3.310945
567.103000  3.312250
567.104000  3.310903
567.105000  3.306964
567.106000  3.300619
567.107000  3.292263
567.108000  3.282513
567.109000  3.272126
567.110000  3.261894
567.111000  3.252560
567.112000  3.244757
567.113000  3.238958
567.114000  3.235425
567.115000  3.234217
567.116000  3.235240
567.117000  3.238306
567.118000  3.243142
567.119000  3.249400
567.120000  3.256669
567.121000  3.264517
567.122000  3.272513
567.123000  3.280217
567.124000  3.287149
567.125000  3.292808
567.126000  3.296770
567.127000  3.298803
567.128000  3.298919
567.129000  3.297351
567.130000  3.294500
567.131000  3.290895
567.132000  3.287154
567.133000  3.283890
567.134000  3.281577
567.135000  3.280485
567.136000  3.280727
567.137000  3.282345
567.138000  3.285378
567.139000  3.289912
567.140000  3.296085
567.141000  3.304038
567.142000  3.313837
567.143000  3.325369
567.144000  3.338299
567.145000  3.352123
567.146000  3.366288
567.147000  3.380309
567.148000  3.393845
567.149000  3.406745
567.150000  3.419051
567.151000  3.430953
567.152000  3.442653
567.153000  3.454206
567.154000  3.465450
567.155000  3.476090
567.156000  3.485819
567.157000  3.494410
567.158000  3.501723
567.159000  3.507710
567.160000  3.512389
567.161000  3.515810
567.162000  3.517977
567.163000  3.518766
567.164000  3.517920
567.165000  3.515176
567.166000  3.510401
567.167000  3.503675
567.168000  3.495284
567.169000  3.485672
567.170000  3.475368
567.171000  3.464917
567.172000  3.454763
567.173000  3.445164
567.174000  3.436249
567.175000  3.428175
567.176000  3.421209
567.177000  3.415707
567.178000  3.412017
567.179000  3.410389
567.180000  3.410908
567.181000  3.413458
567.182000  3.417674
567.183000  3.422946
567.184000  3.428521
567.185000  3.433658
567.186000  3.437741
567.187000  3.440317
567.188000  3.441106
567.189000  3.439996
567.190000  3.437018
567.191000  3.432284
567.192000  3.425885
567.193000  3.417859
567.194000  3.408270
567.195000  3.397306
567.196000  3.385309
567.197000  3.372752
567.198000  3.360195
567.199000  3.348258
567.200000  3.337568
567.201000  3.328673
567.202000  3.321917
567.203000  3.317413
567.204000  3.315137
567.205000  3.315034
567.206000  3.317081
567.207000  3.321297
567.208000  3.327726
567.209000  3.336410
567.210000  3.347335
567.211000  3.360351
567.212000  3.375081
567.213000  3.390940
567.214000  3.407244
567.215000  3.423325
567.216000  3.438613
567.217000  3.452693
567.218000  3.465347
567.219000  3.476560
567.220000  3.486434
567.221000  3.495016
567.222000  3.502126
567.223000  3.507398
567.224000  3.510452
567.225000  3.511057
567.226000  3.509197
567.227000  3.505074
567.228000  3.499086
567.229000  3.491750
567.230000  3.483573
567.231000  3.474887
567.232000  3.465763
567.233000  3.456069
567.234000  3.445584
567.235000  3.434096
567.236000  3.421477
567.237000  3.407730
567.238000  3.393024
567.239000  3.377682
567.240000  3.362070
567.241000  3.346437
567.242000  3.330834
567.243000  3.315206
567.244000  3.299543
567.245000  3.283976
567.246000  3.268803
567.247000  3.254466
567.248000  3.241491
567.249000  3.230387
567.250000  3.221519
567.251000  3.215014
567.252000  3.210775
567.253000  3.208589
567.254000  3.208211
567.255000  3.209404
567.256000  3.211943
567.257000  3.215614
567.258000  3.220198
567.259000  3.225433
567.260000  3.230948
567.261000  3.236243
567.262000  3.240778
567.263000  3.244115
567.264000  3.246013
567.265000  3.246411
567.266000  3.245394
567.267000  3.243184
567.268000  3.240152
567.269000  3.236778
567.270000  3.233553
567.271000  3.230887
567.272000  3.229096
567.273000  3.228438
567.274000  3.229119
567.275000  3.231254
567.276000  3.234838
567.277000  3.239759
567.278000  3.245822
567.279000  3.252738
567.280000  3.260065
567.281000  3.267198
567.282000  3.273470
567.283000  3.278288
567.284000  3.281206
567.285000  3.281936
567.286000  3.280334
567.287000  3.276402
567.288000  3.270283
567.289000  3.262207
567.290000  3.252410
567.291000  3.241102
567.292000  3.228504
567.293000  3.214874
567.294000  3.200497
567.295000  3.185652
567.296000  3.170598
567.297000  3.155582
567.298000  3.140848
567.299000  3.126618
567.300000  3.113068
567.301000  3.100344
567.302000  3.088599
567.303000  3.078012
567.304000  3.068793
567.305000  3.061188
567.306000  3.055482
567.307000  3.052012
567.308000  3.051144
567.309000  3.053190
567.310000  3.058300
567.311000  3.066403
567.312000  3.077245
567.313000  3.090465
567.314000  3.105647
567.315000  3.122348
567.316000  3.140106
567.317000  3.158443
567.318000  3.176852
567.319000  3.194772
567.320000  3.211574
567.321000  3.226587
567.322000  3.239199
567.323000  3.248964
567.324000  3.255669
567.325000  3.259364
567.326000  3.260348
567.327000  3.259121
567.328000  3.256291
567.329000  3.252437
567.330000  3.247969
567.331000  3.243088
567.332000  3.237879
567.333000  3.232470
567.334000  3.227128
567.335000  3.222276
567.336000  3.218460
567.337000  3.216281
567.338000  3.216297
567.339000  3.218905
567.340000  3.224236
567.341000  3.232152
567.342000  3.242358
567.343000  3.254522
567.344000  3.268343
567.345000  3.283564
567.346000  3.299971
567.347000  3.317358
567.348000  3.335475
567.349000  3.353941
567.350000  3.372184
567.351000  3.389465
567.352000  3.405001
567.353000  3.418079
567.354000  3.428131
567.355000  3.434786
567.356000  3.437919
567.357000  3.437676
567.358000  3.434456
567.359000  3.428821
567.360000  3.421367
567.361000  3.412670
567.362000  3.403312
567.363000  3.393893
567.364000  3.385033
567.365000  3.377342
567.366000  3.371395
567.367000  3.367702
567.368000  3.366657
567.369000  3.368458
567.370000  3.373058
567.371000  3.380188
567.372000  3.389408
567.373000  3.400124
567.374000  3.411625
567.375000  3.423148
567.376000  3.433984
567.377000  3.443570
567.378000  3.451511
567.379000  3.457519
567.380000  3.461375
567.381000  3.462952
567.382000  3.462285
567.383000  3.459593
567.384000  3.455259
567.385000  3.449780
567.386000  3.443748
567.387000  3.437818
567.388000  3.432640
567.389000  3.428749
567.390000  3.426485
567.391000  3.425980
567.392000  3.427188
567.393000  3.429927
567.394000  3.433934
567.395000  3.438929
567.396000  3.444666
567.397000  3.450928
567.398000  3.457456
567.399000  3.463866
567.400000  3.469643
567.401000  3.474258
567.402000  3.477311
567.403000  3.478615
567.404000  3.478218
567.405000  3.476372
567.406000  3.473474
567.407000  3.469966
567.408000  3.466218
567.409000  3.462439
567.410000  3.458674
567.411000  3.454868
567.412000  3.450943
567.413000  3.446856
567.414000  3.442629
567.415000  3.438352
567.416000  3.434153
567.417000  3.430119
567.418000  3.426213
567.419000  3.422233
567.420000  3.417877
567.421000  3.412872
567.422000  3.407081
567.423000  3.400548
567.424000  3.393512
567.425000  3.386389
567.426000  3.379703
567.427000  3.373998
567.428000  3.369714
567.429000  3.367138
567.430000  3.366427
567.431000  3.367674
567.432000  3.370938
567.433000  3.376237
567.434000  3.383518
567.435000  3.392614
567.436000  3.403191
567.437000  3.414713
567.438000  3.426445
567.439000  3.437538
567.440000  3.447183
567.441000  3.454734
567.442000  3.459748
567.443000  3.461982
567.444000  3.461382
567.445000  3.458097
567.446000  3.452463
567.447000  3.444934
567.448000  3.435990
567.449000  3.426082
567.450000  3.415641
567.451000  3.405103
567.452000  3.394894
567.453000  3.385416
567.454000  3.377015
567.455000  3.369958
567.456000  3.364402
567.457000  3.360342
567.458000  3.357584
567.459000  3.355772
567.460000  3.354442
567.461000  3.353093
567.462000  3.351252
567.463000  3.348547
567.464000  3.344774
567.465000  3.339933
567.466000  3.334210
567.467000  3.327891
567.468000  3.321257
567.469000  3.314526
567.470000  3.307831
567.471000  3.301246
567.472000  3.294829
567.473000  3.288686
567.474000  3.283013
567.475000  3.278100
567.476000  3.274271
567.477000  3.271807
567.478000  3.270876
567.479000  3.271507
567.480000  3.273610
567.481000  3.277004
567.482000  3.281473
567.483000  3.286828
567.484000  3.292939
567.485000  3.299719
567.486000  3.307032
567.487000  3.314568
567.488000  3.321775
567.489000  3.327901
567.490000  3.332135
567.491000  3.333760
567.492000  3.332289
567.493000  3.327524
567.494000  3.319575
567.495000  3.308816
567.496000  3.295798
567.497000  3.281163
567.498000  3.265562
567.499000  3.249636
567.500000  3.234011
567.501000  3.219297
