516.968000   -0.328012
516.969000   -0.326504
516.970000   -0.326409
516.971000   -0.327886
516.972000   -0.330962
516.973000   -0.335491
516.974000   -0.341170
516.975000   -0.347582
516.976000   -0.354261
516.977000   -0.360755
516.978000   -0.366666
516.979000   -0.371665
516.980000   -0.375482
516.981000   -0.377895
516.982000   -0.378733
516.983000   -0.377884
516.984000   -0.375324
516.985000   -0.371137
516.986000   -0.365539
516.987000   -0.358878
516.988000   -0.351605
516.989000   -0.344208
516.990000   -0.337128
516.991000   -0.330680
516.992000   -0.325011
516.993000   -0.320105
516.994000   -0.315822
516.995000   -0.311957
516.996000   -0.308304
516.997000   -0.304708
516.998000   -0.301103
516.999000   -0.297516
517.000000   -0.294058
517.001000   -0.290895
517.001000   -0.290895
517.002000   -0.288217
517.003000   -0.286205
517.004000   -0.285004
517.005000   -0.284704
517.006000   -0.285338
517.007000   -0.286907
517.008000   -0.289407
517.009000   -0.292824
517.010000   -0.297123
517.011000   -0.302227
517.012000   -0.307997
517.013000   -0.314226
517.014000   -0.320641
517.015000   -0.326921
517.016000   -0.332753
517.017000   -0.337888
517.018000   -0.342193
517.019000   -0.345662
517.020000   -0.348387
517.021000   -0.350519
517.022000   -0.352227
517.023000   -0.353677
517.024000   -0.355033
517.025000   -0.356464
517.026000   -0.358177
517.027000   -0.360414
517.028000   -0.363430
517.029000   -0.367437
517.030000   -0.372547
517.031000   -0.378750
517.032000   -0.385929
517.033000   -0.393896
517.034000   -0.402455
517.035000   -0.411441
517.036000   -0.420751
517.037000   -0.430343
517.038000   -0.440202
517.039000   -0.450300
517.040000   -0.460563
517.041000   -0.470860
517.042000   -0.481012
517.043000   -0.490821
517.044000   -0.500102
517.045000   -0.508708
517.046000   -0.516541
517.047000   -0.523520
517.048000   -0.529542
517.049000   -0.534440
517.050000   -0.537995
517.051000   -0.539975
517.052000   -0.540193
517.053000   -0.538562
517.054000   -0.535122
517.055000   -0.530039
517.056000   -0.523565
517.057000   -0.515984
517.058000   -0.507561
517.059000   -0.498519
517.060000   -0.489050
517.061000   -0.479337
517.062000   -0.469575
517.063000   -0.459977
517.064000   -0.450781
517.065000   -0.442231
517.066000   -0.434563
517.067000   -0.427973
517.068000   -0.422600
517.069000   -0.418524
517.070000   -0.415777
517.071000   -0.414348
517.072000   -0.414193
517.073000   -0.415239
517.074000   -0.417388
517.075000   -0.420528
517.076000   -0.424519
517.077000   -0.429192
517.078000   -0.434350
517.079000   -0.439781
517.080000   -0.445275
517.081000   -0.450632
517.082000   -0.455666
517.083000   -0.460211
517.084000   -0.464115
517.085000   -0.467235
517.086000   -0.469453
517.087000   -0.470687
517.088000   -0.470923
517.089000   -0.470225
517.090000   -0.468731
517.091000   -0.466632
517.092000   -0.464149
517.093000   -0.461508
517.094000   -0.458924
517.095000   -0.456592
517.096000   -0.454699
517.097000   -0.453426
517.098000   -0.452949
517.099000   -0.453440
517.100000   -0.455052
517.101000   -0.457905
517.102000   -0.462055
517.103000   -0.467438
517.104000   -0.473856
517.105000   -0.480982
517.106000   -0.488414
517.107000   -0.495733
517.108000   -0.502555
517.109000   -0.508570
517.110000   -0.513563
517.111000   -0.517418
517.112000   -0.520106
517.113000   -0.521665
517.114000   -0.522190
517.115000   -0.521827
517.116000   -0.520766
517.117000   -0.519205
517.118000   -0.517322
517.119000   -0.515238
517.120000   -0.513012
517.121000   -0.510634
517.122000   -0.508041
517.123000   -0.505138
517.124000   -0.501838
517.125000   -0.498072
517.126000   -0.493798
517.127000   -0.488991
517.128000   -0.483651
517.129000   -0.477819
517.130000   -0.471586
517.131000   -0.465096
517.132000   -0.458526
517.133000   -0.452069
517.134000   -0.445894
517.135000   -0.440118
517.136000   -0.434790
517.137000   -0.429910
517.138000   -0.425483
517.139000   -0.421570
517.140000   -0.418292
517.141000   -0.415776
517.142000   -0.414104
517.143000   -0.413257
517.144000   -0.413091
517.145000   -0.413340
517.146000   -0.413658
517.147000   -0.413708
517.148000   -0.413247
517.149000   -0.412171
517.150000   -0.410482
517.151000   -0.408229
517.152000   -0.405458
517.153000   -0.402181
517.154000   -0.398360
517.155000   -0.393923
517.156000   -0.388803
517.157000   -0.383004
517.158000   -0.376623
517.159000   -0.369824
517.160000   -0.362766
517.161000   -0.355556
517.162000   -0.348221
517.163000   -0.340713
517.164000   -0.332928
517.165000   -0.324759
517.166000   -0.316164
517.167000   -0.307233
517.168000   -0.298200
517.169000   -0.289387
517.170000   -0.281124
517.171000   -0.273660
517.172000   -0.267114
517.173000   -0.261449
517.174000   -0.256496
517.175000   -0.252020
517.176000   -0.247830
517.177000   -0.243855
517.178000   -0.240143
517.179000   -0.236790
517.180000   -0.233856
517.181000   -0.231323
517.182000   -0.229092
517.183000   -0.227011
517.184000   -0.224935
517.185000   -0.222806
517.186000   -0.220719
517.187000   -0.218930
517.188000   -0.217769
517.189000   -0.217528
517.190000   -0.218382
517.191000   -0.220361
517.192000   -0.223384
517.193000   -0.227304
517.194000   -0.231985
517.195000   -0.237373
517.196000   -0.243536
517.197000   -0.250628
517.198000   -0.258811
517.199000   -0.268173
517.200000   -0.278704
517.201000   -0.290300
517.202000   -0.302795
517.203000   -0.315989
517.204000   -0.329693
517.205000   -0.343774
517.206000   -0.358177
517.207000   -0.372890
517.208000   -0.387879
517.209000   -0.403027
517.210000   -0.418109
517.211000   -0.432796
517.212000   -0.446663
517.213000   -0.459233
517.214000   -0.470036
517.215000   -0.478695
517.216000   -0.484973
517.217000   -0.488769
517.218000   -0.490088
517.219000   -0.489019
517.220000   -0.485722
517.221000   -0.480418
517.222000   -0.473380
517.223000   -0.464926
517.224000   -0.455428
517.225000   -0.445325
517.226000   -0.435108
517.227000   -0.425265
517.228000   -0.416208
517.229000   -0.408221
517.230000   -0.401428
517.231000   -0.395782
517.232000   -0.391086
517.233000   -0.387034
517.234000   -0.383281
517.235000   -0.379514
517.236000   -0.375502
517.237000   -0.371119
517.238000   -0.366326
517.239000   -0.361150
517.240000   -0.355645
517.241000   -0.349868
517.242000   -0.343859
517.243000   -0.337656
517.244000   -0.331322
517.245000   -0.324977
517.246000   -0.318803
517.247000   -0.313026
517.248000   -0.307871
517.249000   -0.303521
517.250000   -0.300095
517.251000   -0.297639
517.252000   -0.296154
517.253000   -0.295635
517.254000   -0.296116
517.255000   -0.297681
517.256000   -0.300451
517.257000   -0.304538
517.258000   -0.310005
517.259000   -0.316832
517.260000   -0.324925
517.261000   -0.334142
517.262000   -0.344346
517.263000   -0.355450
517.264000   -0.367429
517.265000   -0.380293
517.266000   -0.394023
517.267000   -0.408496
517.268000   -0.423445
517.269000   -0.438455
517.270000   -0.453008
517.271000   -0.466561
517.272000   -0.478640
517.273000   -0.488900
517.274000   -0.497138
517.275000   -0.503269
517.276000   -0.507271
517.277000   -0.509146
517.278000   -0.508901
517.279000   -0.506560
517.280000   -0.502205
517.281000   -0.496019
517.282000   -0.488301
517.283000   -0.479436
517.284000   -0.469822
517.285000   -0.459787
517.286000   -0.449546
517.287000   -0.439193
517.288000   -0.428739
517.289000   -0.418172
517.290000   -0.407525
517.291000   -0.396918
517.292000   -0.386567
517.293000   -0.376753
517.294000   -0.367766
517.295000   -0.359854
517.296000   -0.353180
517.297000   -0.347811
517.298000   -0.343730
517.299000   -0.340873
517.300000   -0.339155
517.301000   -0.338500
517.302000   -0.338831
517.303000   -0.340055
517.304000   -0.342047
517.305000   -0.344646
517.306000   -0.347665
517.307000   -0.350918
517.308000   -0.354248
517.309000   -0.357554
517.310000   -0.360792
517.311000   -0.363950
517.312000   -0.367027
517.313000   -0.370003
517.314000   -0.372847
517.315000   -0.375536
517.316000   -0.378087
517.317000   -0.380579
517.318000   -0.383147
517.319000   -0.385960
517.320000   -0.389176
517.321000   -0.392893
517.322000   -0.397131
517.323000   -0.401818
517.324000   -0.406821
517.325000   -0.411978
517.326000   -0.417131
517.327000   -0.422149
517.328000   -0.426919
517.329000   -0.431342
517.330000   -0.435310
517.331000   -0.438698
517.332000   -0.441373
517.333000   -0.443218
517.334000   -0.444164
517.335000   -0.444207
517.336000   -0.443416
517.337000   -0.441906
517.338000   -0.439797
517.339000   -0.437165
517.340000   -0.433998
517.341000   -0.430195
517.342000   -0.425586
517.343000   -0.419977
517.344000   -0.413193
517.345000   -0.405110
517.346000   -0.395698
517.347000   -0.385045
517.348000   -0.373371
517.349000   -0.361009
517.350000   -0.348371
517.351000   -0.335894
517.352000   -0.324002
517.353000   -0.313068
517.354000   -0.303384
517.355000   -0.295146
517.356000   -0.288466
517.357000   -0.283385
517.358000   -0.279901
517.359000   -0.277968
517.360000   -0.277498
517.361000   -0.278354
517.362000   -0.280354
517.363000   -0.283270
517.364000   -0.286843
517.365000   -0.290798
517.366000   -0.294879
517.367000   -0.298882
517.368000   -0.302676
517.369000   -0.306215
517.370000   -0.309523
517.371000   -0.312686
517.372000   -0.315809
517.373000   -0.318988
517.374000   -0.322284
517.375000   -0.325730
517.376000   -0.329368
517.377000   -0.333268
517.378000   -0.337540
517.379000   -0.342310
517.380000   -0.347697
517.381000   -0.353780
517.382000   -0.360580
517.383000   -0.368050
517.384000   -0.376097
517.385000   -0.384628
517.386000   -0.393590
517.387000   -0.402988
517.388000   -0.412857
517.389000   -0.423231
517.390000   -0.434094
517.391000   -0.445349
517.392000   -0.456788
517.393000   -0.468101
517.394000   -0.478912
517.395000   -0.488836
517.396000   -0.497520
517.397000   -0.504658
517.398000   -0.509992
517.399000   -0.513308
517.400000   -0.514447
517.401000   -0.513324
517.402000   -0.509963
517.403000   -0.504525
517.404000   -0.497333
517.405000   -0.488856
517.406000   -0.479657
517.407000   -0.470321
517.408000   -0.461366
517.409000   -0.453178
517.410000   -0.445984
517.411000   -0.439866
517.412000   -0.434814
517.413000   -0.430795
517.414000   -0.427800
517.415000   -0.425851
517.416000   -0.424963
517.417000   -0.425086
517.418000   -0.426075
517.419000   -0.427699
517.420000   -0.429671
517.421000   -0.431713
517.422000   -0.433597
517.423000   -0.435181
517.424000   -0.436414
517.425000   -0.437323
517.426000   -0.437963
517.427000   -0.438375
517.428000   -0.438548
517.429000   -0.438412
517.430000   -0.437847
517.431000   -0.436703
517.432000   -0.434840
517.433000   -0.432173
517.434000   -0.428687
517.435000   -0.424431
517.436000   -0.419484
517.437000   -0.413940
517.438000   -0.407904
517.439000   -0.401494
517.440000   -0.394853
517.441000   -0.388158
517.442000   -0.381654
517.443000   -0.375672
517.444000   -0.370619
517.445000   -0.366925
517.446000   -0.364961
517.447000   -0.364989
517.448000   -0.367137
517.449000   -0.371403
517.450000   -0.377663
517.451000   -0.385700
517.452000   -0.395229
517.453000   -0.405917
517.454000   -0.417393
517.455000   -0.429266
517.456000   -0.441162
517.457000   -0.452751
517.458000   -0.463772
517.459000   -0.474032
517.460000   -0.483383
517.461000   -0.491705
517.462000   -0.498880
517.463000   -0.504789
517.464000   -0.509328
517.465000   -0.512422
517.466000   -0.514033
517.467000   -0.514167
517.468000   -0.512880
517.469000   -0.510287
517.470000   -0.506551
517.471000   -0.501884
517.472000   -0.496541
517.473000   -0.490816
517.474000   -0.485035
517.475000   -0.479531
517.476000   -0.474625
517.477000   -0.470594
517.478000   -0.467652
517.479000   -0.465939
517.480000   -0.465521
517.481000   -0.466409
517.482000   -0.468563
517.483000   -0.471893
517.484000   -0.476244
517.485000   -0.481396
517.486000   -0.487067
517.487000   -0.492935
517.488000   -0.498665
517.489000   -0.503939
517.490000   -0.508500
517.491000   -0.512175
517.492000   -0.514871
517.493000   -0.516551
517.494000   -0.517203
517.495000   -0.516816
517.496000   -0.515373
517.497000   -0.512865
517.498000   -0.509327
517.499000   -0.504873
517.500000   -0.499713
517.501000   -0.494121
517.501000   -0.494121
517.502000   -0.488370
517.503000   -0.482673
517.504000   -0.477157
517.505000   -0.471868
517.506000   -0.466796
517.507000   -0.461912
517.508000   -0.457219
517.509000   -0.452780
517.510000   -0.448719
517.511000   -0.445188
517.512000   -0.442326
517.513000   -0.440237
517.514000   -0.438976
517.515000   -0.438554
517.516000   -0.438946
517.517000   -0.440107
517.518000   -0.441964
517.519000   -0.444390
517.520000   -0.447178
517.521000   -0.450024
517.522000   -0.452554
517.523000   -0.454356
517.524000   -0.455036
517.525000   -0.454267
517.526000   -0.451839
517.527000   -0.447700
517.528000   -0.441964
517.529000   -0.434879
517.530000   -0.426782
517.531000   -0.418055
517.532000   -0.409085
517.533000   -0.400245
517.534000   -0.391871
517.535000   -0.384260
517.536000   -0.377676
517.537000   -0.372361
517.538000   -0.368530
517.539000   -0.366343
517.540000   -0.365881
517.541000   -0.367135
517.542000   -0.370006
517.543000   -0.374317
517.544000   -0.379841
517.545000   -0.386350
517.546000   -0.393672
517.547000   -0.401732
517.548000   -0.410526
517.549000   -0.420071
517.550000   -0.430353
517.551000   -0.441305
517.552000   -0.452798
517.553000   -0.464636
517.554000   -0.476564
517.555000   -0.488311
517.556000   -0.499641
517.557000   -0.510369
517.558000   -0.520298
517.559000   -0.529162
517.560000   -0.536611
517.561000   -0.542245
517.562000   -0.545661
517.563000   -0.546514
517.564000   -0.544580
517.565000   -0.539840
517.566000   -0.532542
517.567000   -0.523175
517.568000   -0.512379
517.569000   -0.500823
517.570000   -0.489114
517.571000   -0.477718
517.572000   -0.466910
517.573000   -0.456754
517.574000   -0.447159
517.575000   -0.437976
517.576000   -0.429079
517.577000   -0.420384
517.578000   -0.411824
517.579000   -0.403307
517.580000   -0.394703
517.581000   -0.385845
517.582000   -0.376545
517.583000   -0.366628
517.584000   -0.356002
517.585000   -0.344726
517.586000   -0.333030
517.587000   -0.321254
517.588000   -0.309755
517.589000   -0.298809
517.590000   -0.288545
517.591000   -0.278907
517.592000   -0.269672
517.593000   -0.260510
517.594000   -0.251103
517.595000   -0.241253
517.596000   -0.230929
517.597000   -0.220247
517.598000   -0.209402
517.599000   -0.198611
517.600000   -0.188061
517.601000   -0.177891
517.602000   -0.168189
517.603000   -0.159044
517.604000   -0.150615
517.605000   -0.143181
517.606000   -0.137110
517.607000   -0.132780
517.608000   -0.130484
517.609000   -0.130375
517.610000   -0.132445
517.611000   -0.136538
517.612000   -0.142414
517.613000   -0.149831
517.614000   -0.158620
517.615000   -0.168695
517.616000   -0.180001
517.617000   -0.192441
517.618000   -0.205823
517.619000   -0.219854
517.620000   -0.234156
517.621000   -0.248324
517.622000   -0.261999
517.623000   -0.274956
517.624000   -0.287164
517.625000   -0.298764
517.626000   -0.309984
517.627000   -0.321024
517.628000   -0.331978
517.629000   -0.342790
517.630000   -0.353258
517.631000   -0.363070
517.632000   -0.371882
517.633000   -0.379393
517.634000   -0.385398
517.635000   -0.389784
517.636000   -0.392500
517.637000   -0.393540
517.638000   -0.392948
517.639000   -0.390827
517.640000   -0.387361
517.641000   -0.382839
517.642000   -0.377686
517.643000   -0.372479
517.644000   -0.367901
517.645000   -0.364652
517.646000   -0.363349
517.647000   -0.364441
517.648000   -0.368167
517.649000   -0.374540
517.650000   -0.383382
517.651000   -0.394385
517.652000   -0.407183
517.653000   -0.421394
517.654000   -0.436620
517.655000   -0.452420
517.656000   -0.468306
517.657000   -0.483750
517.658000   -0.498209
517.659000   -0.511161
517.660000   -0.522147
517.661000   -0.530839
517.662000   -0.537087
517.663000   -0.540945
517.664000   -0.542650
517.665000   -0.542563
517.666000   -0.541092
517.667000   -0.538602
517.668000   -0.535342
517.669000   -0.531415
517.670000   -0.526816
517.671000   -0.521538
517.672000   -0.515669
517.673000   -0.509438
517.674000   -0.503187
517.675000   -0.497304
517.676000   -0.492148
517.677000   -0.487986
517.678000   -0.484955
517.679000   -0.483082
517.680000   -0.482357
517.681000   -0.482802
517.682000   -0.484507
517.683000   -0.487597
517.684000   -0.492165
517.685000   -0.498198
517.686000   -0.505504
517.687000   -0.513672
517.688000   -0.522095
517.689000   -0.530068
517.690000   -0.536921
517.691000   -0.542137
517.692000   -0.545388
517.693000   -0.546510
517.694000   -0.545459
517.695000   -0.542258
517.696000   -0.536965
517.697000   -0.529662
517.698000   -0.520470
517.699000   -0.509583
517.700000   -0.497302
517.701000   -0.484049
517.702000   -0.470351
517.703000   -0.456793
517.704000   -0.443951
517.705000   -0.432334
517.706000   -0.422344
517.707000   -0.414266
517.708000   -0.408297
517.709000   -0.404589
517.710000   -0.403282
517.711000   -0.404488
517.712000   -0.408241
517.713000   -0.414434
517.714000   -0.422777
517.715000   -0.432789
517.716000   -0.443841
517.717000   -0.455230
517.718000   -0.466282
517.719000   -0.476440
517.720000   -0.485305
517.721000   -0.492626
517.722000   -0.498238
517.723000   -0.501989
517.724000   -0.503680
517.725000   -0.503030
517.726000   -0.499709
517.727000   -0.493395
517.728000   -0.483868
517.729000   -0.471058
517.730000   -0.455054
517.731000   -0.436067
517.732000   -0.414396
517.733000   -0.390406
517.734000   -0.364522
517.735000   -0.337233
517.736000   -0.309113
517.737000   -0.280831
517.738000   -0.253154
517.739000   -0.226907
517.740000   -0.202894
517.741000   -0.181809
517.742000   -0.164145
517.743000   -0.150150
517.744000   -0.139810
517.745000   -0.132880
517.746000   -0.128936
517.747000   -0.127449
517.748000   -0.127838
517.749000   -0.129501
517.750000   -0.131841
517.751000   -0.134287
517.752000   -0.136339
517.753000   -0.137610
517.754000   -0.137863
517.755000   -0.137019
517.756000   -0.135154
517.757000   -0.132484
517.758000   -0.129352
517.759000   -0.126202
517.760000   -0.123535
517.761000   -0.121857
517.762000   -0.121620
517.763000   -0.123177
517.764000   -0.126746
517.765000   -0.132408
517.766000   -0.140161
517.767000   -0.149984
517.768000   -0.161877
517.769000   -0.175845
517.770000   -0.191847
517.771000   -0.209767
517.772000   -0.229408
517.773000   -0.250494
517.774000   -0.272709
517.775000   -0.295741
517.776000   -0.319355
517.777000   -0.343439
517.778000   -0.367976
517.779000   -0.392961
517.780000   -0.418312
517.781000   -0.443797
517.782000   -0.469013
517.783000   -0.493389
517.784000   -0.516268
517.785000   -0.537000
517.786000   -0.555053
517.787000   -0.570060
517.788000   -0.581828
517.789000   -0.590302
517.790000   -0.595544
517.791000   -0.597705
517.792000   -0.597007
517.793000   -0.593725
517.794000   -0.588194
517.795000   -0.580837
517.796000   -0.572186
517.797000   -0.562861
517.798000   -0.553486
517.799000   -0.544593
517.800000   -0.536536
517.801000   -0.529460
517.802000   -0.523326
517.803000   -0.517979
517.804000   -0.513254
517.805000   -0.509066
517.806000   -0.505461
517.807000   -0.502562
517.808000   -0.500487
517.809000   -0.499262
517.810000   -0.498777
517.811000   -0.498781
517.812000   -0.498921
517.813000   -0.498819
517.814000   -0.498168
517.815000   -0.496821
517.816000   -0.494800
517.817000   -0.492232
517.818000   -0.489267
517.819000   -0.486017
517.820000   -0.482536
517.821000   -0.478824
517.822000   -0.474875
517.823000   -0.470735
517.824000   -0.466560
517.825000   -0.462628
517.826000   -0.459276
517.827000   -0.456810
517.828000   -0.455435
517.829000   -0.455224
517.830000   -0.456124
517.831000   -0.457987
517.832000   -0.460622
517.833000   -0.463863
517.834000   -0.467613
517.835000   -0.471819
517.836000   -0.476399
517.837000   -0.481152
517.838000   -0.485719
517.839000   -0.489601
517.840000   -0.492225
517.841000   -0.493022
517.842000   -0.491514
517.843000   -0.487388
517.844000   -0.480543
517.845000   -0.471066
517.846000   -0.459185
517.847000   -0.445227
517.848000   -0.429599
517.849000   -0.412775
517.850000   -0.395276
517.851000   -0.377634
517.852000   -0.360381
517.853000   -0.344039
517.854000   -0.329098
517.855000   -0.315951
517.856000   -0.304836
517.857000   -0.295825
517.858000   -0.288859
517.859000   -0.283779
517.860000   -0.280355
517.861000   -0.278306
517.862000   -0.277344
517.863000   -0.277221
517.864000   -0.277752
517.865000   -0.278809
517.866000   -0.280299
517.867000   -0.282158
517.868000   -0.284356
517.869000   -0.286878
517.870000   -0.289704
517.871000   -0.292788
517.872000   -0.296062
517.873000   -0.299456
517.874000   -0.302903
517.875000   -0.306331
517.876000   -0.309666
517.877000   -0.312853
517.878000   -0.315870
517.879000   -0.318735
517.880000   -0.321499
517.881000   -0.324270
517.882000   -0.327234
517.883000   -0.330675
517.884000   -0.334944
517.885000   -0.340423
517.886000   -0.347470
517.887000   -0.356382
517.888000   -0.367363
517.889000   -0.380495
517.890000   -0.395733
517.891000   -0.412918
517.892000   -0.431808
517.893000   -0.452099
517.894000   -0.473418
517.895000   -0.495298
517.896000   -0.517163
517.897000   -0.538327
517.898000   -0.558030
517.899000   -0.575495
517.900000   -0.590020
517.901000   -0.601080
517.902000   -0.608419
517.903000   -0.612081
517.904000   -0.612368
517.905000   -0.609734
517.906000   -0.604671
517.907000   -0.597614
517.908000   -0.588878
517.909000   -0.578651
517.910000   -0.567048
517.911000   -0.554197
517.912000   -0.540329
517.913000   -0.525789
517.914000   -0.510981
517.915000   -0.496280
517.916000   -0.481957
517.917000   -0.468139
517.918000   -0.454822
517.919000   -0.441932
517.920000   -0.429427
517.921000   -0.417388
517.922000   -0.406051
517.923000   -0.395741
517.924000   -0.386765
517.925000   -0.379318
517.926000   -0.373414
517.927000   -0.368869
517.928000   -0.365329
517.929000   -0.362344
517.930000   -0.359470
517.931000   -0.356340
517.932000   -0.352688
517.933000   -0.348345
517.934000   -0.343223
517.935000   -0.337297
517.936000   -0.330597
517.937000   -0.323196
517.938000   -0.315215
517.939000   -0.306850
517.940000   -0.298401
517.941000   -0.290289
517.942000   -0.283034
517.943000   -0.277176
517.944000   -0.273201
517.945000   -0.271470
517.946000   -0.272185
517.947000   -0.275380
517.948000   -0.280960
517.949000   -0.288757
517.950000   -0.298601
517.951000   -0.310330
517.952000   -0.323757
517.953000   -0.338627
517.954000   -0.354603
517.955000   -0.371282
517.956000   -0.388227
517.957000   -0.405001
517.958000   -0.421211
517.959000   -0.436547
517.960000   -0.450805
517.961000   -0.463875
517.962000   -0.475702
517.963000   -0.486262
517.964000   -0.495534
517.965000   -0.503473
517.966000   -0.509994
517.967000   -0.514971
517.968000   -0.518280
517.969000   -0.519844
517.970000   -0.519673
517.971000   -0.517855
517.972000   -0.514538
517.973000   -0.509912
517.974000   -0.504180
517.975000   -0.497528
517.976000   -0.490107
517.977000   -0.482056
517.978000   -0.473545
517.979000   -0.464828
517.980000   -0.456232
517.981000   -0.448106
517.982000   -0.440746
517.983000   -0.434322
517.984000   -0.428836
517.985000   -0.424109
517.986000   -0.419825
517.987000   -0.415627
517.988000   -0.411227
517.989000   -0.406470
517.990000   -0.401328
517.991000   -0.395843
517.992000   -0.390069
517.993000   -0.384034
517.994000   -0.377709
517.995000   -0.371019
517.996000   -0.363880
517.997000   -0.356270
517.998000   -0.348288
517.999000   -0.340160
518.000000   -0.332185
518.001000   -0.324648
518.001000   -0.324648
518.002000   -0.317737
518.003000   -0.311488
518.004000   -0.305775
518.005000   -0.300358
518.006000   -0.294972
518.007000   -0.289426
518.008000   -0.283650
518.009000   -0.277675
518.010000   -0.271564
518.011000   -0.265343
518.012000   -0.258964
518.013000   -0.252305
518.014000   -0.245206
518.015000   -0.237539
518.016000   -0.229290
518.017000   -0.220617
518.018000   -0.211835
518.019000   -0.203327
518.020000   -0.195440
518.021000   -0.188392
518.022000   -0.182232
518.023000   -0.176839
518.024000   -0.171981
518.025000   -0.167414
518.026000   -0.162973
518.027000   -0.158625
518.028000   -0.154439
518.029000   -0.150520
518.030000   -0.146954
518.031000   -0.143783
518.032000   -0.141015
518.033000   -0.138641
518.034000   -0.136685
518.035000   -0.135258
518.036000   -0.134608
518.037000   -0.135107
518.038000   -0.137169
518.039000   -0.141141
518.040000   -0.147226
518.041000   -0.155437
518.042000   -0.165594
518.043000   -0.177363
518.044000   -0.190325
518.045000   -0.204072
518.046000   -0.218255
518.047000   -0.232580
518.048000   -0.246768
518.049000   -0.260535
518.050000   -0.273595
518.051000   -0.285686
518.052000   -0.296595
518.053000   -0.306202
518.054000   -0.314532
518.055000   -0.321781
518.056000   -0.328300
518.057000   -0.334525
518.058000   -0.340891
518.059000   -0.347769
518.060000   -0.355419
518.061000   -0.363956
518.062000   -0.373364
518.063000   -0.383541
518.064000   -0.394371
518.065000   -0.405759
518.066000   -0.417622
518.067000   -0.429847
518.068000   -0.442264
518.069000   -0.454624
518.070000   -0.466608
518.071000   -0.477851
518.072000   -0.487997
518.073000   -0.496780
518.074000   -0.504068
518.075000   -0.509864
518.076000   -0.514238
518.077000   -0.517267
518.078000   -0.518984
518.079000   -0.519359
518.080000   -0.518296
518.081000   -0.515661
518.082000   -0.511345
518.083000   -0.505319
518.084000   -0.497659
518.085000   -0.488530
518.086000   -0.478159
518.087000   -0.466817
518.088000   -0.454805
518.089000   -0.442426
518.090000   -0.429969
518.091000   -0.417713
518.092000   -0.405942
518.093000   -0.394959
518.094000   -0.385066
518.095000   -0.376550
518.096000   -0.369660
518.097000   -0.364585
518.098000   -0.361423
518.099000   -0.360170
518.100000   -0.360727
518.101000   -0.362937
518.102000   -0.366624
518.103000   -0.371630
518.104000   -0.377854
518.105000   -0.385248
518.106000   -0.393785
518.107000   -0.403402
518.108000   -0.413962
518.109000   -0.425248
518.110000   -0.436992
518.111000   -0.448938
518.112000   -0.460907
518.113000   -0.472850
518.114000   -0.484832
518.115000   -0.496968
518.116000   -0.509353
518.117000   -0.522011
518.118000   -0.534882
518.119000   -0.547836
518.120000   -0.560709
518.121000   -0.573350
518.122000   -0.585646
518.123000   -0.597507
518.124000   -0.608849
518.125000   -0.619557
518.126000   -0.629496
518.127000   -0.638522
518.128000   -0.646524
518.129000   -0.653458
518.130000   -0.659371
518.131000   -0.664396
518.132000   -0.668725
518.133000   -0.672568
518.134000   -0.676105
518.135000   -0.679457
518.136000   -0.682649
518.137000   -0.685601
518.138000   -0.688132
518.139000   -0.689994
518.140000   -0.690929
518.141000   -0.690715
518.142000   -0.689188
518.143000   -0.686232
518.144000   -0.681747
518.145000   -0.675645
518.146000   -0.667864
518.147000   -0.658393
518.148000   -0.647323
518.149000   -0.634882
518.150000   -0.621450
518.151000   -0.607517
518.152000   -0.593599
518.153000   -0.580135
518.154000   -0.567423
518.155000   -0.555601
518.156000   -0.544657
518.157000   -0.534471
518.158000   -0.524860
518.159000   -0.515622
518.160000   -0.506572
518.161000   -0.497536
518.162000   -0.488343
518.163000   -0.478818
518.164000   -0.468789
518.165000   -0.458111
518.166000   -0.446695
518.167000   -0.434540
518.168000   -0.421763
518.169000   -0.408624
518.170000   -0.395518
518.171000   -0.382923
518.172000   -0.371330
518.173000   -0.361170
518.174000   -0.352748
518.175000   -0.346218
518.176000   -0.341578
518.177000   -0.338717
518.178000   -0.337472
518.179000   -0.337682
518.180000   -0.339200
518.181000   -0.341889
518.182000   -0.345605
518.183000   -0.350187
518.184000   -0.355456
518.185000   -0.361216
518.186000   -0.367276
518.187000   -0.373477
518.188000   -0.379706
518.189000   -0.385888
518.190000   -0.391966
518.191000   -0.397871
518.192000   -0.403492
518.193000   -0.408640
518.194000   -0.413019
518.195000   -0.416218
518.196000   -0.417756
518.197000   -0.417149
518.198000   -0.414005
518.199000   -0.408094
518.200000   -0.399399
518.201000   -0.388126
518.202000   -0.374675
518.203000   -0.359585
518.204000   -0.343468
518.205000   -0.326970
518.206000   -0.310743
518.207000   -0.295423
518.208000   -0.281590
518.209000   -0.269733
518.210000   -0.260217
518.211000   -0.253262
518.212000   -0.248942
518.213000   -0.247203
518.214000   -0.247921
518.215000   -0.250958
518.216000   -0.256195
518.217000   -0.263538
518.218000   -0.272895
518.219000   -0.284147
518.220000   -0.297113
518.221000   -0.311525
518.222000   -0.327028
518.223000   -0.343210
518.224000   -0.359651
518.225000   -0.375979
518.226000   -0.391898
518.227000   -0.407211
518.228000   -0.421798
518.229000   -0.435579
518.230000   -0.448454
518.231000   -0.460273
518.232000   -0.470836
518.233000   -0.479943
518.234000   -0.487472
518.235000   -0.493448
518.236000   -0.498080
518.237000   -0.501734
518.238000   -0.504860
518.239000   -0.507885
518.240000   -0.511132
518.241000   -0.514791
518.242000   -0.518935
518.243000   -0.523588
518.244000   -0.528786
518.245000   -0.534618
518.246000   -0.541221
518.247000   -0.548729
518.248000   -0.557183
518.249000   -0.566449
518.250000   -0.576181
518.251000   -0.585851
518.252000   -0.594827
518.253000   -0.602464
518.254000   -0.608185
518.255000   -0.611529
518.256000   -0.612161
518.257000   -0.609852
518.258000   -0.604450
518.259000   -0.595876
518.260000   -0.584149
518.261000   -0.569428
518.262000   -0.552040
518.263000   -0.532486
518.264000   -0.511415
518.265000   -0.489556
518.266000   -0.467609
518.267000   -0.446132
518.268000   -0.425467
518.269000   -0.405755
518.270000   -0.386995
518.271000   -0.369143
518.272000   -0.352173
518.273000   -0.336110
518.274000   -0.321028
518.275000   -0.307027
518.276000   -0.294193
518.277000   -0.282584
518.278000   -0.272234
518.279000   -0.263181
518.280000   -0.255483
518.281000   -0.249228
518.282000   -0.244541
518.283000   -0.241587
518.284000   -0.240530
518.285000   -0.241467
518.286000   -0.244355
518.287000   -0.248984
518.288000   -0.255010
518.289000   -0.262003
518.290000   -0.269506
518.291000   -0.277089
518.292000   -0.284402
518.293000   -0.291198
518.294000   -0.297320
518.295000   -0.302681
518.296000   -0.307251
518.297000   -0.311076
518.298000   -0.314294
518.299000   -0.317137
518.300000   -0.319898
518.301000   -0.322898
518.302000   -0.326430
518.303000   -0.330685
518.304000   -0.335687
518.305000   -0.341273
518.306000   -0.347139
518.307000   -0.352920
518.308000   -0.358251
518.309000   -0.362822
518.310000   -0.366416
518.311000   -0.368955
518.312000   -0.370527
518.313000   -0.371365
518.314000   -0.371799
518.315000   -0.372191
518.316000   -0.372884
518.317000   -0.374128
518.318000   -0.376018
518.319000   -0.378472
518.320000   -0.381259
518.321000   -0.384077
518.322000   -0.386603
518.323000   -0.388507
518.324000   -0.389451
518.325000   -0.389097
518.326000   -0.387125
518.327000   -0.383257
518.328000   -0.377297
518.329000   -0.369202
518.330000   -0.359147
518.331000   -0.347539
518.332000   -0.334943
518.333000   -0.321977
518.334000   -0.309209
518.335000   -0.297096
518.336000   -0.285946
518.337000   -0.275932
518.338000   -0.267127
518.339000   -0.259588
518.340000   -0.253415
518.341000   -0.248762
518.342000   -0.245801
518.343000   -0.244670
518.344000   -0.245435
518.345000   -0.248057
518.346000   -0.252377
518.347000   -0.258128
518.348000   -0.264993
518.349000   -0.272680
518.350000   -0.280975
518.351000   -0.289748
518.352000   -0.298914
518.353000   -0.308379
518.354000   -0.317996
518.355000   -0.327548
518.356000   -0.336759
518.357000   -0.345336
518.358000   -0.353036
518.359000   -0.359715
518.360000   -0.365327
518.361000   -0.369886
518.362000   -0.373420
518.363000   -0.375959
518.364000   -0.377538
518.365000   -0.378224
518.366000   -0.378129
518.367000   -0.377431
518.368000   -0.376371
518.369000   -0.375245
518.370000   -0.374369
518.371000   -0.374031
518.372000   -0.374455
518.373000   -0.375784
518.374000   -0.378069
518.375000   -0.381280
518.376000   -0.385311
518.377000   -0.390008
518.378000   -0.395185
518.379000   -0.400638
518.380000   -0.406128
518.381000   -0.411369
518.382000   -0.416035
518.383000   -0.419784
518.384000   -0.422293
518.385000   -0.423300
518.386000   -0.422629
518.387000   -0.420206
518.388000   -0.416056
518.389000   -0.410287
518.390000   -0.403066
518.391000   -0.394603
518.392000   -0.385136
518.393000   -0.374926
518.394000   -0.364247
518.395000   -0.353381
518.396000   -0.342605
518.397000   -0.332210
518.398000   -0.322510
518.399000   -0.313845
518.400000   -0.306554
518.401000   -0.300945
518.402000   -0.297256
518.403000   -0.295634
518.404000   -0.296117
518.405000   -0.298643
518.406000   -0.303084
518.407000   -0.309302
518.408000   -0.317174
518.409000   -0.326579
518.410000   -0.337358
518.411000   -0.349277
518.412000   -0.362022
518.413000   -0.375204
518.414000   -0.388388
518.415000   -0.401136
518.416000   -0.413072
518.417000   -0.423917
518.418000   -0.433510
518.419000   -0.441792
518.420000   -0.448783
518.421000   -0.454550
518.422000   -0.459183
518.423000   -0.462789
518.424000   -0.465496
518.425000   -0.467480
518.426000   -0.469000
518.427000   -0.470419
518.428000   -0.472180
518.429000   -0.474729
518.430000   -0.478412
518.431000   -0.483390
518.432000   -0.489584
518.433000   -0.496680
518.434000   -0.504183
518.435000   -0.511522
518.436000   -0.518146
518.437000   -0.523595
518.438000   -0.527517
518.439000   -0.529651
518.440000   -0.529816
518.441000   -0.527903
518.442000   -0.523876
518.443000   -0.517774
518.444000   -0.509710
518.445000   -0.499884
518.446000   -0.488586
518.447000   -0.476181
518.448000   -0.463080
518.449000   -0.449699
518.450000   -0.436404
518.451000   -0.423484
518.452000   -0.411137
518.453000   -0.399476
518.454000   -0.388578
518.455000   -0.378534
518.456000   -0.369503
518.457000   -0.361719
518.458000   -0.355453
518.459000   -0.350951
518.460000   -0.348379
518.461000   -0.347789
518.462000   -0.349118
518.463000   -0.352218
518.464000   -0.356906
518.465000   -0.363011
518.466000   -0.370381
518.467000   -0.378869
518.468000   -0.388288
518.469000   -0.398373
518.470000   -0.408768
518.471000   -0.419043
518.472000   -0.428727
518.473000   -0.437371
518.474000   -0.444593
518.475000   -0.450121
518.476000   -0.453802
518.477000   -0.455594
518.478000   -0.455546
518.479000   -0.453787
518.480000   -0.450521
518.481000   -0.446022
518.482000   -0.440625
518.483000   -0.434716
518.484000   -0.428708
518.485000   -0.423014
518.486000   -0.417989
518.487000   -0.413880
518.488000   -0.410787
518.489000   -0.408660
518.490000   -0.407308
518.491000   -0.406437
518.492000   -0.405700
518.493000   -0.404759
518.494000   -0.403331
518.495000   -0.401208
518.496000   -0.398236
518.497000   -0.394285
518.498000   -0.389240
518.499000   -0.383000
518.500000   -0.375474
518.501000   -0.366600
518.501000   -0.366600
518.502000   -0.356367
518.503000   -0.344850
518.504000   -0.332220
518.505000   -0.318717
518.506000   -0.304609
518.507000   -0.290145
518.508000   -0.275537
518.509000   -0.260954
518.510000   -0.246538
518.511000   -0.232439
518.512000   -0.218868
518.513000   -0.206146
518.514000   -0.194693
518.515000   -0.184973
518.516000   -0.177413
518.517000   -0.172344
518.518000   -0.169971
518.519000   -0.170365
518.520000   -0.173488
518.521000   -0.179233
518.522000   -0.187478
518.523000   -0.198096
518.524000   -0.210911
518.525000   -0.225631
518.526000   -0.241791
518.527000   -0.258766
518.528000   -0.275814
518.529000   -0.292144
518.530000   -0.306996
518.531000   -0.319727
518.532000   -0.329886
518.533000   -0.337255
518.534000   -0.341824
518.535000   -0.343755
518.536000   -0.343343
518.537000   -0.340980
518.538000   -0.337129
518.539000   -0.332288
518.540000   -0.326976
518.541000   -0.321729
518.542000   -0.317091
518.543000   -0.313565
518.544000   -0.311540
518.545000   -0.311231
518.546000   -0.312680
518.547000   -0.315783
518.548000   -0.320330
518.549000   -0.326054
518.550000   -0.332685
518.551000   -0.339997
518.552000   -0.347821
518.553000   -0.356016
518.554000   -0.364437
518.555000   -0.372931
518.556000   -0.381345
518.557000   -0.389538
518.558000   -0.397389
518.559000   -0.404814
518.560000   -0.411790
518.561000   -0.418360
518.562000   -0.424599
518.563000   -0.430557
518.564000   -0.436227
518.565000   -0.441542
518.566000   -0.446401
518.567000   -0.450699
518.568000   -0.454373
518.569000   -0.457443
518.570000   -0.460041
518.571000   -0.462396
518.572000   -0.464777
518.573000   -0.467450
518.574000   -0.470647
518.575000   -0.474551
518.576000   -0.479301
518.577000   -0.484995
518.578000   -0.491720
518.579000   -0.499586
518.580000   -0.508727
518.581000   -0.519258
518.582000   -0.531208
518.583000   -0.544476
518.584000   -0.558810
518.585000   -0.573818
518.586000   -0.588994
518.587000   -0.603786
518.588000   -0.617676
518.589000   -0.630246
518.590000   -0.641187
518.591000   -0.650276
518.592000   -0.657356
518.593000   -0.662329
518.594000   -0.665152
518.595000   -0.665843
518.596000   -0.664490
518.597000   -0.661266
518.598000   -0.656438
518.599000   -0.650326
518.600000   -0.643237
518.601000   -0.635407
518.602000   -0.626985
518.603000   -0.618053
518.604000   -0.608645
518.605000   -0.598777
518.606000   -0.588479
518.607000   -0.577827
518.608000   -0.566960
518.609000   -0.556070
518.610000   -0.545369
518.611000   -0.535059
518.612000   -0.525309
518.613000   -0.516219
518.614000   -0.507791
518.615000   -0.499931
518.616000   -0.492488
518.617000   -0.485315
518.618000   -0.478308
518.619000   -0.471408
518.620000   -0.464569
518.621000   -0.457736
518.622000   -0.450831
518.623000   -0.443753
518.624000   -0.436394
518.625000   -0.428679
518.626000   -0.420617
518.627000   -0.412327
518.628000   -0.404037
518.629000   -0.396033
518.630000   -0.388611
518.631000   -0.382027
518.632000   -0.376468
518.633000   -0.372038
518.634000   -0.368770
518.635000   -0.366656
518.636000   -0.365693
518.637000   -0.365909
518.638000   -0.367344
518.639000   -0.370001
518.640000   -0.373785
518.641000   -0.378470
518.642000   -0.383700
518.643000   -0.389034
518.644000   -0.394016
518.645000   -0.398262
518.646000   -0.401537
518.647000   -0.403802
518.648000   -0.405184
518.649000   -0.405919
518.650000   -0.406277
518.651000   -0.406507
518.652000   -0.406807
518.653000   -0.407304
518.654000   -0.408060
518.655000   -0.409097
518.656000   -0.410432
518.657000   -0.412087
518.658000   -0.414064
518.659000   -0.416303
518.660000   -0.418659
518.661000   -0.420907
518.662000   -0.422769
518.663000   -0.423975
518.664000   -0.424324
518.665000   -0.423756
518.666000   -0.422372
518.667000   -0.420389
518.668000   -0.418056
518.669000   -0.415570
518.670000   -0.413045
518.671000   -0.410499
518.672000   -0.407882
518.673000   -0.405106
518.674000   -0.402103
518.675000   -0.398861
518.676000   -0.395425
518.677000   -0.391854
518.678000   -0.388172
518.679000   -0.384355
518.680000   -0.380345
518.681000   -0.376087
518.682000   -0.371576
518.683000   -0.366885
518.684000   -0.362186
518.685000   -0.357724
518.686000   -0.353780
518.687000   -0.350625
518.688000   -0.348500
518.689000   -0.347607
518.690000   -0.348103
518.691000   -0.350087
518.692000   -0.353595
518.693000   -0.358585
518.694000   -0.364929
518.695000   -0.372425
518.696000   -0.380805
518.697000   -0.389757
518.698000   -0.398944
518.699000   -0.408010
518.700000   -0.416589
518.701000   -0.424310
518.702000   -0.430805
518.703000   -0.435745
518.704000   -0.438876
518.705000   -0.440065
518.706000   -0.439331
518.707000   -0.436851
518.708000   -0.432918
518.709000   -0.427888
518.710000   -0.422084
518.711000   -0.415735
518.712000   -0.408942
518.713000   -0.401714
518.714000   -0.394030
518.715000   -0.385910
518.716000   -0.377453
518.717000   -0.368842
518.718000   -0.360317
518.719000   -0.352134
518.720000   -0.344521
518.721000   -0.337668
518.722000   -0.331745
518.723000   -0.326934
518.724000   -0.323451
518.725000   -0.321547
518.726000   -0.321472
518.727000   -0.323430
518.728000   -0.327508
518.729000   -0.333621
518.730000   -0.341486
518.731000   -0.350642
518.732000   -0.360519
518.733000   -0.370516
518.734000   -0.380082
518.735000   -0.388758
518.736000   -0.396190
518.737000   -0.402116
518.738000   -0.406345
518.739000   -0.408754
518.740000   -0.409293
518.741000   -0.408021
518.742000   -0.405148
518.743000   -0.401052
518.744000   -0.396255
518.745000   -0.391366
518.746000   -0.386987
518.747000   -0.383633
518.748000   -0.381669
518.749000   -0.381285
518.750000   -0.382530
518.751000   -0.385379
518.752000   -0.389789
518.753000   -0.395724
518.754000   -0.403117
518.755000   -0.411820
518.756000   -0.421570
518.757000   -0.431987
518.758000   -0.442620
518.759000   -0.453011
518.760000   -0.462770
518.761000   -0.471618
518.762000   -0.479394
518.763000   -0.486026
518.764000   -0.491478
518.765000   -0.495684
518.766000   -0.498503
518.767000   -0.499703
518.768000   -0.498989
518.769000   -0.496064
518.770000   -0.490708
518.771000   -0.482839
518.772000   -0.472535
518.773000   -0.460008
518.774000   -0.445564
518.775000   -0.429560
518.776000   -0.412377
518.777000   -0.394425
518.778000   -0.376153
518.779000   -0.358066
518.780000   -0.340736
518.781000   -0.324786
518.782000   -0.310835
518.783000   -0.299430
518.784000   -0.290985
518.785000   -0.285745
518.786000   -0.283788
518.787000   -0.285049
518.788000   -0.289340
518.789000   -0.296387
518.790000   -0.305851
518.791000   -0.317334
518.792000   -0.330378
518.793000   -0.344473
518.794000   -0.359084
518.795000   -0.373694
518.796000   -0.387827
518.797000   -0.401063
518.798000   -0.413045
518.799000   -0.423508
518.800000   -0.432304
518.801000   -0.439419
518.802000   -0.444958
518.803000   -0.449120
518.804000   -0.452163
518.805000   -0.454367
518.806000   -0.456017
518.807000   -0.457375
518.808000   -0.458676
518.809000   -0.460127
518.810000   -0.461905
518.811000   -0.464135
518.812000   -0.466875
518.813000   -0.470115
518.814000   -0.473794
518.815000   -0.477815
518.816000   -0.482048
518.817000   -0.486344
518.818000   -0.490567
518.819000   -0.494633
518.820000   -0.498552
518.821000   -0.502418
518.822000   -0.506373
518.823000   -0.510533
518.824000   -0.514895
518.825000   -0.519264
518.826000   -0.523235
518.827000   -0.526273
518.828000   -0.527831
518.829000   -0.527471
518.830000   -0.524912
518.831000   -0.520040
518.832000   -0.512899
518.833000   -0.503658
518.834000   -0.492583
518.835000   -0.480021
518.836000   -0.466403
518.837000   -0.452270
518.838000   -0.438267
518.839000   -0.425101
518.840000   -0.413437
518.841000   -0.403799
518.842000   -0.396499
518.843000   -0.391613
518.844000   -0.389006
518.845000   -0.388417
518.846000   -0.389557
518.847000   -0.392194
518.848000   -0.396185
518.849000   -0.401436
518.850000   -0.407850
518.851000   -0.415282
518.852000   -0.423525
518.853000   -0.432329
518.854000   -0.441447
518.855000   -0.450696
518.856000   -0.460007
518.857000   -0.469441
518.858000   -0.479140
518.859000   -0.489254
518.860000   -0.499858
518.861000   -0.510901
518.862000   -0.522212
518.863000   -0.533553
518.864000   -0.544702
518.865000   -0.555525
518.866000   -0.565997
518.867000   -0.576179
518.868000   -0.586141
518.869000   -0.595910
518.870000   -0.605440
518.871000   -0.614630
518.872000   -0.623362
518.873000   -0.631549
518.874000   -0.639175
518.875000   -0.646316
518.876000   -0.653112
518.877000   -0.659692
518.878000   -0.666094
518.879000   -0.672211
518.880000   -0.677787
518.881000   -0.682462
518.882000   -0.685833
518.883000   -0.687532
518.884000   -0.687306
518.885000   -0.685065
518.886000   -0.680865
518.887000   -0.674845
518.888000   -0.667167
518.889000   -0.658000
518.890000   -0.647528
518.891000   -0.635956
518.892000   -0.623525
518.893000   -0.610524
518.894000   -0.597309
518.895000   -0.584280
518.896000   -0.571807
518.897000   -0.560138
518.898000   -0.549362
518.899000   -0.539432
518.900000   -0.530214
518.901000   -0.521541
518.902000   -0.513259
518.903000   -0.505297
518.904000   -0.497719
518.905000   -0.490707
518.906000   -0.484491
518.907000   -0.479282
518.908000   -0.475236
518.909000   -0.472447
518.910000   -0.470941
518.911000   -0.470676
518.912000   -0.471581
518.913000   -0.473601
518.914000   -0.476709
518.915000   -0.480849
518.916000   -0.485860
518.917000   -0.491448
518.918000   -0.497212
518.919000   -0.502687
518.920000   -0.507405
518.921000   -0.510965
518.922000   -0.513109
518.923000   -0.513773
518.924000   -0.513063
518.925000   -0.511195
518.926000   -0.508442
518.927000   -0.505097
518.928000   -0.501434
518.929000   -0.497670
518.930000   -0.493942
518.931000   -0.490319
518.932000   -0.486840
518.933000   -0.483540
518.934000   -0.480441
518.935000   -0.477528
518.936000   -0.474727
518.937000   -0.471886
518.938000   -0.468768
518.939000   -0.465055
518.940000   -0.460386
518.941000   -0.454435
518.942000   -0.446985
518.943000   -0.437968
518.944000   -0.427456
518.945000   -0.415614
518.946000   -0.402651
518.947000   -0.388756
518.948000   -0.374058
518.949000   -0.358598
518.950000   -0.342361
518.951000   -0.325331
518.952000   -0.307552
518.953000   -0.289157
518.954000   -0.270340
518.955000   -0.251330
518.956000   -0.232349
518.957000   -0.213588
518.958000   -0.195203
518.959000   -0.177322
518.960000   -0.160097
518.961000   -0.143744
518.962000   -0.128570
518.963000   -0.114943
518.964000   -0.103248
518.965000   -0.093825
518.966000   -0.086929
518.967000   -0.082694
518.968000   -0.081140
518.969000   -0.082202
518.970000   -0.085778
518.971000   -0.091764
518.972000   -0.100042
518.973000   -0.110453
518.974000   -0.122760
518.975000   -0.136612
518.976000   -0.151544
518.977000   -0.167016
518.978000   -0.182495
518.979000   -0.197545
518.980000   -0.211897
518.981000   -0.225453
518.982000   -0.238258
518.983000   -0.250439
518.984000   -0.262148
518.985000   -0.273495
518.986000   -0.284537
518.987000   -0.295284
518.988000   -0.305737
518.989000   -0.315895
518.990000   -0.325737
518.991000   -0.335196
518.992000   -0.344160
518.993000   -0.352488
518.994000   -0.360014
518.995000   -0.366565
518.996000   -0.372006
518.997000   -0.376304
518.998000   -0.379563
518.999000   -0.382018
519.000000   -0.383980
519.001000   -0.385784
519.001000   -0.385784
519.002000   -0.387758
519.003000   -0.390190
519.004000   -0.393284
519.005000   -0.397138
519.006000   -0.401745
519.007000   -0.407012
519.008000   -0.412766
519.009000   -0.418752
519.010000   -0.424638
519.011000   -0.430047
519.012000   -0.434610
519.013000   -0.438011
519.014000   -0.440020
519.015000   -0.440529
519.016000   -0.439581
519.017000   -0.437365
519.018000   -0.434176
519.019000   -0.430363
519.020000   -0.426279
519.021000   -0.422266
519.022000   -0.418661
519.023000   -0.415804
519.024000   -0.414029
519.025000   -0.413635
519.026000   -0.414855
519.027000   -0.417810
519.028000   -0.422492
519.029000   -0.428767
519.030000   -0.436445
519.031000   -0.445376
519.032000   -0.455495
519.033000   -0.466793
519.034000   -0.479245
519.035000   -0.492774
519.036000   -0.507231
519.037000   -0.522396
519.038000   -0.538001
519.039000   -0.553780
519.040000   -0.569508
519.041000   -0.585009
519.042000   -0.600124
519.043000   -0.614700
519.044000   -0.628602
519.045000   -0.641702
519.046000   -0.653872
519.047000   -0.664976
519.048000   -0.674877
519.049000   -0.683428
519.050000   -0.690485
519.051000   -0.695934
519.052000   -0.699737
519.053000   -0.701965
519.054000   -0.702776
519.055000   -0.702366
519.056000   -0.700916
519.057000   -0.698566
519.058000   -0.695408
519.059000   -0.691502
519.060000   -0.686919
519.061000   -0.681777
519.062000   -0.676255
519.063000   -0.670558
519.064000   -0.664857
519.065000   -0.659224
519.066000   -0.653624
519.067000   -0.647936
519.068000   -0.642006
519.069000   -0.635717
519.070000   -0.629024
519.071000   -0.621972
519.072000   -0.614684
519.073000   -0.607323
519.074000   -0.600054
519.075000   -0.593006
519.076000   -0.586254
519.077000   -0.579817
519.078000   -0.573665
519.079000   -0.567742
519.080000   -0.561992
519.081000   -0.556396
519.082000   -0.550966
519.083000   -0.545727
519.084000   -0.540689
519.085000   -0.535837
519.086000   -0.531132
519.087000   -0.526526
519.088000   -0.521977
519.089000   -0.517480
519.090000   -0.513098
519.091000   -0.508969
519.092000   -0.505265
519.093000   -0.502130
519.094000   -0.499642
519.095000   -0.497790
519.096000   -0.496474
519.097000   -0.495506
519.098000   -0.494656
519.099000   -0.493724
519.100000   -0.492596
519.101000   -0.491218
519.102000   -0.489554
519.103000   -0.487564
519.104000   -0.485215
519.105000   -0.482490
519.106000   -0.479383
519.107000   -0.475901
519.108000   -0.472103
519.109000   -0.468160
519.110000   -0.464359
519.111000   -0.461050
519.112000   -0.458576
519.113000   -0.457218
519.114000   -0.457128
519.115000   -0.458285
519.116000   -0.460473
519.117000   -0.463356
519.118000   -0.466614
519.119000   -0.470023
519.120000   -0.473401
519.121000   -0.476524
519.122000   -0.479090
519.123000   -0.480741
519.124000   -0.481093
519.125000   -0.479780
519.126000   -0.476526
519.127000   -0.471255
519.128000   -0.464160
519.129000   -0.455651
519.130000   -0.446223
519.131000   -0.436342
519.132000   -0.426390
519.133000   -0.416623
519.134000   -0.407160
519.135000   -0.398010
519.136000   -0.389160
519.137000   -0.380674
519.138000   -0.372718
519.139000   -0.365517
519.140000   -0.359301
519.141000   -0.354267
519.142000   -0.350567
519.143000   -0.348284
519.144000   -0.347424
519.145000   -0.347955
519.146000   -0.349877
519.147000   -0.353270
519.148000   -0.358253
519.149000   -0.364888
519.150000   -0.373110
519.151000   -0.382680
519.152000   -0.393180
519.153000   -0.404037
519.154000   -0.414608
519.155000   -0.424321
519.156000   -0.432786
519.157000   -0.439789
519.158000   -0.445213
519.159000   -0.448969
519.160000   -0.450988
519.161000   -0.451220
519.162000   -0.449644
519.163000   -0.446305
519.164000   -0.441379
519.165000   -0.435228
519.166000   -0.428358
519.167000   -0.421306
519.168000   -0.414535
519.169000   -0.408391
519.170000   -0.403091
519.171000   -0.398728
519.172000   -0.395284
519.173000   -0.392686
519.174000   -0.390863
519.175000   -0.389767
519.176000   -0.389358
519.177000   -0.389587
519.178000   -0.390401
519.179000   -0.391727
519.180000   -0.393437
519.181000   -0.395331
519.182000   -0.397169
519.183000   -0.398729
519.184000   -0.399880
519.185000   -0.400587
519.186000   -0.400878
519.187000   -0.400803
519.188000   -0.400387
519.189000   -0.399565
519.190000   -0.398154
519.191000   -0.395878
519.192000   -0.392457
519.193000   -0.387729
519.194000   -0.381722
519.195000   -0.374647
519.196000   -0.366859
519.197000   -0.358802
519.198000   -0.350936
519.199000   -0.343657
519.200000   -0.337276
519.201000   -0.332051
519.202000   -0.328284
519.203000   -0.326383
519.204000   -0.326844
519.205000   -0.330139
519.206000   -0.336607
519.207000   -0.346346
519.208000   -0.359166
519.209000   -0.374594
519.210000   -0.391958
519.211000   -0.410523
519.212000   -0.429627
519.213000   -0.448747
519.214000   -0.467448
519.215000   -0.485305
519.216000   -0.501844
519.217000   -0.516550
519.218000   -0.528909
519.219000   -0.538497
519.220000   -0.545069
519.221000   -0.548645
519.222000   -0.549500
519.223000   -0.548067
519.224000   -0.544790
519.225000   -0.540031
519.226000   -0.534052
519.227000   -0.527033
519.228000   -0.519121
519.229000   -0.510482
519.230000   -0.501365
519.231000   -0.492104
519.232000   -0.483079
519.233000   -0.474643
519.234000   -0.467078
519.235000   -0.460559
519.236000   -0.455138
519.237000   -0.450759
519.238000   -0.447312
519.239000   -0.444695
519.240000   -0.442838
519.241000   -0.441690
519.242000   -0.441163
519.243000   -0.441089
519.244000   -0.441181
519.245000   -0.441038
519.246000   -0.440200
519.247000   -0.438240
519.248000   -0.434853
519.249000   -0.429919
519.250000   -0.423517
519.251000   -0.415884
519.252000   -0.407316
519.253000   -0.398072
519.254000   -0.388345
519.255000   -0.378314
519.256000   -0.368220
519.257000   -0.358422
519.258000   -0.349429
519.259000   -0.341852
519.260000   -0.336303
519.261000   -0.333251
519.262000   -0.332944
519.263000   -0.335419
519.264000   -0.340584
519.265000   -0.348296
519.266000   -0.358410
519.267000   -0.370790
519.268000   -0.385281
519.269000   -0.401666
519.270000   -0.419619
519.271000   -0.438687
519.272000   -0.458279
519.273000   -0.477707
519.274000   -0.496279
519.275000   -0.513415
519.276000   -0.528714
519.277000   -0.541970
519.278000   -0.553119
519.279000   -0.562140
519.280000   -0.568938
519.281000   -0.573288
519.282000   -0.574907
519.283000   -0.573599
519.284000   -0.569370
519.285000   -0.562463
519.286000   -0.553329
519.287000   -0.542549
519.288000   -0.530727
519.289000   -0.518426
519.290000   -0.506174
519.291000   -0.494488
519.292000   -0.483866
519.293000   -0.474744
519.294000   -0.467476
519.295000   -0.462311
519.296000   -0.459360
519.297000   -0.458566
519.298000   -0.459704
519.299000   -0.462423
519.300000   -0.466286
519.301000   -0.470787
519.302000   -0.475372
519.303000   -0.479498
519.304000   -0.482676
519.305000   -0.484490
519.306000   -0.484613
519.307000   -0.482823
519.308000   -0.478996
519.309000   -0.473082
519.310000   -0.465086
519.311000   -0.455123
519.312000   -0.443461
519.313000   -0.430527
519.314000   -0.416857
519.315000   -0.403019
519.316000   -0.389544
519.317000   -0.376871
519.318000   -0.365324
519.319000   -0.355175
519.320000   -0.346707
519.321000   -0.340250
519.322000   -0.336160
519.323000   -0.334755
519.324000   -0.336230
519.325000   -0.340605
519.326000   -0.347710
519.327000   -0.357235
519.328000   -0.368820
519.329000   -0.382104
519.330000   -0.396729
519.331000   -0.412336
519.332000   -0.428573
519.333000   -0.445062
519.334000   -0.461360
519.335000   -0.476968
519.336000   -0.491360
519.337000   -0.503998
519.338000   -0.514352
519.339000   -0.521966
519.340000   -0.526568
519.341000   -0.528115
519.342000   -0.526752
519.343000   -0.522749
519.344000   -0.516450
519.345000   -0.508241
519.346000   -0.498521
519.347000   -0.487724
519.348000   -0.476378
519.349000   -0.465123
519.350000   -0.454669
519.351000   -0.445713
519.352000   -0.438828
519.353000   -0.434370
519.354000   -0.432434
519.355000   -0.432858
519.356000   -0.435297
519.357000   -0.439312
519.358000   -0.444435
519.359000   -0.450234
519.360000   -0.456367
519.361000   -0.462559
519.362000   -0.468537
519.363000   -0.474016
519.364000   -0.478707
519.365000   -0.482319
519.366000   -0.484520
519.367000   -0.484923
519.368000   -0.483215
519.369000   -0.479356
519.370000   -0.473626
519.371000   -0.466492
519.372000   -0.458472
519.373000   -0.450040
519.374000   -0.441531
519.375000   -0.433031
519.376000   -0.424361
519.377000   -0.415275
519.378000   -0.405794
519.379000   -0.396344
519.380000   -0.387580
519.381000   -0.380146
519.382000   -0.374532
519.383000   -0.370998
519.384000   -0.369515
519.385000   -0.369766
519.386000   -0.371257
519.387000   -0.373574
519.388000   -0.376597
519.389000   -0.380429
519.390000   -0.385150
519.391000   -0.390657
519.392000   -0.396618
519.393000   -0.402491
519.394000   -0.407572
519.395000   -0.411091
519.396000   -0.412406
519.397000   -0.411239
519.398000   -0.407719
519.399000   -0.402178
519.400000   -0.394959
519.401000   -0.386328
519.402000   -0.376469
519.403000   -0.365501
519.404000   -0.353521
519.405000   -0.340657
519.406000   -0.327211
519.407000   -0.313765
519.408000   -0.301058
519.409000   -0.289731
519.410000   -0.280180
519.411000   -0.272531
519.412000   -0.266684
519.413000   -0.262372
519.414000   -0.259219
519.415000   -0.256889
519.416000   -0.255349
519.417000   -0.254900
519.418000   -0.255918
519.419000   -0.258629
519.420000   -0.263044
519.421000   -0.268978
519.422000   -0.276050
519.423000   -0.283678
519.424000   -0.291203
519.425000   -0.298236
519.426000   -0.304939
519.427000   -0.311830
519.428000   -0.319396
519.429000   -0.327885
519.430000   -0.337256
519.431000   -0.347180
519.432000   -0.357055
519.433000   -0.366144
519.434000   -0.373908
519.435000   -0.380399
519.436000   -0.386190
519.437000   -0.391963
519.438000   -0.398229
519.439000   -0.405276
519.440000   -0.413181
519.441000   -0.421815
519.442000   -0.430851
519.443000   -0.439901
519.444000   -0.448849
519.445000   -0.458002
519.446000   -0.467794
519.447000   -0.478417
519.448000   -0.489714
519.449000   -0.501217
519.450000   -0.512221
519.451000   -0.521848
519.452000   -0.529170
519.453000   -0.533480
519.454000   -0.534559
519.455000   -0.532608
519.456000   -0.527960
519.457000   -0.520944
519.458000   -0.511880
519.459000   -0.501102
519.460000   -0.488929
519.461000   -0.475626
519.462000   -0.461481
519.463000   -0.446996
519.464000   -0.432935
519.465000   -0.420076
519.466000   -0.408966
519.467000   -0.399882
519.468000   -0.392871
519.469000   -0.387788
519.470000   -0.384313
519.471000   -0.382021
519.472000   -0.380595
519.473000   -0.380003
519.474000   -0.380410
519.475000   -0.381952
519.476000   -0.384671
519.477000   -0.388542
519.478000   -0.393494
519.479000   -0.399379
519.480000   -0.405973
519.481000   -0.413091
519.482000   -0.420795
519.483000   -0.429430
519.484000   -0.439392
519.485000   -0.450926
519.486000   -0.464078
519.487000   -0.478693
519.488000   -0.494403
519.489000   -0.510637
519.490000   -0.526729
519.491000   -0.542177
519.492000   -0.556864
519.493000   -0.570985
519.494000   -0.584821
519.495000   -0.598605
519.496000   -0.612466
519.497000   -0.626388
519.498000   -0.640161
519.499000   -0.653396
519.500000   -0.665677
519.501000   -0.676811
519.501000   -0.676811
519.502000   -0.686908
519.503000   -0.696168
519.504000   -0.704656
519.505000   -0.712227
519.506000   -0.718546
519.507000   -0.723132
519.508000   -0.725401
519.509000   -0.724790
519.510000   -0.721006
519.511000   -0.714223
519.512000   -0.704958
519.513000   -0.693783
519.514000   -0.681143
519.515000   -0.667313
519.516000   -0.652407
519.517000   -0.636381
519.518000   -0.619088
519.519000   -0.600478
519.520000   -0.580857
519.521000   -0.560883
519.522000   -0.541288
519.523000   -0.522630
519.524000   -0.505221
519.525000   -0.489161
519.526000   -0.474362
519.527000   -0.460600
519.528000   -0.447639
519.529000   -0.435432
519.530000   -0.424178
519.531000   -0.414151
519.532000   -0.405509
519.533000   -0.398245
519.534000   -0.392211
519.535000   -0.387145
519.536000   -0.382700
519.537000   -0.378512
519.538000   -0.374294
519.539000   -0.369876
519.540000   -0.365168
519.541000   -0.360132
519.542000   -0.354800
519.543000   -0.349227
519.544000   -0.343422
519.545000   -0.337333
519.546000   -0.330875
519.547000   -0.323977
519.548000   -0.316640
519.549000   -0.308998
519.550000   -0.301409
519.551000   -0.294461
519.552000   -0.288786
519.553000   -0.284845
519.554000   -0.282844
519.555000   -0.282751
519.556000   -0.284373
519.557000   -0.287458
519.558000   -0.291802
519.559000   -0.297301
519.560000   -0.303903
519.561000   -0.311442
519.562000   -0.319524
519.563000   -0.327555
519.564000   -0.334850
519.565000   -0.340766
519.566000   -0.344831
519.567000   -0.346828
519.568000   -0.346783
519.569000   -0.344833
519.570000   -0.341106
519.571000   -0.335702
519.572000   -0.328744
519.573000   -0.320412
519.574000   -0.310958
519.575000   -0.300707
519.576000   -0.290048
519.577000   -0.279389
519.578000   -0.269102
519.579000   -0.259506
519.580000   -0.250883
519.581000   -0.243472
519.582000   -0.237453
519.583000   -0.232935
519.584000   -0.229945
519.585000   -0.228431
519.586000   -0.228265
519.587000   -0.229304
519.588000   -0.231461
519.589000   -0.234727
519.590000   -0.239104
519.591000   -0.244551
519.592000   -0.250975
519.593000   -0.258216
519.594000   -0.266030
519.595000   -0.274091
519.596000   -0.282036
519.597000   -0.289569
519.598000   -0.296535
519.599000   -0.302887
519.600000   -0.308644
519.601000   -0.313868
519.602000   -0.318644
519.603000   -0.323049
519.604000   -0.327121
519.605000   -0.330874
519.606000   -0.334404
519.607000   -0.337971
519.608000   -0.341964
519.609000   -0.346808
519.610000   -0.352900
519.611000   -0.360556
519.612000   -0.369955
519.613000   -0.381091
519.614000   -0.393779
519.615000   -0.407765
519.616000   -0.422851
519.617000   -0.438916
519.618000   -0.455877
519.619000   -0.473650
519.620000   -0.492122
519.621000   -0.511123
519.622000   -0.530412
519.623000   -0.549675
519.624000   -0.568545
519.625000   -0.586632
519.626000   -0.603561
519.627000   -0.619027
519.628000   -0.632833
519.629000   -0.644862
519.630000   -0.655001
519.631000   -0.663082
519.632000   -0.668850
519.633000   -0.671987
519.634000   -0.672220
519.635000   -0.669464
519.636000   -0.663902
519.637000   -0.655949
519.638000   -0.646173
519.639000   -0.635176
519.640000   -0.623482
519.641000   -0.611466
519.642000   -0.599338
519.643000   -0.587240
519.644000   -0.575411
519.645000   -0.564226
519.646000   -0.554113
519.647000   -0.545468
519.648000   -0.538576
519.649000   -0.533536
519.650000   -0.530221
519.651000   -0.528292
519.652000   -0.527296
519.653000   -0.526826
519.654000   -0.526614
519.655000   -0.526500
519.656000   -0.526377
519.657000   -0.526132
519.658000   -0.525575
519.659000   -0.524414
519.660000   -0.522278
519.661000   -0.518778
519.662000   -0.513604
519.663000   -0.506590
519.664000   -0.497750
519.665000   -0.487299
519.666000   -0.475620
519.667000   -0.463150
519.668000   -0.450264
519.669000   -0.437226
519.670000   -0.424170
519.671000   -0.411106
519.672000   -0.397961
519.673000   -0.384664
519.674000   -0.371260
519.675000   -0.357948
519.676000   -0.345000
519.677000   -0.332660
519.678000   -0.321094
519.679000   -0.310385
519.680000   -0.300547
519.681000   -0.291573
519.682000   -0.283490
519.683000   -0.276410
519.684000   -0.270571
519.685000   -0.266304
519.686000   -0.263914
519.687000   -0.263576
519.688000   -0.265287
519.689000   -0.268838
519.690000   -0.273830
519.691000   -0.279712
519.692000   -0.285858
519.693000   -0.291732
519.694000   -0.296996
519.695000   -0.301474
519.696000   -0.305080
519.697000   -0.307785
519.698000   -0.309603
519.699000   -0.310560
519.700000   -0.310640
519.701000   -0.309774
519.702000   -0.307951
519.703000   -0.305374
519.704000   -0.302474
519.705000   -0.299787
519.706000   -0.297831
519.707000   -0.297032
519.708000   -0.297663
519.709000   -0.299803
519.710000   -0.303352
519.711000   -0.308158
519.712000   -0.314229
519.713000   -0.321823
519.714000   -0.331300
519.715000   -0.342948
519.716000   -0.356895
519.717000   -0.373070
519.718000   -0.391177
519.719000   -0.410671
519.720000   -0.430806
519.721000   -0.450875
519.722000   -0.470460
519.723000   -0.489381
519.724000   -0.507454
519.725000   -0.524367
519.726000   -0.539678
519.727000   -0.552834
519.728000   -0.563173
519.729000   -0.569962
519.730000   -0.572630
519.731000   -0.571102
519.732000   -0.565873
519.733000   -0.557735
519.734000   -0.547544
519.735000   -0.536116
519.736000   -0.524151
519.737000   -0.512154
519.738000   -0.500392
519.739000   -0.488989
519.740000   -0.478221
519.741000   -0.468685
519.742000   -0.461105
519.743000   -0.456027
519.744000   -0.453696
519.745000   -0.454044
519.746000   -0.456705
519.747000   -0.461052
519.748000   -0.466319
519.749000   -0.471857
519.750000   -0.477371
519.751000   -0.482843
519.752000   -0.488272
519.753000   -0.493537
519.754000   -0.498399
519.755000   -0.502545
519.756000   -0.505617
519.757000   -0.507251
519.758000   -0.507168
519.759000   -0.505350
519.760000   -0.502064
519.761000   -0.497673
519.762000   -0.492477
519.763000   -0.486676
519.764000   -0.480390
519.765000   -0.473666
519.766000   -0.466462
519.767000   -0.458692
519.768000   -0.450364
519.769000   -0.441726
519.770000   -0.433204
519.771000   -0.425243
519.772000   -0.418222
519.773000   -0.412433
519.774000   -0.408058
519.775000   -0.405128
519.776000   -0.403506
519.777000   -0.403014
519.778000   -0.403688
519.779000   -0.405837
519.780000   -0.409783
519.781000   -0.415613
519.782000   -0.423117
519.783000   -0.431825
519.784000   -0.441066
519.785000   -0.450011
519.786000   -0.457813
519.787000   -0.463884
519.788000   -0.468123
519.789000   -0.470735
519.790000   -0.471913
519.791000   -0.471724
519.792000   -0.470182
519.793000   -0.467313
519.794000   -0.463167
519.795000   -0.457822
519.796000   -0.451463
519.797000   -0.444500
519.798000   -0.437492
519.799000   -0.430911
519.800000   -0.425034
519.801000   -0.419974
519.802000   -0.415722
519.803000   -0.412159
519.804000   -0.409049
519.805000   -0.406088
519.806000   -0.403060
519.807000   -0.400000
519.808000   -0.397166
519.809000   -0.394884
519.810000   -0.393397
519.811000   -0.392782
519.812000   -0.392921
519.813000   -0.393479
519.814000   -0.393933
519.815000   -0.393709
519.816000   -0.392438
519.817000   -0.390132
519.818000   -0.387064
519.819000   -0.383535
519.820000   -0.379744
519.821000   -0.375758
519.822000   -0.371521
519.823000   -0.366869
519.824000   -0.361587
519.825000   -0.355563
519.826000   -0.348961
519.827000   -0.342211
519.828000   -0.335827
519.829000   -0.330256
519.830000   -0.325808
519.831000   -0.322643
519.832000   -0.320747
519.833000   -0.319926
519.834000   -0.319881
519.835000   -0.320386
519.836000   -0.321451
519.837000   -0.323267
519.838000   -0.326022
519.839000   -0.329767
519.840000   -0.334371
519.841000   -0.339518
519.842000   -0.344708
519.843000   -0.349312
519.844000   -0.352732
519.845000   -0.354648
519.846000   -0.355144
519.847000   -0.354586
519.848000   -0.353410
519.849000   -0.351987
519.850000   -0.350571
519.851000   -0.349263
519.852000   -0.347988
519.853000   -0.346530
519.854000   -0.344659
519.855000   -0.342286
519.856000   -0.339489
519.857000   -0.336402
519.858000   -0.333120
519.859000   -0.329688
519.860000   -0.326119
519.861000   -0.322401
519.862000   -0.318486
519.863000   -0.314319
519.864000   -0.309912
519.865000   -0.305419
519.866000   -0.301094
519.867000   -0.297184
519.868000   -0.293847
519.869000   -0.291137
519.870000   -0.288988
519.871000   -0.287204
519.872000   -0.285469
519.873000   -0.283429
519.874000   -0.280857
519.875000   -0.277769
519.876000   -0.274356
519.877000   -0.270847
519.878000   -0.267430
519.879000   -0.264229
519.880000   -0.261291
519.881000   -0.258591
519.882000   -0.256079
519.883000   -0.253799
519.884000   -0.252016
519.885000   -0.251183
519.886000   -0.251810
519.887000   -0.254336
519.888000   -0.259067
519.889000   -0.266164
519.890000   -0.275634
519.891000   -0.287345
519.892000   -0.301064
519.893000   -0.316549
519.894000   -0.333602
519.895000   -0.352014
519.896000   -0.371460
519.897000   -0.391476
519.898000   -0.411492
519.899000   -0.430904
519.900000   -0.449126
519.901000   -0.465640
519.902000   -0.480068
519.903000   -0.492243
519.904000   -0.502232
519.905000   -0.510244
519.906000   -0.516531
519.907000   -0.521326
519.908000   -0.524806
519.909000   -0.527060
519.910000   -0.528065
519.911000   -0.527717
519.912000   -0.525957
519.913000   -0.522936
519.914000   -0.519027
519.915000   -0.514683
519.916000   -0.510311
519.917000   -0.506210
519.918000   -0.502558
519.919000   -0.499406
519.920000   -0.496719
519.921000   -0.494457
519.922000   -0.492678
519.923000   -0.491555
519.924000   -0.491287
519.925000   -0.491987
519.926000   -0.493614
519.927000   -0.495968
519.928000   -0.498719
519.929000   -0.501448
519.930000   -0.503677
519.931000   -0.504918
519.932000   -0.504752
519.933000   -0.502916
519.934000   -0.499324
519.935000   -0.494041
519.936000   -0.487249
519.937000   -0.479221
519.938000   -0.470274
519.939000   -0.460705
519.940000   -0.450728
519.941000   -0.440495
519.942000   -0.430198
519.943000   -0.420157
519.944000   -0.410792
519.945000   -0.402524
519.946000   -0.395690
519.947000   -0.390494
519.948000   -0.386970
519.949000   -0.385004
519.950000   -0.384431
519.951000   -0.385182
519.952000   -0.387339
519.953000   -0.391046
519.954000   -0.396381
519.955000   -0.403285
519.956000   -0.411555
519.957000   -0.420863
519.958000   -0.430797
519.959000   -0.440918
519.960000   -0.450832
519.961000   -0.460222
