516.968000   -0.629985
516.969000   -0.637771
516.970000   -0.646686
516.971000   -0.656589
516.972000   -0.667170
516.973000   -0.677942
516.974000   -0.688315
516.975000   -0.697690
516.976000   -0.705523
516.977000   -0.711401
516.978000   -0.715108
516.979000   -0.716612
516.980000   -0.715987
516.981000   -0.713331
516.982000   -0.708723
516.983000   -0.702248
516.984000   -0.694078
516.985000   -0.684471
516.986000   -0.673683
516.987000   -0.661958
516.988000   -0.649586
516.989000   -0.636908
516.990000   -0.624217
516.991000   -0.611674
516.992000   -0.599321
516.993000   -0.587236
516.994000   -0.575576
516.995000   -0.564446
516.996000   -0.553891
516.997000   -0.544049
516.998000   -0.535182
516.999000   -0.527502
517.000000   -0.521028
517.001000   -0.515583
517.001000   -0.515583
517.002000   -0.510981
517.003000   -0.507117
517.004000   -0.503837
517.005000   -0.500875
517.006000   -0.498002
517.007000   -0.495093
517.008000   -0.492018
517.009000   -0.488554
517.010000   -0.484421
517.011000   -0.479418
517.012000   -0.473534
517.013000   -0.466843
517.014000   -0.459437
517.015000   -0.451543
517.016000   -0.443576
517.017000   -0.436002
517.018000   -0.429210
517.019000   -0.423475
517.020000   -0.418978
517.021000   -0.415821
517.022000   -0.414018
517.023000   -0.413562
517.024000   -0.414630
517.025000   -0.417566
517.026000   -0.422604
517.027000   -0.429687
517.028000   -0.438445
517.029000   -0.448270
517.030000   -0.458465
517.031000   -0.468380
517.032000   -0.477494
517.033000   -0.485586
517.034000   -0.492741
517.035000   -0.499113
517.036000   -0.504763
517.037000   -0.509655
517.038000   -0.513705
517.039000   -0.516867
517.040000   -0.519157
517.041000   -0.520592
517.042000   -0.521272
517.043000   -0.521503
517.044000   -0.521662
517.045000   -0.521993
517.046000   -0.522568
517.047000   -0.523328
517.048000   -0.524141
517.049000   -0.524838
517.050000   -0.525176
517.051000   -0.524927
517.052000   -0.524151
517.053000   -0.523230
517.054000   -0.522600
517.055000   -0.522568
517.056000   -0.523289
517.057000   -0.524780
517.058000   -0.526914
517.059000   -0.529383
517.060000   -0.531719
517.061000   -0.533510
517.062000   -0.534617
517.063000   -0.535046
517.064000   -0.534727
517.065000   -0.533499
517.066000   -0.531199
517.067000   -0.527778
517.068000   -0.523315
517.069000   -0.517902
517.070000   -0.511611
517.071000   -0.504694
517.072000   -0.497682
517.073000   -0.491165
517.074000   -0.485596
517.075000   -0.481292
517.076000   -0.478495
517.077000   -0.477358
517.078000   -0.477810
517.079000   -0.479487
517.080000   -0.481943
517.081000   -0.485032
517.082000   -0.488878
517.083000   -0.493549
517.084000   -0.498928
517.085000   -0.504782
517.086000   -0.510828
517.087000   -0.516733
517.088000   -0.522087
517.089000   -0.526455
517.090000   -0.529577
517.091000   -0.531523
517.092000   -0.532535
517.093000   -0.532859
517.094000   -0.532735
517.095000   -0.532437
517.096000   -0.532235
517.097000   -0.532290
517.098000   -0.532565
517.099000   -0.532939
517.100000   -0.533543
517.101000   -0.534850
517.102000   -0.537370
517.103000   -0.541423
517.104000   -0.547134
517.105000   -0.554471
517.106000   -0.563210
517.107000   -0.572881
517.108000   -0.582840
517.109000   -0.592623
517.110000   -0.602312
517.111000   -0.612313
517.112000   -0.622944
517.113000   -0.634336
517.114000   -0.646485
517.115000   -0.659263
517.116000   -0.672384
517.117000   -0.685404
517.118000   -0.697860
517.119000   -0.709550
517.120000   -0.720591
517.121000   -0.731144
517.122000   -0.741237
517.123000   -0.750797
517.124000   -0.759688
517.125000   -0.767704
517.126000   -0.774543
517.127000   -0.779835
517.128000   -0.783351
517.129000   -0.785228
517.130000   -0.785839
517.131000   -0.785550
517.132000   -0.784710
517.133000   -0.783683
517.134000   -0.782739
517.135000   -0.781923
517.136000   -0.781016
517.137000   -0.779727
517.138000   -0.778052
517.139000   -0.776274
517.140000   -0.774606
517.141000   -0.773135
517.142000   -0.771948
517.143000   -0.771062
517.144000   -0.770244
517.145000   -0.768962
517.146000   -0.766525
517.147000   -0.762436
517.148000   -0.756636
517.149000   -0.749322
517.150000   -0.740748
517.151000   -0.731243
517.152000   -0.721155
517.153000   -0.710708
517.154000   -0.699931
517.155000   -0.688701
517.156000   -0.676931
517.157000   -0.664834
517.158000   -0.652906
517.159000   -0.641647
517.160000   -0.631398
517.161000   -0.622336
517.162000   -0.614494
517.163000   -0.607749
517.164000   -0.601828
517.165000   -0.596417
517.166000   -0.591431
517.167000   -0.587142
517.168000   -0.583963
517.169000   -0.582256
517.170000   -0.582337
517.171000   -0.584423
517.172000   -0.588513
517.173000   -0.594328
517.174000   -0.601381
517.175000   -0.609180
517.176000   -0.617475
517.177000   -0.626198
517.178000   -0.635232
517.179000   -0.644356
517.180000   -0.653255
517.181000   -0.661461
517.182000   -0.668379
517.183000   -0.673388
517.184000   -0.675971
517.185000   -0.675872
517.186000   -0.673141
517.187000   -0.668027
517.188000   -0.660891
517.189000   -0.652144
517.190000   -0.642168
517.191000   -0.631300
517.192000   -0.619851
517.193000   -0.608120
517.194000   -0.596412
517.195000   -0.585052
517.196000   -0.574338
517.197000   -0.564412
517.198000   -0.555192
517.199000   -0.546416
517.200000   -0.537757
517.201000   -0.528892
517.202000   -0.519560
517.203000   -0.509618
517.204000   -0.499093
517.205000   -0.488190
517.206000   -0.477213
517.207000   -0.466474
517.208000   -0.456226
517.209000   -0.446649
517.210000   -0.437889
517.211000   -0.430084
517.212000   -0.423392
517.213000   -0.418016
517.214000   -0.414206
517.215000   -0.412213
517.216000   -0.412157
517.217000   -0.413926
517.218000   -0.417243
517.219000   -0.421816
517.220000   -0.427414
517.221000   -0.433908
517.222000   -0.441290
517.223000   -0.449652
517.224000   -0.459138
517.225000   -0.469854
517.226000   -0.481866
517.227000   -0.495232
517.228000   -0.509975
517.229000   -0.526060
517.230000   -0.543400
517.231000   -0.561871
517.232000   -0.581277
517.233000   -0.601310
517.234000   -0.621488
517.235000   -0.641221
517.236000   -0.659929
517.237000   -0.677047
517.238000   -0.691995
517.239000   -0.704232
517.240000   -0.713341
517.241000   -0.719065
517.242000   -0.721307
517.243000   -0.720090
517.244000   -0.715558
517.245000   -0.708064
517.246000   -0.698154
517.247000   -0.686436
517.248000   -0.673517
517.249000   -0.660000
517.250000   -0.646459
517.251000   -0.633371
517.252000   -0.621036
517.253000   -0.609526
517.254000   -0.598806
517.255000   -0.588925
517.256000   -0.579974
517.257000   -0.571991
517.258000   -0.564967
517.259000   -0.558869
517.260000   -0.553634
517.261000   -0.549133
517.262000   -0.545159
517.263000   -0.541519
517.264000   -0.538236
517.265000   -0.535535
517.266000   -0.533646
517.267000   -0.532742
517.268000   -0.532945
517.269000   -0.534329
517.270000   -0.536897
517.271000   -0.540535
517.272000   -0.545023
517.273000   -0.550172
517.274000   -0.555979
517.275000   -0.562507
517.276000   -0.569770
517.277000   -0.577741
517.278000   -0.586376
517.279000   -0.595602
517.280000   -0.605299
517.281000   -0.615291
517.282000   -0.625410
517.283000   -0.635556
517.284000   -0.645612
517.285000   -0.655405
517.286000   -0.664791
517.287000   -0.673702
517.288000   -0.682135
517.289000   -0.690103
517.290000   -0.697594
517.291000   -0.704491
517.292000   -0.710520
517.293000   -0.715301
517.294000   -0.718473
517.295000   -0.719784
517.296000   -0.719108
517.297000   -0.716400
517.298000   -0.711641
517.299000   -0.704794
517.300000   -0.695802
517.301000   -0.684685
517.302000   -0.671654
517.303000   -0.657025
517.304000   -0.641126
517.305000   -0.624296
517.306000   -0.606886
517.307000   -0.589229
517.308000   -0.571596
517.309000   -0.554187
517.310000   -0.537166
517.311000   -0.520660
517.312000   -0.504705
517.313000   -0.489275
517.314000   -0.474434
517.315000   -0.460410
517.316000   -0.447535
517.317000   -0.436153
517.318000   -0.426570
517.319000   -0.419004
517.320000   -0.413530
517.321000   -0.410070
517.322000   -0.408461
517.323000   -0.408575
517.324000   -0.410379
517.325000   -0.413886
517.326000   -0.419091
517.327000   -0.425930
517.328000   -0.434257
517.329000   -0.443829
517.330000   -0.454312
517.331000   -0.465315
517.332000   -0.476483
517.333000   -0.487646
517.334000   -0.498881
517.335000   -0.510398
517.336000   -0.522408
517.337000   -0.535050
517.338000   -0.548318
517.339000   -0.561976
517.340000   -0.575538
517.341000   -0.588429
517.342000   -0.600261
517.343000   -0.610988
517.344000   -0.620740
517.345000   -0.629615
517.346000   -0.637588
517.347000   -0.644489
517.348000   -0.650002
517.349000   -0.653726
517.350000   -0.655250
517.351000   -0.654280
517.352000   -0.650797
517.353000   -0.645064
517.354000   -0.637458
517.355000   -0.628334
517.356000   -0.617983
517.357000   -0.606677
517.358000   -0.594722
517.359000   -0.582408
517.360000   -0.569942
517.361000   -0.557573
517.362000   -0.545715
517.363000   -0.534843
517.364000   -0.525277
517.365000   -0.517087
517.366000   -0.510146
517.367000   -0.504268
517.368000   -0.499247
517.369000   -0.494766
517.370000   -0.490433
517.371000   -0.486020
517.372000   -0.481543
517.373000   -0.477058
517.374000   -0.472516
517.375000   -0.467804
517.376000   -0.462893
517.377000   -0.457877
517.378000   -0.452847
517.379000   -0.447815
517.380000   -0.442871
517.381000   -0.438320
517.382000   -0.434553
517.383000   -0.431873
517.384000   -0.430446
517.385000   -0.430343
517.386000   -0.431574
517.387000   -0.434065
517.388000   -0.437619
517.389000   -0.441969
517.390000   -0.446937
517.391000   -0.452481
517.392000   -0.458561
517.393000   -0.465042
517.394000   -0.471735
517.395000   -0.478478
517.396000   -0.485139
517.397000   -0.491523
517.398000   -0.497324
517.399000   -0.502270
517.400000   -0.506323
517.401000   -0.509626
517.402000   -0.512312
517.403000   -0.514433
517.404000   -0.515976
517.405000   -0.516833
517.406000   -0.516772
517.407000   -0.515439
517.408000   -0.512497
517.409000   -0.507927
517.410000   -0.502145
517.411000   -0.495746
517.412000   -0.489244
517.413000   -0.482977
517.414000   -0.477093
517.415000   -0.471603
517.416000   -0.466476
517.417000   -0.461710
517.418000   -0.457452
517.419000   -0.454044
517.420000   -0.451857
517.421000   -0.451119
517.422000   -0.451873
517.423000   -0.454078
517.424000   -0.457744
517.425000   -0.462928
517.426000   -0.469652
517.427000   -0.477856
517.428000   -0.487439
517.429000   -0.498244
517.430000   -0.509940
517.431000   -0.522006
517.432000   -0.533961
517.433000   -0.545598
517.434000   -0.556891
517.435000   -0.567749
517.436000   -0.577941
517.437000   -0.587199
517.438000   -0.595347
517.439000   -0.602270
517.440000   -0.607842
517.441000   -0.612015
517.442000   -0.614934
517.443000   -0.616861
517.444000   -0.617993
517.445000   -0.618401
517.446000   -0.618118
517.447000   -0.617346
517.448000   -0.616503
517.449000   -0.616067
517.450000   -0.616435
517.451000   -0.617844
517.452000   -0.620327
517.453000   -0.623694
517.454000   -0.627588
517.455000   -0.631594
517.456000   -0.635426
517.457000   -0.638984
517.458000   -0.642215
517.459000   -0.645001
517.460000   -0.647191
517.461000   -0.648697
517.462000   -0.649489
517.463000   -0.649492
517.464000   -0.648547
517.465000   -0.646514
517.466000   -0.643400
517.467000   -0.639321
517.468000   -0.634384
517.469000   -0.628726
517.470000   -0.622628
517.471000   -0.616438
517.472000   -0.610383
517.473000   -0.604506
517.474000   -0.598737
517.475000   -0.593064
517.476000   -0.587583
517.477000   -0.582380
517.478000   -0.577457
517.479000   -0.572780
517.480000   -0.568333
517.481000   -0.564099
517.482000   -0.560061
517.483000   -0.556218
517.484000   -0.552618
517.485000   -0.549350
517.486000   -0.546490
517.487000   -0.544051
517.488000   -0.542046
517.489000   -0.540589
517.490000   -0.539852
517.491000   -0.539948
517.492000   -0.540888
517.493000   -0.542604
517.494000   -0.545030
517.495000   -0.548154
517.496000   -0.551976
517.497000   -0.556468
517.498000   -0.561606
517.499000   -0.567328
517.500000   -0.573441
517.501000   -0.579611
517.501000   -0.579611
517.502000   -0.585430
517.503000   -0.590579
517.504000   -0.595005
517.505000   -0.598948
517.506000   -0.602766
517.507000   -0.606760
517.508000   -0.611064
517.509000   -0.615616
517.510000   -0.620207
517.511000   -0.624560
517.512000   -0.628459
517.513000   -0.631931
517.514000   -0.635305
517.515000   -0.639017
517.516000   -0.643342
517.517000   -0.648267
517.518000   -0.653542
517.519000   -0.658763
517.520000   -0.663439
517.521000   -0.667093
517.522000   -0.669419
517.523000   -0.670394
517.524000   -0.670157
517.525000   -0.668835
517.526000   -0.666548
517.527000   -0.663484
517.528000   -0.659814
517.529000   -0.655601
517.530000   -0.650812
517.531000   -0.645412
517.532000   -0.639411
517.533000   -0.632782
517.534000   -0.625374
517.535000   -0.617112
517.536000   -0.608257
517.537000   -0.599238
517.538000   -0.590380
517.539000   -0.581830
517.540000   -0.573620
517.541000   -0.565712
517.542000   -0.557988
517.543000   -0.550180
517.544000   -0.541998
517.545000   -0.533452
517.546000   -0.524857
517.547000   -0.516482
517.548000   -0.508406
517.549000   -0.500566
517.550000   -0.492859
517.551000   -0.485172
517.552000   -0.477321
517.553000   -0.469059
517.554000   -0.460313
517.555000   -0.451314
517.556000   -0.442364
517.557000   -0.433645
517.558000   -0.425236
517.559000   -0.417209
517.560000   -0.409697
517.561000   -0.402891
517.562000   -0.396977
517.563000   -0.392120
517.564000   -0.388442
517.565000   -0.385890
517.566000   -0.384214
517.567000   -0.383092
517.568000   -0.382280
517.569000   -0.381745
517.570000   -0.381702
517.571000   -0.382534
517.572000   -0.384609
517.573000   -0.388045
517.574000   -0.392653
517.575000   -0.398114
517.576000   -0.404116
517.577000   -0.410432
517.578000   -0.416978
517.579000   -0.423834
517.580000   -0.431151
517.581000   -0.439004
517.582000   -0.447321
517.583000   -0.455994
517.584000   -0.464916
517.585000   -0.473908
517.586000   -0.482726
517.587000   -0.491139
517.588000   -0.498966
517.589000   -0.506017
517.590000   -0.512014
517.591000   -0.516653
517.592000   -0.519871
517.593000   -0.521872
517.594000   -0.522897
517.595000   -0.523137
517.596000   -0.522762
517.597000   -0.521933
517.598000   -0.520751
517.599000   -0.519192
517.600000   -0.517164
517.601000   -0.514839
517.602000   -0.512764
517.603000   -0.511490
517.604000   -0.511336
517.605000   -0.512409
517.606000   -0.514663
517.607000   -0.517901
517.608000   -0.521734
517.609000   -0.525604
517.610000   -0.529084
517.611000   -0.532145
517.612000   -0.534895
517.613000   -0.537302
517.614000   -0.539251
517.615000   -0.540656
517.616000   -0.541506
517.617000   -0.541828
517.618000   -0.541644
517.619000   -0.541027
517.620000   -0.540230
517.621000   -0.539579
517.622000   -0.539292
517.623000   -0.539487
517.624000   -0.540271
517.625000   -0.541765
517.626000   -0.544091
517.627000   -0.547338
517.628000   -0.551537
517.629000   -0.556658
517.630000   -0.562571
517.631000   -0.569028
517.632000   -0.575720
517.633000   -0.582366
517.634000   -0.588763
517.635000   -0.594791
517.636000   -0.600386
517.637000   -0.605505
517.638000   -0.610070
517.639000   -0.613962
517.640000   -0.617028
517.641000   -0.619119
517.642000   -0.620167
517.643000   -0.620246
517.644000   -0.619544
517.645000   -0.618274
517.646000   -0.616601
517.647000   -0.614608
517.648000   -0.612347
517.649000   -0.609844
517.650000   -0.607060
517.651000   -0.603940
517.652000   -0.600507
517.653000   -0.596885
517.654000   -0.593230
517.655000   -0.589675
517.656000   -0.586306
517.657000   -0.583169
517.658000   -0.580257
517.659000   -0.577470
517.660000   -0.574665
517.661000   -0.571796
517.662000   -0.568969
517.663000   -0.566345
517.664000   -0.564019
517.665000   -0.561944
517.666000   -0.559932
517.667000   -0.557750
517.668000   -0.555172
517.669000   -0.551969
517.670000   -0.547980
517.671000   -0.543200
517.672000   -0.537753
517.673000   -0.531825
517.674000   -0.525605
517.675000   -0.519281
517.676000   -0.513068
517.677000   -0.507147
517.678000   -0.501564
517.679000   -0.496288
517.680000   -0.491390
517.681000   -0.487111
517.682000   -0.483760
517.683000   -0.481597
517.684000   -0.480744
517.685000   -0.481093
517.686000   -0.482253
517.687000   -0.483626
517.688000   -0.484621
517.689000   -0.484880
517.690000   -0.484340
517.691000   -0.483078
517.692000   -0.481164
517.693000   -0.478594
517.694000   -0.475293
517.695000   -0.471177
517.696000   -0.466183
517.697000   -0.460250
517.698000   -0.453376
517.699000   -0.445716
517.700000   -0.437535
517.701000   -0.429096
517.702000   -0.420618
517.703000   -0.412292
517.704000   -0.404311
517.705000   -0.396830
517.706000   -0.389920
517.707000   -0.383627
517.708000   -0.378098
517.709000   -0.373616
517.710000   -0.370517
517.711000   -0.369095
517.712000   -0.369564
517.713000   -0.372010
517.714000   -0.376393
517.715000   -0.382562
517.716000   -0.390293
517.717000   -0.399350
517.718000   -0.409581
517.719000   -0.420884
517.720000   -0.433101
517.721000   -0.445956
517.722000   -0.459081
517.723000   -0.472097
517.724000   -0.484614
517.725000   -0.496154
517.726000   -0.506183
517.727000   -0.514260
517.728000   -0.520157
517.729000   -0.523835
517.730000   -0.525381
517.731000   -0.524991
517.732000   -0.522931
517.733000   -0.519429
517.734000   -0.514629
517.735000   -0.508657
517.736000   -0.501726
517.737000   -0.494281
517.738000   -0.486984
517.739000   -0.480532
517.740000   -0.475501
517.741000   -0.472178
517.742000   -0.470432
517.743000   -0.469814
517.744000   -0.469745
517.745000   -0.469672
517.746000   -0.469263
517.747000   -0.468511
517.748000   -0.467588
517.749000   -0.466655
517.750000   -0.465752
517.751000   -0.464762
517.752000   -0.463434
517.753000   -0.461399
517.754000   -0.458270
517.755000   -0.453953
517.756000   -0.448818
517.757000   -0.443422
517.758000   -0.438217
517.759000   -0.433470
517.760000   -0.429271
517.761000   -0.425531
517.762000   -0.421964
517.763000   -0.418266
517.764000   -0.414485
517.765000   -0.411070
517.766000   -0.408551
517.767000   -0.407324
517.768000   -0.407611
517.769000   -0.409458
517.770000   -0.412753
517.771000   -0.417272
517.772000   -0.422840
517.773000   -0.429524
517.774000   -0.437571
517.775000   -0.447193
517.776000   -0.458445
517.777000   -0.471200
517.778000   -0.485190
517.779000   -0.500126
517.780000   -0.515727
517.781000   -0.531699
517.782000   -0.547859
517.783000   -0.564153
517.784000   -0.580459
517.785000   -0.596479
517.786000   -0.611780
517.787000   -0.625916
517.788000   -0.638592
517.789000   -0.649644
517.790000   -0.658886
517.791000   -0.666179
517.792000   -0.671680
517.793000   -0.675793
517.794000   -0.678941
517.795000   -0.681509
517.796000   -0.683860
517.797000   -0.686300
517.798000   -0.688929
517.799000   -0.691528
517.800000   -0.693687
517.801000   -0.695183
517.802000   -0.696153
517.803000   -0.696845
517.804000   -0.697454
517.805000   -0.698088
517.806000   -0.698691
517.807000   -0.698967
517.808000   -0.698402
517.809000   -0.696388
517.810000   -0.692450
517.811000   -0.686553
517.812000   -0.679071
517.813000   -0.670472
517.814000   -0.661157
517.815000   -0.651392
517.816000   -0.641280
517.817000   -0.630741
517.818000   -0.619516
517.819000   -0.607259
517.820000   -0.593924
517.821000   -0.580033
517.822000   -0.566303
517.823000   -0.553273
517.824000   -0.541257
517.825000   -0.530424
517.826000   -0.520856
517.827000   -0.512567
517.828000   -0.505517
517.829000   -0.499702
517.830000   -0.495257
517.831000   -0.492325
517.832000   -0.490890
517.833000   -0.490802
517.834000   -0.491891
517.835000   -0.494051
517.836000   -0.497217
517.837000   -0.501287
517.838000   -0.506055
517.839000   -0.511267
517.840000   -0.516774
517.841000   -0.522485
517.842000   -0.528286
517.843000   -0.534095
517.844000   -0.539910
517.845000   -0.545720
517.846000   -0.551369
517.847000   -0.556515
517.848000   -0.560905
517.849000   -0.564708
517.850000   -0.568307
517.851000   -0.571946
517.852000   -0.575761
517.853000   -0.579888
517.854000   -0.584396
517.855000   -0.589182
517.856000   -0.593970
517.857000   -0.598525
517.858000   -0.602853
517.859000   -0.607011
517.860000   -0.610887
517.861000   -0.614303
517.862000   -0.617168
517.863000   -0.619433
517.864000   -0.621002
517.865000   -0.621720
517.866000   -0.621422
517.867000   -0.620006
517.868000   -0.617419
517.869000   -0.613588
517.870000   -0.608461
517.871000   -0.602111
517.872000   -0.594687
517.873000   -0.586292
517.874000   -0.576928
517.875000   -0.566491
517.876000   -0.554873
517.877000   -0.542080
517.878000   -0.528188
517.879000   -0.513307
517.880000   -0.497652
517.881000   -0.481507
517.882000   -0.465116
517.883000   -0.448664
517.884000   -0.432298
517.885000   -0.416190
517.886000   -0.400702
517.887000   -0.386453
517.888000   -0.374168
517.889000   -0.364434
517.890000   -0.357553
517.891000   -0.353591
517.892000   -0.352489
517.893000   -0.354100
517.894000   -0.358219
517.895000   -0.364679
517.896000   -0.373436
517.897000   -0.384425
517.898000   -0.397362
517.899000   -0.411764
517.900000   -0.427120
517.901000   -0.442949
517.902000   -0.458797
517.903000   -0.474215
517.904000   -0.488768
517.905000   -0.502061
517.906000   -0.513753
517.907000   -0.523587
517.908000   -0.531517
517.909000   -0.537755
517.910000   -0.542616
517.911000   -0.546401
517.912000   -0.549359
517.913000   -0.551652
517.914000   -0.553378
517.915000   -0.554621
517.916000   -0.555449
517.917000   -0.555928
517.918000   -0.556177
517.919000   -0.556302
517.920000   -0.556315
517.921000   -0.556134
517.922000   -0.555631
517.923000   -0.554657
517.924000   -0.553044
517.925000   -0.550567
517.926000   -0.546995
517.927000   -0.542281
517.928000   -0.536616
517.929000   -0.530243
517.930000   -0.523353
517.931000   -0.516087
517.932000   -0.508536
517.933000   -0.500734
517.934000   -0.492638
517.935000   -0.484126
517.936000   -0.475158
517.937000   -0.465983
517.938000   -0.456997
517.939000   -0.448504
517.940000   -0.440677
517.941000   -0.433604
517.942000   -0.427335
517.943000   -0.421890
517.944000   -0.417248
517.945000   -0.413384
517.946000   -0.410414
517.947000   -0.408569
517.948000   -0.408003
517.949000   -0.408743
517.950000   -0.410747
517.951000   -0.413963
517.952000   -0.418345
517.953000   -0.423824
517.954000   -0.430257
517.955000   -0.437462
517.956000   -0.445335
517.957000   -0.453807
517.958000   -0.462735
517.959000   -0.471915
517.960000   -0.481139
517.961000   -0.490221
517.962000   -0.498964
517.963000   -0.507083
517.964000   -0.514219
517.965000   -0.520206
517.966000   -0.525261
517.967000   -0.529714
517.968000   -0.533791
517.969000   -0.537606
517.970000   -0.541205
517.971000   -0.544568
517.972000   -0.547556
517.973000   -0.549880
517.974000   -0.551277
517.975000   -0.551860
517.976000   -0.552010
517.977000   -0.551991
517.978000   -0.551874
517.979000   -0.551641
517.980000   -0.551261
517.981000   -0.550718
517.982000   -0.549998
517.983000   -0.549093
517.984000   -0.548050
517.985000   -0.546959
517.986000   -0.545842
517.987000   -0.544642
517.988000   -0.543308
517.989000   -0.541843
517.990000   -0.540318
517.991000   -0.538840
517.992000   -0.537531
517.993000   -0.536491
517.994000   -0.535775
517.995000   -0.535348
517.996000   -0.535126
517.997000   -0.535086
517.998000   -0.535324
517.999000   -0.536043
518.000000   -0.537510
518.001000   -0.540021
518.001000   -0.540021
518.002000   -0.543864
518.003000   -0.549195
518.004000   -0.555908
518.005000   -0.563706
518.006000   -0.572294
518.007000   -0.581463
518.008000   -0.591065
518.009000   -0.600960
518.010000   -0.610977
518.011000   -0.620869
518.012000   -0.630262
518.013000   -0.638691
518.014000   -0.645738
518.015000   -0.651083
518.016000   -0.654535
518.017000   -0.656052
518.018000   -0.655706
518.019000   -0.653630
518.020000   -0.649977
518.021000   -0.644900
518.022000   -0.638596
518.023000   -0.631334
518.024000   -0.623414
518.025000   -0.615191
518.026000   -0.607159
518.027000   -0.599897
518.028000   -0.593906
518.029000   -0.589510
518.030000   -0.586819
518.031000   -0.585723
518.032000   -0.585879
518.033000   -0.586753
518.034000   -0.587804
518.035000   -0.588704
518.036000   -0.589311
518.037000   -0.589495
518.038000   -0.589081
518.039000   -0.587870
518.040000   -0.585667
518.041000   -0.582270
518.042000   -0.577460
518.043000   -0.571113
518.044000   -0.563391
518.045000   -0.554765
518.046000   -0.545849
518.047000   -0.537285
518.048000   -0.529696
518.049000   -0.523645
518.050000   -0.519518
518.051000   -0.517350
518.052000   -0.516859
518.053000   -0.517869
518.054000   -0.520581
518.055000   -0.525354
518.056000   -0.532447
518.057000   -0.541947
518.058000   -0.553767
518.059000   -0.567611
518.060000   -0.582878
518.061000   -0.598697
518.062000   -0.614234
518.063000   -0.628989
518.064000   -0.642742
518.065000   -0.655353
518.066000   -0.666690
518.067000   -0.676646
518.068000   -0.685135
518.069000   -0.692045
518.070000   -0.697147
518.071000   -0.700123
518.072000   -0.700766
518.073000   -0.699131
518.074000   -0.695441
518.075000   -0.689964
518.076000   -0.682990
518.077000   -0.674839
518.078000   -0.665829
518.079000   -0.656179
518.080000   -0.645958
518.081000   -0.635178
518.082000   -0.623970
518.083000   -0.612644
518.084000   -0.601610
518.085000   -0.591320
518.086000   -0.582221
518.087000   -0.574707
518.088000   -0.569032
518.089000   -0.565221
518.090000   -0.563084
518.091000   -0.562447
518.092000   -0.563427
518.093000   -0.566374
518.094000   -0.571595
518.095000   -0.579197
518.096000   -0.589054
518.097000   -0.600792
518.098000   -0.613789
518.099000   -0.627217
518.100000   -0.640252
518.101000   -0.652352
518.102000   -0.663314
518.103000   -0.673061
518.104000   -0.681532
518.105000   -0.688671
518.106000   -0.694443
518.107000   -0.698823
518.108000   -0.701777
518.109000   -0.703281
518.110000   -0.703417
518.111000   -0.702459
518.112000   -0.700819
518.113000   -0.698912
518.114000   -0.697098
518.115000   -0.695652
518.116000   -0.694735
518.117000   -0.694349
518.118000   -0.694314
518.119000   -0.694344
518.120000   -0.694261
518.121000   -0.694127
518.122000   -0.694117
518.123000   -0.694356
518.124000   -0.694855
518.125000   -0.695494
518.126000   -0.696004
518.127000   -0.695942
518.128000   -0.694717
518.129000   -0.691813
518.130000   -0.687137
518.131000   -0.681008
518.132000   -0.673833
518.133000   -0.665938
518.134000   -0.657567
518.135000   -0.648896
518.136000   -0.640020
518.137000   -0.630954
518.138000   -0.621702
518.139000   -0.612410
518.140000   -0.603406
518.141000   -0.595087
518.142000   -0.587813
518.143000   -0.581885
518.144000   -0.577515
518.145000   -0.574806
518.146000   -0.573779
518.147000   -0.574419
518.148000   -0.576699
518.149000   -0.580599
518.150000   -0.586077
518.151000   -0.593005
518.152000   -0.601139
518.153000   -0.610151
518.154000   -0.619698
518.155000   -0.629456
518.156000   -0.639124
518.157000   -0.648406
518.158000   -0.657042
518.159000   -0.664842
518.160000   -0.671669
518.161000   -0.677406
518.162000   -0.681949
518.163000   -0.685240
518.164000   -0.687259
518.165000   -0.688002
518.166000   -0.687439
518.167000   -0.685543
518.168000   -0.682415
518.169000   -0.678318
518.170000   -0.673556
518.171000   -0.668352
518.172000   -0.662814
518.173000   -0.656957
518.174000   -0.650716
518.175000   -0.643985
518.176000   -0.636681
518.177000   -0.628826
518.178000   -0.620579
518.179000   -0.612192
518.180000   -0.603948
518.181000   -0.596123
518.182000   -0.588952
518.183000   -0.582593
518.184000   -0.577097
518.185000   -0.572417
518.186000   -0.568487
518.187000   -0.565351
518.188000   -0.563174
518.189000   -0.562128
518.190000   -0.562290
518.191000   -0.563587
518.192000   -0.565768
518.193000   -0.568407
518.194000   -0.570963
518.195000   -0.572955
518.196000   -0.574159
518.197000   -0.574627
518.198000   -0.574541
518.199000   -0.574095
518.200000   -0.573462
518.201000   -0.572791
518.202000   -0.572196
518.203000   -0.571747
518.204000   -0.571513
518.205000   -0.571660
518.206000   -0.572500
518.207000   -0.574369
518.208000   -0.577467
518.209000   -0.581811
518.210000   -0.587284
518.211000   -0.593668
518.212000   -0.600639
518.213000   -0.607785
518.214000   -0.614703
518.215000   -0.621073
518.216000   -0.626587
518.217000   -0.630858
518.218000   -0.633470
518.219000   -0.634124
518.220000   -0.632737
518.221000   -0.629406
518.222000   -0.624307
518.223000   -0.617632
518.224000   -0.609580
518.225000   -0.600350
518.226000   -0.590083
518.227000   -0.578872
518.228000   -0.566878
518.229000   -0.554409
518.230000   -0.541833
518.231000   -0.529424
518.232000   -0.517298
518.233000   -0.505499
518.234000   -0.494144
518.235000   -0.483420
518.236000   -0.473491
518.237000   -0.464475
518.238000   -0.456449
518.239000   -0.449412
518.240000   -0.443230
518.241000   -0.437645
518.242000   -0.432391
518.243000   -0.427404
518.244000   -0.422895
518.245000   -0.419182
518.246000   -0.416514
518.247000   -0.415022
518.248000   -0.414701
518.249000   -0.415417
518.250000   -0.416929
518.251000   -0.418987
518.252000   -0.421502
518.253000   -0.424601
518.254000   -0.428485
518.255000   -0.433295
518.256000   -0.439076
518.257000   -0.445796
518.258000   -0.453343
518.259000   -0.461518
518.260000   -0.470066
518.261000   -0.478776
518.262000   -0.487595
518.263000   -0.496575
518.264000   -0.505763
518.265000   -0.515182
518.266000   -0.524828
518.267000   -0.534623
518.268000   -0.544348
518.269000   -0.553648
518.270000   -0.562153
518.271000   -0.569636
518.272000   -0.576026
518.273000   -0.581319
518.274000   -0.585585
518.275000   -0.588966
518.276000   -0.591601
518.277000   -0.593544
518.278000   -0.594739
518.279000   -0.595062
518.280000   -0.594432
518.281000   -0.592909
518.282000   -0.590631
518.283000   -0.587746
518.284000   -0.584391
518.285000   -0.580666
518.286000   -0.576600
518.287000   -0.572151
518.288000   -0.567230
518.289000   -0.561788
518.290000   -0.555906
518.291000   -0.549766
518.292000   -0.543549
518.293000   -0.537414
518.294000   -0.531470
518.295000   -0.525765
518.296000   -0.520281
518.297000   -0.514932
518.298000   -0.509605
518.299000   -0.504258
518.300000   -0.499008
518.301000   -0.494098
518.302000   -0.489790
518.303000   -0.486282
518.304000   -0.483652
518.305000   -0.481843
518.306000   -0.480684
518.307000   -0.479936
518.308000   -0.479420
518.309000   -0.479164
518.310000   -0.479401
518.311000   -0.480410
518.312000   -0.482360
518.313000   -0.485275
518.314000   -0.489078
518.315000   -0.493633
518.316000   -0.498780
518.317000   -0.504385
518.318000   -0.510409
518.319000   -0.516934
518.320000   -0.524067
518.321000   -0.531798
518.322000   -0.539960
518.323000   -0.548280
518.324000   -0.556416
518.325000   -0.563986
518.326000   -0.570605
518.327000   -0.575982
518.328000   -0.580000
518.329000   -0.582717
518.330000   -0.584267
518.331000   -0.584797
518.332000   -0.584457
518.333000   -0.583407
518.334000   -0.581822
518.335000   -0.579890
518.336000   -0.577819
518.337000   -0.575848
518.338000   -0.574235
518.339000   -0.573215
518.340000   -0.572979
518.341000   -0.573668
518.342000   -0.575353
518.343000   -0.578020
518.344000   -0.581581
518.345000   -0.585884
518.346000   -0.590735
518.347000   -0.595929
518.348000   -0.601287
518.349000   -0.606713
518.350000   -0.612178
518.351000   -0.617626
518.352000   -0.622918
518.353000   -0.627844
518.354000   -0.632171
518.355000   -0.635682
518.356000   -0.638221
518.357000   -0.639723
518.358000   -0.640237
518.359000   -0.639927
518.360000   -0.638974
518.361000   -0.637495
518.362000   -0.635542
518.363000   -0.633146
518.364000   -0.630369
518.365000   -0.627344
518.366000   -0.624273
518.367000   -0.621396
518.368000   -0.618919
518.369000   -0.616925
518.370000   -0.615356
518.371000   -0.614097
518.372000   -0.613060
518.373000   -0.612232
518.374000   -0.611698
518.375000   -0.611624
518.376000   -0.612196
518.377000   -0.613470
518.378000   -0.615282
518.379000   -0.617335
518.380000   -0.619326
518.381000   -0.621001
518.382000   -0.622175
518.383000   -0.622741
518.384000   -0.622663
518.385000   -0.621942
518.386000   -0.620592
518.387000   -0.618686
518.388000   -0.616394
518.389000   -0.613928
518.390000   -0.611477
518.391000   -0.609196
518.392000   -0.607206
518.393000   -0.605598
518.394000   -0.604429
518.395000   -0.603746
518.396000   -0.603625
518.397000   -0.604177
518.398000   -0.605485
518.399000   -0.607580
518.400000   -0.610478
518.401000   -0.614200
518.402000   -0.618777
518.403000   -0.624239
518.404000   -0.630589
518.405000   -0.637748
518.406000   -0.645508
518.407000   -0.653568
518.408000   -0.661598
518.409000   -0.669274
518.410000   -0.676285
518.411000   -0.682335
518.412000   -0.687126
518.413000   -0.690330
518.414000   -0.691574
518.415000   -0.690552
518.416000   -0.687193
518.417000   -0.681645
518.418000   -0.674165
518.419000   -0.665066
518.420000   -0.654698
518.421000   -0.643406
518.422000   -0.631471
518.423000   -0.619078
518.424000   -0.606397
518.425000   -0.593725
518.426000   -0.581474
518.427000   -0.570050
518.428000   -0.559813
518.429000   -0.551064
518.430000   -0.544006
518.431000   -0.538721
518.432000   -0.535163
518.433000   -0.533178
518.434000   -0.532529
518.435000   -0.532920
518.436000   -0.534038
518.437000   -0.535622
518.438000   -0.537482
518.439000   -0.539502
518.440000   -0.541629
518.441000   -0.543867
518.442000   -0.546265
518.443000   -0.548869
518.444000   -0.551657
518.445000   -0.554525
518.446000   -0.557374
518.447000   -0.560172
518.448000   -0.562949
518.449000   -0.565769
518.450000   -0.568725
518.451000   -0.571943
518.452000   -0.575527
518.453000   -0.579443
518.454000   -0.583472
518.455000   -0.587363
518.456000   -0.591023
518.457000   -0.594524
518.458000   -0.598033
518.459000   -0.601756
518.460000   -0.605903
518.461000   -0.610641
518.462000   -0.615976
518.463000   -0.621703
518.464000   -0.627548
518.465000   -0.633376
518.466000   -0.639220
518.467000   -0.645142
518.468000   -0.651134
518.469000   -0.657077
518.470000   -0.662726
518.471000   -0.667697
518.472000   -0.671530
518.473000   -0.673830
518.474000   -0.674412
518.475000   -0.673310
518.476000   -0.670655
518.477000   -0.666574
518.478000   -0.661178
518.479000   -0.654571
518.480000   -0.646864
518.481000   -0.638183
518.482000   -0.628672
518.483000   -0.618512
518.484000   -0.607961
518.485000   -0.597347
518.486000   -0.587003
518.487000   -0.577252
518.488000   -0.568419
518.489000   -0.560817
518.490000   -0.554671
518.491000   -0.549994
518.492000   -0.546570
518.493000   -0.544138
518.494000   -0.542558
518.495000   -0.541812
518.496000   -0.541953
518.497000   -0.543080
518.498000   -0.545293
518.499000   -0.548594
518.500000   -0.552797
518.501000   -0.557557
518.501000   -0.557557
518.502000   -0.562600
518.503000   -0.567918
518.504000   -0.573676
518.505000   -0.580016
518.506000   -0.586976
518.507000   -0.594474
518.508000   -0.602318
518.509000   -0.610206
518.510000   -0.617765
518.511000   -0.624666
518.512000   -0.630830
518.513000   -0.636473
518.514000   -0.641912
518.515000   -0.647412
518.516000   -0.653173
518.517000   -0.659347
518.518000   -0.666004
518.519000   -0.673039
518.520000   -0.680126
518.521000   -0.686908
518.522000   -0.693255
518.523000   -0.699203
518.524000   -0.704758
518.525000   -0.709846
518.526000   -0.714326
518.527000   -0.717977
518.528000   -0.720436
518.529000   -0.721198
518.530000   -0.719812
518.531000   -0.716211
518.532000   -0.710737
518.533000   -0.703856
518.534000   -0.695973
518.535000   -0.687397
518.536000   -0.678324
518.537000   -0.668815
518.538000   -0.658770
518.539000   -0.648008
518.540000   -0.636588
518.541000   -0.625086
518.542000   -0.614329
518.543000   -0.604951
518.544000   -0.597245
518.545000   -0.591186
518.546000   -0.586508
518.547000   -0.582772
518.548000   -0.579471
518.549000   -0.576222
518.550000   -0.572987
518.551000   -0.570011
518.552000   -0.567528
518.553000   -0.565634
518.554000   -0.564321
518.555000   -0.563543
518.556000   -0.563272
518.557000   -0.563526
518.558000   -0.564376
518.559000   -0.565951
518.560000   -0.568443
518.561000   -0.572032
518.562000   -0.576790
518.563000   -0.582651
518.564000   -0.589438
518.565000   -0.596899
518.566000   -0.604739
518.567000   -0.612626
518.568000   -0.620246
518.569000   -0.627453
518.570000   -0.634290
518.571000   -0.640829
518.572000   -0.647072
518.573000   -0.652970
518.574000   -0.658457
518.575000   -0.663465
518.576000   -0.667909
518.577000   -0.671670
518.578000   -0.674656
518.579000   -0.676897
518.580000   -0.678494
518.581000   -0.679521
518.582000   -0.680013
518.583000   -0.680002
518.584000   -0.679525
518.585000   -0.678587
518.586000   -0.677103
518.587000   -0.674890
518.588000   -0.671824
518.589000   -0.667985
518.590000   -0.663569
518.591000   -0.658753
518.592000   -0.653671
518.593000   -0.648419
518.594000   -0.643037
518.595000   -0.637467
518.596000   -0.631515
518.597000   -0.624983
518.598000   -0.617964
518.599000   -0.610856
518.600000   -0.604087
518.601000   -0.597953
518.602000   -0.592622
518.603000   -0.588145
518.604000   -0.584425
518.605000   -0.581165
518.606000   -0.577934
518.607000   -0.574485
518.608000   -0.571003
518.609000   -0.567851
518.610000   -0.565284
518.611000   -0.563398
518.612000   -0.562182
518.613000   -0.561536
518.614000   -0.561253
518.615000   -0.561023
518.616000   -0.560580
518.617000   -0.559950
518.618000   -0.559415
518.619000   -0.559246
518.620000   -0.559605
518.621000   -0.560556
518.622000   -0.562091
518.623000   -0.564129
518.624000   -0.566506
518.625000   -0.569006
518.626000   -0.571475
518.627000   -0.573907
518.628000   -0.576375
518.629000   -0.578939
518.630000   -0.581621
518.631000   -0.584395
518.632000   -0.587178
518.633000   -0.589808
518.634000   -0.592013
518.635000   -0.593482
518.636000   -0.594081
518.637000   -0.593935
518.638000   -0.593268
518.639000   -0.592244
518.640000   -0.590924
518.641000   -0.589264
518.642000   -0.587111
518.643000   -0.584189
518.644000   -0.580193
518.645000   -0.575050
518.646000   -0.569125
518.647000   -0.563047
518.648000   -0.557419
518.649000   -0.552668
518.650000   -0.549022
518.651000   -0.546513
518.652000   -0.544985
518.653000   -0.544152
518.654000   -0.543819
518.655000   -0.544161
518.656000   -0.545644
518.657000   -0.548612
518.658000   -0.553051
518.659000   -0.558639
518.660000   -0.564887
518.661000   -0.571232
518.662000   -0.577122
518.663000   -0.582135
518.664000   -0.586147
518.665000   -0.589287
518.666000   -0.591673
518.667000   -0.593257
518.668000   -0.593901
518.669000   -0.593490
518.670000   -0.591959
518.671000   -0.589279
518.672000   -0.585453
518.673000   -0.580560
518.674000   -0.574835
518.675000   -0.568623
518.676000   -0.562272
518.677000   -0.556069
518.678000   -0.550227
518.679000   -0.544855
518.680000   -0.539944
518.681000   -0.535378
518.682000   -0.531013
518.683000   -0.526814
518.684000   -0.522920
518.685000   -0.519558
518.686000   -0.516929
518.687000   -0.515130
518.688000   -0.514133
518.689000   -0.513817
518.690000   -0.514014
518.691000   -0.514555
518.692000   -0.515324
518.693000   -0.516284
518.694000   -0.517439
518.695000   -0.518743
518.696000   -0.520055
518.697000   -0.521172
518.698000   -0.521914
518.699000   -0.522162
518.700000   -0.521875
518.701000   -0.521080
518.702000   -0.519897
518.703000   -0.518546
518.704000   -0.517258
518.705000   -0.516208
518.706000   -0.515547
518.707000   -0.515461
518.708000   -0.516171
518.709000   -0.517894
518.710000   -0.520828
518.711000   -0.525156
518.712000   -0.531100
518.713000   -0.538918
518.714000   -0.548817
518.715000   -0.560859
518.716000   -0.574935
518.717000   -0.590770
518.718000   -0.607936
518.719000   -0.625886
518.720000   -0.644003
518.721000   -0.661696
518.722000   -0.678476
518.723000   -0.693887
518.724000   -0.707392
518.725000   -0.718389
518.726000   -0.726345
518.727000   -0.730901
518.728000   -0.731916
518.729000   -0.729483
518.730000   -0.723919
518.731000   -0.715707
518.732000   -0.705340
518.733000   -0.693206
518.734000   -0.679628
518.735000   -0.664948
518.736000   -0.649543
518.737000   -0.633806
518.738000   -0.618125
518.739000   -0.602854
518.740000   -0.588304
518.741000   -0.574745
518.742000   -0.562444
518.743000   -0.551656
518.744000   -0.542584
518.745000   -0.535356
518.746000   -0.530047
518.747000   -0.526695
518.748000   -0.525320
518.749000   -0.525958
518.750000   -0.528698
518.751000   -0.533638
518.752000   -0.540731
518.753000   -0.549702
518.754000   -0.560148
518.755000   -0.571638
518.756000   -0.583768
518.757000   -0.596199
518.758000   -0.608695
518.759000   -0.621128
518.760000   -0.633410
518.761000   -0.645375
518.762000   -0.656784
518.763000   -0.667426
518.764000   -0.677191
518.765000   -0.686097
518.766000   -0.694287
518.767000   -0.702016
518.768000   -0.709608
518.769000   -0.717390
518.770000   -0.725611
518.771000   -0.734397
518.772000   -0.743757
518.773000   -0.753624
518.774000   -0.763869
518.775000   -0.774309
518.776000   -0.784708
518.777000   -0.794776
518.778000   -0.804172
518.779000   -0.812513
518.780000   -0.819424
518.781000   -0.824605
518.782000   -0.827860
518.783000   -0.829062
518.784000   -0.828118
518.785000   -0.824962
518.786000   -0.819560
518.787000   -0.811915
518.788000   -0.802063
518.789000   -0.790063
518.790000   -0.775948
518.791000   -0.759715
518.792000   -0.741374
518.793000   -0.721024
518.794000   -0.698878
518.795000   -0.675275
518.796000   -0.650678
518.797000   -0.625644
518.798000   -0.600710
518.799000   -0.576204
518.800000   -0.552211
518.801000   -0.528800
518.802000   -0.506190
518.803000   -0.484728
518.804000   -0.464820
518.805000   -0.446872
518.806000   -0.431227
518.807000   -0.418076
518.808000   -0.407384
518.809000   -0.398974
518.810000   -0.392736
518.811000   -0.388711
518.812000   -0.387005
518.813000   -0.387669
518.814000   -0.390627
518.815000   -0.395655
518.816000   -0.402371
518.817000   -0.410299
518.818000   -0.419016
518.819000   -0.428265
518.820000   -0.437938
518.821000   -0.447988
518.822000   -0.458353
518.823000   -0.468945
518.824000   -0.479684
518.825000   -0.490513
518.826000   -0.501399
518.827000   -0.512295
518.828000   -0.523097
518.829000   -0.533637
518.830000   -0.543738
518.831000   -0.553236
518.832000   -0.561995
518.833000   -0.569906
518.834000   -0.576872
518.835000   -0.582779
518.836000   -0.587453
518.837000   -0.590685
518.838000   -0.592332
518.839000   -0.592454
518.840000   -0.591354
518.841000   -0.589452
518.842000   -0.587142
518.843000   -0.584709
518.844000   -0.582280
518.845000   -0.579803
518.846000   -0.577062
518.847000   -0.573772
518.848000   -0.569769
518.849000   -0.565220
518.850000   -0.560535
518.851000   -0.556090
518.852000   -0.552082
518.853000   -0.548529
518.854000   -0.545317
518.855000   -0.542228
518.856000   -0.538944
518.857000   -0.535093
518.858000   -0.530413
518.859000   -0.524868
518.860000   -0.518565
518.861000   -0.511656
518.862000   -0.504327
518.863000   -0.496803
518.864000   -0.489318
518.865000   -0.482035
518.866000   -0.475035
518.867000   -0.468402
518.868000   -0.462343
518.869000   -0.457222
518.870000   -0.453448
518.871000   -0.451362
518.872000   -0.451172
518.873000   -0.452912
518.874000   -0.456449
518.875000   -0.461562
518.876000   -0.468061
518.877000   -0.475887
518.878000   -0.485104
518.879000   -0.495745
518.880000   -0.507683
518.881000   -0.520635
518.882000   -0.534226
518.883000   -0.548055
518.884000   -0.561748
518.885000   -0.574954
518.886000   -0.587316
518.887000   -0.598502
518.888000   -0.608232
518.889000   -0.616271
518.890000   -0.622460
518.891000   -0.626776
518.892000   -0.629347
518.893000   -0.630368
518.894000   -0.629932
518.895000   -0.627935
518.896000   -0.624209
518.897000   -0.618741
518.898000   -0.611719
518.899000   -0.603478
518.900000   -0.594471
518.901000   -0.585228
518.902000   -0.576249
518.903000   -0.567884
518.904000   -0.560259
518.905000   -0.553409
518.906000   -0.547567
518.907000   -0.543227
518.908000   -0.540857
518.909000   -0.540696
518.910000   -0.542726
518.911000   -0.546704
518.912000   -0.552187
518.913000   -0.558536
518.914000   -0.565009
518.915000   -0.571088
518.916000   -0.576732
518.917000   -0.582136
518.918000   -0.587410
518.919000   -0.592535
518.920000   -0.597426
518.921000   -0.601953
518.922000   -0.605950
518.923000   -0.609250
518.924000   -0.611764
518.925000   -0.613460
518.926000   -0.614243
518.927000   -0.613970
518.928000   -0.612559
518.929000   -0.610052
518.930000   -0.606625
518.931000   -0.602571
518.932000   -0.598252
518.933000   -0.593997
518.934000   -0.590079
518.935000   -0.586834
518.936000   -0.584720
518.937000   -0.584209
518.938000   -0.585694
518.939000   -0.589423
518.940000   -0.595437
518.941000   -0.603508
518.942000   -0.613109
518.943000   -0.623596
518.944000   -0.634598
518.945000   -0.646103
518.946000   -0.658157
518.947000   -0.670659
518.948000   -0.683347
518.949000   -0.695827
518.950000   -0.707581
518.951000   -0.717982
518.952000   -0.726402
518.953000   -0.732484
518.954000   -0.736292
518.955000   -0.738076
518.956000   -0.738027
518.957000   -0.736246
518.958000   -0.732770
518.959000   -0.727609
518.960000   -0.720747
518.961000   -0.712158
518.962000   -0.701902
518.963000   -0.690300
518.964000   -0.677887
518.965000   -0.665189
518.966000   -0.652632
518.967000   -0.640558
518.968000   -0.629237
518.969000   -0.618848
518.970000   -0.609422
518.971000   -0.600907
518.972000   -0.593374
518.973000   -0.587084
518.974000   -0.582285
518.975000   -0.579113
518.976000   -0.577613
518.977000   -0.577740
518.978000   -0.579335
518.979000   -0.582116
518.980000   -0.585695
518.981000   -0.589683
518.982000   -0.593816
518.983000   -0.597922
518.984000   -0.601802
518.985000   -0.605198
518.986000   -0.607823
518.987000   -0.609405
518.988000   -0.609728
518.989000   -0.608643
518.990000   -0.606115
518.991000   -0.602320
518.992000   -0.597615
518.993000   -0.592344
518.994000   -0.586746
518.995000   -0.581024
518.996000   -0.575401
518.997000   -0.570136
518.998000   -0.565484
518.999000   -0.561646
519.000000   -0.558753
519.001000   -0.556915
519.001000   -0.556915
519.002000   -0.556236
519.003000   -0.556801
519.004000   -0.558667
519.005000   -0.561842
519.006000   -0.566256
519.007000   -0.571744
519.008000   -0.578022
519.009000   -0.584747
519.010000   -0.591763
519.011000   -0.599300
519.012000   -0.607775
519.013000   -0.617464
519.014000   -0.628364
519.015000   -0.640220
519.016000   -0.652580
519.017000   -0.664827
519.018000   -0.676265
519.019000   -0.686373
519.020000   -0.695052
519.021000   -0.702444
519.022000   -0.708528
519.023000   -0.713059
519.024000   -0.715750
519.025000   -0.716400
519.026000   -0.714883
519.027000   -0.711121
519.028000   -0.705171
519.029000   -0.697421
519.030000   -0.688606
519.031000   -0.679500
519.032000   -0.670699
519.033000   -0.662627
519.034000   -0.655576
519.035000   -0.649691
519.036000   -0.644956
519.037000   -0.641222
519.038000   -0.638330
519.039000   -0.636247
519.040000   -0.635056
519.041000   -0.634875
519.042000   -0.635793
519.043000   -0.637818
519.044000   -0.640856
519.045000   -0.644716
519.046000   -0.649111
519.047000   -0.653703
519.048000   -0.658200
519.049000   -0.662439
519.050000   -0.666381
519.051000   -0.670019
519.052000   -0.673287
519.053000   -0.676037
519.054000   -0.678062
519.055000   -0.679137
519.056000   -0.679053
519.057000   -0.677659
519.058000   -0.674885
519.059000   -0.670768
519.060000   -0.665507
519.061000   -0.659441
519.062000   -0.652935
519.063000   -0.646303
519.064000   -0.639792
519.065000   -0.633574
519.066000   -0.627747
519.067000   -0.622375
519.068000   -0.617589
519.069000   -0.613713
519.070000   -0.611233
519.071000   -0.610557
519.072000   -0.611864
519.073000   -0.615112
519.074000   -0.620088
519.075000   -0.626480
519.076000   -0.633995
519.077000   -0.642484
519.078000   -0.651963
519.079000   -0.662402
519.080000   -0.673501
519.081000   -0.684715
519.082000   -0.695403
519.083000   -0.704950
519.084000   -0.712865
519.085000   -0.718911
519.086000   -0.723255
519.087000   -0.726433
519.088000   -0.728913
519.089000   -0.730680
519.090000   -0.731445
519.091000   -0.730972
519.092000   -0.729169
519.093000   -0.726071
519.094000   -0.721856
519.095000   -0.716879
519.096000   -0.711590
519.097000   -0.706231
519.098000   -0.700650
519.099000   -0.694588
519.100000   -0.687926
519.101000   -0.680678
519.102000   -0.672931
519.103000   -0.664796
519.104000   -0.656381
519.105000   -0.647742
519.106000   -0.638876
519.107000   -0.629916
519.108000   -0.621350
519.109000   -0.613838
519.110000   -0.607907
519.111000   -0.603841
519.112000   -0.601682
519.113000   -0.601232
519.114000   -0.602049
519.115000   -0.603482
519.116000   -0.604887
519.117000   -0.605954
519.118000   -0.606681
519.119000   -0.607109
519.120000   -0.607255
519.121000   -0.607165
519.122000   -0.606931
519.123000   -0.606667
519.124000   -0.606471
519.125000   -0.606418
519.126000   -0.606585
519.127000   -0.607053
519.128000   -0.607883
519.129000   -0.609137
519.130000   -0.610895
519.131000   -0.613247
519.132000   -0.616256
519.133000   -0.619908
519.134000   -0.624063
519.135000   -0.628500
519.136000   -0.633103
519.137000   -0.637943
519.138000   -0.643179
519.139000   -0.648958
519.140000   -0.655389
519.141000   -0.662523
519.142000   -0.670329
519.143000   -0.678692
519.144000   -0.687479
519.145000   -0.696611
519.146000   -0.706014
519.147000   -0.715504
519.148000   -0.724857
519.149000   -0.733912
519.150000   -0.742604
519.151000   -0.750947
519.152000   -0.759058
519.153000   -0.767183
519.154000   -0.775561
519.155000   -0.783996
519.156000   -0.791671
519.157000   -0.797619
519.158000   -0.801146
519.159000   -0.801901
519.160000   -0.799831
519.161000   -0.795133
519.162000   -0.788196
519.163000   -0.779456
519.164000   -0.769187
519.165000   -0.757482
519.166000   -0.744490
519.167000   -0.730537
519.168000   -0.716053
519.169000   -0.701471
519.170000   -0.687139
519.171000   -0.673249
519.172000   -0.659800
519.173000   -0.646632
519.174000   -0.633635
519.175000   -0.620964
519.176000   -0.608986
519.177000   -0.598078
519.178000   -0.588521
519.179000   -0.580480
519.180000   -0.574019
519.181000   -0.569112
519.182000   -0.565672
519.183000   -0.563658
519.184000   -0.563210
519.185000   -0.564637
519.186000   -0.568201
519.187000   -0.573943
519.188000   -0.581675
519.189000   -0.591057
519.190000   -0.601684
519.191000   -0.613131
519.192000   -0.624989
519.193000   -0.636919
519.194000   -0.648685
519.195000   -0.660113
519.196000   -0.671033
519.197000   -0.681309
519.198000   -0.690889
519.199000   -0.699813
519.200000   -0.708151
519.201000   -0.715945
519.202000   -0.723220
519.203000   -0.730096
519.204000   -0.736845
519.205000   -0.743808
519.206000   -0.751313
519.207000   -0.759618
519.208000   -0.768836
519.209000   -0.778879
519.210000   -0.789463
519.211000   -0.800186
519.212000   -0.810650
519.213000   -0.820516
519.214000   -0.829492
519.215000   -0.837380
519.216000   -0.844131
519.217000   -0.849823
519.218000   -0.854617
519.219000   -0.858725
519.220000   -0.862390
519.221000   -0.865780
519.222000   -0.868816
519.223000   -0.871134
519.224000   -0.872291
519.225000   -0.872011
519.226000   -0.870228
519.227000   -0.867001
519.228000   -0.862422
519.229000   -0.856540
519.230000   -0.849273
519.231000   -0.840371
519.232000   -0.829542
519.233000   -0.816656
519.234000   -0.801881
519.235000   -0.785669
519.236000   -0.768638
519.237000   -0.751460
519.238000   -0.734769
519.239000   -0.719108
519.240000   -0.704904
519.241000   -0.692478
519.242000   -0.682076
519.243000   -0.673896
519.244000   -0.668120
519.245000   -0.664898
519.246000   -0.664282
519.247000   -0.666183
519.248000   -0.670386
519.249000   -0.676606
519.250000   -0.684534
519.251000   -0.693848
519.252000   -0.704211
519.253000   -0.715263
519.254000   -0.726611
519.255000   -0.737849
519.256000   -0.748607
519.257000   -0.758588
519.258000   -0.767578
519.259000   -0.775456
519.260000   -0.782195
519.261000   -0.787836
519.262000   -0.792414
519.263000   -0.795925
519.264000   -0.798329
519.265000   -0.799571
519.266000   -0.799598
519.267000   -0.798391
519.268000   -0.796022
519.269000   -0.792687
519.270000   -0.788648
519.271000   -0.784136
519.272000   -0.779321
519.273000   -0.774327
519.274000   -0.769269
519.275000   -0.764277
519.276000   -0.759511
519.277000   -0.755142
519.278000   -0.751302
519.279000   -0.748019
519.280000   -0.745211
519.281000   -0.742769
519.282000   -0.740644
519.283000   -0.738875
519.284000   -0.737564
519.285000   -0.736833
519.286000   -0.736742
519.287000   -0.737147
519.288000   -0.737603
519.289000   -0.737468
519.290000   -0.736146
519.291000   -0.733222
519.292000   -0.728474
519.293000   -0.721865
519.294000   -0.713553
519.295000   -0.703835
519.296000   -0.693014
519.297000   -0.681265
519.298000   -0.668639
519.299000   -0.655214
519.300000   -0.641222
519.301000   -0.627056
519.302000   -0.613208
519.303000   -0.600205
519.304000   -0.588545
519.305000   -0.578587
519.306000   -0.570414
519.307000   -0.563797
519.308000   -0.558367
519.309000   -0.553867
519.310000   -0.550252
519.311000   -0.547618
519.312000   -0.546123
519.313000   -0.545949
519.314000   -0.547246
519.315000   -0.550009
519.316000   -0.553980
519.317000   -0.558735
519.318000   -0.563878
519.319000   -0.569185
519.320000   -0.574566
519.321000   -0.579954
519.322000   -0.585245
519.323000   -0.590286
519.324000   -0.594882
519.325000   -0.598844
519.326000   -0.602049
519.327000   -0.604459
519.328000   -0.606093
519.329000   -0.606968
519.330000   -0.607066
519.331000   -0.606352
519.332000   -0.604804
519.333000   -0.602445
519.334000   -0.599359
519.335000   -0.595698
519.336000   -0.591631
519.337000   -0.587348
519.338000   -0.583129
519.339000   -0.579347
519.340000   -0.576359
519.341000   -0.574438
519.342000   -0.573743
519.343000   -0.574308
519.344000   -0.576030
519.345000   -0.578656
519.346000   -0.581931
519.347000   -0.585909
519.348000   -0.590979
519.349000   -0.597540
519.350000   -0.605784
519.351000   -0.615686
519.352000   -0.627050
519.353000   -0.639511
519.354000   -0.652477
519.355000   -0.665137
519.356000   -0.676798
519.357000   -0.687313
519.358000   -0.697011
519.359000   -0.706326
519.360000   -0.715615
519.361000   -0.725114
519.362000   -0.734831
519.363000   -0.744344
519.364000   -0.752737
519.365000   -0.758989
519.366000   -0.762570
519.367000   -0.763486
519.368000   -0.761905
519.369000   -0.757989
519.370000   -0.751873
519.371000   -0.743627
519.372000   -0.733185
519.373000   -0.720352
519.374000   -0.705022
519.375000   -0.687539
519.376000   -0.668748
519.377000   -0.649671
519.378000   -0.631252
519.379000   -0.614259
519.380000   -0.599227
519.381000   -0.586386
519.382000   -0.575609
519.383000   -0.566513
519.384000   -0.558867
519.385000   -0.552882
519.386000   -0.548897
519.387000   -0.547032
519.388000   -0.547135
519.389000   -0.548856
519.390000   -0.551715
519.391000   -0.555135
519.392000   -0.558527
519.393000   -0.561424
519.394000   -0.563576
519.395000   -0.564850
519.396000   -0.565128
519.397000   -0.564326
519.398000   -0.562434
519.399000   -0.559526
519.400000   -0.555745
519.401000   -0.551266
519.402000   -0.546238
519.403000   -0.540799
519.404000   -0.535164
519.405000   -0.529641
519.406000   -0.524550
519.407000   -0.520188
519.408000   -0.516816
519.409000   -0.514635
519.410000   -0.513729
519.411000   -0.514011
519.412000   -0.515274
519.413000   -0.517440
519.414000   -0.520741
519.415000   -0.525534
519.416000   -0.532067
519.417000   -0.540395
519.418000   -0.550366
519.419000   -0.561606
519.420000   -0.573511
519.421000   -0.585308
519.422000   -0.596346
519.423000   -0.606427
519.424000   -0.615690
519.425000   -0.624205
519.426000   -0.631795
519.427000   -0.638089
519.428000   -0.642628
519.429000   -0.644944
519.430000   -0.644636
519.431000   -0.641507
519.432000   -0.635755
519.433000   -0.627910
519.434000   -0.618510
519.435000   -0.607920
519.436000   -0.596381
519.437000   -0.584101
519.438000   -0.571299
519.439000   -0.558191
519.440000   -0.545007
519.441000   -0.532043
519.442000   -0.519671
519.443000   -0.508238
519.444000   -0.498013
519.445000   -0.489230
519.446000   -0.482091
519.447000   -0.476735
519.448000   -0.473229
519.449000   -0.471556
519.450000   -0.471643
519.451000   -0.473397
519.452000   -0.476745
519.453000   -0.481643
519.454000   -0.488050
519.455000   -0.495895
519.456000   -0.505062
519.457000   -0.515391
519.458000   -0.526676
519.459000   -0.538678
519.460000   -0.551176
519.461000   -0.564021
519.462000   -0.577129
519.463000   -0.590450
519.464000   -0.603949
519.465000   -0.617582
519.466000   -0.631274
519.467000   -0.644908
519.468000   -0.658335
519.469000   -0.671381
519.470000   -0.683856
519.471000   -0.695564
519.472000   -0.706336
519.473000   -0.716057
519.474000   -0.724665
519.475000   -0.732125
519.476000   -0.738430
519.477000   -0.743600
519.478000   -0.747675
519.479000   -0.750701
519.480000   -0.752732
519.481000   -0.753837
519.482000   -0.754110
519.483000   -0.753641
519.484000   -0.752466
519.485000   -0.750561
519.486000   -0.747863
519.487000   -0.744305
519.488000   -0.739848
519.489000   -0.734489
519.490000   -0.728253
519.491000   -0.721164
519.492000   -0.713236
519.493000   -0.704489
519.494000   -0.694987
519.495000   -0.684865
519.496000   -0.674329
519.497000   -0.663655
519.498000   -0.653185
519.499000   -0.643297
519.500000   -0.634351
519.501000   -0.626628
519.501000   -0.626628
519.502000   -0.620290
519.503000   -0.615378
519.504000   -0.611832
519.505000   -0.609536
519.506000   -0.608359
519.507000   -0.608183
519.508000   -0.608912
519.509000   -0.610467
519.510000   -0.612761
519.511000   -0.615700
519.512000   -0.619220
519.513000   -0.623337
519.514000   -0.628158
519.515000   -0.633861
519.516000   -0.640668
519.517000   -0.648829
519.518000   -0.658584
519.519000   -0.670118
519.520000   -0.683494
519.521000   -0.698632
519.522000   -0.715341
519.523000   -0.733366
519.524000   -0.752442
519.525000   -0.772326
519.526000   -0.792798
519.527000   -0.813613
519.528000   -0.834422
519.529000   -0.854693
519.530000   -0.873728
519.531000   -0.890792
519.532000   -0.905245
519.533000   -0.916617
519.534000   -0.924644
519.535000   -0.929264
519.536000   -0.930587
519.537000   -0.928806
519.538000   -0.924126
519.539000   -0.916742
519.540000   -0.906860
519.541000   -0.894713
519.542000   -0.880576
519.543000   -0.864788
519.544000   -0.847755
519.545000   -0.829906
519.546000   -0.811618
519.547000   -0.793152
519.548000   -0.774626
519.549000   -0.756042
519.550000   -0.737359
519.551000   -0.718569
519.552000   -0.699753
519.553000   -0.681124
519.554000   -0.663045
519.555000   -0.645997
519.556000   -0.630449
519.557000   -0.616703
519.558000   -0.604836
519.559000   -0.594774
519.560000   -0.586385
519.561000   -0.579551
519.562000   -0.574226
519.563000   -0.570465
519.564000   -0.568326
519.565000   -0.567685
519.566000   -0.568104
519.567000   -0.568915
519.568000   -0.569451
519.569000   -0.569221
519.570000   -0.567981
519.571000   -0.565732
519.572000   -0.562679
519.573000   -0.559159
519.574000   -0.555550
519.575000   -0.552210
519.576000   -0.549488
519.577000   -0.547724
519.578000   -0.547207
519.579000   -0.548119
519.580000   -0.550538
519.581000   -0.554482
519.582000   -0.559966
519.583000   -0.567030
519.584000   -0.575756
519.585000   -0.586228
519.586000   -0.598422
519.587000   -0.612117
519.588000   -0.626899
519.589000   -0.642217
519.590000   -0.657465
519.591000   -0.672067
519.592000   -0.685534
519.593000   -0.697458
519.594000   -0.707417
519.595000   -0.714897
519.596000   -0.719333
519.597000   -0.720230
519.598000   -0.717246
519.599000   -0.710244
519.600000   -0.699319
519.601000   -0.684783
519.602000   -0.667080
519.603000   -0.646668
519.604000   -0.623963
519.605000   -0.599375
519.606000   -0.573345
519.607000   -0.546356
519.608000   -0.518932
519.609000   -0.491623
519.610000   -0.464989
519.611000   -0.439559
519.612000   -0.415829
519.613000   -0.394296
519.614000   -0.375472
519.615000   -0.359814
519.616000   -0.347650
519.617000   -0.339161
519.618000   -0.334408
519.619000   -0.333359
519.620000   -0.335905
519.621000   -0.341889
519.622000   -0.351118
519.623000   -0.363364
519.624000   -0.378324
519.625000   -0.395595
519.626000   -0.414677
519.627000   -0.434991
519.628000   -0.455912
519.629000   -0.476800
519.630000   -0.497044
519.631000   -0.516087
519.632000   -0.533447
519.633000   -0.548772
519.634000   -0.561884
519.635000   -0.572770
519.636000   -0.581564
519.637000   -0.588516
519.638000   -0.593930
519.639000   -0.598101
519.640000   -0.601247
519.641000   -0.603506
519.642000   -0.605002
519.643000   -0.605865
519.644000   -0.606234
519.645000   -0.606271
519.646000   -0.606147
519.647000   -0.605999
519.648000   -0.605904
519.649000   -0.605857
519.650000   -0.605766
519.651000   -0.605467
519.652000   -0.604772
519.653000   -0.603578
519.654000   -0.601957
519.655000   -0.600114
519.656000   -0.598268
519.657000   -0.596560
519.658000   -0.595010
519.659000   -0.593497
519.660000   -0.591732
519.661000   -0.589286
519.662000   -0.585726
519.663000   -0.580819
519.664000   -0.574580
519.665000   -0.567144
519.666000   -0.558667
519.667000   -0.549308
519.668000   -0.539212
519.669000   -0.528488
519.670000   -0.517194
519.671000   -0.505411
519.672000   -0.493370
519.673000   -0.481450
519.674000   -0.470073
519.675000   -0.459615
519.676000   -0.450383
519.677000   -0.442608
519.678000   -0.436411
519.679000   -0.431805
519.680000   -0.428742
519.681000   -0.427223
519.682000   -0.427338
519.683000   -0.429195
519.684000   -0.432813
519.685000   -0.438063
519.686000   -0.444698
519.687000   -0.452385
519.688000   -0.460745
519.689000   -0.469374
519.690000   -0.477876
519.691000   -0.485934
519.692000   -0.493426
519.693000   -0.500414
519.694000   -0.507033
519.695000   -0.513434
519.696000   -0.519760
519.697000   -0.526119
519.698000   -0.532504
519.699000   -0.538700
519.700000   -0.544305
519.701000   -0.548990
519.702000   -0.552696
519.703000   -0.555513
519.704000   -0.557511
519.705000   -0.558707
519.706000   -0.559094
519.707000   -0.558624
519.708000   -0.557158
519.709000   -0.554455
519.710000   -0.550355
519.711000   -0.545097
519.712000   -0.539355
519.713000   -0.533942
519.714000   -0.529575
519.715000   -0.526796
519.716000   -0.525935
519.717000   -0.527041
519.718000   -0.529802
519.719000   -0.533571
519.720000   -0.537704
519.721000   -0.542033
519.722000   -0.546795
519.723000   -0.552211
519.724000   -0.558295
519.725000   -0.564886
519.726000   -0.571708
519.727000   -0.578384
519.728000   -0.584443
519.729000   -0.589400
519.730000   -0.592989
519.731000   -0.595303
519.732000   -0.596643
519.733000   -0.597317
519.734000   -0.597588
519.735000   -0.597662
519.736000   -0.597651
519.737000   -0.597522
519.738000   -0.597061
519.739000   -0.595991
519.740000   -0.594280
519.741000   -0.592259
519.742000   -0.590364
519.743000   -0.588940
519.744000   -0.588207
519.745000   -0.588273
519.746000   -0.589124
519.747000   -0.590596
519.748000   -0.592388
519.749000   -0.594235
519.750000   -0.596172
519.751000   -0.598518
519.752000   -0.601614
519.753000   -0.605683
519.754000   -0.610814
519.755000   -0.616978
519.756000   -0.624009
519.757000   -0.631553
519.758000   -0.639119
519.759000   -0.646351
519.760000   -0.653299
519.761000   -0.660182
519.762000   -0.667015
519.763000   -0.673525
519.764000   -0.679259
519.765000   -0.683704
519.766000   -0.686373
519.767000   -0.686855
519.768000   -0.684923
519.769000   -0.680668
519.770000   -0.674484
519.771000   -0.666871
519.772000   -0.658303
519.773000   -0.649212
519.774000   -0.639982
519.775000   -0.630916
519.776000   -0.622159
519.777000   -0.613698
519.778000   -0.605564
519.779000   -0.598140
519.780000   -0.592142
519.781000   -0.588282
519.782000   -0.587042
519.783000   -0.588625
519.784000   -0.592955
519.785000   -0.599695
519.786000   -0.608297
519.787000   -0.618172
519.788000   -0.628952
519.789000   -0.640589
519.790000   -0.653141
519.791000   -0.666524
519.792000   -0.680442
519.793000   -0.694445
519.794000   -0.708035
519.795000   -0.720736
519.796000   -0.732160
519.797000   -0.742087
519.798000   -0.750498
519.799000   -0.757437
519.800000   -0.762817
519.801000   -0.766379
519.802000   -0.767816
519.803000   -0.766902
519.804000   -0.763545
519.805000   -0.757799
519.806000   -0.749882
519.807000   -0.740225
519.808000   -0.729459
519.809000   -0.718325
519.810000   -0.707626
519.811000   -0.698181
519.812000   -0.690744
519.813000   -0.685886
519.814000   -0.683887
519.815000   -0.684716
519.816000   -0.688155
519.817000   -0.694004
519.818000   -0.702153
519.819000   -0.712539
519.820000   -0.725077
519.821000   -0.739601
519.822000   -0.755811
519.823000   -0.773254
519.824000   -0.791380
519.825000   -0.809644
519.826000   -0.827609
519.827000   -0.844934
519.828000   -0.861282
519.829000   -0.876225
519.830000   -0.889229
519.831000   -0.899703
519.832000   -0.907083
519.833000   -0.910908
519.834000   -0.910884
519.835000   -0.906941
519.836000   -0.899234
519.837000   -0.888068
519.838000   -0.873791
519.839000   -0.856754
519.840000   -0.837330
519.841000   -0.815930
519.842000   -0.793002
519.843000   -0.769050
519.844000   -0.744683
519.845000   -0.720614
519.846000   -0.697576
519.847000   -0.676213
519.848000   -0.657025
519.849000   -0.640349
519.850000   -0.626355
519.851000   -0.615048
519.852000   -0.606285
519.853000   -0.599846
519.854000   -0.595518
519.855000   -0.593123
519.856000   -0.592483
519.857000   -0.593391
519.858000   -0.595609
519.859000   -0.598886
519.860000   -0.602970
519.861000   -0.607614
519.862000   -0.612591
519.863000   -0.617682
519.864000   -0.622636
519.865000   -0.627121
519.866000   -0.630740
519.867000   -0.633094
519.868000   -0.633871
519.869000   -0.632923
519.870000   -0.630289
519.871000   -0.626179
519.872000   -0.620953
519.873000   -0.615115
519.874000   -0.609277
519.875000   -0.604061
519.876000   -0.600010
519.877000   -0.597522
519.878000   -0.596816
519.879000   -0.597895
519.880000   -0.600586
519.881000   -0.604687
519.882000   -0.610185
519.883000   -0.617285
519.884000   -0.626217
519.885000   -0.637059
519.886000   -0.649668
519.887000   -0.663689
519.888000   -0.678582
519.889000   -0.693662
519.890000   -0.708206
519.891000   -0.721670
519.892000   -0.733895
519.893000   -0.745035
519.894000   -0.755315
519.895000   -0.764871
519.896000   -0.773718
519.897000   -0.781744
519.898000   -0.788715
519.899000   -0.794300
519.900000   -0.798186
519.901000   -0.800253
519.902000   -0.800567
519.903000   -0.799202
519.904000   -0.796148
519.905000   -0.791361
519.906000   -0.784829
519.907000   -0.776583
519.908000   -0.766667
519.909000   -0.755137
519.910000   -0.742178
519.911000   -0.728217
519.912000   -0.713810
519.913000   -0.699453
519.914000   -0.685503
519.915000   -0.672178
519.916000   -0.659562
519.917000   -0.647608
519.918000   -0.636197
519.919000   -0.625341
519.920000   -0.615365
519.921000   -0.606818
519.922000   -0.600204
519.923000   -0.595830
519.924000   -0.593777
519.925000   -0.593930
519.926000   -0.596019
519.927000   -0.599654
519.928000   -0.604414
519.929000   -0.609959
519.930000   -0.616076
519.931000   -0.622567
519.932000   -0.629130
519.933000   -0.635377
519.934000   -0.640935
519.935000   -0.645533
519.936000   -0.649048
519.937000   -0.651504
519.938000   -0.653076
519.939000   -0.654029
519.940000   -0.654540
519.941000   -0.654534
519.942000   -0.653784
519.943000   -0.652115
519.944000   -0.649488
519.945000   -0.646004
519.946000   -0.641857
519.947000   -0.637296
519.948000   -0.632610
519.949000   -0.628116
519.950000   -0.624137
519.951000   -0.620985
519.952000   -0.618952
519.953000   -0.618278
519.954000   -0.619107
519.955000   -0.621449
519.956000   -0.625175
519.957000   -0.630103
519.958000   -0.636168
519.959000   -0.643463
519.960000   -0.652059
519.961000   -0.661798
