516.968000   -0.757004
516.969000   -0.756512
516.970000   -0.756031
516.971000   -0.755608
516.972000   -0.755040
516.973000   -0.753907
516.974000   -0.751706
516.975000   -0.748105
516.976000   -0.743121
516.977000   -0.737121
516.978000   -0.730661
516.979000   -0.724300
516.980000   -0.718459
516.981000   -0.713358
516.982000   -0.709008
516.983000   -0.705274
516.984000   -0.702013
516.985000   -0.699223
516.986000   -0.697092
516.987000   -0.695986
516.988000   -0.696342
516.989000   -0.698511
516.990000   -0.702665
516.991000   -0.708762
516.992000   -0.716548
516.993000   -0.725606
516.994000   -0.735452
516.995000   -0.745653
516.996000   -0.755935
516.997000   -0.766189
516.998000   -0.776356
516.999000   -0.786319
517.000000   -0.795865
517.001000   -0.804688
517.001000   -0.804688
517.002000   -0.812416
517.003000   -0.818658
517.004000   -0.823096
517.005000   -0.825626
517.006000   -0.826438
517.007000   -0.825916
517.008000   -0.824455
517.009000   -0.822336
517.010000   -0.819680
517.011000   -0.816442
517.012000   -0.812456
517.013000   -0.807553
517.014000   -0.801741
517.015000   -0.795361
517.016000   -0.789009
517.017000   -0.783295
517.018000   -0.778665
517.019000   -0.775334
517.020000   -0.773291
517.021000   -0.772340
517.022000   -0.772169
517.023000   -0.772483
517.024000   -0.773173
517.025000   -0.774363
517.026000   -0.776230
517.027000   -0.778799
517.028000   -0.781870
517.029000   -0.785070
517.030000   -0.787936
517.031000   -0.790014
517.032000   -0.790951
517.033000   -0.790629
517.034000   -0.789267
517.035000   -0.787334
517.036000   -0.785330
517.037000   -0.783630
517.038000   -0.782456
517.039000   -0.781901
517.040000   -0.781969
517.041000   -0.782598
517.042000   -0.783717
517.043000   -0.785375
517.044000   -0.787801
517.045000   -0.791266
517.046000   -0.795922
517.047000   -0.801736
517.048000   -0.808521
517.049000   -0.815985
517.050000   -0.823774
517.051000   -0.831519
517.052000   -0.838963
517.053000   -0.846062
517.054000   -0.852898
517.055000   -0.859517
517.056000   -0.865846
517.057000   -0.871713
517.058000   -0.876901
517.059000   -0.881180
517.060000   -0.884321
517.061000   -0.886164
517.062000   -0.886739
517.063000   -0.886276
517.064000   -0.885056
517.065000   -0.883285
517.066000   -0.881055
517.067000   -0.878369
517.068000   -0.875171
517.069000   -0.871379
517.070000   -0.866954
517.071000   -0.862030
517.072000   -0.856960
517.073000   -0.852196
517.074000   -0.848131
517.075000   -0.845003
517.076000   -0.842873
517.077000   -0.841615
517.078000   -0.840944
517.079000   -0.840482
517.080000   -0.839895
517.081000   -0.839007
517.082000   -0.837753
517.083000   -0.836044
517.084000   -0.833686
517.085000   -0.830385
517.086000   -0.825800
517.087000   -0.819598
517.088000   -0.811515
517.089000   -0.801462
517.090000   -0.789634
517.091000   -0.776477
517.092000   -0.762539
517.093000   -0.748351
517.094000   -0.734384
517.095000   -0.721043
517.096000   -0.708663
517.097000   -0.697503
517.098000   -0.687783
517.099000   -0.679782
517.100000   -0.673879
517.101000   -0.670459
517.102000   -0.669777
517.103000   -0.671910
517.104000   -0.676760
517.105000   -0.684081
517.106000   -0.693476
517.107000   -0.704423
517.108000   -0.716392
517.109000   -0.728988
517.110000   -0.741943
517.111000   -0.754982
517.112000   -0.767733
517.113000   -0.779743
517.114000   -0.790504
517.115000   -0.799467
517.116000   -0.806042
517.117000   -0.809679
517.118000   -0.810062
517.119000   -0.807228
517.120000   -0.801450
517.121000   -0.793056
517.122000   -0.782371
517.123000   -0.769730
517.124000   -0.755477
517.125000   -0.739918
517.126000   -0.723311
517.127000   -0.705987
517.128000   -0.688543
517.129000   -0.671778
517.130000   -0.656447
517.131000   -0.643113
517.132000   -0.632158
517.133000   -0.623813
517.134000   -0.618138
517.135000   -0.614985
517.136000   -0.614028
517.137000   -0.614961
517.138000   -0.617650
517.139000   -0.622033
517.140000   -0.627959
517.141000   -0.635171
517.142000   -0.643351
517.143000   -0.652147
517.144000   -0.661150
517.145000   -0.669878
517.146000   -0.677888
517.147000   -0.684990
517.148000   -0.691300
517.149000   -0.697056
517.150000   -0.702486
517.151000   -0.707777
517.152000   -0.713070
517.153000   -0.718429
517.154000   -0.723804
517.155000   -0.729059
517.156000   -0.734136
517.157000   -0.739218
517.158000   -0.744671
517.159000   -0.750872
517.160000   -0.758127
517.161000   -0.766649
517.162000   -0.776532
517.163000   -0.787705
517.164000   -0.799915
517.165000   -0.812792
517.166000   -0.826045
517.167000   -0.839570
517.168000   -0.853358
517.169000   -0.867360
517.170000   -0.881425
517.171000   -0.895274
517.172000   -0.908465
517.173000   -0.920366
517.174000   -0.930195
517.175000   -0.937208
517.176000   -0.941005
517.177000   -0.941599
517.178000   -0.939232
517.179000   -0.934191
517.180000   -0.926732
517.181000   -0.917045
517.182000   -0.905204
517.183000   -0.891156
517.184000   -0.874805
517.185000   -0.856273
517.186000   -0.836123
517.187000   -0.815237
517.188000   -0.794519
517.189000   -0.774706
517.190000   -0.756280
517.191000   -0.739438
517.192000   -0.724086
517.193000   -0.709877
517.194000   -0.696391
517.195000   -0.683442
517.196000   -0.671226
517.197000   -0.660125
517.198000   -0.650479
517.199000   -0.642490
517.200000   -0.636199
517.201000   -0.631471
517.202000   -0.627991
517.203000   -0.625295
517.204000   -0.622955
517.205000   -0.620795
517.206000   -0.618909
517.207000   -0.617496
517.208000   -0.616737
517.209000   -0.616751
517.210000   -0.617567
517.211000   -0.619096
517.212000   -0.621106
517.213000   -0.623291
517.214000   -0.625486
517.215000   -0.627868
517.216000   -0.630917
517.217000   -0.635217
517.218000   -0.641280
517.219000   -0.649438
517.220000   -0.659786
517.221000   -0.672142
517.222000   -0.686054
517.223000   -0.700939
517.224000   -0.716343
517.225000   -0.732076
517.226000   -0.748116
517.227000   -0.764404
517.228000   -0.780743
517.229000   -0.796785
517.230000   -0.812055
517.231000   -0.825949
517.232000   -0.837779
517.233000   -0.846904
517.234000   -0.852927
517.235000   -0.855759
517.236000   -0.855520
517.237000   -0.852410
517.238000   -0.846639
517.239000   -0.838391
517.240000   -0.827776
517.241000   -0.814779
517.242000   -0.799314
517.243000   -0.781418
517.244000   -0.761450
517.245000   -0.740083
517.246000   -0.718107
517.247000   -0.696249
517.248000   -0.675081
517.249000   -0.654967
517.250000   -0.636016
517.251000   -0.618085
517.252000   -0.600963
517.253000   -0.584660
517.254000   -0.569526
517.255000   -0.556042
517.256000   -0.544547
517.257000   -0.535135
517.258000   -0.527667
517.259000   -0.521800
517.260000   -0.517019
517.261000   -0.512733
517.262000   -0.508464
517.263000   -0.503989
517.264000   -0.499290
517.265000   -0.494402
517.266000   -0.489340
517.267000   -0.484088
517.268000   -0.478620
517.269000   -0.472875
517.270000   -0.466745
517.271000   -0.460107
517.272000   -0.452981
517.273000   -0.445729
517.274000   -0.439055
517.275000   -0.433764
517.276000   -0.430530
517.277000   -0.429790
517.278000   -0.431699
517.279000   -0.436080
517.280000   -0.442447
517.281000   -0.450193
517.282000   -0.459000
517.283000   -0.469106
517.284000   -0.481053
517.285000   -0.495261
517.286000   -0.511826
517.287000   -0.530498
517.288000   -0.550708
517.289000   -0.571591
517.290000   -0.592107
517.291000   -0.611358
517.292000   -0.628969
517.293000   -0.645085
517.294000   -0.659983
517.295000   -0.673787
517.296000   -0.686423
517.297000   -0.697665
517.298000   -0.707156
517.299000   -0.714452
517.300000   -0.719141
517.301000   -0.721103
517.302000   -0.720685
517.303000   -0.718557
517.304000   -0.715436
517.305000   -0.711937
517.306000   -0.708518
517.307000   -0.705440
517.308000   -0.702736
517.309000   -0.700253
517.310000   -0.697845
517.311000   -0.695679
517.312000   -0.694291
517.313000   -0.694337
517.314000   -0.696315
517.315000   -0.700444
517.316000   -0.706633
517.317000   -0.714478
517.318000   -0.723285
517.319000   -0.732205
517.320000   -0.740556
517.321000   -0.748098
517.322000   -0.754955
517.323000   -0.761315
517.324000   -0.767256
517.325000   -0.772715
517.326000   -0.777518
517.327000   -0.781396
517.328000   -0.784011
517.329000   -0.785087
517.330000   -0.784645
517.331000   -0.783103
517.332000   -0.781081
517.333000   -0.779152
517.334000   -0.777726
517.335000   -0.777027
517.336000   -0.777083
517.337000   -0.777727
517.338000   -0.778644
517.339000   -0.779581
517.340000   -0.780596
517.341000   -0.782040
517.342000   -0.784328
517.343000   -0.787767
517.344000   -0.792504
517.345000   -0.798492
517.346000   -0.805438
517.347000   -0.812785
517.348000   -0.819841
517.349000   -0.826118
517.350000   -0.831555
517.351000   -0.836355
517.352000   -0.840698
517.353000   -0.844613
517.354000   -0.847952
517.355000   -0.850392
517.356000   -0.851419
517.357000   -0.850389
517.358000   -0.846793
517.359000   -0.840619
517.360000   -0.832412
517.361000   -0.822984
517.362000   -0.813121
517.363000   -0.803450
517.364000   -0.794382
517.365000   -0.786069
517.366000   -0.778370
517.367000   -0.770936
517.368000   -0.763446
517.369000   -0.755838
517.370000   -0.748298
517.371000   -0.741085
517.372000   -0.734402
517.373000   -0.728378
517.374000   -0.723051
517.375000   -0.718352
517.376000   -0.714093
517.377000   -0.710047
517.378000   -0.706138
517.379000   -0.702582
517.380000   -0.699815
517.381000   -0.698307
517.382000   -0.698400
517.383000   -0.700252
517.384000   -0.703789
517.385000   -0.708679
517.386000   -0.714381
517.387000   -0.720354
517.388000   -0.726363
517.389000   -0.732596
517.390000   -0.739446
517.391000   -0.747235
517.392000   -0.756095
517.393000   -0.765960
517.394000   -0.776567
517.395000   -0.787494
517.396000   -0.798302
517.397000   -0.808787
517.398000   -0.819135
517.399000   -0.829800
517.400000   -0.841203
517.401000   -0.853524
517.402000   -0.866657
517.403000   -0.880234
517.404000   -0.893679
517.405000   -0.906315
517.406000   -0.917542
517.407000   -0.927002
517.408000   -0.934620
517.409000   -0.940492
517.410000   -0.944727
517.411000   -0.947371
517.412000   -0.948389
517.413000   -0.947676
517.414000   -0.945059
517.415000   -0.940365
517.416000   -0.933533
517.417000   -0.924755
517.418000   -0.914539
517.419000   -0.903577
517.420000   -0.892511
517.421000   -0.881785
517.422000   -0.871595
517.423000   -0.861892
517.424000   -0.852426
517.425000   -0.842883
517.426000   -0.833067
517.427000   -0.823106
517.428000   -0.813459
517.429000   -0.804678
517.430000   -0.797153
517.431000   -0.791015
517.432000   -0.786130
517.433000   -0.782140
517.434000   -0.778552
517.435000   -0.774876
517.436000   -0.770815
517.437000   -0.766396
517.438000   -0.761896
517.439000   -0.757619
517.440000   -0.753744
517.441000   -0.750296
517.442000   -0.747160
517.443000   -0.744107
517.444000   -0.740836
517.445000   -0.737078
517.446000   -0.732798
517.447000   -0.728305
517.448000   -0.724120
517.449000   -0.720752
517.450000   -0.718576
517.451000   -0.717798
517.452000   -0.718432
517.453000   -0.720300
517.454000   -0.723092
517.455000   -0.726529
517.456000   -0.730592
517.457000   -0.735531
517.458000   -0.741622
517.459000   -0.748958
517.460000   -0.757406
517.461000   -0.766614
517.462000   -0.776047
517.463000   -0.785035
517.464000   -0.792870
517.465000   -0.798997
517.466000   -0.803193
517.467000   -0.805490
517.468000   -0.805962
517.469000   -0.804610
517.470000   -0.801349
517.471000   -0.796026
517.472000   -0.788432
517.473000   -0.778334
517.474000   -0.765555
517.475000   -0.750122
517.476000   -0.732362
517.477000   -0.712784
517.478000   -0.691933
517.479000   -0.670340
517.480000   -0.648517
517.481000   -0.626952
517.482000   -0.606067
517.483000   -0.586179
517.484000   -0.567541
517.485000   -0.550501
517.486000   -0.535574
517.487000   -0.523288
517.488000   -0.514026
517.489000   -0.507975
517.490000   -0.505114
517.491000   -0.505214
517.492000   -0.507828
517.493000   -0.512341
517.494000   -0.518180
517.495000   -0.525046
517.496000   -0.532875
517.497000   -0.541636
517.498000   -0.551227
517.499000   -0.561489
517.500000   -0.572204
517.501000   -0.583077
517.501000   -0.583077
517.502000   -0.593727
517.503000   -0.603777
517.504000   -0.613046
517.505000   -0.621643
517.506000   -0.629832
517.507000   -0.637892
517.508000   -0.646073
517.509000   -0.654572
517.510000   -0.663487
517.511000   -0.672784
517.512000   -0.682308
517.513000   -0.691884
517.514000   -0.701415
517.515000   -0.710906
517.516000   -0.720432
517.517000   -0.730131
517.518000   -0.740168
517.519000   -0.750649
517.520000   -0.761525
517.521000   -0.772552
517.522000   -0.783329
517.523000   -0.793456
517.524000   -0.802666
517.525000   -0.810840
517.526000   -0.817940
517.527000   -0.823908
517.528000   -0.828568
517.529000   -0.831555
517.530000   -0.832314
517.531000   -0.830169
517.532000   -0.824490
517.533000   -0.814865
517.534000   -0.801201
517.535000   -0.783731
517.536000   -0.762963
517.537000   -0.739573
517.538000   -0.714273
517.539000   -0.687714
517.540000   -0.660429
517.541000   -0.632837
517.542000   -0.605339
517.543000   -0.578411
517.544000   -0.552625
517.545000   -0.528599
517.546000   -0.506929
517.547000   -0.488092
517.548000   -0.472381
517.549000   -0.459878
517.550000   -0.450466
517.551000   -0.443924
517.552000   -0.440059
517.553000   -0.438779
517.554000   -0.440089
517.555000   -0.444037
517.556000   -0.450627
517.557000   -0.459734
517.558000   -0.471073
517.559000   -0.484210
517.560000   -0.498618
517.561000   -0.513775
517.562000   -0.529261
517.563000   -0.544785
517.564000   -0.560176
517.565000   -0.575324
517.566000   -0.590127
517.567000   -0.604464
517.568000   -0.618202
517.569000   -0.631216
517.570000   -0.643411
517.571000   -0.654776
517.572000   -0.665435
517.573000   -0.675682
517.574000   -0.685958
517.575000   -0.696738
517.576000   -0.708424
517.577000   -0.721269
517.578000   -0.735344
517.579000   -0.750540
517.580000   -0.766603
517.581000   -0.783211
517.582000   -0.800050
517.583000   -0.816849
517.584000   -0.833342
517.585000   -0.849184
517.586000   -0.863904
517.587000   -0.876919
517.588000   -0.887581
517.589000   -0.895224
517.590000   -0.899228
517.591000   -0.899124
517.592000   -0.894738
517.593000   -0.886287
517.594000   -0.874290
517.595000   -0.859408
517.596000   -0.842313
517.597000   -0.823610
517.598000   -0.803772
517.599000   -0.783105
517.600000   -0.761793
517.601000   -0.740074
517.602000   -0.718418
517.603000   -0.697522
517.604000   -0.678131
517.605000   -0.660873
517.606000   -0.646186
517.607000   -0.634285
517.608000   -0.625163
517.609000   -0.618620
517.610000   -0.614398
517.611000   -0.612385
517.612000   -0.612736
517.613000   -0.615765
517.614000   -0.621745
517.615000   -0.630787
517.616000   -0.642799
517.617000   -0.657492
517.618000   -0.674387
517.619000   -0.692878
517.620000   -0.712360
517.621000   -0.732396
517.622000   -0.752728
517.623000   -0.773159
517.624000   -0.793443
517.625000   -0.813278
517.626000   -0.832325
517.627000   -0.850239
517.628000   -0.866675
517.629000   -0.881335
517.630000   -0.894089
517.631000   -0.905097
517.632000   -0.914755
517.633000   -0.923503
517.634000   -0.931664
517.635000   -0.939385
517.636000   -0.946613
517.637000   -0.953110
517.638000   -0.958498
517.639000   -0.962381
517.640000   -0.964548
517.641000   -0.965065
517.642000   -0.964193
517.643000   -0.962235
517.644000   -0.959441
517.645000   -0.955982
517.646000   -0.951927
517.647000   -0.947236
517.648000   -0.941800
517.649000   -0.935577
517.650000   -0.928734
517.651000   -0.921613
517.652000   -0.914548
517.653000   -0.907718
517.654000   -0.901117
517.655000   -0.894567
517.656000   -0.887747
517.657000   -0.880253
517.658000   -0.871742
517.659000   -0.862097
517.660000   -0.851485
517.661000   -0.840250
517.662000   -0.828770
517.663000   -0.817398
517.664000   -0.806434
517.665000   -0.796104
517.666000   -0.786541
517.667000   -0.777820
517.668000   -0.770058
517.669000   -0.763472
517.670000   -0.758302
517.671000   -0.754694
517.672000   -0.752659
517.673000   -0.752111
517.674000   -0.752904
517.675000   -0.754862
517.676000   -0.757814
517.677000   -0.761643
517.678000   -0.766308
517.679000   -0.771791
517.680000   -0.778052
517.681000   -0.785024
517.682000   -0.792664
517.683000   -0.800979
517.684000   -0.809997
517.685000   -0.819719
517.686000   -0.830086
517.687000   -0.840965
517.688000   -0.852138
517.689000   -0.863267
517.690000   -0.873921
517.691000   -0.883631
517.692000   -0.891947
517.693000   -0.898450
517.694000   -0.902759
517.695000   -0.904581
517.696000   -0.903790
517.697000   -0.900479
517.698000   -0.894911
517.699000   -0.887440
517.700000   -0.878463
517.701000   -0.868400
517.702000   -0.857643
517.703000   -0.846483
517.704000   -0.835083
517.705000   -0.823511
517.706000   -0.811819
517.707000   -0.800065
517.708000   -0.788276
517.709000   -0.776427
517.710000   -0.764493
517.711000   -0.752495
517.712000   -0.740511
517.713000   -0.728657
517.714000   -0.717087
517.715000   -0.706033
517.716000   -0.695801
517.717000   -0.686708
517.718000   -0.679003
517.719000   -0.672844
517.720000   -0.668315
517.721000   -0.665439
517.722000   -0.664170
517.723000   -0.664380
517.724000   -0.665906
517.725000   -0.668602
517.726000   -0.672344
517.727000   -0.676993
517.728000   -0.682372
517.729000   -0.688298
517.730000   -0.694631
517.731000   -0.701298
517.732000   -0.708286
517.733000   -0.715640
517.734000   -0.723447
517.735000   -0.731796
517.736000   -0.740709
517.737000   -0.750115
517.738000   -0.759884
517.739000   -0.769880
517.740000   -0.779990
517.741000   -0.790103
517.742000   -0.800083
517.743000   -0.809758
517.744000   -0.818931
517.745000   -0.827384
517.746000   -0.834907
517.747000   -0.841350
517.748000   -0.846671
517.749000   -0.850963
517.750000   -0.854406
517.751000   -0.857222
517.752000   -0.859671
517.753000   -0.862065
517.754000   -0.864742
517.755000   -0.867994
517.756000   -0.872006
517.757000   -0.876821
517.758000   -0.882327
517.759000   -0.888245
517.760000   -0.894165
517.761000   -0.899657
517.762000   -0.904414
517.763000   -0.908312
517.764000   -0.911345
517.765000   -0.913534
517.766000   -0.914870
517.767000   -0.915288
517.768000   -0.914667
517.769000   -0.912863
517.770000   -0.909825
517.771000   -0.905734
517.772000   -0.901022
517.773000   -0.896221
517.774000   -0.891770
517.775000   -0.887905
517.776000   -0.884648
517.777000   -0.881850
517.778000   -0.879256
517.779000   -0.876612
517.780000   -0.873818
517.781000   -0.871024
517.782000   -0.868555
517.783000   -0.866739
517.784000   -0.865771
517.785000   -0.865682
517.786000   -0.866361
517.787000   -0.867610
517.788000   -0.869218
517.789000   -0.871071
517.790000   -0.873244
517.791000   -0.875960
517.792000   -0.879421
517.793000   -0.883655
517.794000   -0.888476
517.795000   -0.893527
517.796000   -0.898349
517.797000   -0.902450
517.798000   -0.905403
517.799000   -0.906951
517.800000   -0.907041
517.801000   -0.905744
517.802000   -0.903146
517.803000   -0.899302
517.804000   -0.894256
517.805000   -0.888060
517.806000   -0.880792
517.807000   -0.872591
517.808000   -0.863726
517.809000   -0.854628
517.810000   -0.845791
517.811000   -0.837626
517.812000   -0.830384
517.813000   -0.824148
517.814000   -0.818866
517.815000   -0.814366
517.816000   -0.810401
517.817000   -0.806730
517.818000   -0.803249
517.819000   -0.800051
517.820000   -0.797354
517.821000   -0.795384
517.822000   -0.794313
517.823000   -0.794237
517.824000   -0.795133
517.825000   -0.796822
517.826000   -0.798985
517.827000   -0.801278
517.828000   -0.803481
517.829000   -0.805504
517.830000   -0.807267
517.831000   -0.808625
517.832000   -0.809364
517.833000   -0.809227
517.834000   -0.807923
517.835000   -0.805161
517.836000   -0.800770
517.837000   -0.794883
517.838000   -0.787985
517.839000   -0.780742
517.840000   -0.773794
517.841000   -0.767642
517.842000   -0.762607
517.843000   -0.758814
517.844000   -0.756193
517.845000   -0.754568
517.846000   -0.753846
517.847000   -0.754166
517.848000   -0.755805
517.849000   -0.759004
517.850000   -0.763855
517.851000   -0.770282
517.852000   -0.778044
517.853000   -0.786746
517.854000   -0.795883
517.855000   -0.804973
517.856000   -0.813715
517.857000   -0.822028
517.858000   -0.829939
517.859000   -0.837454
517.860000   -0.844489
517.861000   -0.850838
517.862000   -0.856133
517.863000   -0.859842
517.864000   -0.861349
517.865000   -0.860150
517.866000   -0.856008
517.867000   -0.848931
517.868000   -0.839061
517.869000   -0.826621
517.870000   -0.811897
517.871000   -0.795212
517.872000   -0.776890
517.873000   -0.757261
517.874000   -0.736747
517.875000   -0.715949
517.876000   -0.695650
517.877000   -0.676702
517.878000   -0.659922
517.879000   -0.645986
517.880000   -0.635331
517.881000   -0.628071
517.882000   -0.623991
517.883000   -0.622666
517.884000   -0.623651
517.885000   -0.626633
517.886000   -0.631421
517.887000   -0.637851
517.888000   -0.645701
517.889000   -0.654648
517.890000   -0.664256
517.891000   -0.674016
517.892000   -0.683443
517.893000   -0.692219
517.894000   -0.700284
517.895000   -0.707795
517.896000   -0.714999
517.897000   -0.722120
517.898000   -0.729280
517.899000   -0.736446
517.900000   -0.743431
517.901000   -0.749958
517.902000   -0.755814
517.903000   -0.760989
517.904000   -0.765698
517.905000   -0.770261
517.906000   -0.774977
517.907000   -0.780044
517.908000   -0.785534
517.909000   -0.791396
517.910000   -0.797510
517.911000   -0.803796
517.912000   -0.810314
517.913000   -0.817274
517.914000   -0.824931
517.915000   -0.833462
517.916000   -0.842897
517.917000   -0.853080
517.918000   -0.863639
517.919000   -0.874022
517.920000   -0.883608
517.921000   -0.891873
517.922000   -0.898513
517.923000   -0.903441
517.924000   -0.906688
517.925000   -0.908293
517.926000   -0.908251
517.927000   -0.906517
517.928000   -0.903038
517.929000   -0.897824
517.930000   -0.891028
517.931000   -0.882993
517.932000   -0.874197
517.933000   -0.865132
517.934000   -0.856208
517.935000   -0.847717
517.936000   -0.839831
517.937000   -0.832582
517.938000   -0.825897
517.939000   -0.819672
517.940000   -0.813868
517.941000   -0.808534
517.942000   -0.803756
517.943000   -0.799617
517.944000   -0.796221
517.945000   -0.793729
517.946000   -0.792325
517.947000   -0.792164
517.948000   -0.793365
517.949000   -0.796035
517.950000   -0.800254
517.951000   -0.806003
517.952000   -0.813131
517.953000   -0.821423
517.954000   -0.830709
517.955000   -0.840872
517.956000   -0.851753
517.957000   -0.863118
517.958000   -0.874703
517.959000   -0.886262
517.960000   -0.897559
517.961000   -0.908351
517.962000   -0.918436
517.963000   -0.927768
517.964000   -0.936505
517.965000   -0.944921
517.966000   -0.953297
517.967000   -0.961869
517.968000   -0.970784
517.969000   -0.980008
517.970000   -0.989259
517.971000   -0.998014
517.972000   -1.005660
517.973000   -1.011691
517.974000   -1.015756
517.975000   -1.017598
517.976000   -1.017029
517.977000   -1.013936
517.978000   -1.008273
517.979000   -1.000008
517.980000   -0.989096
517.981000   -0.975533
517.982000   -0.959471
517.983000   -0.941293
517.984000   -0.921552
517.985000   -0.900894
517.986000   -0.880005
517.987000   -0.859546
517.988000   -0.840046
517.989000   -0.821824
517.990000   -0.804976
517.991000   -0.789451
517.992000   -0.775152
517.993000   -0.761981
517.994000   -0.749874
517.995000   -0.738832
517.996000   -0.728943
517.997000   -0.720320
517.998000   -0.713012
517.999000   -0.706953
518.000000   -0.701971
518.001000   -0.697832
518.001000   -0.697832
518.002000   -0.694305
518.003000   -0.691211
518.004000   -0.688499
518.005000   -0.686252
518.006000   -0.684605
518.007000   -0.683633
518.008000   -0.683279
518.009000   -0.683361
518.010000   -0.683631
518.011000   -0.683851
518.012000   -0.683860
518.013000   -0.683632
518.014000   -0.683327
518.015000   -0.683234
518.016000   -0.683644
518.017000   -0.684759
518.018000   -0.686673
518.019000   -0.689428
518.020000   -0.693087
518.021000   -0.697740
518.022000   -0.703491
518.023000   -0.710472
518.024000   -0.718835
518.025000   -0.728664
518.026000   -0.739883
518.027000   -0.752234
518.028000   -0.765338
518.029000   -0.778777
518.030000   -0.792137
518.031000   -0.805016
518.032000   -0.817043
518.033000   -0.827920
518.034000   -0.837397
518.035000   -0.845223
518.036000   -0.851110
518.037000   -0.854778
518.038000   -0.856031
518.039000   -0.854805
518.040000   -0.851150
518.041000   -0.845177
518.042000   -0.837017
518.043000   -0.826808
518.044000   -0.814687
518.045000   -0.800820
518.046000   -0.785464
518.047000   -0.769029
518.048000   -0.752106
518.049000   -0.735411
518.050000   -0.719693
518.051000   -0.705662
518.052000   -0.693940
518.053000   -0.684983
518.054000   -0.679012
518.055000   -0.676002
518.056000   -0.675761
518.057000   -0.678030
518.058000   -0.682547
518.059000   -0.689066
518.060000   -0.697347
518.061000   -0.707148
518.062000   -0.718186
518.063000   -0.730095
518.064000   -0.742438
518.065000   -0.754779
518.066000   -0.766765
518.067000   -0.778172
518.068000   -0.788887
518.069000   -0.798881
518.070000   -0.808192
518.071000   -0.816907
518.072000   -0.825111
518.073000   -0.832859
518.074000   -0.840209
518.075000   -0.847268
518.076000   -0.854216
518.077000   -0.861254
518.078000   -0.868537
518.079000   -0.876138
518.080000   -0.884048
518.081000   -0.892134
518.082000   -0.900117
518.083000   -0.907615
518.084000   -0.914275
518.085000   -0.919901
518.086000   -0.924480
518.087000   -0.928093
518.088000   -0.930844
518.089000   -0.932845
518.090000   -0.934176
518.091000   -0.934830
518.092000   -0.934674
518.093000   -0.933505
518.094000   -0.931156
518.095000   -0.927570
518.096000   -0.922777
518.097000   -0.916812
518.098000   -0.909680
518.099000   -0.901358
518.100000   -0.891789
518.101000   -0.880899
518.102000   -0.868639
518.103000   -0.855087
518.104000   -0.840520
518.105000   -0.825425
518.106000   -0.810403
518.107000   -0.796060
518.108000   -0.782942
518.109000   -0.771478
518.110000   -0.761947
518.111000   -0.754479
518.112000   -0.749121
518.113000   -0.745932
518.114000   -0.745032
518.115000   -0.746555
518.116000   -0.750561
518.117000   -0.756980
518.118000   -0.765605
518.119000   -0.776099
518.120000   -0.788029
518.121000   -0.800947
518.122000   -0.814491
518.123000   -0.828465
518.124000   -0.842807
518.125000   -0.857496
518.126000   -0.872478
518.127000   -0.887653
518.128000   -0.902872
518.129000   -0.917935
518.130000   -0.932606
518.131000   -0.946659
518.132000   -0.959917
518.133000   -0.972268
518.134000   -0.983621
518.135000   -0.993886
518.136000   -1.002988
518.137000   -1.010872
518.138000   -1.017491
518.139000   -1.022795
518.140000   -1.026747
518.141000   -1.029349
518.142000   -1.030650
518.143000   -1.030739
518.144000   -1.029729
518.145000   -1.027771
518.146000   -1.025039
518.147000   -1.021676
518.148000   -1.017737
518.149000   -1.013158
518.150000   -1.007765
518.151000   -1.001290
518.152000   -0.993391
518.153000   -0.983720
518.154000   -0.972020
518.155000   -0.958212
518.156000   -0.942367
518.157000   -0.924640
518.158000   -0.905245
518.159000   -0.884463
518.160000   -0.862642
518.161000   -0.840178
518.162000   -0.817498
518.163000   -0.795077
518.164000   -0.773451
518.165000   -0.753136
518.166000   -0.734499
518.167000   -0.717712
518.168000   -0.702797
518.169000   -0.689679
518.170000   -0.678232
518.171000   -0.668300
518.172000   -0.659733
518.173000   -0.652430
518.174000   -0.646324
518.175000   -0.641335
518.176000   -0.637360
518.177000   -0.634338
518.178000   -0.632305
518.179000   -0.631410
518.180000   -0.631877
518.181000   -0.633917
518.182000   -0.637615
518.183000   -0.642827
518.184000   -0.649212
518.185000   -0.656365
518.186000   -0.663967
518.187000   -0.671854
518.188000   -0.680017
518.189000   -0.688535
518.190000   -0.697498
518.191000   -0.706934
518.192000   -0.716791
518.193000   -0.726975
518.194000   -0.737405
518.195000   -0.748081
518.196000   -0.759121
518.197000   -0.770746
518.198000   -0.783220
518.199000   -0.796750
518.200000   -0.811385
518.201000   -0.826952
518.202000   -0.843024
518.203000   -0.858965
518.204000   -0.874046
518.205000   -0.887580
518.206000   -0.898999
518.207000   -0.907885
518.208000   -0.913946
518.209000   -0.916994
518.210000   -0.916920
518.211000   -0.913683
518.212000   -0.907321
518.213000   -0.897995
518.214000   -0.886040
518.215000   -0.871966
518.216000   -0.856378
518.217000   -0.839861
518.218000   -0.822874
518.219000   -0.805686
518.220000   -0.788393
518.221000   -0.771018
518.222000   -0.753657
518.223000   -0.736563
518.224000   -0.720110
518.225000   -0.704669
518.226000   -0.690489
518.227000   -0.677637
518.228000   -0.665990
518.229000   -0.655307
518.230000   -0.645358
518.231000   -0.636068
518.232000   -0.627591
518.233000   -0.620285
518.234000   -0.614553
518.235000   -0.610687
518.236000   -0.608770
518.237000   -0.608647
518.238000   -0.609950
518.239000   -0.612158
518.240000   -0.614722
518.241000   -0.617275
518.242000   -0.619764
518.243000   -0.622366
518.244000   -0.625272
518.245000   -0.628539
518.246000   -0.632034
518.247000   -0.635444
518.248000   -0.638334
518.249000   -0.640275
518.250000   -0.641045
518.251000   -0.640804
518.252000   -0.640047
518.253000   -0.639372
518.254000   -0.639220
518.255000   -0.639740
518.256000   -0.640766
518.257000   -0.641897
518.258000   -0.642658
518.259000   -0.642676
518.260000   -0.641869
518.261000   -0.640501
518.262000   -0.639000
518.263000   -0.637704
518.264000   -0.636737
518.265000   -0.636018
518.266000   -0.635331
518.267000   -0.634379
518.268000   -0.632837
518.269000   -0.630500
518.270000   -0.627458
518.271000   -0.624050
518.272000   -0.620649
518.273000   -0.617490
518.274000   -0.614631
518.275000   -0.611961
518.276000   -0.609218
518.277000   -0.606050
518.278000   -0.602211
518.279000   -0.597833
518.280000   -0.593483
518.281000   -0.589907
518.282000   -0.587763
518.283000   -0.587500
518.284000   -0.589320
518.285000   -0.593157
518.286000   -0.598696
518.287000   -0.605504
518.288000   -0.613297
518.289000   -0.622111
518.290000   -0.632150
518.291000   -0.643525
518.292000   -0.656125
518.293000   -0.669596
518.294000   -0.683371
518.295000   -0.696710
518.296000   -0.708844
518.297000   -0.719243
518.298000   -0.727869
518.299000   -0.735067
518.300000   -0.741272
518.301000   -0.746820
518.302000   -0.751921
518.303000   -0.756668
518.304000   -0.761042
518.305000   -0.764936
518.306000   -0.768298
518.307000   -0.771345
518.308000   -0.774560
518.309000   -0.778414
518.310000   -0.783125
518.311000   -0.788607
518.312000   -0.794510
518.313000   -0.800266
518.314000   -0.805128
518.315000   -0.808293
518.316000   -0.809182
518.317000   -0.807672
518.318000   -0.804008
518.319000   -0.798522
518.320000   -0.791489
518.321000   -0.783100
518.322000   -0.773468
518.323000   -0.762603
518.324000   -0.750417
518.325000   -0.736873
518.326000   -0.722240
518.327000   -0.707154
518.328000   -0.692333
518.329000   -0.678314
518.330000   -0.665364
518.331000   -0.653512
518.332000   -0.642575
518.333000   -0.632191
518.334000   -0.621941
518.335000   -0.611633
518.336000   -0.601542
518.337000   -0.592285
518.338000   -0.584484
518.339000   -0.578582
518.340000   -0.574813
518.341000   -0.573211
518.342000   -0.573611
518.343000   -0.575683
518.344000   -0.579089
518.345000   -0.583745
518.346000   -0.589855
518.347000   -0.597659
518.348000   -0.607186
518.349000   -0.618216
518.350000   -0.630336
518.351000   -0.643002
518.352000   -0.655588
518.353000   -0.667488
518.354000   -0.678310
518.355000   -0.688004
518.356000   -0.696748
518.357000   -0.704726
518.358000   -0.712041
518.359000   -0.718711
518.360000   -0.724680
518.361000   -0.729801
518.362000   -0.733842
518.363000   -0.736587
518.364000   -0.737983
518.365000   -0.738178
518.366000   -0.737400
518.367000   -0.735867
518.368000   -0.733782
518.369000   -0.731314
518.370000   -0.728566
518.371000   -0.725545
518.372000   -0.722200
518.373000   -0.718570
518.374000   -0.714934
518.375000   -0.711767
518.376000   -0.709556
518.377000   -0.708639
518.378000   -0.709129
518.379000   -0.710896
518.380000   -0.713589
518.381000   -0.716702
518.382000   -0.719729
518.383000   -0.722331
518.384000   -0.724375
518.385000   -0.725811
518.386000   -0.726539
518.387000   -0.726375
518.388000   -0.725087
518.389000   -0.722461
518.390000   -0.718339
518.391000   -0.712701
518.392000   -0.705758
518.393000   -0.697996
518.394000   -0.690071
518.395000   -0.682628
518.396000   -0.676195
518.397000   -0.671148
518.398000   -0.667694
518.399000   -0.665873
518.400000   -0.665584
518.401000   -0.666670
518.402000   -0.669020
518.403000   -0.672607
518.404000   -0.677434
518.405000   -0.683477
518.406000   -0.690658
518.407000   -0.698831
518.408000   -0.707790
518.409000   -0.717281
518.410000   -0.727048
518.411000   -0.736889
518.412000   -0.746696
518.413000   -0.756428
518.414000   -0.766052
518.415000   -0.775501
518.416000   -0.784659
518.417000   -0.793343
518.418000   -0.801312
518.419000   -0.808277
518.420000   -0.813939
518.421000   -0.818010
518.422000   -0.820262
518.423000   -0.820584
518.424000   -0.819049
518.425000   -0.815907
518.426000   -0.811515
518.427000   -0.806245
518.428000   -0.800429
518.429000   -0.794313
518.430000   -0.788047
518.431000   -0.781696
518.432000   -0.775289
518.433000   -0.768904
518.434000   -0.762711
518.435000   -0.756939
518.436000   -0.751819
518.437000   -0.747548
518.438000   -0.744254
518.439000   -0.741977
518.440000   -0.740655
518.441000   -0.740142
518.442000   -0.740253
518.443000   -0.740817
518.444000   -0.741687
518.445000   -0.742727
518.446000   -0.743813
518.447000   -0.744845
518.448000   -0.745767
518.449000   -0.746583
518.450000   -0.747346
518.451000   -0.748130
518.452000   -0.749018
518.453000   -0.750089
518.454000   -0.751415
518.455000   -0.753062
518.456000   -0.755103
518.457000   -0.757626
518.458000   -0.760717
518.459000   -0.764439
518.460000   -0.768809
518.461000   -0.773821
518.462000   -0.779470
518.463000   -0.785733
518.464000   -0.792547
518.465000   -0.799805
518.466000   -0.807387
518.467000   -0.815179
518.468000   -0.823065
518.469000   -0.830898
518.470000   -0.838470
518.471000   -0.845500
518.472000   -0.851630
518.473000   -0.856454
518.474000   -0.859579
518.475000   -0.860706
518.476000   -0.859665
518.477000   -0.856419
518.478000   -0.851030
518.479000   -0.843629
518.480000   -0.834431
518.481000   -0.823734
518.482000   -0.811888
518.483000   -0.799253
518.484000   -0.786182
518.485000   -0.773013
518.486000   -0.760054
518.487000   -0.747552
518.488000   -0.735685
518.489000   -0.724601
518.490000   -0.714449
518.491000   -0.705348
518.492000   -0.697346
518.493000   -0.690420
518.494000   -0.684507
518.495000   -0.679519
518.496000   -0.675356
518.497000   -0.671922
518.498000   -0.669185
518.499000   -0.667210
518.500000   -0.666115
518.501000   -0.665995
518.501000   -0.665995
518.502000   -0.666910
518.503000   -0.668898
518.504000   -0.671984
518.505000   -0.676158
518.506000   -0.681364
518.507000   -0.687511
518.508000   -0.694505
518.509000   -0.702240
518.510000   -0.710587
518.511000   -0.719411
518.512000   -0.728619
518.513000   -0.738174
518.514000   -0.748064
518.515000   -0.758263
518.516000   -0.768704
518.517000   -0.779314
518.518000   -0.790052
518.519000   -0.800925
518.520000   -0.811987
518.521000   -0.823322
518.522000   -0.834994
518.523000   -0.846963
518.524000   -0.859007
518.525000   -0.870701
518.526000   -0.881501
518.527000   -0.890863
518.528000   -0.898317
518.529000   -0.903499
518.530000   -0.906168
518.531000   -0.906219
518.532000   -0.903651
518.533000   -0.898520
518.534000   -0.890918
518.535000   -0.881015
518.536000   -0.869123
518.537000   -0.855705
518.538000   -0.841305
518.539000   -0.826482
518.540000   -0.811732
518.541000   -0.797417
518.542000   -0.783690
518.543000   -0.770492
518.544000   -0.757626
518.545000   -0.744900
518.546000   -0.732230
518.547000   -0.719665
518.548000   -0.707366
518.549000   -0.695591
518.550000   -0.684663
518.551000   -0.674897
518.552000   -0.666538
518.553000   -0.659728
518.554000   -0.654532
518.555000   -0.650993
518.556000   -0.649123
518.557000   -0.648882
518.558000   -0.650167
518.559000   -0.652812
518.560000   -0.656563
518.561000   -0.661060
518.562000   -0.665859
518.563000   -0.670530
518.564000   -0.674797
518.565000   -0.678597
518.566000   -0.682045
518.567000   -0.685384
518.568000   -0.688947
518.569000   -0.693091
518.570000   -0.698124
518.571000   -0.704264
518.572000   -0.711656
518.573000   -0.720447
518.574000   -0.730817
518.575000   -0.742925
518.576000   -0.756868
518.577000   -0.772657
518.578000   -0.790196
518.579000   -0.809228
518.580000   -0.829323
518.581000   -0.849915
518.582000   -0.870384
518.583000   -0.890160
518.584000   -0.908782
518.585000   -0.925930
518.586000   -0.941448
518.587000   -0.955311
518.588000   -0.967544
518.589000   -0.978132
518.590000   -0.986957
518.591000   -0.993770
518.592000   -0.998226
518.593000   -0.999954
518.594000   -0.998660
518.595000   -0.994222
518.596000   -0.986704
518.597000   -0.976283
518.598000   -0.963164
518.599000   -0.947537
518.600000   -0.929599
518.601000   -0.909617
518.602000   -0.888001
518.603000   -0.865331
518.604000   -0.842357
518.605000   -0.819931
518.606000   -0.798864
518.607000   -0.779761
518.608000   -0.762931
518.609000   -0.748405
518.610000   -0.736038
518.611000   -0.725639
518.612000   -0.717047
518.613000   -0.710150
518.614000   -0.704903
518.615000   -0.701291
518.616000   -0.699248
518.617000   -0.698614
518.618000   -0.699156
518.619000   -0.700645
518.620000   -0.702949
518.621000   -0.706057
518.622000   -0.710036
518.623000   -0.714980
518.624000   -0.720957
518.625000   -0.727956
518.626000   -0.735839
518.627000   -0.744334
518.628000   -0.753094
518.629000   -0.761799
518.630000   -0.770226
518.631000   -0.778250
518.632000   -0.785818
518.633000   -0.792940
518.634000   -0.799678
518.635000   -0.806119
518.636000   -0.812347
518.637000   -0.818449
518.638000   -0.824533
518.639000   -0.830720
518.640000   -0.837110
518.641000   -0.843779
518.642000   -0.850828
518.643000   -0.858411
518.644000   -0.866668
518.645000   -0.875617
518.646000   -0.885111
518.647000   -0.894867
518.648000   -0.904505
518.649000   -0.913588
518.650000   -0.921673
518.651000   -0.928419
518.652000   -0.933683
518.653000   -0.937500
518.654000   -0.939986
518.655000   -0.941267
518.656000   -0.941460
518.657000   -0.940672
518.658000   -0.938969
518.659000   -0.936366
518.660000   -0.932886
518.661000   -0.928663
518.662000   -0.923955
518.663000   -0.919035
518.664000   -0.914084
518.665000   -0.909160
518.666000   -0.904218
518.667000   -0.899127
518.668000   -0.893672
518.669000   -0.887598
518.670000   -0.880695
518.671000   -0.872878
518.672000   -0.864169
518.673000   -0.854663
518.674000   -0.844525
518.675000   -0.834005
518.676000   -0.823400
518.677000   -0.812973
518.678000   -0.802901
518.679000   -0.793279
518.680000   -0.784159
518.681000   -0.775571
518.682000   -0.767519
518.683000   -0.760004
518.684000   -0.753071
518.685000   -0.746798
518.686000   -0.741235
518.687000   -0.736339
518.688000   -0.731954
518.689000   -0.727841
518.690000   -0.723730
518.691000   -0.719364
518.692000   -0.714570
518.693000   -0.709312
518.694000   -0.703701
518.695000   -0.697898
518.696000   -0.692012
518.697000   -0.686040
518.698000   -0.679900
518.699000   -0.673489
518.700000   -0.666737
518.701000   -0.659624
518.702000   -0.652195
518.703000   -0.644561
518.704000   -0.636853
518.705000   -0.629155
518.706000   -0.621475
518.707000   -0.613786
518.708000   -0.606106
518.709000   -0.598540
518.710000   -0.591264
518.711000   -0.584491
518.712000   -0.578469
518.713000   -0.573446
518.714000   -0.569621
518.715000   -0.567104
518.716000   -0.565928
518.717000   -0.566109
518.718000   -0.567674
518.719000   -0.570634
518.720000   -0.574958
518.721000   -0.580584
518.722000   -0.587432
518.723000   -0.595392
518.724000   -0.604292
518.725000   -0.613911
518.726000   -0.624021
518.727000   -0.634432
518.728000   -0.644978
518.729000   -0.655504
518.730000   -0.665873
518.731000   -0.675995
518.732000   -0.685810
518.733000   -0.695226
518.734000   -0.704104
518.735000   -0.712286
518.736000   -0.719644
518.737000   -0.726096
518.738000   -0.731597
518.739000   -0.736157
518.740000   -0.739881
518.741000   -0.742951
518.742000   -0.745544
518.743000   -0.747776
518.744000   -0.749701
518.745000   -0.751363
518.746000   -0.752810
518.747000   -0.754093
518.748000   -0.755269
518.749000   -0.756427
518.750000   -0.757703
518.751000   -0.759195
518.752000   -0.760889
518.753000   -0.762630
518.754000   -0.764169
518.755000   -0.765207
518.756000   -0.765424
518.757000   -0.764510
518.758000   -0.762228
518.759000   -0.758460
518.760000   -0.753186
518.761000   -0.746401
518.762000   -0.738084
518.763000   -0.728224
518.764000   -0.716882
518.765000   -0.704215
518.766000   -0.690472
518.767000   -0.676008
518.768000   -0.661306
518.769000   -0.646939
518.770000   -0.633463
518.771000   -0.621321
518.772000   -0.610839
518.773000   -0.602257
518.774000   -0.595735
518.775000   -0.591342
518.776000   -0.589046
518.777000   -0.588760
518.778000   -0.590391
518.779000   -0.593815
518.780000   -0.598842
518.781000   -0.605218
518.782000   -0.612664
518.783000   -0.620919
518.784000   -0.629743
518.785000   -0.638929
518.786000   -0.648334
518.787000   -0.657922
518.788000   -0.667735
518.789000   -0.677816
518.790000   -0.688149
518.791000   -0.698648
518.792000   -0.709176
518.793000   -0.719567
518.794000   -0.729650
518.795000   -0.739309
518.796000   -0.748526
518.797000   -0.757384
518.798000   -0.766004
518.799000   -0.774486
518.800000   -0.782899
518.801000   -0.791284
518.802000   -0.799660
518.803000   -0.808010
518.804000   -0.816309
518.805000   -0.824571
518.806000   -0.832880
518.807000   -0.841336
518.808000   -0.849982
518.809000   -0.858768
518.810000   -0.867564
518.811000   -0.876172
518.812000   -0.884331
518.813000   -0.891755
518.814000   -0.898219
518.815000   -0.903633
518.816000   -0.908018
518.817000   -0.911423
518.818000   -0.913869
518.819000   -0.915332
518.820000   -0.915732
518.821000   -0.914929
518.822000   -0.912751
518.823000   -0.909089
518.824000   -0.904000
518.825000   -0.897740
518.826000   -0.890661
518.827000   -0.883092
518.828000   -0.875272
518.829000   -0.867322
518.830000   -0.859258
518.831000   -0.851037
518.832000   -0.842675
518.833000   -0.834382
518.834000   -0.826598
518.835000   -0.819870
518.836000   -0.814677
518.837000   -0.811331
518.838000   -0.809933
518.839000   -0.810380
518.840000   -0.812390
518.841000   -0.815579
518.842000   -0.819610
518.843000   -0.824318
518.844000   -0.829689
518.845000   -0.835718
518.846000   -0.842283
518.847000   -0.849113
518.848000   -0.855804
518.849000   -0.861867
518.850000   -0.866820
518.851000   -0.870326
518.852000   -0.872316
518.853000   -0.872968
518.854000   -0.872566
518.855000   -0.871372
518.856000   -0.869570
518.857000   -0.867253
518.858000   -0.864440
518.859000   -0.861106
518.860000   -0.857248
518.861000   -0.852974
518.862000   -0.848527
518.863000   -0.844193
518.864000   -0.840180
518.865000   -0.836539
518.866000   -0.833153
518.867000   -0.829768
518.868000   -0.826037
518.869000   -0.821613
518.870000   -0.816293
518.871000   -0.810133
518.872000   -0.803394
518.873000   -0.796377
518.874000   -0.789309
518.875000   -0.782301
518.876000   -0.775361
518.877000   -0.768403
518.878000   -0.761282
518.879000   -0.753875
518.880000   -0.746216
518.881000   -0.738561
518.882000   -0.731287
518.883000   -0.724743
518.884000   -0.719178
518.885000   -0.714733
518.886000   -0.711443
518.887000   -0.709240
518.888000   -0.707981
518.889000   -0.707567
518.890000   -0.708094
518.891000   -0.709824
518.892000   -0.713014
518.893000   -0.717779
518.894000   -0.724086
518.895000   -0.731784
518.896000   -0.740636
518.897000   -0.750340
518.898000   -0.760603
518.899000   -0.771289
518.900000   -0.782502
518.901000   -0.794461
518.902000   -0.807297
518.903000   -0.820959
518.904000   -0.835217
518.905000   -0.849689
518.906000   -0.863871
518.907000   -0.877198
518.908000   -0.889188
518.909000   -0.899622
518.910000   -0.908579
518.911000   -0.916272
518.912000   -0.922888
518.913000   -0.928508
518.914000   -0.933076
518.915000   -0.936381
518.916000   -0.938067
518.917000   -0.937719
518.918000   -0.935057
518.919000   -0.930102
518.920000   -0.923148
518.921000   -0.914602
518.922000   -0.904857
518.923000   -0.894229
518.924000   -0.882904
518.925000   -0.870914
518.926000   -0.858163
518.927000   -0.844549
518.928000   -0.830160
518.929000   -0.815336
518.930000   -0.800556
518.931000   -0.786280
518.932000   -0.772839
518.933000   -0.760371
518.934000   -0.748771
518.935000   -0.737705
518.936000   -0.726735
518.937000   -0.715558
518.938000   -0.704175
518.939000   -0.692828
518.940000   -0.681847
518.941000   -0.671522
518.942000   -0.662028
518.943000   -0.653364
518.944000   -0.645350
518.945000   -0.637730
518.946000   -0.630407
518.947000   -0.623606
518.948000   -0.617798
518.949000   -0.613500
518.950000   -0.611117
518.951000   -0.610841
518.952000   -0.612581
518.953000   -0.615954
518.954000   -0.620384
518.955000   -0.625322
518.956000   -0.630475
518.957000   -0.635808
518.958000   -0.641411
518.959000   -0.647378
518.960000   -0.653744
518.961000   -0.660447
518.962000   -0.667313
518.963000   -0.674095
518.964000   -0.680594
518.965000   -0.686817
518.966000   -0.692991
518.967000   -0.699422
518.968000   -0.706358
518.969000   -0.713887
518.970000   -0.721870
518.971000   -0.729914
518.972000   -0.737415
518.973000   -0.743700
518.974000   -0.748249
518.975000   -0.750854
518.976000   -0.751615
518.977000   -0.750846
518.978000   -0.748962
518.979000   -0.746352
518.980000   -0.743287
518.981000   -0.739896
518.982000   -0.736216
518.983000   -0.732316
518.984000   -0.728440
518.985000   -0.725017
518.986000   -0.722553
518.987000   -0.721486
518.988000   -0.722064
518.989000   -0.724262
518.990000   -0.727796
518.991000   -0.732196
518.992000   -0.736962
518.993000   -0.741734
518.994000   -0.746424
518.995000   -0.751187
518.996000   -0.756307
518.997000   -0.762052
518.998000   -0.768569
518.999000   -0.775828
519.000000   -0.783641
519.001000   -0.791724
519.001000   -0.791724
519.002000   -0.799818
519.003000   -0.807812
519.004000   -0.815778
519.005000   -0.823933
519.006000   -0.832553
519.007000   -0.841824
519.008000   -0.851733
519.009000   -0.862034
519.010000   -0.872304
519.011000   -0.882052
519.012000   -0.890859
519.013000   -0.898488
519.014000   -0.904921
519.015000   -0.910328
519.016000   -0.914939
519.017000   -0.918899
519.018000   -0.922204
519.019000   -0.924731
519.020000   -0.926303
519.021000   -0.926791
519.022000   -0.926187
519.023000   -0.924610
519.024000   -0.922288
519.025000   -0.919511
519.026000   -0.916550
519.027000   -0.913579
519.028000   -0.910647
519.029000   -0.907704
519.030000   -0.904652
519.031000   -0.901398
519.032000   -0.897899
519.033000   -0.894206
519.034000   -0.890525
519.035000   -0.887158
519.036000   -0.884342
519.037000   -0.882127
519.038000   -0.880357
519.039000   -0.878728
519.040000   -0.876890
519.041000   -0.874547
519.042000   -0.871522
519.043000   -0.867808
519.044000   -0.863573
519.045000   -0.859046
519.046000   -0.854397
519.047000   -0.849708
519.048000   -0.845006
519.049000   -0.840323
519.050000   -0.835766
519.051000   -0.831532
519.052000   -0.827890
519.053000   -0.825131
519.054000   -0.823511
519.055000   -0.823159
519.056000   -0.824054
519.057000   -0.826051
519.058000   -0.828939
519.059000   -0.832511
519.060000   -0.836599
519.061000   -0.841059
519.062000   -0.845770
519.063000   -0.850664
519.064000   -0.855716
519.065000   -0.860873
519.066000   -0.866020
519.067000   -0.870988
519.068000   -0.875591
519.069000   -0.879649
519.070000   -0.882981
519.071000   -0.885436
519.072000   -0.886978
519.073000   -0.887735
519.074000   -0.887885
519.075000   -0.887525
519.076000   -0.886644
519.077000   -0.885164
519.078000   -0.882976
519.079000   -0.879962
519.080000   -0.875984
519.081000   -0.870925
519.082000   -0.864771
519.083000   -0.857636
519.084000   -0.849687
519.085000   -0.841088
519.086000   -0.831988
519.087000   -0.822517
519.088000   -0.812751
519.089000   -0.802678
519.090000   -0.792201
519.091000   -0.781239
519.092000   -0.769865
519.093000   -0.758285
519.094000   -0.746736
519.095000   -0.735429
519.096000   -0.724543
519.097000   -0.714212
519.098000   -0.704494
519.099000   -0.695351
519.100000   -0.686684
519.101000   -0.678436
519.102000   -0.670649
519.103000   -0.663418
519.104000   -0.656850
519.105000   -0.651061
519.106000   -0.646164
519.107000   -0.642228
519.108000   -0.639234
519.109000   -0.637050
519.110000   -0.635485
519.111000   -0.634369
519.112000   -0.633605
519.113000   -0.633187
519.114000   -0.633201
519.115000   -0.633809
519.116000   -0.635189
519.117000   -0.637458
519.118000   -0.640612
519.119000   -0.644519
519.120000   -0.649021
519.121000   -0.654073
519.122000   -0.659779
519.123000   -0.666333
519.124000   -0.673926
519.125000   -0.682672
519.126000   -0.692532
519.127000   -0.703266
519.128000   -0.714437
519.129000   -0.725516
519.130000   -0.736096
519.131000   -0.745994
519.132000   -0.755184
519.133000   -0.763683
519.134000   -0.771489
519.135000   -0.778531
519.136000   -0.784636
519.137000   -0.789520
519.138000   -0.792833
519.139000   -0.794324
519.140000   -0.794019
519.141000   -0.792226
519.142000   -0.789397
519.143000   -0.785969
519.144000   -0.782262
519.145000   -0.778407
519.146000   -0.774320
519.147000   -0.769717
519.148000   -0.764233
519.149000   -0.757655
519.150000   -0.750063
519.151000   -0.741777
519.152000   -0.733193
519.153000   -0.724648
519.154000   -0.716338
519.155000   -0.708286
519.156000   -0.700330
519.157000   -0.692157
519.158000   -0.683433
519.159000   -0.674016
519.160000   -0.664062
519.161000   -0.653976
519.162000   -0.644253
519.163000   -0.635335
519.164000   -0.627518
519.165000   -0.620911
519.166000   -0.615417
519.167000   -0.610765
519.168000   -0.606658
519.169000   -0.602975
519.170000   -0.599882
519.171000   -0.597757
519.172000   -0.597007
519.173000   -0.597913
519.174000   -0.600565
519.175000   -0.604821
519.176000   -0.610321
519.177000   -0.616583
519.178000   -0.623237
519.179000   -0.630245
519.180000   -0.637899
519.181000   -0.646597
519.182000   -0.656600
519.183000   -0.667901
519.184000   -0.680203
519.185000   -0.692934
519.186000   -0.705330
519.187000   -0.716651
519.188000   -0.726462
519.189000   -0.734759
519.190000   -0.741857
519.191000   -0.748160
519.192000   -0.753979
519.193000   -0.759448
519.194000   -0.764487
519.195000   -0.768811
519.196000   -0.772026
519.197000   -0.773858
519.198000   -0.774382
519.199000   -0.774070
519.200000   -0.773602
519.201000   -0.773587
519.202000   -0.774379
519.203000   -0.775991
519.204000   -0.778094
519.205000   -0.780071
519.206000   -0.781213
519.207000   -0.780996
519.208000   -0.779324
519.209000   -0.776529
519.210000   -0.773132
519.211000   -0.769587
519.212000   -0.766141
519.213000   -0.762797
519.214000   -0.759320
519.215000   -0.755299
519.216000   -0.750303
519.217000   -0.744124
519.218000   -0.736944
519.219000   -0.729262
519.220000   -0.721623
519.221000   -0.714410
519.222000   -0.707781
519.223000   -0.701666
519.224000   -0.695807
519.225000   -0.689842
519.226000   -0.683493
519.227000   -0.676793
519.228000   -0.670170
519.229000   -0.664259
519.230000   -0.659639
519.231000   -0.656698
519.232000   -0.655588
519.233000   -0.656231
519.234000   -0.658352
519.235000   -0.661603
519.236000   -0.665783
519.237000   -0.671036
519.238000   -0.677792
519.239000   -0.686468
519.240000   -0.697241
519.241000   -0.709984
519.242000   -0.724294
519.243000   -0.739547
519.244000   -0.754995
519.245000   -0.769939
519.246000   -0.783958
519.247000   -0.797060
519.248000   -0.809565
519.249000   -0.821838
519.250000   -0.834109
519.251000   -0.846445
519.252000   -0.858745
519.253000   -0.870749
519.254000   -0.882063
519.255000   -0.892280
519.256000   -0.901246
519.257000   -0.909211
519.258000   -0.916643
519.259000   -0.923910
519.260000   -0.931144
519.261000   -0.938246
519.262000   -0.944911
519.263000   -0.950662
519.264000   -0.954912
519.265000   -0.957174
519.266000   -0.957388
519.267000   -0.956008
519.268000   -0.953704
519.269000   -0.951040
519.270000   -0.948354
519.271000   -0.945746
519.272000   -0.943084
519.273000   -0.940008
519.274000   -0.936021
519.275000   -0.930727
519.276000   -0.924125
519.277000   -0.916574
519.278000   -0.908484
519.279000   -0.900095
519.280000   -0.891445
519.281000   -0.882391
519.282000   -0.872646
519.283000   -0.861829
519.284000   -0.849588
519.285000   -0.835810
519.286000   -0.820727
519.287000   -0.804780
519.288000   -0.788418
519.289000   -0.771994
519.290000   -0.755739
519.291000   -0.739751
519.292000   -0.723989
519.293000   -0.708312
519.294000   -0.692596
519.295000   -0.676888
519.296000   -0.661446
519.297000   -0.646627
519.298000   -0.632758
519.299000   -0.620076
519.300000   -0.608718
519.301000   -0.598713
519.302000   -0.590004
519.303000   -0.582506
519.304000   -0.576218
519.305000   -0.571298
519.306000   -0.568014
519.307000   -0.566646
519.308000   -0.567408
519.309000   -0.570409
519.310000   -0.575636
519.311000   -0.582951
519.312000   -0.592104
519.313000   -0.602808
519.314000   -0.614864
519.315000   -0.628222
519.316000   -0.642921
519.317000   -0.658984
519.318000   -0.676349
519.319000   -0.694845
519.320000   -0.714178
519.321000   -0.733941
519.322000   -0.753675
519.323000   -0.773006
519.324000   -0.791768
519.325000   -0.809979
519.326000   -0.827702
519.327000   -0.844938
519.328000   -0.861568
519.329000   -0.877342
519.330000   -0.891887
519.331000   -0.904755
519.332000   -0.915557
519.333000   -0.924153
519.334000   -0.930727
519.335000   -0.935690
519.336000   -0.939523
519.337000   -0.942673
519.338000   -0.945483
519.339000   -0.948143
519.340000   -0.950665
519.341000   -0.952912
519.342000   -0.954723
519.343000   -0.956041
519.344000   -0.956932
519.345000   -0.957517
519.346000   -0.957895
519.347000   -0.958075
519.348000   -0.957941
519.349000   -0.957228
519.350000   -0.955557
519.351000   -0.952522
519.352000   -0.947858
519.353000   -0.941541
519.354000   -0.933787
519.355000   -0.924955
519.356000   -0.915446
519.357000   -0.905586
519.358000   -0.895568
519.359000   -0.885416
519.360000   -0.875022
519.361000   -0.864268
519.362000   -0.853166
519.363000   -0.841908
519.364000   -0.830811
519.365000   -0.820234
519.366000   -0.810494
519.367000   -0.801801
519.368000   -0.794221
519.369000   -0.787689
519.370000   -0.782115
519.371000   -0.777544
519.372000   -0.774245
519.373000   -0.772657
519.374000   -0.773264
519.375000   -0.776461
519.376000   -0.782455
519.377000   -0.791191
519.378000   -0.802330
519.379000   -0.815314
519.380000   -0.829556
519.381000   -0.844633
519.382000   -0.860311
519.383000   -0.876429
519.384000   -0.892784
519.385000   -0.909083
519.386000   -0.924922
519.387000   -0.939796
519.388000   -0.953137
519.389000   -0.964421
519.390000   -0.973318
519.391000   -0.979769
519.392000   -0.983938
519.393000   -0.986120
519.394000   -0.986648
519.395000   -0.985828
519.396000   -0.983875
519.397000   -0.980876
519.398000   -0.976800
519.399000   -0.971581
519.400000   -0.965240
519.401000   -0.957947
519.402000   -0.950005
519.403000   -0.941792
519.404000   -0.933665
519.405000   -0.925869
519.406000   -0.918491
519.407000   -0.911458
519.408000   -0.904604
519.409000   -0.897769
519.410000   -0.890880
519.411000   -0.883985
519.412000   -0.877245
519.413000   -0.870838
519.414000   -0.864833
519.415000   -0.859099
519.416000   -0.853320
519.417000   -0.847063
519.418000   -0.839888
519.419000   -0.831454
519.420000   -0.821594
519.421000   -0.810342
519.422000   -0.797914
519.423000   -0.784601
519.424000   -0.770665
519.425000   -0.756290
519.426000   -0.741599
519.427000   -0.726707
519.428000   -0.711774
519.429000   -0.697052
519.430000   -0.682892
519.431000   -0.669741
519.432000   -0.658069
519.433000   -0.648254
519.434000   -0.640493
519.435000   -0.634795
519.436000   -0.631025
519.437000   -0.628986
519.438000   -0.628488
519.439000   -0.629382
519.440000   -0.631564
519.441000   -0.634965
519.442000   -0.639489
519.443000   -0.644943
519.444000   -0.651029
519.445000   -0.657396
519.446000   -0.663706
519.447000   -0.669692
519.448000   -0.675165
519.449000   -0.680024
519.450000   -0.684278
519.451000   -0.688028
519.452000   -0.691396
519.453000   -0.694457
519.454000   -0.697240
519.455000   -0.699751
519.456000   -0.702009
519.457000   -0.704053
519.458000   -0.705948
519.459000   -0.707845
519.460000   -0.710026
519.461000   -0.712843
519.462000   -0.716591
519.463000   -0.721422
519.464000   -0.727342
519.465000   -0.734234
519.466000   -0.741881
519.467000   -0.749975
519.468000   -0.758187
519.469000   -0.766262
519.470000   -0.774061
519.471000   -0.781470
519.472000   -0.788315
519.473000   -0.794335
519.474000   -0.799234
519.475000   -0.802727
519.476000   -0.804552
519.477000   -0.804503
519.478000   -0.802492
519.479000   -0.798611
519.480000   -0.793080
519.481000   -0.786145
519.482000   -0.778034
519.483000   -0.768979
519.484000   -0.759215
519.485000   -0.748935
519.486000   -0.738273
519.487000   -0.727355
519.488000   -0.716400
519.489000   -0.705724
519.490000   -0.695650
519.491000   -0.686442
519.492000   -0.678281
519.493000   -0.671251
519.494000   -0.665306
519.495000   -0.660252
519.496000   -0.655813
519.497000   -0.651762
519.498000   -0.647998
519.499000   -0.644517
519.500000   -0.641342
519.501000   -0.638492
519.501000   -0.638492
519.502000   -0.635956
519.503000   -0.633651
519.504000   -0.631397
519.505000   -0.628954
519.506000   -0.626115
519.507000   -0.622784
519.508000   -0.618961
519.509000   -0.614697
519.510000   -0.610081
519.511000   -0.605228
519.512000   -0.600233
519.513000   -0.595135
519.514000   -0.589929
519.515000   -0.584641
519.516000   -0.579402
519.517000   -0.574432
519.518000   -0.569983
519.519000   -0.566332
519.520000   -0.563785
519.521000   -0.562627
519.522000   -0.563033
519.523000   -0.565038
519.524000   -0.568588
519.525000   -0.573624
519.526000   -0.580075
519.527000   -0.587796
519.528000   -0.596556
519.529000   -0.606106
519.530000   -0.616213
519.531000   -0.626630
519.532000   -0.637071
519.533000   -0.647243
519.534000   -0.656939
519.535000   -0.666041
519.536000   -0.674446
519.537000   -0.682015
519.538000   -0.688595
519.539000   -0.694081
519.540000   -0.698424
519.541000   -0.701605
519.542000   -0.703639
519.543000   -0.704611
519.544000   -0.704680
519.545000   -0.704006
519.546000   -0.702696
519.547000   -0.700831
519.548000   -0.698538
519.549000   -0.696008
519.550000   -0.693445
519.551000   -0.691017
519.552000   -0.688872
519.553000   -0.687163
519.554000   -0.686017
519.555000   -0.685465
519.556000   -0.685428
519.557000   -0.685766
519.558000   -0.686328
519.559000   -0.686942
519.560000   -0.687397
519.561000   -0.687488
519.562000   -0.687074
519.563000   -0.686088
519.564000   -0.684462
519.565000   -0.682094
519.566000   -0.678874
519.567000   -0.674746
519.568000   -0.669728
519.569000   -0.663886
519.570000   -0.657338
519.571000   -0.650293
519.572000   -0.643050
519.573000   -0.635921
519.574000   -0.629157
519.575000   -0.622942
519.576000   -0.617446
519.577000   -0.612845
519.578000   -0.609286
519.579000   -0.606877
519.580000   -0.605709
519.581000   -0.605887
519.582000   -0.607509
519.583000   -0.610623
519.584000   -0.615249
519.585000   -0.621440
519.586000   -0.629287
519.587000   -0.638866
519.588000   -0.650178
519.589000   -0.663164
519.590000   -0.677737
519.591000   -0.693785
519.592000   -0.711132
519.593000   -0.729529
519.594000   -0.748696
519.595000   -0.768339
519.596000   -0.788119
519.597000   -0.807636
519.598000   -0.826468
519.599000   -0.844268
519.600000   -0.860817
519.601000   -0.875988
519.602000   -0.889703
519.603000   -0.901940
519.604000   -0.912733
519.605000   -0.922127
519.606000   -0.930114
519.607000   -0.936637
519.608000   -0.941680
519.609000   -0.945341
519.610000   -0.947814
519.611000   -0.949302
519.612000   -0.949976
519.613000   -0.949977
519.614000   -0.949391
519.615000   -0.948212
519.616000   -0.946341
519.617000   -0.943689
519.618000   -0.940288
519.619000   -0.936313
519.620000   -0.931980
519.621000   -0.927454
519.622000   -0.922810
519.623000   -0.918015
519.624000   -0.912900
519.625000   -0.907174
519.626000   -0.900519
519.627000   -0.892746
519.628000   -0.883891
519.629000   -0.874144
519.630000   -0.863709
519.631000   -0.852722
519.632000   -0.841228
519.633000   -0.829185
519.634000   -0.816485
519.635000   -0.803018
519.636000   -0.788801
519.637000   -0.774096
519.638000   -0.759381
519.639000   -0.745198
519.640000   -0.732033
519.641000   -0.720281
519.642000   -0.710232
519.643000   -0.702037
519.644000   -0.695702
519.645000   -0.691151
519.646000   -0.688333
519.647000   -0.687262
519.648000   -0.687972
519.649000   -0.690454
519.650000   -0.694661
519.651000   -0.700519
519.652000   -0.707900
519.653000   -0.716600
519.654000   -0.726366
519.655000   -0.736955
519.656000   -0.748198
519.657000   -0.759985
519.658000   -0.772240
519.659000   -0.784919
519.660000   -0.797998
519.661000   -0.811413
519.662000   -0.825014
519.663000   -0.838556
519.664000   -0.851754
519.665000   -0.864342
519.666000   -0.876106
519.667000   -0.886885
519.668000   -0.896578
519.669000   -0.905135
519.670000   -0.912506
519.671000   -0.918593
519.672000   -0.923238
519.673000   -0.926272
519.674000   -0.927585
519.675000   -0.927161
519.676000   -0.925086
519.677000   -0.921535
519.678000   -0.916769
519.679000   -0.911077
519.680000   -0.904679
519.681000   -0.897690
519.682000   -0.890139
519.683000   -0.882038
519.684000   -0.873435
519.685000   -0.864424
519.686000   -0.855109
519.687000   -0.845576
519.688000   -0.835870
519.689000   -0.825951
519.690000   -0.815682
519.691000   -0.804874
519.692000   -0.793359
519.693000   -0.781055
519.694000   -0.767981
519.695000   -0.754218
519.696000   -0.739874
519.697000   -0.725097
519.698000   -0.710078
519.699000   -0.695030
519.700000   -0.680143
519.701000   -0.665571
519.702000   -0.651430
519.703000   -0.637782
519.704000   -0.624630
519.705000   -0.611980
519.706000   -0.599978
519.707000   -0.588946
519.708000   -0.579273
519.709000   -0.571276
519.710000   -0.565142
519.711000   -0.560910
519.712000   -0.558473
519.713000   -0.557598
519.714000   -0.558037
519.715000   -0.559723
519.716000   -0.562871
519.717000   -0.567820
519.718000   -0.574819
519.719000   -0.583910
519.720000   -0.594917
519.721000   -0.607459
519.722000   -0.620989
519.723000   -0.634889
519.724000   -0.648682
519.725000   -0.662223
519.726000   -0.675655
519.727000   -0.689193
519.728000   -0.702969
519.729000   -0.716980
519.730000   -0.731087
519.731000   -0.745014
519.732000   -0.758379
519.733000   -0.770811
519.734000   -0.782115
519.735000   -0.792302
519.736000   -0.801440
519.737000   -0.809513
519.738000   -0.816393
519.739000   -0.821863
519.740000   -0.825646
519.741000   -0.827436
519.742000   -0.826957
519.743000   -0.824104
519.744000   -0.819036
519.745000   -0.812124
519.746000   -0.803826
519.747000   -0.794620
519.748000   -0.784966
519.749000   -0.775267
519.750000   -0.765808
519.751000   -0.756742
519.752000   -0.748166
519.753000   -0.740257
519.754000   -0.733288
519.755000   -0.727536
519.756000   -0.723190
519.757000   -0.720320
519.758000   -0.718855
519.759000   -0.718557
519.760000   -0.719017
519.761000   -0.719734
519.762000   -0.720265
519.763000   -0.720347
519.764000   -0.719865
519.765000   -0.718769
519.766000   -0.717037
519.767000   -0.714663
519.768000   -0.711635
519.769000   -0.707901
519.770000   -0.703373
519.771000   -0.698005
519.772000   -0.691904
519.773000   -0.685329
519.774000   -0.678597
519.775000   -0.672006
519.776000   -0.665812
519.777000   -0.660196
519.778000   -0.655236
519.779000   -0.650887
519.780000   -0.647059
519.781000   -0.643753
519.782000   -0.641138
519.783000   -0.639481
519.784000   -0.639059
519.785000   -0.640102
519.786000   -0.642734
519.787000   -0.646916
519.788000   -0.652412
519.789000   -0.658830
519.790000   -0.665757
519.791000   -0.672886
519.792000   -0.680035
519.793000   -0.687126
519.794000   -0.694148
519.795000   -0.701109
519.796000   -0.707967
519.797000   -0.714573
519.798000   -0.720670
519.799000   -0.725935
519.800000   -0.730076
519.801000   -0.732898
519.802000   -0.734328
519.803000   -0.734423
519.804000   -0.733336
519.805000   -0.731242
519.806000   -0.728262
519.807000   -0.724423
519.808000   -0.719640
519.809000   -0.713780
519.810000   -0.706759
519.811000   -0.698670
519.812000   -0.689844
519.813000   -0.680814
519.814000   -0.672179
519.815000   -0.664450
519.816000   -0.657942
519.817000   -0.652735
519.818000   -0.648712
519.819000   -0.645683
519.820000   -0.643539
519.821000   -0.642351
519.822000   -0.642358
519.823000   -0.643832
519.824000   -0.646906
519.825000   -0.651469
519.826000   -0.657147
519.827000   -0.663370
519.828000   -0.669512
519.829000   -0.675032
519.830000   -0.679565
519.831000   -0.682942
519.832000   -0.685104
519.833000   -0.686000
519.834000   -0.685509
519.835000   -0.683424
519.836000   -0.679517
519.837000   -0.673619
519.838000   -0.665711
519.839000   -0.655970
519.840000   -0.644767
519.841000   -0.632624
519.842000   -0.620097
519.843000   -0.607648
519.844000   -0.595574
519.845000   -0.583993
519.846000   -0.572911
519.847000   -0.562305
519.848000   -0.552187
519.849000   -0.542660
519.850000   -0.533986
519.851000   -0.526557
519.852000   -0.520764
519.853000   -0.516854
519.854000   -0.514888
519.855000   -0.514775
519.856000   -0.516340
519.857000   -0.519359
519.858000   -0.523583
519.859000   -0.528818
519.860000   -0.534999
519.861000   -0.542146
519.862000   -0.550235
519.863000   -0.559125
519.864000   -0.568578
519.865000   -0.578317
519.866000   -0.588069
519.867000   -0.597582
519.868000   -0.606670
519.869000   -0.615319
519.870000   -0.623729
519.871000   -0.632202
519.872000   -0.641016
519.873000   -0.650358
519.874000   -0.660325
519.875000   -0.670931
519.876000   -0.682115
519.877000   -0.693762
519.878000   -0.705832
519.879000   -0.718483
519.880000   -0.732036
519.881000   -0.746793
519.882000   -0.762884
519.883000   -0.780213
519.884000   -0.798477
519.885000   -0.817196
519.886000   -0.835761
519.887000   -0.853551
519.888000   -0.870139
519.889000   -0.885418
519.890000   -0.899490
519.891000   -0.912493
519.892000   -0.924501
519.893000   -0.935517
519.894000   -0.945458
519.895000   -0.954152
519.896000   -0.961358
519.897000   -0.966880
519.898000   -0.970689
519.899000   -0.972919
519.900000   -0.973735
519.901000   -0.973250
519.902000   -0.971498
519.903000   -0.968460
519.904000   -0.964064
519.905000   -0.958204
519.906000   -0.950808
519.907000   -0.941942
519.908000   -0.931862
519.909000   -0.920947
519.910000   -0.909598
519.911000   -0.898172
519.912000   -0.886950
519.913000   -0.876108
519.914000   -0.865692
519.915000   -0.855642
519.916000   -0.845883
519.917000   -0.836438
519.918000   -0.827427
519.919000   -0.818996
519.920000   -0.811247
519.921000   -0.804225
519.922000   -0.797911
519.923000   -0.792204
519.924000   -0.786933
519.925000   -0.781927
519.926000   -0.777120
519.927000   -0.772606
519.928000   -0.768584
519.929000   -0.765273
519.930000   -0.762879
519.931000   -0.761578
519.932000   -0.761492
519.933000   -0.762665
519.934000   -0.765076
519.935000   -0.768687
519.936000   -0.773474
519.937000   -0.779394
519.938000   -0.786322
519.939000   -0.794040
519.940000   -0.802268
519.941000   -0.810686
519.942000   -0.818940
519.943000   -0.826668
519.944000   -0.833559
519.945000   -0.839426
519.946000   -0.844229
519.947000   -0.848025
519.948000   -0.850946
519.949000   -0.853222
519.950000   -0.855147
519.951000   -0.856973
519.952000   -0.858813
519.953000   -0.860622
519.954000   -0.862258
519.955000   -0.863560
519.956000   -0.864348
519.957000   -0.864420
519.958000   -0.863603
519.959000   -0.861816
519.960000   -0.859064
519.961000   -0.855375
