516.968000   -1.038441
516.969000   -1.042558
516.970000   -1.047232
516.971000   -1.052652
516.972000   -1.058905
516.973000   -1.065915
516.974000   -1.073386
516.975000   -1.080809
516.976000   -1.087548
516.977000   -1.093013
516.978000   -1.096786
516.979000   -1.098631
516.980000   -1.098460
516.981000   -1.096282
516.982000   -1.092163
516.983000   -1.086182
516.984000   -1.078410
516.985000   -1.068930
516.986000   -1.057937
516.987000   -1.045832
516.988000   -1.033227
516.989000   -1.020823
516.990000   -1.009280
516.991000   -0.999111
516.992000   -0.990607
516.993000   -0.983802
516.994000   -0.978477
516.995000   -0.974252
516.996000   -0.970733
516.997000   -0.967625
516.998000   -0.964760
516.999000   -0.962067
517.000000   -0.959530
517.001000   -0.957149
517.001000   -0.957149
517.002000   -0.954903
517.003000   -0.952739
517.004000   -0.950573
517.005000   -0.948358
517.006000   -0.946177
517.007000   -0.944289
517.008000   -0.943070
517.009000   -0.942897
517.010000   -0.944051
517.011000   -0.946635
517.012000   -0.950543
517.013000   -0.955473
517.014000   -0.960998
517.015000   -0.966714
517.016000   -0.972361
517.017000   -0.977840
517.018000   -0.983164
517.019000   -0.988375
517.020000   -0.993498
517.021000   -0.998513
517.022000   -1.003358
517.023000   -1.007967
517.024000   -1.012341
517.025000   -1.016642
517.026000   -1.021219
517.027000   -1.026547
517.028000   -1.033107
517.029000   -1.041270
517.030000   -1.051213
517.031000   -1.062877
517.032000   -1.075970
517.033000   -1.090019
517.034000   -1.104475
517.035000   -1.118826
517.036000   -1.132678
517.037000   -1.145761
517.038000   -1.157885
517.039000   -1.168869
517.040000   -1.178508
517.041000   -1.186559
517.042000   -1.192738
517.043000   -1.196783
517.044000   -1.198541
517.045000   -1.198066
517.046000   -1.195632
517.047000   -1.191663
517.048000   -1.186603
517.049000   -1.180802
517.050000   -1.174460
517.051000   -1.167607
517.052000   -1.160124
517.053000   -1.151832
517.054000   -1.142615
517.055000   -1.132527
517.056000   -1.121826
517.057000   -1.110888
517.058000   -1.100086
517.059000   -1.089700
517.060000   -1.079877
517.061000   -1.070618
517.062000   -1.061836
517.063000   -1.053462
517.064000   -1.045571
517.065000   -1.038432
517.066000   -1.032434
517.067000   -1.027946
517.068000   -1.025204
517.069000   -1.024257
517.070000   -1.024952
517.071000   -1.026990
517.072000   -1.030028
517.073000   -1.033812
517.074000   -1.038256
517.075000   -1.043427
517.076000   -1.049445
517.077000   -1.056372
517.078000   -1.064155
517.079000   -1.072615
517.080000   -1.081472
517.081000   -1.090419
517.082000   -1.099223
517.083000   -1.107814
517.084000   -1.116308
517.085000   -1.124927
517.086000   -1.133864
517.087000   -1.143186
517.088000   -1.152800
517.089000   -1.162467
517.090000   -1.171870
517.091000   -1.180712
517.092000   -1.188820
517.093000   -1.196218
517.094000   -1.203107
517.095000   -1.209764
517.096000   -1.216430
517.097000   -1.223241
517.098000   -1.230211
517.099000   -1.237241
517.100000   -1.244164
517.101000   -1.250830
517.102000   -1.257204
517.103000   -1.263418
517.104000   -1.269689
517.105000   -1.276151
517.106000   -1.282736
517.107000   -1.289150
517.108000   -1.294906
517.109000   -1.299395
517.110000   -1.301991
517.111000   -1.302202
517.112000   -1.299830
517.113000   -1.295012
517.114000   -1.288074
517.115000   -1.279338
517.116000   -1.269014
517.117000   -1.257188
517.118000   -1.243844
517.119000   -1.228908
517.120000   -1.212330
517.121000   -1.194243
517.122000   -1.175085
517.123000   -1.155523
517.124000   -1.136221
517.125000   -1.117677
517.126000   -1.100180
517.127000   -1.083835
517.128000   -1.068603
517.129000   -1.054357
517.130000   -1.041000
517.131000   -1.028621
517.132000   -1.017532
517.133000   -1.008102
517.134000   -1.000566
517.135000   -0.994961
517.136000   -0.991133
517.137000   -0.988767
517.138000   -0.987415
517.139000   -0.986563
517.140000   -0.985783
517.141000   -0.984850
517.142000   -0.983687
517.143000   -0.982198
517.144000   -0.980183
517.145000   -0.977353
517.146000   -0.973378
517.147000   -0.967936
517.148000   -0.960762
517.149000   -0.951745
517.150000   -0.941051
517.151000   -0.929127
517.152000   -0.916571
517.153000   -0.903977
517.154000   -0.891863
517.155000   -0.880644
517.156000   -0.870621
517.157000   -0.861963
517.158000   -0.854735
517.159000   -0.848992
517.160000   -0.844879
517.161000   -0.842586
517.162000   -0.842220
517.163000   -0.843738
517.164000   -0.846952
517.165000   -0.851575
517.166000   -0.857254
517.167000   -0.863610
517.168000   -0.870323
517.169000   -0.877250
517.170000   -0.884462
517.171000   -0.892117
517.172000   -0.900310
517.173000   -0.909001
517.174000   -0.918005
517.175000   -0.926970
517.176000   -0.935373
517.177000   -0.942587
517.178000   -0.948084
517.179000   -0.951613
517.180000   -0.953173
517.181000   -0.952842
517.182000   -0.950675
517.183000   -0.946684
517.184000   -0.940823
517.185000   -0.932961
517.186000   -0.922908
517.187000   -0.910575
517.188000   -0.896229
517.189000   -0.880541
517.190000   -0.864366
517.191000   -0.848508
517.192000   -0.833613
517.193000   -0.820126
517.194000   -0.808254
517.195000   -0.797961
517.196000   -0.789084
517.197000   -0.781588
517.198000   -0.775725
517.199000   -0.771898
517.200000   -0.770421
517.201000   -0.771419
517.202000   -0.774807
517.203000   -0.780305
517.204000   -0.787433
517.205000   -0.795586
517.206000   -0.804210
517.207000   -0.813028
517.208000   -0.822049
517.209000   -0.831368
517.210000   -0.841024
517.211000   -0.850950
517.212000   -0.860956
517.213000   -0.870720
517.214000   -0.879802
517.215000   -0.887750
517.216000   -0.894286
517.217000   -0.899417
517.218000   -0.903334
517.219000   -0.906287
517.220000   -0.908534
517.221000   -0.910321
517.222000   -0.911861
517.223000   -0.913298
517.224000   -0.914709
517.225000   -0.916173
517.226000   -0.917854
517.227000   -0.919987
517.228000   -0.922803
517.229000   -0.926491
517.230000   -0.931184
517.231000   -0.936935
517.232000   -0.943680
517.233000   -0.951223
517.234000   -0.959280
517.235000   -0.967579
517.236000   -0.975942
517.237000   -0.984287
517.238000   -0.992593
517.239000   -1.000849
517.240000   -1.008995
517.241000   -1.016872
517.242000   -1.024194
517.243000   -1.030594
517.244000   -1.035741
517.245000   -1.039483
517.246000   -1.041886
517.247000   -1.043165
517.248000   -1.043598
517.249000   -1.043450
517.250000   -1.042909
517.251000   -1.042052
517.252000   -1.040862
517.253000   -1.039307
517.254000   -1.037456
517.255000   -1.035534
517.256000   -1.033879
517.257000   -1.032844
517.258000   -1.032720
517.259000   -1.033694
517.260000   -1.035830
517.261000   -1.039085
517.262000   -1.043358
517.263000   -1.048586
517.264000   -1.054814
517.265000   -1.062171
517.266000   -1.070760
517.267000   -1.080573
517.268000   -1.091454
517.269000   -1.103091
517.270000   -1.115036
517.271000   -1.126762
517.272000   -1.137771
517.273000   -1.147717
517.274000   -1.156445
517.275000   -1.163938
517.276000   -1.170263
517.277000   -1.175516
517.278000   -1.179769
517.279000   -1.183021
517.280000   -1.185192
517.281000   -1.186173
517.282000   -1.185929
517.283000   -1.184581
517.284000   -1.182397
517.285000   -1.179721
517.286000   -1.176890
517.287000   -1.174164
517.288000   -1.171679
517.289000   -1.169458
517.290000   -1.167447
517.291000   -1.165602
517.292000   -1.163979
517.293000   -1.162758
517.294000   -1.162198
517.295000   -1.162562
517.296000   -1.164033
517.297000   -1.166655
517.298000   -1.170301
517.299000   -1.174698
517.300000   -1.179484
517.301000   -1.184322
517.302000   -1.188995
517.303000   -1.193438
517.304000   -1.197719
517.305000   -1.201967
517.306000   -1.206278
517.307000   -1.210648
517.308000   -1.214965
517.309000   -1.219037
517.310000   -1.222671
517.311000   -1.225750
517.312000   -1.228297
517.313000   -1.230485
517.314000   -1.232602
517.315000   -1.234921
517.316000   -1.237580
517.317000   -1.240526
517.318000   -1.243542
517.319000   -1.246339
517.320000   -1.248668
517.321000   -1.250422
517.322000   -1.251657
517.323000   -1.252549
517.324000   -1.253280
517.325000   -1.253931
517.326000   -1.254430
517.327000   -1.254579
517.328000   -1.254129
517.329000   -1.252899
517.330000   -1.250854
517.331000   -1.248120
517.332000   -1.244930
517.333000   -1.241555
517.334000   -1.238220
517.335000   -1.235038
517.336000   -1.231987
517.337000   -1.228932
517.338000   -1.225704
517.339000   -1.222175
517.340000   -1.218294
517.341000   -1.214064
517.342000   -1.209492
517.343000   -1.204535
517.344000   -1.199050
517.345000   -1.192793
517.346000   -1.185464
517.347000   -1.176803
517.348000   -1.166665
517.349000   -1.155056
517.350000   -1.142129
517.351000   -1.128181
517.352000   -1.113639
517.353000   -1.098973
517.354000   -1.084592
517.355000   -1.070789
517.356000   -1.057749
517.357000   -1.045580
517.358000   -1.034352
517.359000   -1.024134
517.360000   -1.015046
517.361000   -1.007283
517.362000   -1.001058
517.363000   -0.996480
517.364000   -0.993513
517.365000   -0.991990
517.366000   -0.991661
517.367000   -0.992243
517.368000   -0.993445
517.369000   -0.994999
517.370000   -0.996685
517.371000   -0.998324
517.372000   -0.999731
517.373000   -1.000691
517.374000   -1.000976
517.375000   -1.000376
517.376000   -0.998711
517.377000   -0.995841
517.378000   -0.991684
517.379000   -0.986271
517.380000   -0.979792
517.381000   -0.972547
517.382000   -0.964872
517.383000   -0.957092
517.384000   -0.949502
517.385000   -0.942350
517.386000   -0.935799
517.387000   -0.929927
517.388000   -0.924800
517.389000   -0.920560
517.390000   -0.917407
517.391000   -0.915479
517.392000   -0.914787
517.393000   -0.915219
517.394000   -0.916572
517.395000   -0.918579
517.396000   -0.920936
517.397000   -0.923354
517.398000   -0.925612
517.399000   -0.927567
517.400000   -0.929100
517.401000   -0.930098
517.402000   -0.930472
517.403000   -0.930173
517.404000   -0.929192
517.405000   -0.927532
517.406000   -0.925174
517.407000   -0.922070
517.408000   -0.918174
517.409000   -0.913473
517.410000   -0.908003
517.411000   -0.901843
517.412000   -0.895109
517.413000   -0.887931
517.414000   -0.880417
517.415000   -0.872642
517.416000   -0.864679
517.417000   -0.856682
517.418000   -0.848898
517.419000   -0.841601
517.420000   -0.835039
517.421000   -0.829399
517.422000   -0.824776
517.423000   -0.821161
517.424000   -0.818430
517.425000   -0.816393
517.426000   -0.814845
517.427000   -0.813591
517.428000   -0.812451
517.429000   -0.811283
517.430000   -0.810026
517.431000   -0.808708
517.432000   -0.807421
517.433000   -0.806294
517.434000   -0.805454
517.435000   -0.804983
517.436000   -0.804890
517.437000   -0.805153
517.438000   -0.805821
517.439000   -0.807071
517.440000   -0.809187
517.441000   -0.812475
517.442000   -0.817166
517.443000   -0.823362
517.444000   -0.831022
517.445000   -0.840014
517.446000   -0.850199
517.447000   -0.861504
517.448000   -0.873961
517.449000   -0.887687
517.450000   -0.902800
517.451000   -0.919326
517.452000   -0.937147
517.453000   -0.956011
517.454000   -0.975577
517.455000   -0.995459
517.456000   -1.015278
517.457000   -1.034736
517.458000   -1.053682
517.459000   -1.072092
517.460000   -1.089991
517.461000   -1.107382
517.462000   -1.124190
517.463000   -1.140255
517.464000   -1.155361
517.465000   -1.169318
517.466000   -1.182054
517.467000   -1.193653
517.468000   -1.204318
517.469000   -1.214271
517.470000   -1.223673
517.471000   -1.232587
517.472000   -1.241012
517.473000   -1.248962
517.474000   -1.256553
517.475000   -1.264023
517.476000   -1.271714
517.477000   -1.280022
517.478000   -1.289286
517.479000   -1.299666
517.480000   -1.311093
517.481000   -1.323293
517.482000   -1.335889
517.483000   -1.348502
517.484000   -1.360782
517.485000   -1.372419
517.486000   -1.383171
517.487000   -1.392841
517.488000   -1.401219
517.489000   -1.408041
517.490000   -1.413011
517.491000   -1.415856
517.492000   -1.416373
517.493000   -1.414436
517.494000   -1.410016
517.495000   -1.403253
517.496000   -1.394497
517.497000   -1.384242
517.498000   -1.373003
517.499000   -1.361226
517.500000   -1.349237
517.501000   -1.337208
517.501000   -1.337208
517.502000   -1.325180
517.503000   -1.313154
517.504000   -1.301266
517.505000   -1.289900
517.506000   -1.279624
517.507000   -1.271016
517.508000   -1.264524
517.509000   -1.260398
517.510000   -1.258685
517.511000   -1.259241
517.512000   -1.261781
517.513000   -1.265984
517.514000   -1.271670
517.515000   -1.278884
517.516000   -1.287786
517.517000   -1.298482
517.518000   -1.310915
517.519000   -1.324828
517.520000   -1.339756
517.521000   -1.355031
517.522000   -1.369884
517.523000   -1.383666
517.524000   -1.396076
517.525000   -1.407164
517.526000   -1.417122
517.527000   -1.426100
517.528000   -1.434116
517.529000   -1.441018
517.530000   -1.446489
517.531000   -1.450113
517.532000   -1.451552
517.533000   -1.450790
517.534000   -1.448199
517.535000   -1.444342
517.536000   -1.439692
517.537000   -1.434472
517.538000   -1.428615
517.539000   -1.421805
517.540000   -1.413547
517.541000   -1.403327
517.542000   -1.390847
517.543000   -1.376219
517.544000   -1.359903
517.545000   -1.342446
517.546000   -1.324285
517.547000   -1.305680
517.548000   -1.286705
517.549000   -1.267272
517.550000   -1.247155
517.551000   -1.226118
517.552000   -1.204103
517.553000   -1.181292
517.554000   -1.157959
517.555000   -1.134304
517.556000   -1.110389
517.557000   -1.086172
517.558000   -1.061535
517.559000   -1.036318
517.560000   -1.010402
517.561000   -0.983865
517.562000   -0.957085
517.563000   -0.930659
517.564000   -0.905187
517.565000   -0.881150
517.566000   -0.858878
517.567000   -0.838549
517.568000   -0.820193
517.569000   -0.803712
517.570000   -0.788995
517.571000   -0.776092
517.572000   -0.765266
517.573000   -0.756836
517.574000   -0.751019
517.575000   -0.747876
517.576000   -0.747338
517.577000   -0.749231
517.578000   -0.753291
517.579000   -0.759241
517.580000   -0.766978
517.581000   -0.776705
517.582000   -0.788834
517.583000   -0.803770
517.584000   -0.821763
517.585000   -0.842861
517.586000   -0.866877
517.587000   -0.893369
517.588000   -0.921671
517.589000   -0.951068
517.590000   -0.981027
517.591000   -1.011259
517.592000   -1.041533
517.593000   -1.071493
517.594000   -1.100580
517.595000   -1.128050
517.596000   -1.153014
517.597000   -1.174534
517.598000   -1.191816
517.599000   -1.204492
517.600000   -1.212777
517.601000   -1.217301
517.602000   -1.218789
517.603000   -1.217843
517.604000   -1.214843
517.605000   -1.209928
517.606000   -1.203014
517.607000   -1.193920
517.608000   -1.182608
517.609000   -1.169407
517.610000   -1.154957
517.611000   -1.139964
517.612000   -1.125018
517.613000   -1.110520
517.614000   -1.096671
517.615000   -1.083465
517.616000   -1.070751
517.617000   -1.058410
517.618000   -1.046592
517.619000   -1.035784
517.620000   -1.026632
517.621000   -1.019714
517.622000   -1.015398
517.623000   -1.013786
517.624000   -1.014687
517.625000   -1.017647
517.626000   -1.022074
517.627000   -1.027467
517.628000   -1.033626
517.629000   -1.040630
517.630000   -1.048636
517.631000   -1.057690
517.632000   -1.067647
517.633000   -1.078154
517.634000   -1.088669
517.635000   -1.098541
517.636000   -1.107183
517.637000   -1.114287
517.638000   -1.119914
517.639000   -1.124356
517.640000   -1.127945
517.641000   -1.130962
517.642000   -1.133631
517.643000   -1.136126
517.644000   -1.138575
517.645000   -1.141122
517.646000   -1.144041
517.647000   -1.147783
517.648000   -1.152873
517.649000   -1.159780
517.650000   -1.168854
517.651000   -1.180294
517.652000   -1.194078
517.653000   -1.209909
517.654000   -1.227239
517.655000   -1.245406
517.656000   -1.263819
517.657000   -1.282053
517.658000   -1.299816
517.659000   -1.316858
517.660000   -1.332886
517.661000   -1.347499
517.662000   -1.360167
517.663000   -1.370291
517.664000   -1.377350
517.665000   -1.381085
517.666000   -1.381582
517.667000   -1.379168
517.668000   -1.374225
517.669000   -1.367045
517.670000   -1.357778
517.671000   -1.346447
517.672000   -1.333016
517.673000   -1.317512
517.674000   -1.300188
517.675000   -1.281611
517.676000   -1.262564
517.677000   -1.243834
517.678000   -1.226043
517.679000   -1.209595
517.680000   -1.194700
517.681000   -1.181428
517.682000   -1.169810
517.683000   -1.159968
517.684000   -1.152194
517.685000   -1.146904
517.686000   -1.144485
517.687000   -1.145169
517.688000   -1.148958
517.689000   -1.155575
517.690000   -1.164452
517.691000   -1.174796
517.692000   -1.185724
517.693000   -1.196429
517.694000   -1.206282
517.695000   -1.214828
517.696000   -1.221728
517.697000   -1.226703
517.698000   -1.229492
517.699000   -1.229840
517.700000   -1.227537
517.701000   -1.222494
517.702000   -1.214843
517.703000   -1.204955
517.704000   -1.193373
517.705000   -1.180687
517.706000   -1.167469
517.707000   -1.154215
517.708000   -1.141290
517.709000   -1.128912
517.710000   -1.117200
517.711000   -1.106271
517.712000   -1.096337
517.713000   -1.087699
517.714000   -1.080675
517.715000   -1.075531
517.716000   -1.072429
517.717000   -1.071379
517.718000   -1.072211
517.719000   -1.074612
517.720000   -1.078221
517.721000   -1.082723
517.722000   -1.087891
517.723000   -1.093527
517.724000   -1.099397
517.725000   -1.105170
517.726000   -1.110387
517.727000   -1.114444
517.728000   -1.116663
517.729000   -1.116416
517.730000   -1.113293
517.731000   -1.107200
517.732000   -1.098340
517.733000   -1.087070
517.734000   -1.073725
517.735000   -1.058520
517.736000   -1.041570
517.737000   -1.022995
517.738000   -1.003038
517.739000   -0.982164
517.740000   -0.961075
517.741000   -0.940623
517.742000   -0.921633
517.743000   -0.904742
517.744000   -0.890333
517.745000   -0.878572
517.746000   -0.869485
517.747000   -0.863027
517.748000   -0.859141
517.749000   -0.857797
517.750000   -0.858976
517.751000   -0.862606
517.752000   -0.868494
517.753000   -0.876295
517.754000   -0.885539
517.755000   -0.895699
517.756000   -0.906251
517.757000   -0.916751
517.758000   -0.926865
517.759000   -0.936351
517.760000   -0.944991
517.761000   -0.952541
517.762000   -0.958740
517.763000   -0.963348
517.764000   -0.966156
517.765000   -0.967018
517.766000   -0.965893
517.767000   -0.962900
517.768000   -0.958333
517.769000   -0.952632
517.770000   -0.946329
517.771000   -0.940010
517.772000   -0.934265
517.773000   -0.929630
517.774000   -0.926557
517.775000   -0.925420
517.776000   -0.926553
517.777000   -0.930247
517.778000   -0.936706
517.779000   -0.945989
517.780000   -0.957986
517.781000   -0.972427
517.782000   -0.988901
517.783000   -1.006886
517.784000   -1.025811
517.785000   -1.045137
517.786000   -1.064404
517.787000   -1.083229
517.788000   -1.101266
517.789000   -1.118175
517.790000   -1.133608
517.791000   -1.147197
517.792000   -1.158571
517.793000   -1.167416
517.794000   -1.173569
517.795000   -1.177094
517.796000   -1.178264
517.797000   -1.177460
517.798000   -1.175057
517.799000   -1.171342
517.800000   -1.166497
517.801000   -1.160611
517.802000   -1.153726
517.803000   -1.145909
517.804000   -1.137331
517.805000   -1.128296
517.806000   -1.119214
517.807000   -1.110521
517.808000   -1.102608
517.809000   -1.095770
517.810000   -1.090192
517.811000   -1.085952
517.812000   -1.083065
517.813000   -1.081521
517.814000   -1.081322
517.815000   -1.082448
517.816000   -1.084800
517.817000   -1.088158
517.818000   -1.092204
517.819000   -1.096588
517.820000   -1.100957
517.821000   -1.104977
517.822000   -1.108363
517.823000   -1.110915
517.824000   -1.112516
517.825000   -1.113130
517.826000   -1.112799
517.827000   -1.111674
517.828000   -1.110008
517.829000   -1.108084
517.830000   -1.106128
517.831000   -1.104301
517.832000   -1.102724
517.833000   -1.101515
517.834000   -1.100798
517.835000   -1.100694
517.836000   -1.101292
517.837000   -1.102629
517.838000   -1.104670
517.839000   -1.107335
517.840000   -1.110546
517.841000   -1.114269
517.842000   -1.118519
517.843000   -1.123341
517.844000   -1.128769
517.845000   -1.134801
517.846000   -1.141403
517.847000   -1.148534
517.848000   -1.156165
517.849000   -1.164275
517.850000   -1.172846
517.851000   -1.181835
517.852000   -1.191133
517.853000   -1.200546
517.854000   -1.209805
517.855000   -1.218627
517.856000   -1.226769
517.857000   -1.234048
517.858000   -1.240328
517.859000   -1.245521
517.860000   -1.249589
517.861000   -1.252525
517.862000   -1.254322
517.863000   -1.254976
517.864000   -1.254503
517.865000   -1.252970
517.866000   -1.250493
517.867000   -1.247210
517.868000   -1.243269
517.869000   -1.238823
517.870000   -1.234006
517.871000   -1.228888
517.872000   -1.223446
517.873000   -1.217573
517.874000   -1.211136
517.875000   -1.204044
517.876000   -1.196273
517.877000   -1.187873
517.878000   -1.178958
517.879000   -1.169691
517.880000   -1.160239
517.881000   -1.150712
517.882000   -1.141151
517.883000   -1.131574
517.884000   -1.122058
517.885000   -1.112752
517.886000   -1.103827
517.887000   -1.095428
517.888000   -1.087645
517.889000   -1.080491
517.890000   -1.073876
517.891000   -1.067601
517.892000   -1.061424
517.893000   -1.055171
517.894000   -1.048800
517.895000   -1.042378
517.896000   -1.036033
517.897000   -1.029929
517.898000   -1.024240
517.899000   -1.019101
517.900000   -1.014569
517.901000   -1.010626
517.902000   -1.007215
517.903000   -1.004276
517.904000   -1.001758
517.905000   -0.999625
517.906000   -0.997889
517.907000   -0.996617
517.908000   -0.995904
517.909000   -0.995814
517.910000   -0.996337
517.911000   -0.997385
517.912000   -0.998805
517.913000   -1.000415
517.914000   -1.002060
517.915000   -1.003698
517.916000   -1.005444
517.917000   -1.007534
517.918000   -1.010223
517.919000   -1.013693
517.920000   -1.018013
517.921000   -1.023132
517.922000   -1.028893
517.923000   -1.035065
517.924000   -1.041393
517.925000   -1.047683
517.926000   -1.053830
517.927000   -1.059747
517.928000   -1.065274
517.929000   -1.070138
517.930000   -1.073963
517.931000   -1.076307
517.932000   -1.076715
517.933000   -1.074802
517.934000   -1.070386
517.935000   -1.063604
517.936000   -1.054877
517.937000   -1.044759
517.938000   -1.033792
517.939000   -1.022428
517.940000   -1.011005
517.941000   -0.999741
517.942000   -0.988757
517.943000   -0.978151
517.944000   -0.968079
517.945000   -0.958784
517.946000   -0.950523
517.947000   -0.943455
517.948000   -0.937591
517.949000   -0.932802
517.950000   -0.928869
517.951000   -0.925530
517.952000   -0.922544
517.953000   -0.919780
517.954000   -0.917295
517.955000   -0.915309
517.956000   -0.914081
517.957000   -0.913804
517.958000   -0.914571
517.959000   -0.916378
517.960000   -0.919129
517.961000   -0.922647
517.962000   -0.926721
517.963000   -0.931203
517.964000   -0.936043
517.965000   -0.941219
517.966000   -0.946639
517.967000   -0.952118
517.968000   -0.957397
517.969000   -0.962195
517.970000   -0.966233
517.971000   -0.969293
517.972000   -0.971314
517.973000   -0.972483
517.974000   -0.973202
517.975000   -0.973947
517.976000   -0.975145
517.977000   -0.977102
517.978000   -0.979975
517.979000   -0.983760
517.980000   -0.988311
517.981000   -0.993423
517.982000   -0.998959
517.983000   -1.004907
517.984000   -1.011324
517.985000   -1.018223
517.986000   -1.025511
517.987000   -1.032967
517.988000   -1.040240
517.989000   -1.046867
517.990000   -1.052353
517.991000   -1.056330
517.992000   -1.058709
517.993000   -1.059659
517.994000   -1.059448
517.995000   -1.058286
517.996000   -1.056231
517.997000   -1.053169
517.998000   -1.048829
517.999000   -1.042855
518.000000   -1.034956
518.001000   -1.025063
518.001000   -1.025063
518.002000   -1.013398
518.003000   -1.000380
518.004000   -0.986486
518.005000   -0.972150
518.006000   -0.957729
518.007000   -0.943503
518.008000   -0.929699
518.009000   -0.916534
518.010000   -0.904276
518.011000   -0.893268
518.012000   -0.883865
518.013000   -0.876327
518.014000   -0.870762
518.015000   -0.867129
518.016000   -0.865248
518.017000   -0.864819
518.018000   -0.865449
518.019000   -0.866708
518.020000   -0.868191
518.021000   -0.869551
518.022000   -0.870486
518.023000   -0.870748
518.024000   -0.870147
518.025000   -0.868552
518.026000   -0.865862
518.027000   -0.861988
518.028000   -0.856877
518.029000   -0.850570
518.030000   -0.843248
518.031000   -0.835233
518.032000   -0.826953
518.033000   -0.818898
518.034000   -0.811565
518.035000   -0.805380
518.036000   -0.800636
518.037000   -0.797482
518.038000   -0.795952
518.039000   -0.796024
518.040000   -0.797657
518.041000   -0.800813
518.042000   -0.805463
518.043000   -0.811559
518.044000   -0.818989
518.045000   -0.827544
518.046000   -0.836926
518.047000   -0.846797
518.048000   -0.856866
518.049000   -0.866958
518.050000   -0.877017
518.051000   -0.887049
518.052000   -0.897033
518.053000   -0.906860
518.054000   -0.916303
518.055000   -0.925028
518.056000   -0.932641
518.057000   -0.938770
518.058000   -0.943146
518.059000   -0.945635
518.060000   -0.946223
518.061000   -0.944967
518.062000   -0.941959
518.063000   -0.937321
518.064000   -0.931224
518.065000   -0.923909
518.066000   -0.915723
518.067000   -0.907156
518.068000   -0.898833
518.069000   -0.891415
518.070000   -0.885460
518.071000   -0.881331
518.072000   -0.879203
518.073000   -0.879104
518.074000   -0.880954
518.075000   -0.884605
518.076000   -0.889860
518.077000   -0.896467
518.078000   -0.904081
518.079000   -0.912239
518.080000   -0.920373
518.081000   -0.927851
518.082000   -0.934027
518.083000   -0.938292
518.084000   -0.940130
518.085000   -0.939172
518.086000   -0.935221
518.087000   -0.928263
518.088000   -0.918471
518.089000   -0.906201
518.090000   -0.891941
518.091000   -0.876238
518.092000   -0.859649
518.093000   -0.842720
518.094000   -0.825975
518.095000   -0.809896
518.096000   -0.794903
518.097000   -0.781349
518.098000   -0.769525
518.099000   -0.759660
518.100000   -0.751916
518.101000   -0.746398
518.102000   -0.743157
518.103000   -0.742199
518.104000   -0.743470
518.105000   -0.746854
518.106000   -0.752169
518.107000   -0.759191
518.108000   -0.767662
518.109000   -0.777288
518.110000   -0.787715
518.111000   -0.798537
518.112000   -0.809309
518.113000   -0.819572
518.114000   -0.828894
518.115000   -0.836912
518.116000   -0.843394
518.117000   -0.848276
518.118000   -0.851645
518.119000   -0.853701
518.120000   -0.854728
518.121000   -0.855075
518.122000   -0.855145
518.123000   -0.855379
518.124000   -0.856237
518.125000   -0.858173
518.126000   -0.861586
518.127000   -0.866769
518.128000   -0.873877
518.129000   -0.882952
518.130000   -0.893958
518.131000   -0.906805
518.132000   -0.921363
518.133000   -0.937443
518.134000   -0.954763
518.135000   -0.972918
518.136000   -0.991393
518.137000   -1.009637
518.138000   -1.027148
518.139000   -1.043540
518.140000   -1.058557
518.141000   -1.072062
518.142000   -1.083980
518.143000   -1.094258
518.144000   -1.102819
518.145000   -1.109573
518.146000   -1.114437
518.147000   -1.117381
518.148000   -1.118459
518.149000   -1.117814
518.150000   -1.115657
518.151000   -1.112217
518.152000   -1.107724
518.153000   -1.102401
518.154000   -1.096496
518.155000   -1.090295
518.156000   -1.084140
518.157000   -1.078417
518.158000   -1.073533
518.159000   -1.069870
518.160000   -1.067730
518.161000   -1.067312
518.162000   -1.068715
518.163000   -1.071956
518.164000   -1.076983
518.165000   -1.083663
518.166000   -1.091760
518.167000   -1.100928
518.168000   -1.110701
518.169000   -1.120493
518.170000   -1.129625
518.171000   -1.137385
518.172000   -1.143125
518.173000   -1.146336
518.174000   -1.146690
518.175000   -1.144061
518.176000   -1.138533
518.177000   -1.130389
518.178000   -1.120064
518.179000   -1.108091
518.180000   -1.095036
518.181000   -1.081447
518.182000   -1.067811
518.183000   -1.054521
518.184000   -1.041872
518.185000   -1.030105
518.186000   -1.019441
518.187000   -1.010082
518.188000   -1.002179
518.189000   -0.995802
518.190000   -0.990937
518.191000   -0.987490
518.192000   -0.985317
518.193000   -0.984258
518.194000   -0.984199
518.195000   -0.985101
518.196000   -0.986980
518.197000   -0.989852
518.198000   -0.993682
518.199000   -0.998333
518.200000   -1.003514
518.201000   -1.008766
518.202000   -1.013518
518.203000   -1.017233
518.204000   -1.019561
518.205000   -1.020389
518.206000   -1.019807
518.207000   -1.018027
518.208000   -1.015291
518.209000   -1.011769
518.210000   -1.007491
518.211000   -1.002409
518.212000   -0.996572
518.213000   -0.990282
518.214000   -0.984104
518.215000   -0.978750
518.216000   -0.974928
518.217000   -0.973206
518.218000   -0.973901
518.219000   -0.977028
518.220000   -0.982335
518.221000   -0.989442
518.222000   -0.997991
518.223000   -1.007699
518.224000   -1.018300
518.225000   -1.029451
518.226000   -1.040660
518.227000   -1.051278
518.228000   -1.060530
518.229000   -1.067597
518.230000   -1.071761
518.231000   -1.072574
518.232000   -1.069973
518.233000   -1.064253
518.234000   -1.055938
518.235000   -1.045640
518.236000   -1.033937
518.237000   -1.021291
518.238000   -1.007996
518.239000   -0.994200
518.240000   -0.979997
518.241000   -0.965539
518.242000   -0.951069
518.243000   -0.936867
518.244000   -0.923169
518.245000   -0.910127
518.246000   -0.897820
518.247000   -0.886300
518.248000   -0.875640
518.249000   -0.865958
518.250000   -0.857430
518.251000   -0.850261
518.252000   -0.844646
518.253000   -0.840711
518.254000   -0.838478
518.255000   -0.837846
518.256000   -0.838577
518.257000   -0.840301
518.258000   -0.842529
518.259000   -0.844730
518.260000   -0.846401
518.261000   -0.847118
518.262000   -0.846545
518.263000   -0.844436
518.264000   -0.840674
518.265000   -0.835290
518.266000   -0.828467
518.267000   -0.820524
518.268000   -0.811910
518.269000   -0.803228
518.270000   -0.795215
518.271000   -0.788653
518.272000   -0.784263
518.273000   -0.782641
518.274000   -0.784208
518.275000   -0.789189
518.276000   -0.797599
518.277000   -0.809290
518.278000   -0.824047
518.279000   -0.841668
518.280000   -0.861940
518.281000   -0.884533
518.282000   -0.908922
518.283000   -0.934359
518.284000   -0.959903
518.285000   -0.984479
518.286000   -1.006985
518.287000   -1.026477
518.288000   -1.042364
518.289000   -1.054485
518.290000   -1.062991
518.291000   -1.068180
518.292000   -1.070354
518.293000   -1.069738
518.294000   -1.066437
518.295000   -1.060467
518.296000   -1.051865
518.297000   -1.040872
518.298000   -1.028042
518.299000   -1.014167
518.300000   -1.000111
518.301000   -0.986657
518.302000   -0.974429
518.303000   -0.963841
518.304000   -0.955071
518.305000   -0.948105
518.306000   -0.942875
518.307000   -0.939420
518.308000   -0.937942
518.309000   -0.938712
518.310000   -0.941953
518.311000   -0.947756
518.312000   -0.955999
518.313000   -0.966287
518.314000   -0.977948
518.315000   -0.990137
518.316000   -1.002017
518.317000   -1.012891
518.318000   -1.022238
518.319000   -1.029724
518.320000   -1.035195
518.321000   -1.038668
518.322000   -1.040284
518.323000   -1.040250
518.324000   -1.038827
518.325000   -1.036345
518.326000   -1.033223
518.327000   -1.029968
518.328000   -1.027155
518.329000   -1.025399
518.330000   -1.025297
518.331000   -1.027327
518.332000   -1.031772
518.333000   -1.038701
518.334000   -1.048004
518.335000   -1.059436
518.336000   -1.072662
518.337000   -1.087319
518.338000   -1.103088
518.339000   -1.119741
518.340000   -1.137113
518.341000   -1.155031
518.342000   -1.173263
518.343000   -1.191509
518.344000   -1.209424
518.345000   -1.226667
518.346000   -1.242948
518.347000   -1.258082
518.348000   -1.271988
518.349000   -1.284602
518.350000   -1.295761
518.351000   -1.305134
518.352000   -1.312262
518.353000   -1.316657
518.354000   -1.317926
518.355000   -1.315858
518.356000   -1.310488
518.357000   -1.302121
518.358000   -1.291276
518.359000   -1.278567
518.360000   -1.264581
518.361000   -1.249821
518.362000   -1.234741
518.363000   -1.219804
518.364000   -1.205519
518.365000   -1.192420
518.366000   -1.181019
518.367000   -1.171729
518.368000   -1.164756
518.369000   -1.160033
518.370000   -1.157234
518.371000   -1.155887
518.372000   -1.155495
518.373000   -1.155610
518.374000   -1.155840
518.375000   -1.155830
518.376000   -1.155261
518.377000   -1.153847
518.378000   -1.151322
518.379000   -1.147465
518.380000   -1.142162
518.381000   -1.135501
518.382000   -1.127820
518.383000   -1.119653
518.384000   -1.111592
518.385000   -1.104101
518.386000   -1.097373
518.387000   -1.091276
518.388000   -1.085414
518.389000   -1.079272
518.390000   -1.072405
518.391000   -1.064554
518.392000   -1.055667
518.393000   -1.045838
518.394000   -1.035235
518.395000   -1.024056
518.396000   -1.012512
518.397000   -1.000816
518.398000   -0.989204
518.399000   -0.977979
518.400000   -0.967543
518.401000   -0.958371
518.402000   -0.950886
518.403000   -0.945317
518.404000   -0.941586
518.405000   -0.939285
518.406000   -0.937736
518.407000   -0.936137
518.408000   -0.933723
518.409000   -0.929911
518.410000   -0.924353
518.411000   -0.916923
518.412000   -0.907678
518.413000   -0.896832
518.414000   -0.884748
518.415000   -0.871913
518.416000   -0.858912
518.417000   -0.846396
518.418000   -0.835056
518.419000   -0.825561
518.420000   -0.818466
518.421000   -0.814133
518.422000   -0.812690
518.423000   -0.814045
518.424000   -0.817930
518.425000   -0.823938
518.426000   -0.831582
518.427000   -0.840341
518.428000   -0.849691
518.429000   -0.859109
518.430000   -0.868084
518.431000   -0.876168
518.432000   -0.883017
518.433000   -0.888418
518.434000   -0.892263
518.435000   -0.894535
518.436000   -0.895311
518.437000   -0.894761
518.438000   -0.893123
518.439000   -0.890654
518.440000   -0.887597
518.441000   -0.884153
518.442000   -0.880464
518.443000   -0.876580
518.444000   -0.872469
518.445000   -0.868050
518.446000   -0.863267
518.447000   -0.858145
518.448000   -0.852815
518.449000   -0.847512
518.450000   -0.842563
518.451000   -0.838342
518.452000   -0.835187
518.453000   -0.833318
518.454000   -0.832813
518.455000   -0.833641
518.456000   -0.835724
518.457000   -0.838974
518.458000   -0.843308
518.459000   -0.848609
518.460000   -0.854682
518.461000   -0.861196
518.462000   -0.867681
518.463000   -0.873583
518.464000   -0.878364
518.465000   -0.881606
518.466000   -0.883084
518.467000   -0.882789
518.468000   -0.880886
518.469000   -0.877655
518.470000   -0.873438
518.471000   -0.868612
518.472000   -0.863590
518.473000   -0.858828
518.474000   -0.854828
518.475000   -0.852125
518.476000   -0.851241
518.477000   -0.852609
518.478000   -0.856497
518.479000   -0.862982
518.480000   -0.871975
518.481000   -0.883275
518.482000   -0.896626
518.483000   -0.911756
518.484000   -0.928405
518.485000   -0.946319
518.486000   -0.965237
518.487000   -0.984893
518.488000   -1.005040
518.489000   -1.025455
518.490000   -1.045927
518.491000   -1.066237
518.492000   -1.086152
518.493000   -1.105425
518.494000   -1.123778
518.495000   -1.140901
518.496000   -1.156465
518.497000   -1.170160
518.498000   -1.181710
518.499000   -1.190879
518.500000   -1.197484
518.501000   -1.201432
518.501000   -1.201432
518.502000   -1.202758
518.503000   -1.201653
518.504000   -1.198463
518.505000   -1.193671
518.506000   -1.187865
518.507000   -1.181684
518.508000   -1.175753
518.509000   -1.170638
518.510000   -1.166818
518.511000   -1.164680
518.512000   -1.164502
518.513000   -1.166439
518.514000   -1.170501
518.515000   -1.176543
518.516000   -1.184261
518.517000   -1.193219
518.518000   -1.202897
518.519000   -1.212742
518.520000   -1.222204
518.521000   -1.230750
518.522000   -1.237870
518.523000   -1.243075
518.524000   -1.245926
518.525000   -1.246070
518.526000   -1.243308
518.527000   -1.237631
518.528000   -1.229248
518.529000   -1.218567
518.530000   -1.206147
518.531000   -1.192615
518.532000   -1.178590
518.533000   -1.164618
518.534000   -1.151136
518.535000   -1.138481
518.536000   -1.126930
518.537000   -1.116750
518.538000   -1.108244
518.539000   -1.101744
518.540000   -1.097583
518.541000   -1.096043
518.542000   -1.097298
518.543000   -1.101367
518.544000   -1.108088
518.545000   -1.117151
518.546000   -1.128170
518.547000   -1.140766
518.548000   -1.154613
518.549000   -1.169443
518.550000   -1.185002
518.551000   -1.200967
518.552000   -1.216855
518.553000   -1.231984
518.554000   -1.245530
518.555000   -1.256666
518.556000   -1.264700
518.557000   -1.269153
518.558000   -1.269778
518.559000   -1.266518
518.560000   -1.259467
518.561000   -1.248832
518.562000   -1.234935
518.563000   -1.218233
518.564000   -1.199337
518.565000   -1.178997
518.566000   -1.158060
518.567000   -1.137390
518.568000   -1.117767
518.569000   -1.099808
518.570000   -1.083920
518.571000   -1.070302
518.572000   -1.058975
518.573000   -1.049823
518.574000   -1.042645
518.575000   -1.037191
518.576000   -1.033173
518.577000   -1.030266
518.578000   -1.028102
518.579000   -1.026284
518.580000   -1.024390
518.581000   -1.021980
518.582000   -1.018619
518.583000   -1.013933
518.584000   -1.007679
518.585000   -0.999782
518.586000   -0.990298
518.587000   -0.979356
518.588000   -0.967086
518.589000   -0.953571
518.590000   -0.938847
518.591000   -0.922958
518.592000   -0.906045
518.593000   -0.888403
518.594000   -0.870476
518.595000   -0.852792
518.596000   -0.835884
518.597000   -0.820244
518.598000   -0.806310
518.599000   -0.794490
518.600000   -0.785194
518.601000   -0.778844
518.602000   -0.775856
518.603000   -0.776594
518.604000   -0.781310
518.605000   -0.790072
518.606000   -0.802723
518.607000   -0.818889
518.608000   -0.838017
518.609000   -0.859431
518.610000   -0.882381
518.611000   -0.906087
518.612000   -0.929786
518.613000   -0.952767
518.614000   -0.974402
518.615000   -0.994168
518.616000   -1.011679
518.617000   -1.026698
518.618000   -1.039118
518.619000   -1.048937
518.620000   -1.056269
518.621000   -1.061372
518.622000   -1.064648
518.623000   -1.066562
518.624000   -1.067530
518.625000   -1.067820
518.626000   -1.067502
518.627000   -1.066476
518.628000   -1.064559
518.629000   -1.061624
518.630000   -1.057723
518.631000   -1.053131
518.632000   -1.048282
518.633000   -1.043649
518.634000   -1.039632
518.635000   -1.036499
518.636000   -1.034385
518.637000   -1.033341
518.638000   -1.033407
518.639000   -1.034675
518.640000   -1.037312
518.641000   -1.041507
518.642000   -1.047359
518.643000   -1.054771
518.644000   -1.063425
518.645000   -1.072821
518.646000   -1.082353
518.647000   -1.091389
518.648000   -1.099356
518.649000   -1.105831
518.650000   -1.110589
518.651000   -1.113587
518.652000   -1.114891
518.653000   -1.114629
518.654000   -1.112952
518.655000   -1.110017
518.656000   -1.105956
518.657000   -1.100881
518.658000   -1.094945
518.659000   -1.088433
518.660000   -1.081769
518.661000   -1.075421
518.662000   -1.069794
518.663000   -1.065166
518.664000   -1.061664
518.665000   -1.059277
518.666000   -1.057886
518.667000   -1.057349
518.668000   -1.057606
518.669000   -1.058736
518.670000   -1.060904
518.671000   -1.064251
518.672000   -1.068824
518.673000   -1.074561
518.674000   -1.081305
518.675000   -1.088841
518.676000   -1.096933
518.677000   -1.105379
518.678000   -1.114057
518.679000   -1.122902
518.680000   -1.131806
518.681000   -1.140540
518.682000   -1.148750
518.683000   -1.156003
518.684000   -1.161848
518.685000   -1.165871
518.686000   -1.167744
518.687000   -1.167261
518.688000   -1.164353
518.689000   -1.159064
518.690000   -1.151532
518.691000   -1.141975
518.692000   -1.130680
518.693000   -1.117997
518.694000   -1.104305
518.695000   -1.089997
518.696000   -1.075465
518.697000   -1.061111
518.698000   -1.047330
518.699000   -1.034465
518.700000   -1.022773
518.701000   -1.012422
518.702000   -1.003512
518.703000   -0.996093
518.704000   -0.990181
518.705000   -0.985782
518.706000   -0.982936
518.707000   -0.981725
518.708000   -0.982256
518.709000   -0.984614
518.710000   -0.988835
518.711000   -0.994896
518.712000   -1.002699
518.713000   -1.012064
518.714000   -1.022733
518.715000   -1.034401
518.716000   -1.046746
518.717000   -1.059441
518.718000   -1.072144
518.719000   -1.084479
518.720000   -1.096045
518.721000   -1.106426
518.722000   -1.115210
518.723000   -1.122012
518.724000   -1.126525
518.725000   -1.128577
518.726000   -1.128186
518.727000   -1.125552
518.728000   -1.121045
518.729000   -1.115153
518.730000   -1.108435
518.731000   -1.101442
518.732000   -1.094648
518.733000   -1.088413
518.734000   -1.082995
518.735000   -1.078572
518.736000   -1.075240
518.737000   -1.073001
518.738000   -1.071761
518.739000   -1.071350
518.740000   -1.071507
518.741000   -1.071889
518.742000   -1.072088
518.743000   -1.071698
518.744000   -1.070380
518.745000   -1.067886
518.746000   -1.064066
518.747000   -1.058853
518.748000   -1.052259
518.749000   -1.044346
518.750000   -1.035187
518.751000   -1.024834
518.752000   -1.013308
518.753000   -1.000614
518.754000   -0.986740
518.755000   -0.971647
518.756000   -0.955278
518.757000   -0.937586
518.758000   -0.918575
518.759000   -0.898320
518.760000   -0.876977
518.761000   -0.854793
518.762000   -0.832118
518.763000   -0.809415
518.764000   -0.787250
518.765000   -0.766274
518.766000   -0.747187
518.767000   -0.730674
518.768000   -0.717318
518.769000   -0.707525
518.770000   -0.701481
518.771000   -0.699158
518.772000   -0.700367
518.773000   -0.704805
518.774000   -0.712098
518.775000   -0.721827
518.776000   -0.733522
518.777000   -0.746644
518.778000   -0.760565
518.779000   -0.774589
518.780000   -0.788012
518.781000   -0.800224
518.782000   -0.810784
518.783000   -0.819472
518.784000   -0.826281
518.785000   -0.831381
518.786000   -0.835052
518.787000   -0.837603
518.788000   -0.839316
518.789000   -0.840406
518.790000   -0.841034
518.791000   -0.841331
518.792000   -0.841431
518.793000   -0.841493
518.794000   -0.841703
518.795000   -0.842261
518.796000   -0.843338
518.797000   -0.845033
518.798000   -0.847350
518.799000   -0.850207
518.800000   -0.853478
518.801000   -0.857052
518.802000   -0.860884
518.803000   -0.865015
518.804000   -0.869550
518.805000   -0.874586
518.806000   -0.880137
518.807000   -0.886070
518.808000   -0.892084
518.809000   -0.897739
518.810000   -0.902529
518.811000   -0.905957
518.812000   -0.907608
518.813000   -0.907173
518.814000   -0.904445
518.815000   -0.899307
518.816000   -0.891737
518.817000   -0.881823
518.818000   -0.869788
518.819000   -0.856001
518.820000   -0.840972
518.821000   -0.825318
518.822000   -0.809704
518.823000   -0.794775
518.824000   -0.781074
518.825000   -0.768997
518.826000   -0.758774
518.827000   -0.750483
518.828000   -0.744083
518.829000   -0.739459
518.830000   -0.736452
518.831000   -0.734891
518.832000   -0.734602
518.833000   -0.735412
518.834000   -0.737139
518.835000   -0.739608
518.836000   -0.742672
518.837000   -0.746251
518.838000   -0.750366
518.839000   -0.755157
518.840000   -0.760876
518.841000   -0.767826
518.842000   -0.776264
518.843000   -0.786304
518.844000   -0.797865
518.845000   -0.810689
518.846000   -0.824414
518.847000   -0.838673
518.848000   -0.853169
518.849000   -0.867716
518.850000   -0.882237
518.851000   -0.896724
518.852000   -0.911197
518.853000   -0.925683
518.854000   -0.940214
518.855000   -0.954834
518.856000   -0.969618
518.857000   -0.984670
518.858000   -1.000115
518.859000   -1.016088
518.860000   -1.032709
518.861000   -1.050057
518.862000   -1.068124
518.863000   -1.086781
518.864000   -1.105758
518.865000   -1.124644
518.866000   -1.142939
518.867000   -1.160138
518.868000   -1.175838
518.869000   -1.189829
518.870000   -1.202082
518.871000   -1.212689
518.872000   -1.221799
518.873000   -1.229571
518.874000   -1.236156
518.875000   -1.241692
518.876000   -1.246345
518.877000   -1.250366
518.878000   -1.254126
518.879000   -1.258054
518.880000   -1.262496
518.881000   -1.267597
518.882000   -1.273253
518.883000   -1.279153
518.884000   -1.284850
518.885000   -1.289862
518.886000   -1.293766
518.887000   -1.296287
518.888000   -1.297326
518.889000   -1.296922
518.890000   -1.295194
518.891000   -1.292303
518.892000   -1.288430
518.893000   -1.283774
518.894000   -1.278544
518.895000   -1.272966
518.896000   -1.267285
518.897000   -1.261767
518.898000   -1.256648
518.899000   -1.252070
518.900000   -1.248032
518.901000   -1.244382
518.902000   -1.240848
518.903000   -1.237091
518.904000   -1.232773
518.905000   -1.227640
518.906000   -1.221589
518.907000   -1.214691
518.908000   -1.207138
518.909000   -1.199182
518.910000   -1.191087
518.911000   -1.183102
518.912000   -1.175460
518.913000   -1.168385
518.914000   -1.162107
518.915000   -1.156878
518.916000   -1.152956
518.917000   -1.150541
518.918000   -1.149717
518.919000   -1.150424
518.920000   -1.152476
518.921000   -1.155595
518.922000   -1.159444
518.923000   -1.163666
518.924000   -1.167929
518.925000   -1.171981
518.926000   -1.175666
518.927000   -1.178894
518.928000   -1.181591
518.929000   -1.183686
518.930000   -1.185130
518.931000   -1.185905
518.932000   -1.186045
518.933000   -1.185659
518.934000   -1.184955
518.935000   -1.184230
518.936000   -1.183781
518.937000   -1.183781
518.938000   -1.184218
518.939000   -1.184892
518.940000   -1.185471
518.941000   -1.185543
518.942000   -1.184694
518.943000   -1.182586
518.944000   -1.179045
518.945000   -1.174075
518.946000   -1.167793
518.947000   -1.160349
518.948000   -1.151894
518.949000   -1.142584
518.950000   -1.132601
518.951000   -1.122159
518.952000   -1.111497
518.953000   -1.100837
518.954000   -1.090329
518.955000   -1.079983
518.956000   -1.069660
518.957000   -1.059120
518.958000   -1.048101
518.959000   -1.036398
518.960000   -1.023893
518.961000   -1.010569
518.962000   -0.996496
518.963000   -0.981827
518.964000   -0.966781
518.965000   -0.951635
518.966000   -0.936725
518.967000   -0.922433
518.968000   -0.909169
518.969000   -0.897323
518.970000   -0.887190
518.971000   -0.878919
518.972000   -0.872503
518.973000   -0.867806
518.974000   -0.864612
518.975000   -0.862676
518.976000   -0.861749
518.977000   -0.861589
518.978000   -0.861963
518.979000   -0.862650
518.980000   -0.863460
518.981000   -0.864269
518.982000   -0.865048
518.983000   -0.865881
518.984000   -0.866960
518.985000   -0.868568
518.986000   -0.871047
518.987000   -0.874742
518.988000   -0.879932
518.989000   -0.886757
518.990000   -0.895179
518.991000   -0.904974
518.992000   -0.915780
518.993000   -0.927175
518.994000   -0.938748
518.995000   -0.950141
518.996000   -0.961045
518.997000   -0.971182
518.998000   -0.980288
518.999000   -0.988136
519.000000   -0.994588
519.001000   -0.999659
519.001000   -0.999659
519.002000   -1.003510
519.003000   -1.006415
519.004000   -1.008700
519.005000   -1.010666
519.006000   -1.012501
519.007000   -1.014196
519.008000   -1.015508
519.009000   -1.016013
519.010000   -1.015209
519.011000   -1.012614
519.012000   -1.007811
519.013000   -1.000485
519.014000   -0.990432
519.015000   -0.977573
519.016000   -0.961958
519.017000   -0.943787
519.018000   -0.923467
519.019000   -0.901641
519.020000   -0.879174
519.021000   -0.857059
519.022000   -0.836310
519.023000   -0.817856
519.024000   -0.802445
519.025000   -0.790571
519.026000   -0.782433
519.027000   -0.777972
519.028000   -0.776944
519.029000   -0.779001
519.030000   -0.783720
519.031000   -0.790627
519.032000   -0.799218
519.033000   -0.808992
519.034000   -0.819456
519.035000   -0.830142
519.036000   -0.840640
519.037000   -0.850636
519.038000   -0.859951
519.039000   -0.868535
519.040000   -0.876476
519.041000   -0.884002
519.042000   -0.891448
519.043000   -0.899153
519.044000   -0.907340
519.045000   -0.916061
519.046000   -0.925209
519.047000   -0.934600
519.048000   -0.944050
519.049000   -0.953456
519.050000   -0.962857
519.051000   -0.972460
519.052000   -0.982562
519.053000   -0.993447
519.054000   -1.005318
519.055000   -1.018303
519.056000   -1.032499
519.057000   -1.048010
519.058000   -1.064950
519.059000   -1.083442
519.060000   -1.103584
519.061000   -1.125373
519.062000   -1.148590
519.063000   -1.172749
519.064000   -1.197122
519.065000   -1.220851
519.066000   -1.243065
519.067000   -1.262971
519.068000   -1.279888
519.069000   -1.293258
519.070000   -1.302645
519.071000   -1.307726
519.072000   -1.308312
519.073000   -1.304405
519.074000   -1.296253
519.075000   -1.284376
519.076000   -1.269511
519.077000   -1.252516
519.078000   -1.234243
519.079000   -1.215439
519.080000   -1.196662
519.081000   -1.178239
519.082000   -1.160311
519.083000   -1.142928
519.084000   -1.126147
519.085000   -1.110066
519.086000   -1.094809
519.087000   -1.080498
519.088000   -1.067228
519.089000   -1.055057
519.090000   -1.044017
519.091000   -1.034137
519.092000   -1.025482
519.093000   -1.018147
519.094000   -1.012232
519.095000   -1.007789
519.096000   -1.004784
519.097000   -1.003100
519.098000   -1.002552
519.099000   -1.002910
519.100000   -1.003917
519.101000   -1.005296
519.102000   -1.006768
519.103000   -1.008048
519.104000   -1.008848
519.105000   -1.008896
519.106000   -1.007993
519.107000   -1.006089
519.108000   -1.003317
519.109000   -0.999981
519.110000   -0.996497
519.111000   -0.993334
519.112000   -0.990937
519.113000   -0.989669
519.114000   -0.989760
519.115000   -0.991323
519.116000   -0.994396
519.117000   -0.998984
519.118000   -1.005056
519.119000   -1.012525
519.120000   -1.021252
519.121000   -1.031066
519.122000   -1.041759
519.123000   -1.053073
519.124000   -1.064690
519.125000   -1.076244
519.126000   -1.087350
519.127000   -1.097646
519.128000   -1.106834
519.129000   -1.114729
519.130000   -1.121278
519.131000   -1.126533
519.132000   -1.130573
519.133000   -1.133433
519.134000   -1.135054
519.135000   -1.135283
519.136000   -1.133914
519.137000   -1.130754
519.138000   -1.125704
519.139000   -1.118804
519.140000   -1.110222
519.141000   -1.100204
519.142000   -1.089020
519.143000   -1.076939
519.144000   -1.064216
519.145000   -1.051116
519.146000   -1.037942
519.147000   -1.025056
519.148000   -1.012877
519.149000   -1.001838
519.150000   -0.992306
519.151000   -0.984521
519.152000   -0.978568
519.153000   -0.974400
519.154000   -0.971889
519.155000   -0.970868
519.156000   -0.971150
519.157000   -0.972525
519.158000   -0.974747
519.159000   -0.977497
519.160000   -0.980371
519.161000   -0.982897
519.162000   -0.984594
519.163000   -0.985041
519.164000   -0.983950
519.165000   -0.981200
519.166000   -0.976854
519.167000   -0.971129
519.168000   -0.964333
519.169000   -0.956790
519.170000   -0.948785
519.171000   -0.940544
519.172000   -0.932256
519.173000   -0.924112
519.174000   -0.916328
519.175000   -0.909147
519.176000   -0.902819
519.177000   -0.897571
519.178000   -0.893585
519.179000   -0.890984
519.180000   -0.889828
519.181000   -0.890135
519.182000   -0.891900
519.183000   -0.895118
519.184000   -0.899790
519.185000   -0.905919
519.186000   -0.913497
519.187000   -0.922457
519.188000   -0.932615
519.189000   -0.943635
519.190000   -0.955018
519.191000   -0.966158
519.192000   -0.976412
519.193000   -0.985173
519.194000   -0.991941
519.195000   -0.996357
519.196000   -0.998216
519.197000   -0.997448
519.198000   -0.994106
519.199000   -0.988362
519.200000   -0.980518
519.201000   -0.971013
519.202000   -0.960408
519.203000   -0.949338
519.204000   -0.938432
519.205000   -0.928224
519.206000   -0.919066
519.207000   -0.911101
519.208000   -0.904291
519.209000   -0.898489
519.210000   -0.893514
519.211000   -0.889193
519.212000   -0.885379
519.213000   -0.881953
519.214000   -0.878836
519.215000   -0.875973
519.216000   -0.873325
519.217000   -0.870855
519.218000   -0.868550
519.219000   -0.866434
519.220000   -0.864590
519.221000   -0.863157
519.222000   -0.862302
519.223000   -0.862154
519.224000   -0.862718
519.225000   -0.863833
519.226000   -0.865179
519.227000   -0.866350
519.228000   -0.866946
519.229000   -0.866654
519.230000   -0.865283
519.231000   -0.862757
519.232000   -0.859090
519.233000   -0.854366
519.234000   -0.848750
519.235000   -0.842496
519.236000   -0.835971
519.237000   -0.829648
519.238000   -0.824091
519.239000   -0.819918
519.240000   -0.817731
519.241000   -0.818052
519.242000   -0.821245
519.243000   -0.827461
519.244000   -0.836602
519.245000   -0.848337
519.246000   -0.862155
519.247000   -0.877441
519.248000   -0.893545
519.249000   -0.909848
519.250000   -0.925824
519.251000   -0.941079
519.252000   -0.955361
519.253000   -0.968540
519.254000   -0.980600
519.255000   -0.991644
519.256000   -1.001894
519.257000   -1.011673
519.258000   -1.021348
519.259000   -1.031259
519.260000   -1.041636
519.261000   -1.052534
519.262000   -1.063808
519.263000   -1.075141
519.264000   -1.086096
519.265000   -1.096195
519.266000   -1.104957
519.267000   -1.111936
519.268000   -1.116763
519.269000   -1.119231
519.270000   -1.119374
519.271000   -1.117469
519.272000   -1.113979
519.273000   -1.109471
519.274000   -1.104549
519.275000   -1.099784
519.276000   -1.095630
519.277000   -1.092367
519.278000   -1.090091
519.279000   -1.088758
519.280000   -1.088225
519.281000   -1.088246
519.282000   -1.088487
519.283000   -1.088566
519.284000   -1.088101
519.285000   -1.086738
519.286000   -1.084177
519.287000   -1.080211
519.288000   -1.074794
519.289000   -1.068099
519.290000   -1.060477
519.291000   -1.052371
519.292000   -1.044220
519.293000   -1.036410
519.294000   -1.029228
519.295000   -1.022831
519.296000   -1.017240
519.297000   -1.012397
519.298000   -1.008257
519.299000   -1.004828
519.300000   -1.002137
519.301000   -1.000183
519.302000   -0.998918
519.303000   -0.998259
519.304000   -0.998095
519.305000   -0.998311
519.306000   -0.998851
519.307000   -0.999818
519.308000   -1.001514
519.309000   -1.004373
519.310000   -1.008830
519.311000   -1.015215
519.312000   -1.023698
519.313000   -1.034249
519.314000   -1.046630
519.315000   -1.060424
519.316000   -1.075125
519.317000   -1.090206
519.318000   -1.105139
519.319000   -1.119353
519.320000   -1.132237
519.321000   -1.143183
519.322000   -1.151647
519.323000   -1.157201
519.324000   -1.159579
519.325000   -1.158713
519.326000   -1.154746
519.327000   -1.148014
519.328000   -1.138989
519.329000   -1.128228
519.330000   -1.116310
519.331000   -1.103766
519.332000   -1.090996
519.333000   -1.078229
519.334000   -1.065553
519.335000   -1.053011
519.336000   -1.040697
519.337000   -1.028775
519.338000   -1.017453
519.339000   -1.006921
519.340000   -0.997300
519.341000   -0.988604
519.342000   -0.980742
519.343000   -0.973573
519.344000   -0.966993
519.345000   -0.961027
519.346000   -0.955827
519.347000   -0.951596
519.348000   -0.948501
519.349000   -0.946590
519.350000   -0.945752
519.351000   -0.945721
519.352000   -0.946137
519.353000   -0.946651
519.354000   -0.947023
519.355000   -0.947134
519.356000   -0.946939
519.357000   -0.946408
519.358000   -0.945496
519.359000   -0.944147
519.360000   -0.942288
519.361000   -0.939841
519.362000   -0.936756
519.363000   -0.933066
519.364000   -0.928916
519.365000   -0.924547
519.366000   -0.920248
519.367000   -0.916308
519.368000   -0.912969
519.369000   -0.910385
519.370000   -0.908590
519.371000   -0.907535
519.372000   -0.907181
519.373000   -0.907591
519.374000   -0.908943
519.375000   -0.911459
519.376000   -0.915310
519.377000   -0.920539
519.378000   -0.927014
519.379000   -0.934420
519.380000   -0.942305
519.381000   -0.950178
519.382000   -0.957622
519.383000   -0.964351
519.384000   -0.970186
519.385000   -0.974989
519.386000   -0.978590
519.387000   -0.980731
519.388000   -0.981049
519.389000   -0.979099
519.390000   -0.974444
519.391000   -0.966748
519.392000   -0.955855
519.393000   -0.941806
519.394000   -0.924838
519.395000   -0.905352
519.396000   -0.883880
519.397000   -0.861029
519.398000   -0.837438
519.399000   -0.813735
519.400000   -0.790519
519.401000   -0.768348
519.402000   -0.747729
519.403000   -0.729117
519.404000   -0.712902
519.405000   -0.699376
519.406000   -0.688686
519.407000   -0.680813
519.408000   -0.675584
519.409000   -0.672733
519.410000   -0.671972
519.411000   -0.673065
519.412000   -0.675858
519.413000   -0.680266
519.414000   -0.686225
519.415000   -0.693634
519.416000   -0.702316
519.417000   -0.712027
519.418000   -0.722492
519.419000   -0.733477
519.420000   -0.744841
519.421000   -0.756563
519.422000   -0.768719
519.423000   -0.781402
519.424000   -0.794638
519.425000   -0.808322
519.426000   -0.822231
519.427000   -0.836089
519.428000   -0.849666
519.429000   -0.862879
519.430000   -0.875832
519.431000   -0.888761
519.432000   -0.901924
519.433000   -0.915508
519.434000   -0.929597
519.435000   -0.944197
519.436000   -0.959302
519.437000   -0.974948
519.438000   -0.991249
519.439000   -1.008375
519.440000   -1.026450
519.441000   -1.045428
519.442000   -1.065002
519.443000   -1.084600
519.444000   -1.103450
519.445000   -1.120703
519.446000   -1.135560
519.447000   -1.147388
519.448000   -1.155774
519.449000   -1.160542
519.450000   -1.161708
519.451000   -1.159442
519.452000   -1.154029
519.453000   -1.145862
519.454000   -1.135429
519.455000   -1.123299
519.456000   -1.110078
519.457000   -1.096346
519.458000   -1.082576
519.459000   -1.069081
519.460000   -1.056003
519.461000   -1.043343
519.462000   -1.031019
519.463000   -1.018921
519.464000   -1.006961
519.465000   -0.995116
519.466000   -0.983441
519.467000   -0.972070
519.468000   -0.961198
519.469000   -0.951058
519.470000   -0.941930
519.471000   -0.934145
519.472000   -0.928088
519.473000   -0.924174
519.474000   -0.922788
519.475000   -0.924196
519.476000   -0.928446
519.477000   -0.935320
519.478000   -0.944371
519.479000   -0.955012
519.480000   -0.966610
519.481000   -0.978539
519.482000   -0.990222
519.483000   -1.001164
519.484000   -1.010980
519.485000   -1.019404
519.486000   -1.026295
519.487000   -1.031654
519.488000   -1.035642
519.489000   -1.038601
519.490000   -1.041057
519.491000   -1.043679
519.492000   -1.047193
519.493000   -1.052235
519.494000   -1.059199
519.495000   -1.068143
519.496000   -1.078797
519.497000   -1.090668
519.498000   -1.103188
519.499000   -1.115829
519.500000   -1.128165
519.501000   -1.139889
519.501000   -1.139889
519.502000   -1.150796
519.503000   -1.160751
519.504000   -1.169660
519.505000   -1.177470
519.506000   -1.184193
519.507000   -1.189947
519.508000   -1.194981
519.509000   -1.199661
519.510000   -1.204378
519.511000   -1.209425
519.512000   -1.214853
519.513000   -1.220414
519.514000   -1.225598
519.515000   -1.229751
519.516000   -1.232209
519.517000   -1.232388
519.518000   -1.229853
519.519000   -1.224370
519.520000   -1.215961
519.521000   -1.204900
519.522000   -1.191683
519.523000   -1.176965
519.524000   -1.161502
519.525000   -1.146050
519.526000   -1.131260
519.527000   -1.117611
519.528000   -1.105451
519.529000   -1.095054
519.530000   -1.086603
519.531000   -1.080142
519.532000   -1.075525
519.533000   -1.072429
519.534000   -1.070384
519.535000   -1.068828
519.536000   -1.067197
519.537000   -1.065053
519.538000   -1.062191
519.539000   -1.058677
519.540000   -1.054808
519.541000   -1.051031
519.542000   -1.047868
519.543000   -1.045850
519.544000   -1.045454
519.545000   -1.047058
519.546000   -1.050894
519.547000   -1.057040
519.548000   -1.065401
519.549000   -1.075703
519.550000   -1.087493
519.551000   -1.100178
519.552000   -1.113087
519.553000   -1.125528
519.554000   -1.136846
519.555000   -1.146481
519.556000   -1.154043
519.557000   -1.159385
519.558000   -1.162633
519.559000   -1.164147
519.560000   -1.164469
519.561000   -1.164243
519.562000   -1.164141
519.563000   -1.164768
519.564000   -1.166570
519.565000   -1.169767
519.566000   -1.174334
519.567000   -1.180028
519.568000   -1.186444
519.569000   -1.193067
519.570000   -1.199330
519.571000   -1.204678
519.572000   -1.208623
519.573000   -1.210781
519.574000   -1.210909
519.575000   -1.208941
519.576000   -1.205030
519.577000   -1.199559
519.578000   -1.193104
519.579000   -1.186348
519.580000   -1.179987
519.581000   -1.174634
519.582000   -1.170709
519.583000   -1.168360
519.584000   -1.167432
519.585000   -1.167539
519.586000   -1.168214
519.587000   -1.169030
519.588000   -1.169650
519.589000   -1.169811
519.590000   -1.169283
519.591000   -1.167827
519.592000   -1.165186
519.593000   -1.161135
519.594000   -1.155584
519.595000   -1.148702
519.596000   -1.140967
519.597000   -1.133117
519.598000   -1.126000
519.599000   -1.120400
519.600000   -1.116868
519.601000   -1.115618
519.602000   -1.116510
519.603000   -1.119142
519.604000   -1.123017
519.605000   -1.127718
519.606000   -1.132989
519.607000   -1.138705
519.608000   -1.144795
519.609000   -1.151176
519.610000   -1.157733
519.611000   -1.164334
519.612000   -1.170877
519.613000   -1.177366
519.614000   -1.183981
519.615000   -1.191113
519.616000   -1.199290
519.617000   -1.209030
519.618000   -1.220683
519.619000   -1.234309
519.620000   -1.249615
519.621000   -1.265995
519.622000   -1.282648
519.623000   -1.298756
519.624000   -1.313632
519.625000   -1.326787
519.626000   -1.337883
519.627000   -1.346673
519.628000   -1.352958
519.629000   -1.356610
519.630000   -1.357611
519.631000   -1.356100
519.632000   -1.352398
519.633000   -1.346998
519.634000   -1.340507
519.635000   -1.333540
519.636000   -1.326608
519.637000   -1.320045
519.638000   -1.313994
519.639000   -1.308432
519.640000   -1.303222
519.641000   -1.298191
519.642000   -1.293198
519.643000   -1.288186
519.644000   -1.283186
519.645000   -1.278283
519.646000   -1.273592
519.647000   -1.269239
519.648000   -1.265345
519.649000   -1.262007
519.650000   -1.259304
519.651000   -1.257325
519.652000   -1.256182
519.653000   -1.255973
519.654000   -1.256713
519.655000   -1.258273
519.656000   -1.260362
519.657000   -1.262538
519.658000   -1.264250
519.659000   -1.264912
519.660000   -1.263993
519.661000   -1.261114
519.662000   -1.256096
519.663000   -1.248961
519.664000   -1.239877
519.665000   -1.229098
519.666000   -1.216905
519.667000   -1.203574
519.668000   -1.189387
519.669000   -1.174681
519.670000   -1.159901
519.671000   -1.145607
519.672000   -1.132395
519.673000   -1.120752
519.674000   -1.110954
519.675000   -1.103018
519.676000   -1.096749
519.677000   -1.091811
519.678000   -1.087834
519.679000   -1.084507
519.680000   -1.081661
519.681000   -1.079275
519.682000   -1.077402
519.683000   -1.076102
519.684000   -1.075396
519.685000   -1.075275
519.686000   -1.075717
519.687000   -1.076713
519.688000   -1.078304
519.689000   -1.080603
519.690000   -1.083771
519.691000   -1.087926
519.692000   -1.093052
519.693000   -1.098937
519.694000   -1.105188
519.695000   -1.111290
519.696000   -1.116695
519.697000   -1.120912
519.698000   -1.123583
519.699000   -1.124517
519.700000   -1.123697
519.701000   -1.121244
519.702000   -1.117390
519.703000   -1.112449
519.704000   -1.106787
519.705000   -1.100798
519.706000   -1.094872
519.707000   -1.089358
519.708000   -1.084534
519.709000   -1.080578
519.710000   -1.077558
519.711000   -1.075452
519.712000   -1.074160
519.713000   -1.073499
519.714000   -1.073187
519.715000   -1.072851
519.716000   -1.072059
519.717000   -1.070380
519.718000   -1.067446
519.719000   -1.063009
519.720000   -1.056974
519.721000   -1.049424
519.722000   -1.040600
519.723000   -1.030845
519.724000   -1.020535
519.725000   -1.010013
519.726000   -0.999541
519.727000   -0.989258
519.728000   -0.979174
519.729000   -0.969203
519.730000   -0.959226
519.731000   -0.949133
519.732000   -0.938846
519.733000   -0.928318
519.734000   -0.917537
519.735000   -0.906512
519.736000   -0.895265
519.737000   -0.883833
519.738000   -0.872285
519.739000   -0.860746
519.740000   -0.849415
519.741000   -0.838574
519.742000   -0.828546
519.743000   -0.819645
519.744000   -0.812111
519.745000   -0.806060
519.746000   -0.801482
519.747000   -0.798267
519.748000   -0.796230
519.749000   -0.795126
519.750000   -0.794671
519.751000   -0.794559
519.752000   -0.794520
519.753000   -0.794362
519.754000   -0.794014
519.755000   -0.793552
519.756000   -0.793195
519.757000   -0.793241
519.758000   -0.793973
519.759000   -0.795591
519.760000   -0.798234
519.761000   -0.802021
519.762000   -0.807057
519.763000   -0.813380
519.764000   -0.820906
519.765000   -0.829377
519.766000   -0.838364
519.767000   -0.847329
519.768000   -0.855739
519.769000   -0.863189
519.770000   -0.869441
519.771000   -0.874393
519.772000   -0.878046
519.773000   -0.880466
519.774000   -0.881744
519.775000   -0.881962
519.776000   -0.881206
519.777000   -0.879642
519.778000   -0.877591
519.779000   -0.875510
519.780000   -0.873876
519.781000   -0.873051
519.782000   -0.873202
519.783000   -0.874270
519.784000   -0.875999
519.785000   -0.878011
519.786000   -0.879930
519.787000   -0.881534
519.788000   -0.882822
519.789000   -0.883960
519.790000   -0.885167
519.791000   -0.886635
519.792000   -0.888490
519.793000   -0.890785
519.794000   -0.893517
519.795000   -0.896684
519.796000   -0.900396
519.797000   -0.904956
519.798000   -0.910799
519.799000   -0.918304
519.800000   -0.927618
519.801000   -0.938586
519.802000   -0.950762
519.803000   -0.963500
519.804000   -0.976083
519.805000   -0.987897
519.806000   -0.998567
519.807000   -1.007970
519.808000   -1.016145
519.809000   -1.023228
519.810000   -1.029436
519.811000   -1.035061
519.812000   -1.040463
519.813000   -1.046057
519.814000   -1.052289
519.815000   -1.059596
519.816000   -1.068361
519.817000   -1.078846
519.818000   -1.091130
519.819000   -1.105076
519.820000   -1.120338
519.821000   -1.136407
519.822000   -1.152657
519.823000   -1.168397
519.824000   -1.182920
519.825000   -1.195598
519.826000   -1.205984
519.827000   -1.213864
519.828000   -1.219255
519.829000   -1.222367
519.830000   -1.223556
519.831000   -1.223246
519.832000   -1.221858
519.833000   -1.219748
519.834000   -1.217198
519.835000   -1.214481
519.836000   -1.211859
519.837000   -1.209508
519.838000   -1.207442
519.839000   -1.205534
519.840000   -1.203562
519.841000   -1.201245
519.842000   -1.198265
519.843000   -1.194336
519.844000   -1.189370
519.845000   -1.183610
519.846000   -1.177563
519.847000   -1.171789
519.848000   -1.166757
519.849000   -1.162800
519.850000   -1.160108
519.851000   -1.158710
519.852000   -1.158471
519.853000   -1.159177
519.854000   -1.160667
519.855000   -1.162877
519.856000   -1.165743
519.857000   -1.169119
519.858000   -1.172761
519.859000   -1.176345
519.860000   -1.179485
519.861000   -1.181760
519.862000   -1.182798
519.863000   -1.182432
519.864000   -1.180836
519.865000   -1.178486
519.866000   -1.176026
519.867000   -1.174114
519.868000   -1.173322
519.869000   -1.174069
519.870000   -1.176553
519.871000   -1.180743
519.872000   -1.186431
519.873000   -1.193352
519.874000   -1.201268
519.875000   -1.209977
519.876000   -1.219294
519.877000   -1.228998
519.878000   -1.238784
519.879000   -1.248247
519.880000   -1.256902
519.881000   -1.264260
519.882000   -1.269927
519.883000   -1.273718
519.884000   -1.275741
519.885000   -1.276406
519.886000   -1.276308
519.887000   -1.276036
519.888000   -1.275986
519.889000   -1.276245
519.890000   -1.276537
519.891000   -1.276260
519.892000   -1.274634
519.893000   -1.270934
519.894000   -1.264707
519.895000   -1.255813
519.896000   -1.244308
519.897000   -1.230313
519.898000   -1.213931
519.899000   -1.195225
519.900000   -1.174220
519.901000   -1.150988
519.902000   -1.125802
519.903000   -1.099303
519.904000   -1.072478
519.905000   -1.046447
519.906000   -1.022187
519.907000   -1.000356
519.908000   -0.981217
519.909000   -0.964654
519.910000   -0.950270
519.911000   -0.937581
519.912000   -0.926228
519.913000   -0.916095
519.914000   -0.907218
519.915000   -0.899602
519.916000   -0.893107
519.917000   -0.887434
519.918000   -0.882170
519.919000   -0.876875
519.920000   -0.871186
519.921000   -0.864963
519.922000   -0.858369
519.923000   -0.851811
519.924000   -0.845749
519.925000   -0.840493
519.926000   -0.836109
519.927000   -0.832417
519.928000   -0.829045
519.929000   -0.825541
519.930000   -0.821497
519.931000   -0.816676
519.932000   -0.811080
519.933000   -0.804914
519.934000   -0.798466
519.935000   -0.792025
519.936000   -0.785833
519.937000   -0.780071
519.938000   -0.774882
519.939000   -0.770423
519.940000   -0.766973
519.941000   -0.765009
519.942000   -0.765149
519.943000   -0.767941
519.944000   -0.773631
519.945000   -0.782034
519.946000   -0.792530
519.947000   -0.804162
519.948000   -0.815795
519.949000   -0.826315
519.950000   -0.834854
519.951000   -0.840924
519.952000   -0.844370
519.953000   -0.845224
519.954000   -0.843595
519.955000   -0.839643
519.956000   -0.833586
519.957000   -0.825723
519.958000   -0.816463
519.959000   -0.806401
519.960000   -0.796362
519.961000   -0.787303
