516.968000   -1.071307
516.969000   -1.092610
516.970000   -1.113556
516.971000   -1.133258
516.972000   -1.150982
516.973000   -1.166320
516.974000   -1.179164
516.975000   -1.189549
516.976000   -1.197527
516.977000   -1.203117
516.978000   -1.206283
516.979000   -1.206951
516.980000   -1.205061
516.981000   -1.200693
516.982000   -1.194172
516.983000   -1.186026
516.984000   -1.176813
516.985000   -1.166979
516.986000   -1.156807
516.987000   -1.146421
516.988000   -1.135809
516.989000   -1.124876
516.990000   -1.113547
516.991000   -1.101868
516.992000   -1.090037
516.993000   -1.078337
516.994000   -1.067073
516.995000   -1.056527
516.996000   -1.046915
516.997000   -1.038336
516.998000   -1.030754
516.999000   -1.024043
517.000000   -1.018104
517.001000   -1.012957
517.001000   -1.012957
517.002000   -1.008712
517.003000   -1.005479
517.004000   -1.003283
517.005000   -1.002010
517.006000   -1.001377
517.007000   -1.000964
517.008000   -1.000298
517.009000   -0.999015
517.010000   -0.997018
517.011000   -0.994490
517.012000   -0.991777
517.013000   -0.989252
517.014000   -0.987227
517.015000   -0.985908
517.016000   -0.985380
517.017000   -0.985657
517.018000   -0.986796
517.019000   -0.989057
517.020000   -0.992951
517.021000   -0.999073
517.022000   -1.007864
517.023000   -1.019454
517.024000   -1.033635
517.025000   -1.049908
517.026000   -1.067585
517.027000   -1.085935
517.028000   -1.104370
517.029000   -1.122572
517.030000   -1.140447
517.031000   -1.157954
517.032000   -1.174966
517.033000   -1.191218
517.034000   -1.206337
517.035000   -1.219899
517.036000   -1.231524
517.037000   -1.241008
517.038000   -1.248462
517.039000   -1.254307
517.040000   -1.259088
517.041000   -1.263213
517.042000   -1.266801
517.043000   -1.269691
517.044000   -1.271538
517.045000   -1.271956
517.046000   -1.270677
517.047000   -1.267713
517.048000   -1.263398
517.049000   -1.258280
517.050000   -1.252922
517.051000   -1.247770
517.052000   -1.243099
517.053000   -1.239007
517.054000   -1.235452
517.055000   -1.232334
517.056000   -1.229606
517.057000   -1.227365
517.058000   -1.225827
517.059000   -1.225201
517.060000   -1.225573
517.061000   -1.226852
517.062000   -1.228786
517.063000   -1.231015
517.064000   -1.233154
517.065000   -1.234896
517.066000   -1.236090
517.067000   -1.236722
517.068000   -1.236824
517.069000   -1.236426
517.070000   -1.235579
517.071000   -1.234395
517.072000   -1.233021
517.073000   -1.231606
517.074000   -1.230311
517.075000   -1.229321
517.076000   -1.228824
517.077000   -1.228937
517.078000   -1.229684
517.079000   -1.231067
517.080000   -1.233144
517.081000   -1.235996
517.082000   -1.239646
517.083000   -1.244043
517.084000   -1.249089
517.085000   -1.254657
517.086000   -1.260558
517.087000   -1.266528
517.088000   -1.272300
517.089000   -1.277700
517.090000   -1.282662
517.091000   -1.287155
517.092000   -1.291150
517.093000   -1.294631
517.094000   -1.297603
517.095000   -1.300033
517.096000   -1.301791
517.097000   -1.302635
517.098000   -1.302292
517.099000   -1.300525
517.100000   -1.297188
517.101000   -1.292239
517.102000   -1.285772
517.103000   -1.277995
517.104000   -1.269174
517.105000   -1.259554
517.106000   -1.249341
517.107000   -1.238753
517.108000   -1.228072
517.109000   -1.217629
517.110000   -1.207739
517.111000   -1.198660
517.112000   -1.190548
517.113000   -1.183408
517.114000   -1.177059
517.115000   -1.171176
517.116000   -1.165415
517.117000   -1.159544
517.118000   -1.153470
517.119000   -1.147176
517.120000   -1.140667
517.121000   -1.133952
517.122000   -1.127027
517.123000   -1.119856
517.124000   -1.112396
517.125000   -1.104706
517.126000   -1.097038
517.127000   -1.089819
517.128000   -1.083496
517.129000   -1.078390
517.130000   -1.074637
517.131000   -1.072174
517.132000   -1.070759
517.133000   -1.070027
517.134000   -1.069613
517.135000   -1.069289
517.136000   -1.069002
517.137000   -1.068778
517.138000   -1.068604
517.139000   -1.068393
517.140000   -1.068008
517.141000   -1.067306
517.142000   -1.066178
517.143000   -1.064595
517.144000   -1.062651
517.145000   -1.060540
517.146000   -1.058455
517.147000   -1.056497
517.148000   -1.054673
517.149000   -1.052943
517.150000   -1.051252
517.151000   -1.049506
517.152000   -1.047571
517.153000   -1.045298
517.154000   -1.042551
517.155000   -1.039207
517.156000   -1.035156
517.157000   -1.030365
517.158000   -1.024975
517.159000   -1.019334
517.160000   -1.013902
517.161000   -1.009136
517.162000   -1.005405
517.163000   -1.002934
517.164000   -1.001781
517.165000   -1.001834
517.166000   -1.002895
517.167000   -1.004796
517.168000   -1.007453
517.169000   -1.010803
517.170000   -1.014720
517.171000   -1.018960
517.172000   -1.023162
517.173000   -1.026881
517.174000   -1.029657
517.175000   -1.031132
517.176000   -1.031182
517.177000   -1.029970
517.178000   -1.027870
517.179000   -1.025329
517.180000   -1.022741
517.181000   -1.020371
517.182000   -1.018335
517.183000   -1.016621
517.184000   -1.015162
517.185000   -1.013932
517.186000   -1.012996
517.187000   -1.012471
517.188000   -1.012432
517.189000   -1.012862
517.190000   -1.013654
517.191000   -1.014633
517.192000   -1.015579
517.193000   -1.016262
517.194000   -1.016511
517.195000   -1.016288
517.196000   -1.015665
517.197000   -1.014754
517.198000   -1.013630
517.199000   -1.012300
517.200000   -1.010699
517.201000   -1.008681
517.202000   -1.006032
517.203000   -1.002537
517.204000   -0.998064
517.205000   -0.992596
517.206000   -0.986179
517.207000   -0.978880
517.208000   -0.970782
517.209000   -0.961987
517.210000   -0.952620
517.211000   -0.942828
517.212000   -0.932817
517.213000   -0.922927
517.214000   -0.913658
517.215000   -0.905596
517.216000   -0.899296
517.217000   -0.895176
517.218000   -0.893456
517.219000   -0.894125
517.220000   -0.896952
517.221000   -0.901573
517.222000   -0.907632
517.223000   -0.914897
517.224000   -0.923246
517.225000   -0.932572
517.226000   -0.942715
517.227000   -0.953451
517.228000   -0.964501
517.229000   -0.975556
517.230000   -0.986322
517.231000   -0.996618
517.232000   -1.006476
517.233000   -1.016146
517.234000   -1.025976
517.235000   -1.036251
517.236000   -1.047108
517.237000   -1.058483
517.238000   -1.070111
517.239000   -1.081573
517.240000   -1.092437
517.241000   -1.102441
517.242000   -1.111589
517.243000   -1.120067
517.244000   -1.128100
517.245000   -1.135861
517.246000   -1.143435
517.247000   -1.150813
517.248000   -1.157900
517.249000   -1.164590
517.250000   -1.170908
517.251000   -1.177095
517.252000   -1.183515
517.253000   -1.190471
517.254000   -1.198065
517.255000   -1.206148
517.256000   -1.214314
517.257000   -1.221943
517.258000   -1.228291
517.259000   -1.232679
517.260000   -1.234660
517.261000   -1.234042
517.262000   -1.230776
517.263000   -1.224863
517.264000   -1.216332
517.265000   -1.205243
517.266000   -1.191682
517.267000   -1.175770
517.268000   -1.157742
517.269000   -1.138098
517.270000   -1.117644
517.271000   -1.097332
517.272000   -1.078058
517.273000   -1.060539
517.274000   -1.045285
517.275000   -1.032573
517.276000   -1.022444
517.277000   -1.014789
517.278000   -1.009556
517.279000   -1.006964
517.280000   -1.007446
517.281000   -1.011405
517.282000   -1.019018
517.283000   -1.030187
517.284000   -1.044536
517.285000   -1.061441
517.286000   -1.080080
517.287000   -1.099565
517.288000   -1.119169
517.289000   -1.138505
517.290000   -1.157457
517.291000   -1.175979
517.292000   -1.193951
517.293000   -1.211142
517.294000   -1.227229
517.295000   -1.241819
517.296000   -1.254508
517.297000   -1.265005
517.298000   -1.273314
517.299000   -1.279786
517.300000   -1.284961
517.301000   -1.289376
517.302000   -1.293456
517.303000   -1.297471
517.304000   -1.301517
517.305000   -1.305503
517.306000   -1.309217
517.307000   -1.312499
517.308000   -1.315414
517.309000   -1.318229
517.310000   -1.321224
517.311000   -1.324537
517.312000   -1.328088
517.313000   -1.331567
517.314000   -1.334449
517.315000   -1.336075
517.316000   -1.335852
517.317000   -1.333490
517.318000   -1.329096
517.319000   -1.323028
517.320000   -1.315662
517.321000   -1.307255
517.322000   -1.297894
517.323000   -1.287491
517.324000   -1.275815
517.325000   -1.262605
517.326000   -1.247752
517.327000   -1.231448
517.328000   -1.214145
517.329000   -1.196363
517.330000   -1.178541
517.331000   -1.160982
517.332000   -1.143858
517.333000   -1.127225
517.334000   -1.111069
517.335000   -1.095413
517.336000   -1.080449
517.337000   -1.066571
517.338000   -1.054258
517.339000   -1.043930
517.340000   -1.035862
517.341000   -1.030166
517.342000   -1.026785
517.343000   -1.025502
517.344000   -1.026015
517.345000   -1.028070
517.346000   -1.031579
517.347000   -1.036590
517.348000   -1.043127
517.349000   -1.051067
517.350000   -1.060094
517.351000   -1.069714
517.352000   -1.079298
517.353000   -1.088163
517.354000   -1.095717
517.355000   -1.101642
517.356000   -1.105956
517.357000   -1.108896
517.358000   -1.110758
517.359000   -1.111797
517.360000   -1.112204
517.361000   -1.112093
517.362000   -1.111499
517.363000   -1.110402
517.364000   -1.108802
517.365000   -1.106787
517.366000   -1.104518
517.367000   -1.102142
517.368000   -1.099719
517.369000   -1.097218
517.370000   -1.094546
517.371000   -1.091575
517.372000   -1.088163
517.373000   -1.084182
517.374000   -1.079587
517.375000   -1.074485
517.376000   -1.069117
517.377000   -1.063764
517.378000   -1.058651
517.379000   -1.053902
517.380000   -1.049512
517.381000   -1.045333
517.382000   -1.041093
517.383000   -1.036475
517.384000   -1.031268
517.385000   -1.025487
517.386000   -1.019339
517.387000   -1.013092
517.388000   -1.006983
517.389000   -1.001167
517.390000   -0.995708
517.391000   -0.990576
517.392000   -0.985689
517.393000   -0.981031
517.394000   -0.976804
517.395000   -0.973421
517.396000   -0.971347
517.397000   -0.970921
517.398000   -0.972276
517.399000   -0.975333
517.400000   -0.979827
517.401000   -0.985353
517.402000   -0.991466
517.403000   -0.997805
517.404000   -1.004151
517.405000   -1.010377
517.406000   -1.016366
517.407000   -1.021981
517.408000   -1.027080
517.409000   -1.031541
517.410000   -1.035280
517.411000   -1.038267
517.412000   -1.040540
517.413000   -1.042206
517.414000   -1.043426
517.415000   -1.044401
517.416000   -1.045317
517.417000   -1.046289
517.418000   -1.047326
517.419000   -1.048318
517.420000   -1.049049
517.421000   -1.049255
517.422000   -1.048723
517.423000   -1.047403
517.424000   -1.045425
517.425000   -1.043015
517.426000   -1.040384
517.427000   -1.037679
517.428000   -1.034984
517.429000   -1.032322
517.430000   -1.029695
517.431000   -1.027132
517.432000   -1.024715
517.433000   -1.022537
517.434000   -1.020615
517.435000   -1.018867
517.436000   -1.017149
517.437000   -1.015321
517.438000   -1.013295
517.439000   -1.011077
517.440000   -1.008775
517.441000   -1.006542
517.442000   -1.004468
517.443000   -1.002537
517.444000   -1.000710
517.445000   -0.999026
517.446000   -0.997627
517.447000   -0.996744
517.448000   -0.996662
517.449000   -0.997669
517.450000   -0.999981
517.451000   -1.003692
517.452000   -1.008767
517.453000   -1.015109
517.454000   -1.022600
517.455000   -1.031117
517.456000   -1.040527
517.457000   -1.050683
517.458000   -1.061418
517.459000   -1.072543
517.460000   -1.083854
517.461000   -1.095177
517.462000   -1.106395
517.463000   -1.117441
517.464000   -1.128263
517.465000   -1.138808
517.466000   -1.149024
517.467000   -1.158876
517.468000   -1.168355
517.469000   -1.177480
517.470000   -1.186280
517.471000   -1.194769
517.472000   -1.202929
517.473000   -1.210747
517.474000   -1.218239
517.475000   -1.225470
517.476000   -1.232562
517.477000   -1.239683
517.478000   -1.247023
517.479000   -1.254756
517.480000   -1.262981
517.481000   -1.271709
517.482000   -1.280920
517.483000   -1.290602
517.484000   -1.300739
517.485000   -1.311283
517.486000   -1.322128
517.487000   -1.333083
517.488000   -1.343846
517.489000   -1.354038
517.490000   -1.363313
517.491000   -1.371505
517.492000   -1.378623
517.493000   -1.384730
517.494000   -1.389844
517.495000   -1.393909
517.496000   -1.396794
517.497000   -1.398302
517.498000   -1.398215
517.499000   -1.396420
517.500000   -1.393053
517.501000   -1.388522
517.501000   -1.388522
517.502000   -1.383346
517.503000   -1.378005
517.504000   -1.372859
517.505000   -1.368129
517.506000   -1.363901
517.507000   -1.360153
517.508000   -1.356807
517.509000   -1.353811
517.510000   -1.351200
517.511000   -1.349095
517.512000   -1.347635
517.513000   -1.346916
517.514000   -1.346957
517.515000   -1.347685
517.516000   -1.348934
517.517000   -1.350457
517.518000   -1.351955
517.519000   -1.353170
517.520000   -1.353983
517.521000   -1.354400
517.522000   -1.354456
517.523000   -1.354129
517.524000   -1.353309
517.525000   -1.351791
517.526000   -1.349285
517.527000   -1.345470
517.528000   -1.340125
517.529000   -1.333287
517.530000   -1.325265
517.531000   -1.316508
517.532000   -1.307468
517.533000   -1.298530
517.534000   -1.289986
517.535000   -1.282021
517.536000   -1.274718
517.537000   -1.268132
517.538000   -1.262415
517.539000   -1.257887
517.540000   -1.254948
517.541000   -1.253923
517.542000   -1.254979
517.543000   -1.258106
517.544000   -1.263123
517.545000   -1.269690
517.546000   -1.277344
517.547000   -1.285621
517.548000   -1.294210
517.549000   -1.302988
517.550000   -1.311906
517.551000   -1.320893
517.552000   -1.329833
517.553000   -1.338562
517.554000   -1.346860
517.555000   -1.354429
517.556000   -1.360961
517.557000   -1.366289
517.558000   -1.370495
517.559000   -1.373806
517.560000   -1.376429
517.561000   -1.378457
517.562000   -1.379859
517.563000   -1.380478
517.564000   -1.380019
517.565000   -1.378096
517.566000   -1.374422
517.567000   -1.369065
517.568000   -1.362469
517.569000   -1.355213
517.570000   -1.347789
517.571000   -1.340500
517.572000   -1.333444
517.573000   -1.326497
517.574000   -1.319319
517.575000   -1.311464
517.576000   -1.302621
517.577000   -1.292776
517.578000   -1.282118
517.579000   -1.270822
517.580000   -1.258942
517.581000   -1.246414
517.582000   -1.233091
517.583000   -1.218763
517.584000   -1.203204
517.585000   -1.186272
517.586000   -1.168060
517.587000   -1.148936
517.588000   -1.129409
517.589000   -1.109980
517.590000   -1.091074
517.591000   -1.073012
517.592000   -1.055989
517.593000   -1.040035
517.594000   -1.025030
517.595000   -1.010816
517.596000   -0.997379
517.597000   -0.984885
517.598000   -0.973544
517.599000   -0.963492
517.600000   -0.954727
517.601000   -0.947090
517.602000   -0.940253
517.603000   -0.933754
517.604000   -0.927164
517.605000   -0.920362
517.606000   -0.913642
517.607000   -0.907528
517.608000   -0.902518
517.609000   -0.898945
517.610000   -0.896918
517.611000   -0.896297
517.612000   -0.896709
517.613000   -0.897659
517.614000   -0.898764
517.615000   -0.899961
517.616000   -0.901459
517.617000   -0.903547
517.618000   -0.906456
517.619000   -0.910336
517.620000   -0.915249
517.621000   -0.921181
517.622000   -0.928054
517.623000   -0.935796
517.624000   -0.944459
517.625000   -0.954279
517.626000   -0.965581
517.627000   -0.978616
517.628000   -0.993460
517.629000   -1.009972
517.630000   -1.027778
517.631000   -1.046272
517.632000   -1.064669
517.633000   -1.082185
517.634000   -1.098271
517.635000   -1.112692
517.636000   -1.125375
517.637000   -1.136260
517.638000   -1.145239
517.639000   -1.152156
517.640000   -1.156801
517.641000   -1.158927
517.642000   -1.158326
517.643000   -1.155034
517.644000   -1.149488
517.645000   -1.142413
517.646000   -1.134546
517.647000   -1.126464
517.648000   -1.118543
517.649000   -1.110971
517.650000   -1.103758
517.651000   -1.096765
517.652000   -1.089819
517.653000   -1.082947
517.654000   -1.076478
517.655000   -1.070870
517.656000   -1.066495
517.657000   -1.063581
517.658000   -1.062215
517.659000   -1.062350
517.660000   -1.063759
517.661000   -1.066054
517.662000   -1.068855
517.663000   -1.072019
517.664000   -1.075611
517.665000   -1.079693
517.666000   -1.084212
517.667000   -1.088997
517.668000   -1.093775
517.669000   -1.098153
517.670000   -1.101618
517.671000   -1.103682
517.672000   -1.104195
517.673000   -1.103483
517.674000   -1.102151
517.675000   -1.100816
517.676000   -1.099985
517.677000   -1.100007
517.678000   -1.101026
517.679000   -1.102940
517.680000   -1.105478
517.681000   -1.108491
517.682000   -1.112211
517.683000   -1.117152
517.684000   -1.123770
517.685000   -1.132277
517.686000   -1.142618
517.687000   -1.154507
517.688000   -1.167457
517.689000   -1.180848
517.690000   -1.194093
517.691000   -1.206874
517.692000   -1.219217
517.693000   -1.231295
517.694000   -1.243214
517.695000   -1.254948
517.696000   -1.266353
517.697000   -1.277176
517.698000   -1.287057
517.699000   -1.295547
517.700000   -1.302230
517.701000   -1.306909
517.702000   -1.309636
517.703000   -1.310585
517.704000   -1.309934
517.705000   -1.307849
517.706000   -1.304473
517.707000   -1.299894
517.708000   -1.294100
517.709000   -1.287034
517.710000   -1.278812
517.711000   -1.269920
517.712000   -1.261077
517.713000   -1.252967
517.714000   -1.246078
517.715000   -1.240674
517.716000   -1.236772
517.717000   -1.234122
517.718000   -1.232253
517.719000   -1.230705
517.720000   -1.229358
517.721000   -1.228449
517.722000   -1.228256
517.723000   -1.228882
517.724000   -1.230232
517.725000   -1.232049
517.726000   -1.233940
517.727000   -1.235392
517.728000   -1.235899
517.729000   -1.235242
517.730000   -1.233641
517.731000   -1.231549
517.732000   -1.229382
517.733000   -1.227412
517.734000   -1.225761
517.735000   -1.224388
517.736000   -1.223064
517.737000   -1.221411
517.738000   -1.219091
517.739000   -1.216051
517.740000   -1.212500
517.741000   -1.208690
517.742000   -1.204786
517.743000   -1.200851
517.744000   -1.196853
517.745000   -1.192660
517.746000   -1.188057
517.747000   -1.182846
517.748000   -1.177076
517.749000   -1.171149
517.750000   -1.165654
517.751000   -1.161116
517.752000   -1.157869
517.753000   -1.156006
517.754000   -1.155372
517.755000   -1.155569
517.756000   -1.156043
517.757000   -1.156268
517.758000   -1.155966
517.759000   -1.155121
517.760000   -1.153840
517.761000   -1.152248
517.762000   -1.150468
517.763000   -1.148613
517.764000   -1.146770
517.765000   -1.144982
517.766000   -1.143274
517.767000   -1.141744
517.768000   -1.140629
517.769000   -1.140220
517.770000   -1.140736
517.771000   -1.142259
517.772000   -1.144720
517.773000   -1.147909
517.774000   -1.151472
517.775000   -1.154946
517.776000   -1.157888
517.777000   -1.160048
517.778000   -1.161369
517.779000   -1.161830
517.780000   -1.161369
517.781000   -1.159904
517.782000   -1.157382
517.783000   -1.153773
517.784000   -1.149048
517.785000   -1.143230
517.786000   -1.136522
517.787000   -1.129334
517.788000   -1.122085
517.789000   -1.115038
517.790000   -1.108275
517.791000   -1.101741
517.792000   -1.095268
517.793000   -1.088582
517.794000   -1.081341
517.795000   -1.073278
517.796000   -1.064342
517.797000   -1.054688
517.798000   -1.044511
517.799000   -1.033948
517.800000   -1.023057
517.801000   -1.011836
517.802000   -1.000235
517.803000   -0.988176
517.804000   -0.975618
517.805000   -0.962693
517.806000   -0.949711
517.807000   -0.936988
517.808000   -0.924674
517.809000   -0.912755
517.810000   -0.901130
517.811000   -0.889679
517.812000   -0.878313
517.813000   -0.867018
517.814000   -0.855922
517.815000   -0.845289
517.816000   -0.835420
517.817000   -0.826575
517.818000   -0.818985
517.819000   -0.812877
517.820000   -0.808474
517.821000   -0.805971
517.822000   -0.805509
517.823000   -0.807141
517.824000   -0.810824
517.825000   -0.816450
517.826000   -0.823903
517.827000   -0.833044
517.828000   -0.843650
517.829000   -0.855375
517.830000   -0.867780
517.831000   -0.880367
517.832000   -0.892624
517.833000   -0.904127
517.834000   -0.914673
517.835000   -0.924376
517.836000   -0.933595
517.837000   -0.942712
517.838000   -0.951984
517.839000   -0.961497
517.840000   -0.971171
517.841000   -0.980810
517.842000   -0.990195
517.843000   -0.999225
517.844000   -1.007981
517.845000   -1.016636
517.846000   -1.025279
517.847000   -1.033834
517.848000   -1.042102
517.849000   -1.049825
517.850000   -1.056753
517.851000   -1.062744
517.852000   -1.067887
517.853000   -1.072543
517.854000   -1.077134
517.855000   -1.081872
517.856000   -1.086733
517.857000   -1.091571
517.858000   -1.096188
517.859000   -1.100360
517.860000   -1.103883
517.861000   -1.106663
517.862000   -1.108719
517.863000   -1.110044
517.864000   -1.110488
517.865000   -1.109844
517.866000   -1.107959
517.867000   -1.104736
517.868000   -1.100119
517.869000   -1.094088
517.870000   -1.086673
517.871000   -1.077972
517.872000   -1.068189
517.873000   -1.057738
517.874000   -1.047311
517.875000   -1.037701
517.876000   -1.029577
517.877000   -1.023394
517.878000   -1.019374
517.879000   -1.017511
517.880000   -1.017569
517.881000   -1.019134
517.882000   -1.021833
517.883000   -1.025583
517.884000   -1.030535
517.885000   -1.036809
517.886000   -1.044388
517.887000   -1.053135
517.888000   -1.062815
517.889000   -1.073089
517.890000   -1.083526
517.891000   -1.093753
517.892000   -1.103719
517.893000   -1.113675
517.894000   -1.123876
517.895000   -1.134430
517.896000   -1.145283
517.897000   -1.156234
517.898000   -1.166924
517.899000   -1.176850
517.900000   -1.185460
517.901000   -1.192365
517.902000   -1.197417
517.903000   -1.200594
517.904000   -1.201918
517.905000   -1.201453
517.906000   -1.199315
517.907000   -1.195658
517.908000   -1.190644
517.909000   -1.184449
517.910000   -1.177328
517.911000   -1.169656
517.912000   -1.161906
517.913000   -1.154582
517.914000   -1.148167
517.915000   -1.143056
517.916000   -1.139503
517.917000   -1.137570
517.918000   -1.137120
517.919000   -1.137867
517.920000   -1.139522
517.921000   -1.141949
517.922000   -1.145198
517.923000   -1.149422
517.924000   -1.154741
517.925000   -1.161142
517.926000   -1.168435
517.927000   -1.176250
517.928000   -1.184093
517.929000   -1.191479
517.930000   -1.198062
517.931000   -1.203704
517.932000   -1.208456
517.933000   -1.212447
517.934000   -1.215771
517.935000   -1.218438
517.936000   -1.220380
517.937000   -1.221477
517.938000   -1.221557
517.939000   -1.220402
517.940000   -1.217902
517.941000   -1.214237
517.942000   -1.209824
517.943000   -1.205140
517.944000   -1.200596
517.945000   -1.196493
517.946000   -1.192980
517.947000   -1.190012
517.948000   -1.187380
517.949000   -1.184897
517.950000   -1.182574
517.951000   -1.180562
517.952000   -1.178968
517.953000   -1.177740
517.954000   -1.176639
517.955000   -1.175235
517.956000   -1.172931
517.957000   -1.169123
517.958000   -1.163493
517.959000   -1.156206
517.960000   -1.147835
517.961000   -1.139098
517.962000   -1.130634
517.963000   -1.122887
517.964000   -1.116037
517.965000   -1.109971
517.966000   -1.104381
517.967000   -1.098990
517.968000   -1.093777
517.969000   -1.089052
517.970000   -1.085279
517.971000   -1.082818
517.972000   -1.081770
517.973000   -1.081979
517.974000   -1.083075
517.975000   -1.084545
517.976000   -1.085824
517.977000   -1.086453
517.978000   -1.086326
517.979000   -1.085764
517.980000   -1.085280
517.981000   -1.085301
517.982000   -1.086076
517.983000   -1.087676
517.984000   -1.089970
517.985000   -1.092565
517.986000   -1.094807
517.987000   -1.096089
517.988000   -1.096220
517.989000   -1.095384
517.990000   -1.093823
517.991000   -1.091669
517.992000   -1.088939
517.993000   -1.085520
517.994000   -1.081116
517.995000   -1.075249
517.996000   -1.067585
517.997000   -1.058439
517.998000   -1.048805
517.999000   -1.039864
518.000000   -1.032595
518.001000   -1.027635
518.001000   -1.027635
518.002000   -1.025234
518.003000   -1.025215
518.004000   -1.026972
518.005000   -1.029674
518.006000   -1.032742
518.007000   -1.036141
518.008000   -1.040101
518.009000   -1.044692
518.010000   -1.049681
518.011000   -1.054578
518.012000   -1.058707
518.013000   -1.061269
518.014000   -1.061442
518.015000   -1.058659
518.016000   -1.052955
518.017000   -1.044929
518.018000   -1.035358
518.019000   -1.024935
518.020000   -1.014201
518.021000   -1.003517
518.022000   -0.993026
518.023000   -0.982636
518.024000   -0.972122
518.025000   -0.961419
518.026000   -0.950794
518.027000   -0.940682
518.028000   -0.931466
518.029000   -0.923396
518.030000   -0.916574
518.031000   -0.910941
518.032000   -0.906238
518.033000   -0.902059
518.034000   -0.898163
518.035000   -0.894862
518.036000   -0.892936
518.037000   -0.893186
518.038000   -0.896143
518.039000   -0.901979
518.040000   -0.910496
518.041000   -0.921107
518.042000   -0.932865
518.043000   -0.944712
518.044000   -0.956030
518.045000   -0.966949
518.046000   -0.977959
518.047000   -0.989453
518.048000   -1.001594
518.049000   -1.014354
518.050000   -1.027538
518.051000   -1.040783
518.052000   -1.053612
518.053000   -1.065726
518.054000   -1.077342
518.055000   -1.089069
518.056000   -1.101447
518.057000   -1.114722
518.058000   -1.128868
518.059000   -1.143635
518.060000   -1.158568
518.061000   -1.173030
518.062000   -1.186386
518.063000   -1.198378
518.064000   -1.209237
518.065000   -1.219349
518.066000   -1.228973
518.067000   -1.238185
518.068000   -1.246920
518.069000   -1.254957
518.070000   -1.261883
518.071000   -1.267152
518.072000   -1.270382
518.073000   -1.271708
518.074000   -1.271670
518.075000   -1.270797
518.076000   -1.269387
518.077000   -1.267507
518.078000   -1.265041
518.079000   -1.261724
518.080000   -1.257178
518.081000   -1.251050
518.082000   -1.243288
518.083000   -1.234280
518.084000   -1.224650
518.085000   -1.214977
518.086000   -1.205707
518.087000   -1.197168
518.088000   -1.189594
518.089000   -1.183121
518.090000   -1.177798
518.091000   -1.173671
518.092000   -1.170858
518.093000   -1.169464
518.094000   -1.169413
518.095000   -1.170413
518.096000   -1.172065
518.097000   -1.173956
518.098000   -1.175688
518.099000   -1.176882
518.100000   -1.177229
518.101000   -1.176626
518.102000   -1.175241
518.103000   -1.173370
518.104000   -1.171298
518.105000   -1.169273
518.106000   -1.167521
518.107000   -1.166215
518.108000   -1.165442
518.109000   -1.165225
518.110000   -1.165683
518.111000   -1.167181
518.112000   -1.170214
518.113000   -1.175139
518.114000   -1.182041
518.115000   -1.190748
518.116000   -1.200902
518.117000   -1.212019
518.118000   -1.223564
518.119000   -1.235100
518.120000   -1.246483
518.121000   -1.257877
518.122000   -1.269478
518.123000   -1.281243
518.124000   -1.292877
518.125000   -1.303971
518.126000   -1.314110
518.127000   -1.322925
518.128000   -1.330191
518.129000   -1.335969
518.130000   -1.340633
518.131000   -1.344566
518.132000   -1.347816
518.133000   -1.350108
518.134000   -1.351073
518.135000   -1.350386
518.136000   -1.347819
518.137000   -1.343286
518.138000   -1.336982
518.139000   -1.329491
518.140000   -1.321622
518.141000   -1.314036
518.142000   -1.307059
518.143000   -1.300776
518.144000   -1.295148
518.145000   -1.290055
518.146000   -1.285339
518.147000   -1.280919
518.148000   -1.276966
518.149000   -1.273921
518.150000   -1.272216
518.151000   -1.271951
518.152000   -1.272863
518.153000   -1.274488
518.154000   -1.276275
518.155000   -1.277657
518.156000   -1.278130
518.157000   -1.277377
518.158000   -1.275337
518.159000   -1.272094
518.160000   -1.267643
518.161000   -1.261798
518.162000   -1.254300
518.163000   -1.244935
518.164000   -1.233578
518.165000   -1.220219
518.166000   -1.204980
518.167000   -1.188142
518.168000   -1.170101
518.169000   -1.151272
518.170000   -1.131995
518.171000   -1.112560
518.172000   -1.093237
518.173000   -1.074301
518.174000   -1.056029
518.175000   -1.038718
518.176000   -1.022707
518.177000   -1.008374
518.178000   -0.996086
518.179000   -0.986114
518.180000   -0.978567
518.181000   -0.973405
518.182000   -0.970467
518.183000   -0.969514
518.184000   -0.970255
518.185000   -0.972384
518.186000   -0.975590
518.187000   -0.979544
518.188000   -0.983867
518.189000   -0.988094
518.190000   -0.991698
518.191000   -0.994181
518.192000   -0.995176
518.193000   -0.994495
518.194000   -0.992171
518.195000   -0.988472
518.196000   -0.983902
518.197000   -0.979109
518.198000   -0.974638
518.199000   -0.970730
518.200000   -0.967413
518.201000   -0.964689
518.202000   -0.962618
518.203000   -0.961339
518.204000   -0.961088
518.205000   -0.962223
518.206000   -0.965151
518.207000   -0.970049
518.208000   -0.976591
518.209000   -0.984127
518.210000   -0.992049
518.211000   -0.999957
518.212000   -1.007662
518.213000   -1.015147
518.214000   -1.022536
518.215000   -1.030029
518.216000   -1.037757
518.217000   -1.045575
518.218000   -1.053073
518.219000   -1.059826
518.220000   -1.065557
518.221000   -1.070160
518.222000   -1.073639
518.223000   -1.076050
518.224000   -1.077448
518.225000   -1.077826
518.226000   -1.077068
518.227000   -1.075007
518.228000   -1.071597
518.229000   -1.067005
518.230000   -1.061589
518.231000   -1.055806
518.232000   -1.050092
518.233000   -1.044752
518.234000   -1.039875
518.235000   -1.035387
518.236000   -1.031272
518.237000   -1.027711
518.238000   -1.024989
518.239000   -1.023367
518.240000   -1.023005
518.241000   -1.023885
518.242000   -1.025747
518.243000   -1.028059
518.244000   -1.030145
518.245000   -1.031501
518.246000   -1.032010
518.247000   -1.031797
518.248000   -1.031055
518.249000   -1.029984
518.250000   -1.028767
518.251000   -1.027510
518.252000   -1.026216
518.253000   -1.024813
518.254000   -1.023276
518.255000   -1.021710
518.256000   -1.020246
518.257000   -1.018944
518.258000   -1.017815
518.259000   -1.016850
518.260000   -1.016020
518.261000   -1.015295
518.262000   -1.014663
518.263000   -1.014135
518.264000   -1.013667
518.265000   -1.013082
518.266000   -1.012178
518.267000   -1.010901
518.268000   -1.009413
518.269000   -1.008040
518.270000   -1.007206
518.271000   -1.007356
518.272000   -1.008798
518.273000   -1.011442
518.274000   -1.014729
518.275000   -1.017939
518.276000   -1.020573
518.277000   -1.022462
518.278000   -1.023640
518.279000   -1.024220
518.280000   -1.024324
518.281000   -1.023990
518.282000   -1.023093
518.283000   -1.021396
518.284000   -1.018794
518.285000   -1.015610
518.286000   -1.012630
518.287000   -1.010827
518.288000   -1.011070
518.289000   -1.013964
518.290000   -1.019771
518.291000   -1.028415
518.292000   -1.039569
518.293000   -1.052810
518.294000   -1.067843
518.295000   -1.084639
518.296000   -1.103290
518.297000   -1.123731
518.298000   -1.145627
518.299000   -1.168388
518.300000   -1.191267
518.301000   -1.213486
518.302000   -1.234348
518.303000   -1.253338
518.304000   -1.270240
518.305000   -1.285088
518.306000   -1.297954
518.307000   -1.308824
518.308000   -1.317583
518.309000   -1.324059
518.310000   -1.328097
518.311000   -1.329609
518.312000   -1.328609
518.313000   -1.325286
518.314000   -1.320006
518.315000   -1.313173
518.316000   -1.305105
518.317000   -1.295997
518.318000   -1.285951
518.319000   -1.275032
518.320000   -1.263292
518.321000   -1.250785
518.322000   -1.237712
518.323000   -1.224559
518.324000   -1.211930
518.325000   -1.200281
518.326000   -1.189815
518.327000   -1.180502
518.328000   -1.172127
518.329000   -1.164287
518.330000   -1.156417
518.331000   -1.148023
518.332000   -1.139094
518.333000   -1.130066
518.334000   -1.121417
518.335000   -1.113421
518.336000   -1.106153
518.337000   -1.099531
518.338000   -1.093296
518.339000   -1.086966
518.340000   -1.079991
518.341000   -1.072229
518.342000   -1.064220
518.343000   -1.056792
518.344000   -1.050587
518.345000   -1.045927
518.346000   -1.042813
518.347000   -1.040934
518.348000   -1.039655
518.349000   -1.038144
518.350000   -1.035804
518.351000   -1.032718
518.352000   -1.029450
518.353000   -1.026552
518.354000   -1.024345
518.355000   -1.022931
518.356000   -1.022218
518.357000   -1.021919
518.358000   -1.021575
518.359000   -1.020785
518.360000   -1.019622
518.361000   -1.018653
518.362000   -1.018491
518.363000   -1.019488
518.364000   -1.021709
518.365000   -1.024981
518.366000   -1.028907
518.367000   -1.032859
518.368000   -1.036091
518.369000   -1.038087
518.370000   -1.038852
518.371000   -1.038718
518.372000   -1.037999
518.373000   -1.036881
518.374000   -1.035454
518.375000   -1.033722
518.376000   -1.031572
518.377000   -1.028776
518.378000   -1.025154
518.379000   -1.020801
518.380000   -1.016071
518.381000   -1.011329
518.382000   -1.006800
518.383000   -1.002574
518.384000   -0.998610
518.385000   -0.994725
518.386000   -0.990586
518.387000   -0.985795
518.388000   -0.980117
518.389000   -0.973624
518.390000   -0.966555
518.391000   -0.959163
518.392000   -0.951670
518.393000   -0.944255
518.394000   -0.937004
518.395000   -0.929849
518.396000   -0.922605
518.397000   -0.915214
518.398000   -0.908016
518.399000   -0.901637
518.400000   -0.896700
518.401000   -0.893669
518.402000   -0.892804
518.403000   -0.894104
518.404000   -0.897262
518.405000   -0.901700
518.406000   -0.906817
518.407000   -0.912385
518.408000   -0.918649
518.409000   -0.926016
518.410000   -0.934771
518.411000   -0.944982
518.412000   -0.956474
518.413000   -0.968833
518.414000   -0.981440
518.415000   -0.993642
518.416000   -1.005076
518.417000   -1.015855
518.418000   -1.026356
518.419000   -1.036886
518.420000   -1.047516
518.421000   -1.058075
518.422000   -1.068226
518.423000   -1.077524
518.424000   -1.085518
518.425000   -1.091984
518.426000   -1.097227
518.427000   -1.102049
518.428000   -1.107376
518.429000   -1.113882
518.430000   -1.121842
518.431000   -1.131184
518.432000   -1.141594
518.433000   -1.152608
518.434000   -1.163811
518.435000   -1.175156
518.436000   -1.187074
518.437000   -1.200138
518.438000   -1.214627
518.439000   -1.230322
518.440000   -1.246606
518.441000   -1.262652
518.442000   -1.277572
518.443000   -1.290570
518.444000   -1.301176
518.445000   -1.309429
518.446000   -1.315745
518.447000   -1.320561
518.448000   -1.324039
518.449000   -1.326053
518.450000   -1.326330
518.451000   -1.324568
518.452000   -1.320519
518.453000   -1.314122
518.454000   -1.305635
518.455000   -1.295582
518.456000   -1.284507
518.457000   -1.272771
518.458000   -1.260556
518.459000   -1.247957
518.460000   -1.235047
518.461000   -1.221903
518.462000   -1.208670
518.463000   -1.195672
518.464000   -1.183442
518.465000   -1.172606
518.466000   -1.163748
518.467000   -1.157351
518.468000   -1.153726
518.469000   -1.152931
518.470000   -1.154744
518.471000   -1.158739
518.472000   -1.164433
518.473000   -1.171434
518.474000   -1.179462
518.475000   -1.188267
518.476000   -1.197523
518.477000   -1.206751
518.478000   -1.215331
518.479000   -1.222616
518.480000   -1.228049
518.481000   -1.231307
518.482000   -1.232450
518.483000   -1.231951
518.484000   -1.230533
518.485000   -1.228854
518.486000   -1.227254
518.487000   -1.225780
518.488000   -1.224360
518.489000   -1.222908
518.490000   -1.221408
518.491000   -1.219999
518.492000   -1.218962
518.493000   -1.218589
518.494000   -1.219032
518.495000   -1.220258
518.496000   -1.222123
518.497000   -1.224439
518.498000   -1.227015
518.499000   -1.229707
518.500000   -1.232501
518.501000   -1.235545
518.501000   -1.235545
518.502000   -1.239087
518.503000   -1.243371
518.504000   -1.248532
518.505000   -1.254503
518.506000   -1.260990
518.507000   -1.267543
518.508000   -1.273660
518.509000   -1.278922
518.510000   -1.283079
518.511000   -1.286044
518.512000   -1.287795
518.513000   -1.288249
518.514000   -1.287191
518.515000   -1.284365
518.516000   -1.279616
518.517000   -1.272966
518.518000   -1.264650
518.519000   -1.255093
518.520000   -1.244841
518.521000   -1.234439
518.522000   -1.224335
518.523000   -1.214882
518.524000   -1.206380
518.525000   -1.199041
518.526000   -1.192979
518.527000   -1.188256
518.528000   -1.184924
518.529000   -1.183006
518.530000   -1.182426
518.531000   -1.183019
518.532000   -1.184631
518.533000   -1.187177
518.534000   -1.190523
518.535000   -1.194434
518.536000   -1.198662
518.537000   -1.203061
518.538000   -1.207604
518.539000   -1.212322
518.540000   -1.217228
518.541000   -1.222267
518.542000   -1.227206
518.543000   -1.231535
518.544000   -1.234574
518.545000   -1.235706
518.546000   -1.234588
518.547000   -1.231213
518.548000   -1.225847
518.549000   -1.218932
518.550000   -1.210928
518.551000   -1.202065
518.552000   -1.192258
518.553000   -1.181320
518.554000   -1.169231
518.555000   -1.156281
518.556000   -1.143072
518.557000   -1.130388
518.558000   -1.119018
518.559000   -1.109558
518.560000   -1.102208
518.561000   -1.096710
518.562000   -1.092522
518.563000   -1.089067
518.564000   -1.085969
518.565000   -1.083146
518.566000   -1.080717
518.567000   -1.078852
518.568000   -1.077664
518.569000   -1.077158
518.570000   -1.077198
518.571000   -1.077516
518.572000   -1.077824
518.573000   -1.078005
518.574000   -1.078248
518.575000   -1.078978
518.576000   -1.080684
518.577000   -1.083790
518.578000   -1.088527
518.579000   -1.094748
518.580000   -1.101838
518.581000   -1.108938
518.582000   -1.115319
518.583000   -1.120634
518.584000   -1.124915
518.585000   -1.128418
518.586000   -1.131499
518.587000   -1.134461
518.588000   -1.137309
518.589000   -1.139611
518.590000   -1.140737
518.591000   -1.140251
518.592000   -1.138157
518.593000   -1.134866
518.594000   -1.130973
518.595000   -1.127051
518.596000   -1.123483
518.597000   -1.120328
518.598000   -1.117271
518.599000   -1.113749
518.600000   -1.109229
518.601000   -1.103499
518.602000   -1.096748
518.603000   -1.089376
518.604000   -1.081753
518.605000   -1.074113
518.606000   -1.066530
518.607000   -1.058921
518.608000   -1.051058
518.609000   -1.042634
518.610000   -1.033483
518.611000   -1.023774
518.612000   -1.013894
518.613000   -1.004217
518.614000   -0.994969
518.615000   -0.986217
518.616000   -0.977853
518.617000   -0.969562
518.618000   -0.960873
518.619000   -0.951381
518.620000   -0.941023
518.621000   -0.930112
518.622000   -0.919111
518.623000   -0.908453
518.624000   -0.898482
518.625000   -0.889430
518.626000   -0.881404
518.627000   -0.874386
518.628000   -0.868318
518.629000   -0.863300
518.630000   -0.859729
518.631000   -0.858122
518.632000   -0.858852
518.633000   -0.862038
518.634000   -0.867557
518.635000   -0.875087
518.636000   -0.884136
518.637000   -0.894047
518.638000   -0.904172
518.639000   -0.914240
518.640000   -0.924453
518.641000   -0.935153
518.642000   -0.946549
518.643000   -0.958665
518.644000   -0.971344
518.645000   -0.984197
518.646000   -0.996546
518.647000   -1.007613
518.648000   -1.017051
518.649000   -1.025211
518.650000   -1.032741
518.651000   -1.040133
518.652000   -1.047608
518.653000   -1.055125
518.654000   -1.062358
518.655000   -1.068673
518.656000   -1.073240
518.657000   -1.075468
518.658000   -1.075474
518.659000   -1.073941
518.660000   -1.071615
518.661000   -1.069050
518.662000   -1.066560
518.663000   -1.064186
518.664000   -1.061637
518.665000   -1.058337
518.666000   -1.053788
518.667000   -1.048117
518.668000   -1.042070
518.669000   -1.036465
518.670000   -1.031861
518.671000   -1.028512
518.672000   -1.026403
518.673000   -1.025266
518.674000   -1.024600
518.675000   -1.023855
518.676000   -1.022859
518.677000   -1.022025
518.678000   -1.021967
518.679000   -1.023112
518.680000   -1.025625
518.681000   -1.029479
518.682000   -1.034513
518.683000   -1.040429
518.684000   -1.046818
518.685000   -1.053367
518.686000   -1.060153
518.687000   -1.067517
518.688000   -1.075703
518.689000   -1.084735
518.690000   -1.094484
518.691000   -1.104742
518.692000   -1.115244
518.693000   -1.125646
518.694000   -1.135587
518.695000   -1.144895
518.696000   -1.153707
518.697000   -1.162290
518.698000   -1.170861
518.699000   -1.179562
518.700000   -1.188449
518.701000   -1.197463
518.702000   -1.206349
518.703000   -1.214649
518.704000   -1.221903
518.705000   -1.227945
518.706000   -1.232857
518.707000   -1.236718
518.708000   -1.239505
518.709000   -1.241115
518.710000   -1.241375
518.711000   -1.240014
518.712000   -1.236646
518.713000   -1.230982
518.714000   -1.223304
518.715000   -1.214589
518.716000   -1.206045
518.717000   -1.198688
518.718000   -1.193206
518.719000   -1.189925
518.720000   -1.188762
518.721000   -1.189161
518.722000   -1.190208
518.723000   -1.191220
518.724000   -1.192371
518.725000   -1.194397
518.726000   -1.197877
518.727000   -1.202944
518.728000   -1.209346
518.729000   -1.216527
518.730000   -1.223660
518.731000   -1.229696
518.732000   -1.233746
518.733000   -1.235755
518.734000   -1.236640
518.735000   -1.237607
518.736000   -1.239560
518.737000   -1.242943
518.738000   -1.247778
518.739000   -1.253693
518.740000   -1.259948
518.741000   -1.265643
518.742000   -1.270269
518.743000   -1.274085
518.744000   -1.277725
518.745000   -1.281590
518.746000   -1.285668
518.747000   -1.289649
518.748000   -1.293036
518.749000   -1.295197
518.750000   -1.295469
518.751000   -1.293485
518.752000   -1.289546
518.753000   -1.284466
518.754000   -1.279071
518.755000   -1.273929
518.756000   -1.269323
518.757000   -1.265263
518.758000   -1.261467
518.759000   -1.257407
518.760000   -1.252527
518.761000   -1.246586
518.762000   -1.239716
518.763000   -1.232150
518.764000   -1.224057
518.765000   -1.215517
518.766000   -1.206484
518.767000   -1.196756
518.768000   -1.186006
518.769000   -1.173906
518.770000   -1.160381
518.771000   -1.145782
518.772000   -1.130763
518.773000   -1.116015
518.774000   -1.102046
518.775000   -1.089054
518.776000   -1.076931
518.777000   -1.065345
518.778000   -1.053878
518.779000   -1.042279
518.780000   -1.030706
518.781000   -1.019686
518.782000   -1.009779
518.783000   -1.001224
518.784000   -0.993876
518.785000   -0.987383
518.786000   -0.981347
518.787000   -0.975428
518.788000   -0.969469
518.789000   -0.963674
518.790000   -0.958622
518.791000   -0.954990
518.792000   -0.953120
518.793000   -0.952830
518.794000   -0.953611
518.795000   -0.954855
518.796000   -0.955978
518.797000   -0.956551
518.798000   -0.956489
518.799000   -0.956121
518.800000   -0.956039
518.801000   -0.956788
518.802000   -0.958638
518.803000   -0.961593
518.804000   -0.965529
518.805000   -0.970288
518.806000   -0.975772
518.807000   -0.982050
518.808000   -0.989425
518.809000   -0.998332
518.810000   -1.009132
518.811000   -1.021857
518.812000   -1.036077
518.813000   -1.051023
518.814000   -1.065814
518.815000   -1.079647
518.816000   -1.091942
518.817000   -1.102432
518.818000   -1.111137
518.819000   -1.118259
518.820000   -1.123989
518.821000   -1.128283
518.822000   -1.130855
518.823000   -1.131407
518.824000   -1.129803
518.825000   -1.126168
518.826000   -1.120897
518.827000   -1.114573
518.828000   -1.107825
518.829000   -1.101169
518.830000   -1.094813
518.831000   -1.088591
518.832000   -1.082125
518.833000   -1.075050
518.834000   -1.067214
518.835000   -1.058773
518.836000   -1.050113
518.837000   -1.041677
518.838000   -1.033826
518.839000   -1.026762
518.840000   -1.020545
518.841000   -1.015140
518.842000   -1.010482
518.843000   -1.006606
518.844000   -1.003765
518.845000   -1.002330
518.846000   -1.002592
518.847000   -1.004626
518.848000   -1.008254
518.849000   -1.013079
518.850000   -1.018517
518.851000   -1.023841
518.852000   -1.028395
518.853000   -1.031844
518.854000   -1.034194
518.855000   -1.035613
518.856000   -1.036292
518.857000   -1.036398
518.858000   -1.036027
518.859000   -1.035083
518.860000   -1.033261
518.861000   -1.030301
518.862000   -1.026345
518.863000   -1.021979
518.864000   -1.017961
518.865000   -1.014971
518.866000   -1.013487
518.867000   -1.013717
518.868000   -1.015504
518.869000   -1.018338
518.870000   -1.021624
518.871000   -1.025080
518.872000   -1.028892
518.873000   -1.033458
518.874000   -1.039085
518.875000   -1.045857
518.876000   -1.053595
518.877000   -1.061849
518.878000   -1.069909
518.879000   -1.076967
518.880000   -1.082503
518.881000   -1.086582
518.882000   -1.089653
518.883000   -1.092163
518.884000   -1.094364
518.885000   -1.096286
518.886000   -1.097728
518.887000   -1.098259
518.888000   -1.097295
518.889000   -1.094436
518.890000   -1.089917
518.891000   -1.084555
518.892000   -1.079295
518.893000   -1.074949
518.894000   -1.072126
518.895000   -1.071191
518.896000   -1.072162
518.897000   -1.074631
518.898000   -1.077996
518.899000   -1.082023
518.900000   -1.087058
518.901000   -1.093584
518.902000   -1.101867
518.903000   -1.111898
518.904000   -1.123385
518.905000   -1.135708
518.906000   -1.147860
518.907000   -1.158612
518.908000   -1.167097
518.909000   -1.173273
518.910000   -1.177587
518.911000   -1.180465
518.912000   -1.182172
518.913000   -1.182819
518.914000   -1.182345
518.915000   -1.180477
518.916000   -1.176757
518.917000   -1.170931
518.918000   -1.163535
518.919000   -1.155701
518.920000   -1.148443
518.921000   -1.142342
518.922000   -1.137578
518.923000   -1.134032
518.924000   -1.131354
518.925000   -1.128964
518.926000   -1.126178
518.927000   -1.122738
518.928000   -1.119161
518.929000   -1.116217
518.930000   -1.114389
518.931000   -1.113813
518.932000   -1.114380
518.933000   -1.115804
518.934000   -1.117570
518.935000   -1.118915
518.936000   -1.119200
518.937000   -1.118495
518.938000   -1.117360
518.939000   -1.116204
518.940000   -1.115086
518.941000   -1.113807
518.942000   -1.111999
518.943000   -1.109140
518.944000   -1.104544
518.945000   -1.097590
518.946000   -1.088295
518.947000   -1.077430
518.948000   -1.065939
518.949000   -1.054561
518.950000   -1.043790
518.951000   -1.033890
518.952000   -1.024855
518.953000   -1.016326
518.954000   -1.007713
518.955000   -0.998836
518.956000   -0.990386
518.957000   -0.983343
518.958000   -0.978370
518.959000   -0.975716
518.960000   -0.975300
518.961000   -0.976744
518.962000   -0.979320
518.963000   -0.981985
518.964000   -0.983877
518.965000   -0.985067
518.966000   -0.986360
518.967000   -0.988520
518.968000   -0.991968
518.969000   -0.996823
518.970000   -1.002942
518.971000   -1.009878
518.972000   -1.016814
518.973000   -1.022728
518.974000   -1.027056
518.975000   -1.030117
518.976000   -1.032542
518.977000   -1.034733
518.978000   -1.036821
518.979000   -1.038784
518.980000   -1.040492
518.981000   -1.041690
518.982000   -1.041992
518.983000   -1.041173
518.984000   -1.039623
518.985000   -1.038196
518.986000   -1.037690
518.987000   -1.038656
518.988000   -1.041432
518.989000   -1.046169
518.990000   -1.052757
518.991000   -1.060725
518.992000   -1.069319
518.993000   -1.077988
518.994000   -1.086711
518.995000   -1.095628
518.996000   -1.104704
518.997000   -1.113766
518.998000   -1.122585
518.999000   -1.130851
519.000000   -1.138094
519.001000   -1.143686
519.001000   -1.143686
519.002000   -1.147176
519.003000   -1.148784
519.004000   -1.149273
519.005000   -1.149471
519.006000   -1.150052
519.007000   -1.151472
519.008000   -1.153914
519.009000   -1.157217
519.010000   -1.160866
519.011000   -1.164197
519.012000   -1.166994
519.013000   -1.169792
519.014000   -1.173390
519.015000   -1.178287
519.016000   -1.184504
519.017000   -1.191679
519.018000   -1.199204
519.019000   -1.206294
519.020000   -1.212176
519.021000   -1.216622
519.022000   -1.220345
519.023000   -1.224547
519.024000   -1.230150
519.025000   -1.237404
519.026000   -1.245980
519.027000   -1.255193
519.028000   -1.264137
519.029000   -1.271789
519.030000   -1.277379
519.031000   -1.280918
519.032000   -1.283197
519.033000   -1.285195
519.034000   -1.287534
519.035000   -1.290300
519.036000   -1.293159
519.037000   -1.295514
519.038000   -1.296599
519.039000   -1.295701
519.040000   -1.292678
519.041000   -1.288301
519.042000   -1.283829
519.043000   -1.280335
519.044000   -1.278261
519.045000   -1.277373
519.046000   -1.277010
519.047000   -1.276321
519.048000   -1.274462
519.049000   -1.270919
519.050000   -1.265819
519.051000   -1.259807
519.052000   -1.253605
519.053000   -1.247674
519.054000   -1.242074
519.055000   -1.236580
519.056000   -1.230857
519.057000   -1.224566
519.058000   -1.217504
519.059000   -1.209798
519.060000   -1.201924
519.061000   -1.194462
519.062000   -1.187866
519.063000   -1.182295
519.064000   -1.177587
519.065000   -1.173368
519.066000   -1.169160
519.067000   -1.164507
519.068000   -1.159211
519.069000   -1.153514
519.070000   -1.147991
519.071000   -1.143293
519.072000   -1.139924
519.073000   -1.138022
519.074000   -1.137324
519.075000   -1.137309
519.076000   -1.137398
519.077000   -1.137246
519.078000   -1.136965
519.079000   -1.137003
519.080000   -1.137873
519.081000   -1.139976
519.082000   -1.143382
519.083000   -1.147648
519.084000   -1.151958
519.085000   -1.155433
519.086000   -1.157440
519.087000   -1.157864
519.088000   -1.157167
519.089000   -1.156161
519.090000   -1.155791
519.091000   -1.156902
519.092000   -1.159778
519.093000   -1.163926
519.094000   -1.168457
519.095000   -1.172573
519.096000   -1.175963
519.097000   -1.178904
519.098000   -1.181980
519.099000   -1.185793
519.100000   -1.190799
519.101000   -1.197035
519.102000   -1.203925
519.103000   -1.210510
519.104000   -1.215845
519.105000   -1.219355
519.106000   -1.221063
519.107000   -1.221448
519.108000   -1.221126
519.109000   -1.220668
519.110000   -1.220458
519.111000   -1.220492
519.112000   -1.220300
519.113000   -1.219135
519.114000   -1.216377
519.115000   -1.212039
519.116000   -1.206746
519.117000   -1.201245
519.118000   -1.196123
519.119000   -1.191752
519.120000   -1.188242
519.121000   -1.185358
519.122000   -1.182515
519.123000   -1.179000
519.124000   -1.174404
519.125000   -1.168930
519.126000   -1.163179
519.127000   -1.157803
519.128000   -1.153396
519.129000   -1.150436
519.130000   -1.149085
519.131000   -1.148972
519.132000   -1.149278
519.133000   -1.149205
519.134000   -1.148595
519.135000   -1.147941
519.136000   -1.147864
519.137000   -1.148838
519.138000   -1.151140
519.139000   -1.154742
519.140000   -1.159149
519.141000   -1.163394
519.142000   -1.166338
519.143000   -1.167336
519.144000   -1.166700
519.145000   -1.165282
519.146000   -1.163921
519.147000   -1.163268
519.148000   -1.163717
519.149000   -1.165216
519.150000   -1.167087
519.151000   -1.168101
519.152000   -1.167073
519.153000   -1.163862
519.154000   -1.159428
519.155000   -1.154929
519.156000   -1.151231
519.157000   -1.148841
519.158000   -1.147822
519.159000   -1.147708
519.160000   -1.147552
519.161000   -1.146240
519.162000   -1.143220
519.163000   -1.139011
519.164000   -1.134656
519.165000   -1.131062
519.166000   -1.128811
519.167000   -1.128082
519.168000   -1.128538
519.169000   -1.129342
519.170000   -1.129347
519.171000   -1.127620
519.172000   -1.124160
519.173000   -1.119694
519.174000   -1.114903
519.175000   -1.110114
519.176000   -1.105323
519.177000   -1.100282
519.178000   -1.094592
519.179000   -1.087732
519.180000   -1.079254
519.181000   -1.069275
519.182000   -1.058594
519.183000   -1.048144
519.184000   -1.038616
519.185000   -1.030447
519.186000   -1.023927
519.187000   -1.019179
519.188000   -1.016036
519.189000   -1.014010
519.190000   -1.012617
519.191000   -1.011864
519.192000   -1.012079
519.193000   -1.013440
519.194000   -1.015921
519.195000   -1.019399
519.196000   -1.023656
519.197000   -1.028296
519.198000   -1.032733
519.199000   -1.036366
519.200000   -1.038955
519.201000   -1.040734
519.202000   -1.042101
519.203000   -1.043395
519.204000   -1.044811
519.205000   -1.046349
519.206000   -1.047804
519.207000   -1.048771
519.208000   -1.048703
519.209000   -1.047262
519.210000   -1.044673
519.211000   -1.041512
519.212000   -1.038294
519.213000   -1.035292
519.214000   -1.032523
519.215000   -1.029809
519.216000   -1.026779
519.217000   -1.022897
519.218000   -1.017812
519.219000   -1.011924
519.220000   -1.006282
519.221000   -1.001953
519.222000   -0.999673
519.223000   -0.999771
519.224000   -1.002173
519.225000   -1.006382
519.226000   -1.011435
519.227000   -1.016119
519.228000   -1.019719
519.229000   -1.022585
519.230000   -1.025606
519.231000   -1.029485
519.232000   -1.034503
519.233000   -1.040548
519.234000   -1.047212
519.235000   -1.053844
519.236000   -1.059671
519.237000   -1.064184
519.238000   -1.067582
519.239000   -1.070596
519.240000   -1.073931
519.241000   -1.077963
519.242000   -1.082725
519.243000   -1.087976
519.244000   -1.093256
519.245000   -1.097950
519.246000   -1.101503
519.247000   -1.103805
519.248000   -1.105246
519.249000   -1.106319
519.250000   -1.107299
519.251000   -1.108215
519.252000   -1.108930
519.253000   -1.109161
519.254000   -1.108474
519.255000   -1.106472
519.256000   -1.103175
519.257000   -1.099086
519.258000   -1.094747
519.259000   -1.090429
519.260000   -1.086218
519.261000   -1.082147
519.262000   -1.078087
519.263000   -1.073622
519.264000   -1.068168
519.265000   -1.061367
519.266000   -1.053426
519.267000   -1.044907
519.268000   -1.036358
519.269000   -1.028243
519.270000   -1.020978
519.271000   -1.014794
519.272000   -1.009599
519.273000   -1.005067
519.274000   -1.000989
519.275000   -0.997610
519.276000   -0.995482
519.277000   -0.995102
519.278000   -0.996724
519.279000   -1.000255
519.280000   -1.005191
519.281000   -1.010696
519.282000   -1.015790
519.283000   -1.019660
519.284000   -1.022070
519.285000   -1.023412
519.286000   -1.024359
519.287000   -1.025547
519.288000   -1.027356
519.289000   -1.029776
519.290000   -1.032459
519.291000   -1.034838
519.292000   -1.036452
519.293000   -1.037485
519.294000   -1.038816
519.295000   -1.041428
519.296000   -1.045969
519.297000   -1.052666
519.298000   -1.061402
519.299000   -1.071758
519.300000   -1.082975
519.301000   -1.094073
519.302000   -1.104344
519.303000   -1.113818
519.304000   -1.123019
519.305000   -1.132437
519.306000   -1.142318
519.307000   -1.152654
519.308000   -1.163154
519.309000   -1.173212
519.310000   -1.182003
519.311000   -1.188854
519.312000   -1.193710
519.313000   -1.196994
519.314000   -1.199076
519.315000   -1.200031
519.316000   -1.199664
519.317000   -1.197615
519.318000   -1.193457
519.319000   -1.186761
519.320000   -1.177259
519.321000   -1.165142
519.322000   -1.151088
519.323000   -1.135915
519.324000   -1.120297
519.325000   -1.104741
519.326000   -1.089643
519.327000   -1.075270
519.328000   -1.061657
519.329000   -1.048668
519.330000   -1.036439
519.331000   -1.025681
519.332000   -1.017276
519.333000   -1.011791
519.334000   -1.009433
519.335000   -1.010232
519.336000   -1.014090
519.337000   -1.020622
519.338000   -1.029088
519.339000   -1.038705
519.340000   -1.049164
519.341000   -1.060603
519.342000   -1.073127
519.343000   -1.086592
519.344000   -1.100663
519.345000   -1.114840
519.346000   -1.128393
519.347000   -1.140362
519.348000   -1.149817
519.349000   -1.156405
519.350000   -1.160525
519.351000   -1.162838
519.352000   -1.163851
519.353000   -1.163811
519.354000   -1.162694
519.355000   -1.160283
519.356000   -1.156246
519.357000   -1.150301
519.358000   -1.142620
519.359000   -1.134045
519.360000   -1.125678
519.361000   -1.118397
519.362000   -1.112709
519.363000   -1.108794
519.364000   -1.106561
519.365000   -1.105591
519.366000   -1.105159
519.367000   -1.104603
519.368000   -1.103847
519.369000   -1.103248
519.370000   -1.103029
519.371000   -1.103097
519.372000   -1.103256
519.373000   -1.103346
519.374000   -1.103109
519.375000   -1.102049
519.376000   -1.099587
519.377000   -1.095483
519.378000   -1.089997
519.379000   -1.083568
519.380000   -1.076550
519.381000   -1.069259
519.382000   -1.061999
519.383000   -1.054946
519.384000   -1.048062
519.385000   -1.041172
519.386000   -1.034229
519.387000   -1.027552
519.388000   -1.021689
519.389000   -1.017140
519.390000   -1.014226
519.391000   -1.013041
519.392000   -1.013488
519.393000   -1.015371
519.394000   -1.018444
519.395000   -1.022509
519.396000   -1.027499
519.397000   -1.033441
519.398000   -1.040349
519.399000   -1.048158
519.400000   -1.056761
519.401000   -1.066110
519.402000   -1.076137
519.403000   -1.086613
519.404000   -1.097187
519.405000   -1.107606
519.406000   -1.117799
519.407000   -1.127692
519.408000   -1.137076
519.409000   -1.145668
519.410000   -1.153251
519.411000   -1.159652
519.412000   -1.164591
519.413000   -1.167764
519.414000   -1.169193
519.415000   -1.169350
519.416000   -1.168862
519.417000   -1.168233
519.418000   -1.167792
519.419000   -1.167733
519.420000   -1.168110
519.421000   -1.168769
519.422000   -1.169391
519.423000   -1.169740
519.424000   -1.169899
519.425000   -1.170143
519.426000   -1.170685
519.427000   -1.171598
519.428000   -1.172812
519.429000   -1.174084
519.430000   -1.174957
519.431000   -1.174810
519.432000   -1.173091
519.433000   -1.169669
519.434000   -1.164841
519.435000   -1.159021
519.436000   -1.152531
519.437000   -1.145532
519.438000   -1.138014
519.439000   -1.129858
519.440000   -1.120863
519.441000   -1.110824
519.442000   -1.099848
519.443000   -1.088538
519.444000   -1.077646
519.445000   -1.067724
519.446000   -1.059043
519.447000   -1.051693
519.448000   -1.045779
519.449000   -1.041446
519.450000   -1.038711
519.451000   -1.037529
519.452000   -1.038068
519.453000   -1.040612
519.454000   -1.045268
519.455000   -1.051898
519.456000   -1.060188
519.457000   -1.069736
519.458000   -1.080046
519.459000   -1.090482
519.460000   -1.100360
519.461000   -1.109216
519.462000   -1.116909
519.463000   -1.123431
519.464000   -1.128776
519.465000   -1.132935
519.466000   -1.135881
519.467000   -1.137539
519.468000   -1.137775
519.469000   -1.136449
519.470000   -1.133614
519.471000   -1.129682
519.472000   -1.125208
519.473000   -1.120633
519.474000   -1.116211
519.475000   -1.112020
519.476000   -1.108021
519.477000   -1.104098
519.478000   -1.100019
519.479000   -1.095547
519.480000   -1.090872
519.481000   -1.086628
519.482000   -1.083436
519.483000   -1.081649
519.484000   -1.081383
519.485000   -1.082582
519.486000   -1.085010
519.487000   -1.088137
519.488000   -1.091172
519.489000   -1.093686
519.490000   -1.096120
519.491000   -1.099154
519.492000   -1.103122
519.493000   -1.108001
519.494000   -1.113535
519.495000   -1.119300
519.496000   -1.124672
519.497000   -1.128767
519.498000   -1.130704
519.499000   -1.130325
519.500000   -1.128266
519.501000   -1.125247
519.501000   -1.125247
519.502000   -1.121762
519.503000   -1.118132
519.504000   -1.114556
519.505000   -1.111049
519.506000   -1.107274
519.507000   -1.102525
519.508000   -1.096409
519.509000   -1.089628
519.510000   -1.083339
519.511000   -1.078367
519.512000   -1.075139
519.513000   -1.073817
519.514000   -1.074339
519.515000   -1.076317
519.516000   -1.078894
519.517000   -1.081008
519.518000   -1.082411
519.519000   -1.083918
519.520000   -1.086412
519.521000   -1.090351
519.522000   -1.095856
519.523000   -1.102826
519.524000   -1.110901
519.525000   -1.119318
519.526000   -1.126879
519.527000   -1.132640
519.528000   -1.136807
519.529000   -1.140136
519.530000   -1.143062
519.531000   -1.145659
519.532000   -1.147825
519.533000   -1.149376
519.534000   -1.149994
519.535000   -1.149111
519.536000   -1.146105
519.537000   -1.141102
519.538000   -1.135124
519.539000   -1.129251
519.540000   -1.124228
519.541000   -1.120499
519.542000   -1.118260
519.543000   -1.117403
519.544000   -1.117355
519.545000   -1.117096
519.546000   -1.115955
519.547000   -1.114443
519.548000   -1.113531
519.549000   -1.113840
519.550000   -1.115599
519.551000   -1.118769
519.552000   -1.123058
519.553000   -1.127808
519.554000   -1.131919
519.555000   -1.134262
519.556000   -1.134706
519.557000   -1.134218
519.558000   -1.133907
519.559000   -1.134550
519.560000   -1.136543
519.561000   -1.139903
519.562000   -1.144225
519.563000   -1.148625
519.564000   -1.151882
519.565000   -1.153177
519.566000   -1.152821
519.567000   -1.151683
519.568000   -1.150380
519.569000   -1.149118
519.570000   -1.147818
519.571000   -1.146203
519.572000   -1.143795
519.573000   -1.139948
519.574000   -1.134184
519.575000   -1.126781
519.576000   -1.118644
519.577000   -1.110606
519.578000   -1.103131
519.579000   -1.096363
519.580000   -1.090191
519.581000   -1.084222
519.582000   -1.077744
519.583000   -1.069916
519.584000   -1.060356
519.585000   -1.049416
519.586000   -1.037707
519.587000   -1.025758
519.588000   -1.014007
519.589000   -1.002763
519.590000   -0.992124
519.591000   -0.981894
519.592000   -0.971618
519.593000   -0.960984
519.594000   -0.950376
519.595000   -0.940758
519.596000   -0.933097
519.597000   -0.928051
519.598000   -0.925859
519.599000   -0.926341
519.600000   -0.928922
519.601000   -0.932684
519.602000   -0.936630
519.603000   -0.940264
519.604000   -0.943849
519.605000   -0.947916
519.606000   -0.952729
519.607000   -0.958177
519.608000   -0.963917
519.609000   -0.969476
519.610000   -0.974262
519.611000   -0.977662
519.612000   -0.979402
519.613000   -0.979888
519.614000   -0.979968
519.615000   -0.980385
519.616000   -0.981560
519.617000   -0.983655
519.618000   -0.986582
519.619000   -0.989979
519.620000   -0.993247
519.621000   -0.995807
519.622000   -0.997519
519.623000   -0.998757
519.624000   -1.000005
519.625000   -1.001645
519.626000   -1.004065
519.627000   -1.007602
519.628000   -1.012350
519.629000   -1.018127
519.630000   -1.024633
519.631000   -1.031704
519.632000   -1.039439
519.633000   -1.048015
519.634000   -1.057489
519.635000   -1.067757
519.636000   -1.078456
519.637000   -1.088894
519.638000   -1.098167
519.639000   -1.105389
519.640000   -1.109977
519.641000   -1.111859
519.642000   -1.111417
519.643000   -1.109276
519.644000   -1.106040
519.645000   -1.101959
519.646000   -1.096915
519.647000   -1.090705
519.648000   -1.083269
519.649000   -1.074922
519.650000   -1.066447
519.651000   -1.058867
519.652000   -1.053129
519.653000   -1.049862
519.654000   -1.049255
519.655000   -1.051077
519.656000   -1.054769
519.657000   -1.059605
519.658000   -1.065000
519.659000   -1.070795
519.660000   -1.077204
519.661000   -1.084535
519.662000   -1.092991
519.663000   -1.102623
519.664000   -1.113211
519.665000   -1.124063
519.666000   -1.134105
519.667000   -1.142353
519.668000   -1.148365
519.669000   -1.152270
519.670000   -1.154435
519.671000   -1.155228
519.672000   -1.154974
519.673000   -1.153832
519.674000   -1.151462
519.675000   -1.146993
519.676000   -1.139542
519.677000   -1.128776
519.678000   -1.115108
519.679000   -1.099420
519.680000   -1.082721
519.681000   -1.065992
519.682000   -1.050073
519.683000   -1.035440
519.684000   -1.022000
519.685000   -1.009266
519.686000   -0.996904
519.687000   -0.985177
519.688000   -0.974733
519.689000   -0.966169
519.690000   -0.959843
519.691000   -0.955876
519.692000   -0.954128
519.693000   -0.954076
519.694000   -0.954768
519.695000   -0.955146
519.696000   -0.954655
519.697000   -0.953403
519.698000   -0.951765
519.699000   -0.950093
519.700000   -0.948688
519.701000   -0.947807
519.702000   -0.947507
519.703000   -0.947411
519.704000   -0.946811
519.705000   -0.945323
519.706000   -0.943338
519.707000   -0.941625
519.708000   -0.940854
519.709000   -0.941510
519.710000   -0.943923
519.711000   -0.948234
519.712000   -0.954269
519.713000   -0.961493
519.714000   -0.969344
519.715000   -0.977840
519.716000   -0.987569
519.717000   -0.999126
519.718000   -1.012812
519.719000   -1.028658
519.720000   -1.046463
519.721000   -1.065762
519.722000   -1.085716
519.723000   -1.105175
519.724000   -1.123326
519.725000   -1.140301
519.726000   -1.156644
519.727000   -1.172654
519.728000   -1.188295
519.729000   -1.203311
519.730000   -1.217292
519.731000   -1.229641
519.732000   -1.239523
519.733000   -1.246127
519.734000   -1.249393
519.735000   -1.250108
519.736000   -1.249188
519.737000   -1.247294
519.738000   -1.244856
519.739000   -1.242136
519.740000   -1.239200
519.741000   -1.235819
519.742000   -1.231425
519.743000   -1.225575
519.744000   -1.218617
519.745000   -1.211336
519.746000   -1.204287
519.747000   -1.197677
519.748000   -1.191487
519.749000   -1.185541
519.750000   -1.179487
519.751000   -1.172711
519.752000   -1.164462
519.753000   -1.154543
519.754000   -1.143643
519.755000   -1.132661
519.756000   -1.122220
519.757000   -1.112678
519.758000   -1.104210
519.759000   -1.096788
519.760000   -1.090067
519.761000   -1.083316
519.762000   -1.075810
519.763000   -1.067651
519.764000   -1.059621
519.765000   -1.052378
519.766000   -1.046260
519.767000   -1.041405
519.768000   -1.037840
519.769000   -1.035467
519.770000   -1.034008
519.771000   -1.033049
519.772000   -1.032429
519.773000   -1.032615
519.774000   -1.034303
519.775000   -1.037975
519.776000   -1.043845
519.777000   -1.051929
519.778000   -1.062074
519.779000   -1.073925
519.780000   -1.086866
519.781000   -1.100149
519.782000   -1.113404
519.783000   -1.126749
519.784000   -1.140269
519.785000   -1.153794
519.786000   -1.167002
519.787000   -1.179528
519.788000   -1.190990
519.789000   -1.200951
519.790000   -1.208934
519.791000   -1.214666
519.792000   -1.218419
519.793000   -1.220785
519.794000   -1.222302
519.795000   -1.223358
519.796000   -1.224217
519.797000   -1.225012
519.798000   -1.225698
519.799000   -1.225997
519.800000   -1.225502
519.801000   -1.224149
519.802000   -1.222419
519.803000   -1.220870
519.804000   -1.219801
519.805000   -1.219254
519.806000   -1.219104
519.807000   -1.219080
519.808000   -1.218757
519.809000   -1.217583
519.810000   -1.215188
519.811000   -1.211783
519.812000   -1.207918
519.813000   -1.203956
519.814000   -1.199952
519.815000   -1.195778
519.816000   -1.191211
519.817000   -1.185915
519.818000   -1.179386
519.819000   -1.171111
519.820000   -1.161136
519.821000   -1.150275
519.822000   -1.139472
519.823000   -1.129333
519.824000   -1.120171
519.825000   -1.112130
519.826000   -1.105184
519.827000   -1.099081
519.828000   -1.093382
519.829000   -1.087856
519.830000   -1.082946
519.831000   -1.079483
519.832000   -1.078013
519.833000   -1.078625
519.834000   -1.081113
519.835000   -1.085094
519.836000   -1.090038
519.837000   -1.095275
519.838000   -1.100200
519.839000   -1.104724
519.840000   -1.109349
519.841000   -1.114505
519.842000   -1.120166
519.843000   -1.126038
519.844000   -1.131757
519.845000   -1.136937
519.846000   -1.141153
519.847000   -1.143990
519.848000   -1.145276
519.849000   -1.145297
519.850000   -1.144526
519.851000   -1.143229
519.852000   -1.141467
519.853000   -1.139222
519.854000   -1.136444
519.855000   -1.133024
519.856000   -1.128769
519.857000   -1.123489
519.858000   -1.117234
519.859000   -1.110424
519.860000   -1.103732
519.861000   -1.097933
519.862000   -1.093671
519.863000   -1.091302
519.864000   -1.090872
519.865000   -1.092153
519.866000   -1.094706
519.867000   -1.098014
519.868000   -1.101634
519.869000   -1.105308
519.870000   -1.109043
519.871000   -1.112939
519.872000   -1.116864
519.873000   -1.120431
519.874000   -1.123120
519.875000   -1.124376
519.876000   -1.123715
519.877000   -1.120855
519.878000   -1.115829
519.879000   -1.108978
519.880000   -1.100747
519.881000   -1.091480
519.882000   -1.081409
519.883000   -1.070713
519.884000   -1.059542
519.885000   -1.048048
519.886000   -1.036454
519.887000   -1.025128
519.888000   -1.014534
519.889000   -1.005053
519.890000   -0.996909
519.891000   -0.990232
519.892000   -0.985070
519.893000   -0.981374
519.894000   -0.979004
519.895000   -0.977782
519.896000   -0.977585
519.897000   -0.978394
519.898000   -0.980264
519.899000   -0.983283
519.900000   -0.987513
519.901000   -0.992920
519.902000   -0.999346
519.903000   -1.006529
519.904000   -1.014144
519.905000   -1.021858
519.906000   -1.029364
519.907000   -1.036401
519.908000   -1.042795
519.909000   -1.048447
519.910000   -1.053271
519.911000   -1.057195
519.912000   -1.060226
519.913000   -1.062478
519.914000   -1.064187
519.915000   -1.065716
519.916000   -1.067528
519.917000   -1.070090
519.918000   -1.073658
519.919000   -1.078169
519.920000   -1.083403
519.921000   -1.089155
519.922000   -1.095300
519.923000   -1.101782
519.924000   -1.108592
519.925000   -1.115704
519.926000   -1.123013
519.927000   -1.130268
519.928000   -1.137122
519.929000   -1.143264
519.930000   -1.148496
519.931000   -1.152767
519.932000   -1.156183
519.933000   -1.158958
519.934000   -1.161350
519.935000   -1.163603
519.936000   -1.165907
519.937000   -1.168306
519.938000   -1.170545
519.939000   -1.172173
519.940000   -1.172854
519.941000   -1.172558
519.942000   -1.171546
519.943000   -1.170247
519.944000   -1.169152
519.945000   -1.168734
519.946000   -1.169252
519.947000   -1.170489
519.948000   -1.171847
519.949000   -1.172766
519.950000   -1.173031
519.951000   -1.172820
519.952000   -1.172584
519.953000   -1.172903
519.954000   -1.174378
519.955000   -1.177506
519.956000   -1.182372
519.957000   -1.188373
519.958000   -1.194499
519.959000   -1.199905
519.960000   -1.204230
519.961000   -1.207573
