516.968000   -1.135682
516.969000   -1.140017
516.970000   -1.144490
516.971000   -1.149205
516.972000   -1.154428
516.973000   -1.160386
516.974000   -1.167145
516.975000   -1.174558
516.976000   -1.182279
516.977000   -1.189835
516.978000   -1.196784
516.979000   -1.202937
516.980000   -1.208512
516.981000   -1.214080
516.982000   -1.220346
516.983000   -1.227916
516.984000   -1.237150
516.985000   -1.248103
516.986000   -1.260521
516.987000   -1.273912
516.988000   -1.287721
516.989000   -1.301563
516.990000   -1.315318
516.991000   -1.329005
516.992000   -1.342580
516.993000   -1.355828
516.994000   -1.368354
516.995000   -1.379612
516.996000   -1.388965
516.997000   -1.395795
516.998000   -1.399700
516.999000   -1.400670
517.000000   -1.399092
517.001000   -1.395565
517.001000   -1.395565
517.002000   -1.390697
517.003000   -1.384981
517.004000   -1.378733
517.005000   -1.372053
517.006000   -1.364854
517.007000   -1.357004
517.008000   -1.348598
517.009000   -1.340115
517.010000   -1.332266
517.011000   -1.325699
517.012000   -1.320798
517.013000   -1.317611
517.014000   -1.315853
517.015000   -1.314947
517.016000   -1.314136
517.017000   -1.312706
517.018000   -1.310235
517.019000   -1.306673
517.020000   -1.302197
517.021000   -1.297006
517.022000   -1.291201
517.023000   -1.284748
517.024000   -1.277468
517.025000   -1.269070
517.026000   -1.259246
517.027000   -1.247878
517.028000   -1.235205
517.029000   -1.221759
517.030000   -1.208135
517.031000   -1.194812
517.032000   -1.182089
517.033000   -1.170078
517.034000   -1.158728
517.035000   -1.147874
517.036000   -1.137374
517.037000   -1.127267
517.038000   -1.117845
517.039000   -1.109540
517.040000   -1.102774
517.041000   -1.097842
517.042000   -1.094866
517.043000   -1.093766
517.044000   -1.094265
517.045000   -1.095944
517.046000   -1.098407
517.047000   -1.101472
517.048000   -1.105211
517.049000   -1.109817
517.050000   -1.115431
517.051000   -1.122055
517.052000   -1.129520
517.053000   -1.137504
517.054000   -1.145581
517.055000   -1.153326
517.056000   -1.160462
517.057000   -1.166950
517.058000   -1.172945
517.059000   -1.178665
517.060000   -1.184276
517.061000   -1.189834
517.062000   -1.195271
517.063000   -1.200406
517.064000   -1.205014
517.065000   -1.208946
517.066000   -1.212273
517.067000   -1.215336
517.068000   -1.218627
517.069000   -1.222606
517.070000   -1.227569
517.071000   -1.233588
517.072000   -1.240503
517.073000   -1.247971
517.074000   -1.255566
517.075000   -1.262905
517.076000   -1.269744
517.077000   -1.275978
517.078000   -1.281555
517.079000   -1.286386
517.080000   -1.290287
517.081000   -1.292966
517.082000   -1.294054
517.083000   -1.293157
517.084000   -1.289960
517.085000   -1.284338
517.086000   -1.276426
517.087000   -1.266580
517.088000   -1.255268
517.089000   -1.242946
517.090000   -1.229973
517.091000   -1.216578
517.092000   -1.202875
517.093000   -1.188930
517.094000   -1.174857
517.095000   -1.160904
517.096000   -1.147483
517.097000   -1.135131
517.098000   -1.124419
517.099000   -1.115859
517.100000   -1.109834
517.101000   -1.106548
517.102000   -1.106031
517.103000   -1.108173
517.104000   -1.112795
517.105000   -1.119702
517.106000   -1.128688
517.107000   -1.139501
517.108000   -1.151789
517.109000   -1.165073
517.110000   -1.178764
517.111000   -1.192219
517.112000   -1.204827
517.113000   -1.216099
517.114000   -1.225730
517.115000   -1.233619
517.116000   -1.239832
517.117000   -1.244554
517.118000   -1.248028
517.119000   -1.250523
517.120000   -1.252318
517.121000   -1.253711
517.122000   -1.255018
517.123000   -1.256561
517.124000   -1.258643
517.125000   -1.261513
517.126000   -1.265328
517.127000   -1.270140
517.128000   -1.275886
517.129000   -1.282416
517.130000   -1.289521
517.131000   -1.296973
517.132000   -1.304543
517.133000   -1.312012
517.134000   -1.319178
517.135000   -1.325857
517.136000   -1.331897
517.137000   -1.337183
517.138000   -1.341647
517.139000   -1.345262
517.140000   -1.348041
517.141000   -1.350021
517.142000   -1.351243
517.143000   -1.351730
517.144000   -1.351472
517.145000   -1.350423
517.146000   -1.348505
517.147000   -1.345616
517.148000   -1.341641
517.149000   -1.336464
517.150000   -1.329998
517.151000   -1.322207
517.152000   -1.313130
517.153000   -1.302880
517.154000   -1.291652
517.155000   -1.279708
517.156000   -1.267374
517.157000   -1.255011
517.158000   -1.243004
517.159000   -1.231736
517.160000   -1.221556
517.161000   -1.212755
517.162000   -1.205545
517.163000   -1.200042
517.164000   -1.196275
517.165000   -1.194196
517.166000   -1.193695
517.167000   -1.194616
517.168000   -1.196752
517.169000   -1.199842
517.170000   -1.203559
517.171000   -1.207522
517.172000   -1.211321
517.173000   -1.214573
517.174000   -1.216974
517.175000   -1.218361
517.176000   -1.218740
517.177000   -1.218290
517.178000   -1.217325
517.179000   -1.216225
517.180000   -1.215368
517.181000   -1.215073
517.182000   -1.215590
517.183000   -1.217104
517.184000   -1.219756
517.185000   -1.223658
517.186000   -1.228896
517.187000   -1.235524
517.188000   -1.243531
517.189000   -1.252820
517.190000   -1.263198
517.191000   -1.274389
517.192000   -1.286059
517.193000   -1.297851
517.194000   -1.309422
517.195000   -1.320456
517.196000   -1.330675
517.197000   -1.339838
517.198000   -1.347729
517.199000   -1.354150
517.200000   -1.358907
517.201000   -1.361805
517.202000   -1.362642
517.203000   -1.361225
517.204000   -1.357408
517.205000   -1.351111
517.206000   -1.342351
517.207000   -1.331231
517.208000   -1.317935
517.209000   -1.302701
517.210000   -1.285788
517.211000   -1.267457
517.212000   -1.247975
517.213000   -1.227663
517.214000   -1.206931
517.215000   -1.186268
517.216000   -1.166191
517.217000   -1.147189
517.218000   -1.129687
517.219000   -1.114029
517.220000   -1.100470
517.221000   -1.089193
517.222000   -1.080345
517.223000   -1.074067
517.224000   -1.070488
517.225000   -1.069669
517.226000   -1.071550
517.227000   -1.075926
517.228000   -1.082463
517.229000   -1.090740
517.230000   -1.100317
517.231000   -1.110809
517.232000   -1.121954
517.233000   -1.133633
517.234000   -1.145824
517.235000   -1.158515
517.236000   -1.171634
517.237000   -1.185022
517.238000   -1.198442
517.239000   -1.211625
517.240000   -1.224322
517.241000   -1.236372
517.242000   -1.247744
517.243000   -1.258514
517.244000   -1.268801
517.245000   -1.278680
517.246000   -1.288146
517.247000   -1.297101
517.248000   -1.305380
517.249000   -1.312789
517.250000   -1.319160
517.251000   -1.324414
517.252000   -1.328608
517.253000   -1.331928
517.254000   -1.334621
517.255000   -1.336919
517.256000   -1.338978
517.257000   -1.340836
517.258000   -1.342411
517.259000   -1.343542
517.260000   -1.344096
517.261000   -1.344088
517.262000   -1.343732
517.263000   -1.343350
517.264000   -1.343227
517.265000   -1.343490
517.266000   -1.344055
517.267000   -1.344630
517.268000   -1.344776
517.269000   -1.344037
517.270000   -1.342097
517.271000   -1.338915
517.272000   -1.334742
517.273000   -1.330014
517.274000   -1.325182
517.275000   -1.320587
517.276000   -1.316386
517.277000   -1.312534
517.278000   -1.308816
517.279000   -1.304930
517.280000   -1.300615
517.281000   -1.295770
517.282000   -1.290484
517.283000   -1.284963
517.284000   -1.279403
517.285000   -1.273912
517.286000   -1.268486
517.287000   -1.263026
517.288000   -1.257379
517.289000   -1.251395
517.290000   -1.244984
517.291000   -1.238151
517.292000   -1.230981
517.293000   -1.223611
517.294000   -1.216182
517.295000   -1.208809
517.296000   -1.201559
517.297000   -1.194433
517.298000   -1.187373
517.299000   -1.180282
517.300000   -1.173086
517.301000   -1.165822
517.302000   -1.158688
517.303000   -1.152018
517.304000   -1.146168
517.305000   -1.141424
517.306000   -1.137942
517.307000   -1.135717
517.308000   -1.134585
517.309000   -1.134280
517.310000   -1.134544
517.311000   -1.135275
517.312000   -1.136601
517.313000   -1.138817
517.314000   -1.142232
517.315000   -1.147045
517.316000   -1.153264
517.317000   -1.160690
517.318000   -1.168934
517.319000   -1.177496
517.320000   -1.185901
517.321000   -1.193832
517.322000   -1.201173
517.323000   -1.207939
517.324000   -1.214175
517.325000   -1.219887
517.326000   -1.225017
517.327000   -1.229445
517.328000   -1.233016
517.329000   -1.235569
517.330000   -1.236962
517.331000   -1.237070
517.332000   -1.235775
517.333000   -1.232976
517.334000   -1.228616
517.335000   -1.222689
517.336000   -1.215238
517.337000   -1.206343
517.338000   -1.196106
517.339000   -1.184634
517.340000   -1.172066
517.341000   -1.158624
517.342000   -1.144664
517.343000   -1.130648
517.344000   -1.117068
517.345000   -1.104359
517.346000   -1.092823
517.347000   -1.082587
517.348000   -1.073605
517.349000   -1.065726
517.350000   -1.058809
517.351000   -1.052839
517.352000   -1.047953
517.353000   -1.044368
517.354000   -1.042272
517.355000   -1.041750
517.356000   -1.042755
517.357000   -1.045112
517.358000   -1.048565
517.359000   -1.052849
517.360000   -1.057767
517.361000   -1.063212
517.362000   -1.069144
517.363000   -1.075530
517.364000   -1.082302
517.365000   -1.089359
517.366000   -1.096583
517.367000   -1.103861
517.368000   -1.111093
517.369000   -1.118201
517.370000   -1.125124
517.371000   -1.131802
517.372000   -1.138176
517.373000   -1.144197
517.374000   -1.149848
517.375000   -1.155145
517.376000   -1.160126
517.377000   -1.164824
517.378000   -1.169243
517.379000   -1.173370
517.380000   -1.177211
517.381000   -1.180803
517.382000   -1.184205
517.383000   -1.187469
517.384000   -1.190614
517.385000   -1.193612
517.386000   -1.196376
517.387000   -1.198791
517.388000   -1.200770
517.389000   -1.202330
517.390000   -1.203618
517.391000   -1.204877
517.392000   -1.206365
517.393000   -1.208288
517.394000   -1.210761
517.395000   -1.213805
517.396000   -1.217359
517.397000   -1.221299
517.398000   -1.225472
517.399000   -1.229698
517.400000   -1.233777
517.401000   -1.237502
517.402000   -1.240677
517.403000   -1.243157
517.404000   -1.244885
517.405000   -1.245909
517.406000   -1.246365
517.407000   -1.246439
517.408000   -1.246316
517.409000   -1.246162
517.410000   -1.246136
517.411000   -1.246388
517.412000   -1.247037
517.413000   -1.248131
517.414000   -1.249627
517.415000   -1.251401
517.416000   -1.253277
517.417000   -1.255107
517.418000   -1.256837
517.419000   -1.258521
517.420000   -1.260287
517.421000   -1.262290
517.422000   -1.264677
517.423000   -1.267563
517.424000   -1.271024
517.425000   -1.275126
517.426000   -1.279993
517.427000   -1.285845
517.428000   -1.292973
517.429000   -1.301640
517.430000   -1.311980
517.431000   -1.323952
517.432000   -1.337352
517.433000   -1.351855
517.434000   -1.367082
517.435000   -1.382689
517.436000   -1.398441
517.437000   -1.414220
517.438000   -1.429942
517.439000   -1.445469
517.440000   -1.460577
517.441000   -1.474967
517.442000   -1.488321
517.443000   -1.500352
517.444000   -1.510865
517.445000   -1.519797
517.446000   -1.527228
517.447000   -1.533325
517.448000   -1.538266
517.449000   -1.542184
517.450000   -1.545144
517.451000   -1.547134
517.452000   -1.548073
517.453000   -1.547832
517.454000   -1.546294
517.455000   -1.543420
517.456000   -1.539280
517.457000   -1.534012
517.458000   -1.527756
517.459000   -1.520615
517.460000   -1.512625
517.461000   -1.503738
517.462000   -1.493830
517.463000   -1.482766
517.464000   -1.470557
517.465000   -1.457469
517.466000   -1.443969
517.467000   -1.430557
517.468000   -1.417631
517.469000   -1.405432
517.470000   -1.394035
517.471000   -1.383347
517.472000   -1.373160
517.473000   -1.363286
517.474000   -1.353751
517.475000   -1.344885
517.476000   -1.337184
517.477000   -1.331097
517.478000   -1.326906
517.479000   -1.324703
517.480000   -1.324393
517.481000   -1.325708
517.482000   -1.328253
517.483000   -1.331645
517.484000   -1.335662
517.485000   -1.340264
517.486000   -1.345460
517.487000   -1.351192
517.488000   -1.357316
517.489000   -1.363622
517.490000   -1.369839
517.491000   -1.375635
517.492000   -1.380661
517.493000   -1.384660
517.494000   -1.387585
517.495000   -1.389596
517.496000   -1.390946
517.497000   -1.391897
517.498000   -1.392674
517.499000   -1.393427
517.500000   -1.394184
517.501000   -1.394836
517.501000   -1.394836
517.502000   -1.395229
517.503000   -1.395357
517.504000   -1.395464
517.505000   -1.395913
517.506000   -1.396996
517.507000   -1.398823
517.508000   -1.401293
517.509000   -1.404100
517.510000   -1.406749
517.511000   -1.408650
517.512000   -1.409338
517.513000   -1.408697
517.514000   -1.406972
517.515000   -1.404561
517.516000   -1.401786
517.517000   -1.398801
517.518000   -1.395560
517.519000   -1.391828
517.520000   -1.387207
517.521000   -1.381245
517.522000   -1.373620
517.523000   -1.364280
517.524000   -1.353377
517.525000   -1.341075
517.526000   -1.327438
517.527000   -1.312413
517.528000   -1.295860
517.529000   -1.277606
517.530000   -1.257518
517.531000   -1.235616
517.532000   -1.212178
517.533000   -1.187700
517.534000   -1.162770
517.535000   -1.137951
517.536000   -1.113724
517.537000   -1.090447
517.538000   -1.068338
517.539000   -1.047488
517.540000   -1.027926
517.541000   -1.009750
517.542000   -0.993247
517.543000   -0.978870
517.544000   -0.967068
517.545000   -0.958123
517.546000   -0.952062
517.547000   -0.948649
517.548000   -0.947412
517.549000   -0.947704
517.550000   -0.948837
517.551000   -0.950304
517.552000   -0.951930
517.553000   -0.953815
517.554000   -0.956115
517.555000   -0.958888
517.556000   -0.962030
517.557000   -0.965282
517.558000   -0.968262
517.559000   -0.970511
517.560000   -0.971602
517.561000   -0.971311
517.562000   -0.969740
517.563000   -0.967278
517.564000   -0.964410
517.565000   -0.961573
517.566000   -0.959084
517.567000   -0.957131
517.568000   -0.955756
517.569000   -0.954889
517.570000   -0.954431
517.571000   -0.954419
517.572000   -0.955128
517.573000   -0.956987
517.574000   -0.960378
517.575000   -0.965481
517.576000   -0.972220
517.577000   -0.980254
517.578000   -0.989007
517.579000   -0.997744
517.580000   -1.005742
517.581000   -1.012518
517.582000   -1.017954
517.583000   -1.022171
517.584000   -1.025314
517.585000   -1.027441
517.586000   -1.028505
517.587000   -1.028387
517.588000   -1.026937
517.589000   -1.024075
517.590000   -1.019918
517.591000   -1.014826
517.592000   -1.009300
517.593000   -1.003842
517.594000   -0.998881
517.595000   -0.994717
517.596000   -0.991510
517.597000   -0.989285
517.598000   -0.987965
517.599000   -0.987435
517.600000   -0.987632
517.601000   -0.988625
517.602000   -0.990616
517.603000   -0.993851
517.604000   -0.998514
517.605000   -1.004675
517.606000   -1.012290
517.607000   -1.021215
517.608000   -1.031240
517.609000   -1.042131
517.610000   -1.053670
517.611000   -1.065676
517.612000   -1.078029
517.613000   -1.090650
517.614000   -1.103452
517.615000   -1.116297
517.616000   -1.128986
517.617000   -1.141256
517.618000   -1.152788
517.619000   -1.163218
517.620000   -1.172260
517.621000   -1.179916
517.622000   -1.186504
517.623000   -1.192459
517.624000   -1.198157
517.625000   -1.203859
517.626000   -1.209688
517.627000   -1.215607
517.628000   -1.221422
517.629000   -1.226883
517.630000   -1.231932
517.631000   -1.236896
517.632000   -1.242348
517.633000   -1.248875
517.634000   -1.256928
517.635000   -1.266765
517.636000   -1.278394
517.637000   -1.291541
517.638000   -1.305682
517.639000   -1.320236
517.640000   -1.334855
517.641000   -1.349488
517.642000   -1.364174
517.643000   -1.378866
517.644000   -1.393361
517.645000   -1.407300
517.646000   -1.420187
517.647000   -1.431433
517.648000   -1.440456
517.649000   -1.446801
517.650000   -1.450215
517.651000   -1.450650
517.652000   -1.448249
517.653000   -1.443295
517.654000   -1.436148
517.655000   -1.427185
517.656000   -1.416745
517.657000   -1.405085
517.658000   -1.392375
517.659000   -1.378780
517.660000   -1.364604
517.661000   -1.350346
517.662000   -1.336636
517.663000   -1.324088
517.664000   -1.313185
517.665000   -1.304193
517.666000   -1.297115
517.667000   -1.291670
517.668000   -1.287366
517.669000   -1.283646
517.670000   -1.280096
517.671000   -1.276576
517.672000   -1.273189
517.673000   -1.270138
517.674000   -1.267591
517.675000   -1.265598
517.676000   -1.264052
517.677000   -1.262686
517.678000   -1.261168
517.679000   -1.259259
517.680000   -1.256953
517.681000   -1.254478
517.682000   -1.252164
517.683000   -1.250309
517.684000   -1.249094
517.685000   -1.248572
517.686000   -1.248679
517.687000   -1.249277
517.688000   -1.250230
517.689000   -1.251485
517.690000   -1.253108
517.691000   -1.255251
517.692000   -1.258049
517.693000   -1.261551
517.694000   -1.265703
517.695000   -1.270358
517.696000   -1.275307
517.697000   -1.280316
517.698000   -1.285187
517.699000   -1.289810
517.700000   -1.294176
517.701000   -1.298348
517.702000   -1.302392
517.703000   -1.306327
517.704000   -1.310087
517.705000   -1.313518
517.706000   -1.316407
517.707000   -1.318531
517.708000   -1.319735
517.709000   -1.320003
517.710000   -1.319487
517.711000   -1.318444
517.712000   -1.317143
517.713000   -1.315791
517.714000   -1.314499
517.715000   -1.313292
517.716000   -1.312136
517.717000   -1.310983
517.718000   -1.309816
517.719000   -1.308651
517.720000   -1.307508
517.721000   -1.306357
517.722000   -1.305093
517.723000   -1.303548
517.724000   -1.301508
517.725000   -1.298740
517.726000   -1.295035
517.727000   -1.290256
517.728000   -1.284387
517.729000   -1.277530
517.730000   -1.269859
517.731000   -1.261554
517.732000   -1.252753
517.733000   -1.243506
517.734000   -1.233772
517.735000   -1.223446
517.736000   -1.212437
517.737000   -1.200768
517.738000   -1.188603
517.739000   -1.176219
517.740000   -1.163931
517.741000   -1.152033
517.742000   -1.140760
517.743000   -1.130274
517.744000   -1.120687
517.745000   -1.112124
517.746000   -1.104807
517.747000   -1.099101
517.748000   -1.095465
517.749000   -1.094334
517.750000   -1.096025
517.751000   -1.100687
517.752000   -1.108312
517.753000   -1.118751
517.754000   -1.131753
517.755000   -1.147020
517.756000   -1.164226
517.757000   -1.182995
517.758000   -1.202865
517.759000   -1.223274
517.760000   -1.243605
517.761000   -1.263251
517.762000   -1.281679
517.763000   -1.298469
517.764000   -1.313346
517.765000   -1.326203
517.766000   -1.337101
517.767000   -1.346210
517.768000   -1.353727
517.769000   -1.359819
517.770000   -1.364571
517.771000   -1.367959
517.772000   -1.369839
517.773000   -1.370017
517.774000   -1.368362
517.775000   -1.364891
517.776000   -1.359761
517.777000   -1.353201
517.778000   -1.345441
517.779000   -1.336670
517.780000   -1.327016
517.781000   -1.316546
517.782000   -1.305326
517.783000   -1.293515
517.784000   -1.281433
517.785000   -1.269533
517.786000   -1.258283
517.787000   -1.248059
517.788000   -1.239073
517.789000   -1.231357
517.790000   -1.224772
517.791000   -1.219083
517.792000   -1.214059
517.793000   -1.209570
517.794000   -1.205595
517.795000   -1.202151
517.796000   -1.199224
517.797000   -1.196744
517.798000   -1.194583
517.799000   -1.192579
517.800000   -1.190561
517.801000   -1.188414
517.802000   -1.186142
517.803000   -1.183888
517.804000   -1.181875
517.805000   -1.180319
517.806000   -1.179365
517.807000   -1.179059
517.808000   -1.179342
517.809000   -1.180065
517.810000   -1.181049
517.811000   -1.182228
517.812000   -1.183777
517.813000   -1.186102
517.814000   -1.189681
517.815000   -1.194909
517.816000   -1.202014
517.817000   -1.211021
517.818000   -1.221743
517.819000   -1.233821
517.820000   -1.246864
517.821000   -1.260683
517.822000   -1.275402
517.823000   -1.291286
517.824000   -1.308472
517.825000   -1.326833
517.826000   -1.345959
517.827000   -1.365201
517.828000   -1.383731
517.829000   -1.400671
517.830000   -1.415344
517.831000   -1.427538
517.832000   -1.437514
517.833000   -1.445744
517.834000   -1.452646
517.835000   -1.458466
517.836000   -1.463248
517.837000   -1.466822
517.838000   -1.468810
517.839000   -1.468738
517.840000   -1.466307
517.841000   -1.461660
517.842000   -1.455274
517.843000   -1.447639
517.844000   -1.439037
517.845000   -1.429519
517.846000   -1.418926
517.847000   -1.406917
517.848000   -1.393008
517.849000   -1.376734
517.850000   -1.357975
517.851000   -1.337193
517.852000   -1.315269
517.853000   -1.293160
517.854000   -1.271676
517.855000   -1.251410
517.856000   -1.232700
517.857000   -1.215592
517.858000   -1.199827
517.859000   -1.184994
517.860000   -1.170907
517.861000   -1.157843
517.862000   -1.146337
517.863000   -1.136820
517.864000   -1.129460
517.865000   -1.124163
517.866000   -1.120609
517.867000   -1.118277
517.868000   -1.116505
517.869000   -1.114714
517.870000   -1.112745
517.871000   -1.110964
517.872000   -1.109960
517.873000   -1.110225
517.874000   -1.112047
517.875000   -1.115498
517.876000   -1.120433
517.877000   -1.126455
517.878000   -1.132980
517.879000   -1.139580
517.880000   -1.146369
517.881000   -1.153905
517.882000   -1.162729
517.883000   -1.173115
517.884000   -1.185046
517.885000   -1.198231
517.886000   -1.212098
517.887000   -1.225809
517.888000   -1.238474
517.889000   -1.249629
517.890000   -1.259573
517.891000   -1.269053
517.892000   -1.278739
517.893000   -1.288988
517.894000   -1.299813
517.895000   -1.310890
517.896000   -1.321544
517.897000   -1.330835
517.898000   -1.337905
517.899000   -1.342490
517.900000   -1.344964
517.901000   -1.345832
517.902000   -1.345354
517.903000   -1.343507
517.904000   -1.340045
517.905000   -1.334553
517.906000   -1.326504
517.907000   -1.315441
517.908000   -1.301284
517.909000   -1.284504
517.910000   -1.265912
517.911000   -1.246339
517.912000   -1.226454
517.913000   -1.206703
517.914000   -1.187283
517.915000   -1.168117
517.916000   -1.148889
517.917000   -1.129279
517.918000   -1.109355
517.919000   -1.089734
517.920000   -1.071245
517.921000   -1.054547
517.922000   -1.039985
517.923000   -1.027607
517.924000   -1.017175
517.925000   -1.008185
517.926000   -0.999962
517.927000   -0.991955
517.928000   -0.984114
517.929000   -0.976976
517.930000   -0.971288
517.931000   -0.967615
517.932000   -0.966198
517.933000   -0.966960
517.934000   -0.969514
517.935000   -0.973175
517.936000   -0.977054
517.937000   -0.980363
517.938000   -0.982861
517.939000   -0.984926
517.940000   -0.987130
517.941000   -0.989901
517.942000   -0.993495
517.943000   -0.998026
517.944000   -1.003458
517.945000   -1.009576
517.946000   -1.016054
517.947000   -1.022700
517.948000   -1.029727
517.949000   -1.037709
517.950000   -1.047230
517.951000   -1.058626
517.952000   -1.071921
517.953000   -1.086828
517.954000   -1.102750
517.955000   -1.118796
517.956000   -1.133905
517.957000   -1.147253
517.958000   -1.158731
517.959000   -1.168848
517.960000   -1.178203
517.961000   -1.187177
517.962000   -1.195890
517.963000   -1.204215
517.964000   -1.211779
517.965000   -1.218007
517.966000   -1.222300
517.967000   -1.224401
517.968000   -1.224617
517.969000   -1.223587
517.970000   -1.221928
517.971000   -1.220063
517.972000   -1.218206
517.973000   -1.216373
517.974000   -1.214411
517.975000   -1.212042
517.976000   -1.208997
517.977000   -1.205269
517.978000   -1.201248
517.979000   -1.197557
517.980000   -1.194774
517.981000   -1.193287
517.982000   -1.193236
517.983000   -1.194500
517.984000   -1.196716
517.985000   -1.199355
517.986000   -1.201893
517.987000   -1.204046
517.988000   -1.205947
517.989000   -1.208026
517.990000   -1.210723
517.991000   -1.214306
517.992000   -1.218802
517.993000   -1.223991
517.994000   -1.229394
517.995000   -1.234312
517.996000   -1.238055
517.997000   -1.240439
517.998000   -1.242011
517.999000   -1.243596
518.000000   -1.245834
518.001000   -1.249048
518.001000   -1.249048
518.002000   -1.253259
518.003000   -1.258218
518.004000   -1.263420
518.005000   -1.268197
518.006000   -1.272018
518.007000   -1.274882
518.008000   -1.277233
518.009000   -1.279563
518.010000   -1.282210
518.011000   -1.285347
518.012000   -1.288982
518.013000   -1.292941
518.014000   -1.296831
518.015000   -1.300117
518.016000   -1.302486
518.017000   -1.304167
518.018000   -1.305705
518.019000   -1.307606
518.020000   -1.310187
518.021000   -1.313542
518.022000   -1.317506
518.023000   -1.321606
518.024000   -1.325076
518.025000   -1.327119
518.026000   -1.327409
518.027000   -1.326272
518.028000   -1.324340
518.029000   -1.322241
518.030000   -1.320475
518.031000   -1.319366
518.032000   -1.319014
518.033000   -1.319267
518.034000   -1.319762
518.035000   -1.320170
518.036000   -1.320508
518.037000   -1.321149
518.038000   -1.322581
518.039000   -1.325198
518.040000   -1.329209
518.041000   -1.334618
518.042000   -1.341233
518.043000   -1.348703
518.044000   -1.356577
518.045000   -1.364395
518.046000   -1.371777
518.047000   -1.378516
518.048000   -1.384589
518.049000   -1.390044
518.050000   -1.394912
518.051000   -1.399159
518.052000   -1.402639
518.053000   -1.405048
518.054000   -1.405972
518.055000   -1.405157
518.056000   -1.402779
518.057000   -1.399368
518.058000   -1.395509
518.059000   -1.391633
518.060000   -1.387948
518.061000   -1.384413
518.062000   -1.380712
518.063000   -1.376316
518.064000   -1.370775
518.065000   -1.364110
518.066000   -1.356871
518.067000   -1.349853
518.068000   -1.343789
518.069000   -1.339194
518.070000   -1.336303
518.071000   -1.335054
518.072000   -1.335103
518.073000   -1.335995
518.074000   -1.337505
518.075000   -1.339827
518.076000   -1.343349
518.077000   -1.348314
518.078000   -1.354662
518.079000   -1.362020
518.080000   -1.369759
518.081000   -1.377058
518.082000   -1.383071
518.083000   -1.387252
518.084000   -1.389587
518.085000   -1.390397
518.086000   -1.389993
518.087000   -1.388530
518.088000   -1.386021
518.089000   -1.382371
518.090000   -1.377384
518.091000   -1.370826
518.092000   -1.362586
518.093000   -1.352851
518.094000   -1.342078
518.095000   -1.330823
518.096000   -1.319603
518.097000   -1.308825
518.098000   -1.298742
518.099000   -1.289421
518.100000   -1.280750
518.101000   -1.272559
518.102000   -1.264800
518.103000   -1.257678
518.104000   -1.251589
518.105000   -1.246988
518.106000   -1.244220
518.107000   -1.243411
518.108000   -1.244426
518.109000   -1.246876
518.110000   -1.250192
518.111000   -1.253787
518.112000   -1.257211
518.113000   -1.260208
518.114000   -1.262652
518.115000   -1.264437
518.116000   -1.265388
518.117000   -1.265259
518.118000   -1.263760
518.119000   -1.260595
518.120000   -1.255494
518.121000   -1.248309
518.122000   -1.239114
518.123000   -1.228254
518.124000   -1.216279
518.125000   -1.203784
518.126000   -1.191297
518.127000   -1.179207
518.128000   -1.167736
518.129000   -1.156926
518.130000   -1.146731
518.131000   -1.137211
518.132000   -1.128696
518.133000   -1.121719
518.134000   -1.116784
518.135000   -1.114198
518.136000   -1.114022
518.137000   -1.116058
518.138000   -1.119870
518.139000   -1.124912
518.140000   -1.130801
518.141000   -1.137498
518.142000   -1.145187
518.143000   -1.154012
518.144000   -1.163923
518.145000   -1.174669
518.146000   -1.185833
518.147000   -1.196888
518.148000   -1.207322
518.149000   -1.216855
518.150000   -1.225558
518.151000   -1.233702
518.152000   -1.241539
518.153000   -1.249204
518.154000   -1.256702
518.155000   -1.263926
518.156000   -1.270654
518.157000   -1.276584
518.158000   -1.281460
518.159000   -1.285239
518.160000   -1.288137
518.161000   -1.290504
518.162000   -1.292643
518.163000   -1.294709
518.164000   -1.296678
518.165000   -1.298360
518.166000   -1.299407
518.167000   -1.299359
518.168000   -1.297781
518.169000   -1.294518
518.170000   -1.289910
518.171000   -1.284625
518.172000   -1.279285
518.173000   -1.274275
518.174000   -1.269731
518.175000   -1.265552
518.176000   -1.261397
518.177000   -1.256712
518.178000   -1.250902
518.179000   -1.243724
518.180000   -1.235548
518.181000   -1.227029
518.182000   -1.218660
518.183000   -1.210653
518.184000   -1.202981
518.185000   -1.195408
518.186000   -1.187465
518.187000   -1.178492
518.188000   -1.167985
518.189000   -1.156220
518.190000   -1.144214
518.191000   -1.133036
518.192000   -1.123443
518.193000   -1.115856
518.194000   -1.110402
518.195000   -1.106884
518.196000   -1.104786
518.197000   -1.103497
518.198000   -1.102918
518.199000   -1.103790
518.200000   -1.107123
518.201000   -1.113595
518.202000   -1.123421
518.203000   -1.136419
518.204000   -1.152064
518.205000   -1.169493
518.206000   -1.187601
518.207000   -1.205454
518.208000   -1.222867
518.209000   -1.240335
518.210000   -1.258373
518.211000   -1.277197
518.212000   -1.296724
518.213000   -1.316634
518.214000   -1.336388
518.215000   -1.355242
518.216000   -1.372444
518.217000   -1.387690
518.218000   -1.401313
518.219000   -1.413850
518.220000   -1.425624
518.221000   -1.436661
518.222000   -1.446744
518.223000   -1.455454
518.224000   -1.462183
518.225000   -1.466177
518.226000   -1.466825
518.227000   -1.464128
518.228000   -1.458709
518.229000   -1.451336
518.230000   -1.442626
518.231000   -1.432997
518.232000   -1.422681
518.233000   -1.411684
518.234000   -1.399713
518.235000   -1.386282
518.236000   -1.371249
518.237000   -1.355275
518.238000   -1.339406
518.239000   -1.324509
518.240000   -1.311110
518.241000   -1.299418
518.242000   -1.289339
518.243000   -1.280428
518.244000   -1.271877
518.245000   -1.262859
518.246000   -1.253234
518.247000   -1.243634
518.248000   -1.234833
518.249000   -1.227360
518.250000   -1.221460
518.251000   -1.217124
518.252000   -1.214043
518.253000   -1.211530
518.254000   -1.208620
518.255000   -1.204709
518.256000   -1.200131
518.257000   -1.195763
518.258000   -1.192391
518.259000   -1.190523
518.260000   -1.190406
518.261000   -1.192037
518.262000   -1.195086
518.263000   -1.198853
518.264000   -1.202561
518.265000   -1.206076
518.266000   -1.210114
518.267000   -1.215661
518.268000   -1.223494
518.269000   -1.234032
518.270000   -1.247323
518.271000   -1.263020
518.272000   -1.280313
518.273000   -1.298007
518.274000   -1.314974
518.275000   -1.330725
518.276000   -1.345369
518.277000   -1.359181
518.278000   -1.372298
518.279000   -1.384644
518.280000   -1.395948
518.281000   -1.405742
518.282000   -1.413349
518.283000   -1.417973
518.284000   -1.419026
518.285000   -1.416484
518.286000   -1.410894
518.287000   -1.402990
518.288000   -1.393348
518.289000   -1.382302
518.290000   -1.369959
518.291000   -1.356176
518.292000   -1.340551
518.293000   -1.322562
518.294000   -1.301973
518.295000   -1.279192
518.296000   -1.255093
518.297000   -1.230555
518.298000   -1.206228
518.299000   -1.182539
518.300000   -1.159704
518.301000   -1.137694
518.302000   -1.116265
518.303000   -1.095171
518.304000   -1.074594
518.305000   -1.055311
518.306000   -1.038270
518.307000   -1.024125
518.308000   -1.013122
518.309000   -1.005141
518.310000   -0.999708
518.311000   -0.996025
518.312000   -0.993128
518.313000   -0.990295
518.314000   -0.987484
518.315000   -0.985225
518.316000   -0.984041
518.317000   -0.984147
518.318000   -0.985479
518.319000   -0.987772
518.320000   -0.990601
518.321000   -0.993444
518.322000   -0.995866
518.323000   -0.997844
518.324000   -1.000016
518.325000   -1.003321
518.326000   -1.008460
518.327000   -1.015759
518.328000   -1.025230
518.329000   -1.036625
518.330000   -1.049461
518.331000   -1.063071
518.332000   -1.076789
518.333000   -1.090426
518.334000   -1.104458
518.335000   -1.119438
518.336000   -1.135562
518.337000   -1.152648
518.338000   -1.170238
518.339000   -1.187650
518.340000   -1.203963
518.341000   -1.218007
518.342000   -1.228760
518.343000   -1.236241
518.344000   -1.241445
518.345000   -1.245339
518.346000   -1.248429
518.347000   -1.250817
518.348000   -1.252308
518.349000   -1.252426
518.350000   -1.250363
518.351000   -1.245088
518.352000   -1.236118
518.353000   -1.224304
518.354000   -1.211106
518.355000   -1.197674
518.356000   -1.184709
518.357000   -1.172578
518.358000   -1.161369
518.359000   -1.150836
518.360000   -1.140339
518.361000   -1.129146
518.362000   -1.117291
518.363000   -1.105679
518.364000   -1.095182
518.365000   -1.086227
518.366000   -1.078882
518.367000   -1.072968
518.368000   -1.068081
518.369000   -1.063553
518.370000   -1.058498
518.371000   -1.052331
518.372000   -1.045396
518.373000   -1.038528
518.374000   -1.032382
518.375000   -1.027340
518.376000   -1.023597
518.377000   -1.021200
518.378000   -1.020002
518.379000   -1.019566
518.380000   -1.019267
518.381000   -1.018891
518.382000   -1.018938
518.383000   -1.019984
518.384000   -1.022287
518.385000   -1.025851
518.386000   -1.030544
518.387000   -1.036140
518.388000   -1.042259
518.389000   -1.048316
518.390000   -1.053729
518.391000   -1.058480
518.392000   -1.063076
518.393000   -1.068011
518.394000   -1.073606
518.395000   -1.080064
518.396000   -1.087490
518.397000   -1.095829
518.398000   -1.104733
518.399000   -1.113545
518.400000   -1.121773
518.401000   -1.129640
518.402000   -1.137674
518.403000   -1.146204
518.404000   -1.155328
518.405000   -1.165006
518.406000   -1.175074
518.407000   -1.185140
518.408000   -1.194446
518.409000   -1.202073
518.410000   -1.207864
518.411000   -1.212648
518.412000   -1.217347
518.413000   -1.222532
518.414000   -1.228483
518.415000   -1.235258
518.416000   -1.242641
518.417000   -1.249998
518.418000   -1.256279
518.419000   -1.260727
518.420000   -1.263686
518.421000   -1.266027
518.422000   -1.268388
518.423000   -1.271109
518.424000   -1.274324
518.425000   -1.277989
518.426000   -1.281794
518.427000   -1.285087
518.428000   -1.287069
518.429000   -1.287474
518.430000   -1.286761
518.431000   -1.285563
518.432000   -1.284401
518.433000   -1.283636
518.434000   -1.283441
518.435000   -1.283751
518.436000   -1.284215
518.437000   -1.284183
518.438000   -1.282955
518.439000   -1.280181
518.440000   -1.275898
518.441000   -1.270385
518.442000   -1.264011
518.443000   -1.257077
518.444000   -1.249754
518.445000   -1.242055
518.446000   -1.233787
518.447000   -1.224558
518.448000   -1.214021
518.449000   -1.202190
518.450000   -1.189514
518.451000   -1.176714
518.452000   -1.164466
518.453000   -1.153219
518.454000   -1.143160
518.455000   -1.134199
518.456000   -1.125944
518.457000   -1.117820
518.458000   -1.109431
518.459000   -1.100837
518.460000   -1.092501
518.461000   -1.084972
518.462000   -1.078632
518.463000   -1.073643
518.464000   -1.069959
518.465000   -1.067300
518.466000   -1.065199
518.467000   -1.063306
518.468000   -1.061765
518.469000   -1.061108
518.470000   -1.061843
518.471000   -1.064229
518.472000   -1.068274
518.473000   -1.073778
518.474000   -1.080325
518.475000   -1.087314
518.476000   -1.094205
518.477000   -1.100938
518.478000   -1.107881
518.479000   -1.115383
518.480000   -1.123597
518.481000   -1.132514
518.482000   -1.142002
518.483000   -1.151782
518.484000   -1.161415
518.485000   -1.170396
518.486000   -1.178425
518.487000   -1.185580
518.488000   -1.192227
518.489000   -1.198873
518.490000   -1.205927
518.491000   -1.213546
518.492000   -1.221624
518.493000   -1.229812
518.494000   -1.237543
518.495000   -1.244117
518.496000   -1.248907
518.497000   -1.251625
518.498000   -1.252634
518.499000   -1.252727
518.500000   -1.252577
518.501000   -1.252531
518.501000   -1.252531
518.502000   -1.252635
518.503000   -1.252664
518.504000   -1.252119
518.505000   -1.250281
518.506000   -1.246444
518.507000   -1.240455
518.508000   -1.232929
518.509000   -1.224630
518.510000   -1.216016
518.511000   -1.207223
518.512000   -1.198154
518.513000   -1.188509
518.514000   -1.177804
518.515000   -1.165490
518.516000   -1.151323
518.517000   -1.135823
518.518000   -1.120016
518.519000   -1.104815
518.520000   -1.090814
518.521000   -1.078320
518.522000   -1.067396
518.523000   -1.057870
518.524000   -1.049392
518.525000   -1.041609
518.526000   -1.034515
518.527000   -1.028613
518.528000   -1.024513
518.529000   -1.022585
518.530000   -1.022935
518.531000   -1.025470
518.532000   -1.029949
518.533000   -1.036029
518.534000   -1.043357
518.535000   -1.051707
518.536000   -1.061109
518.537000   -1.071764
518.538000   -1.083814
518.539000   -1.097245
518.540000   -1.111903
518.541000   -1.127519
518.542000   -1.143720
518.543000   -1.160048
518.544000   -1.175983
518.545000   -1.191025
518.546000   -1.204887
518.547000   -1.217530
518.548000   -1.228984
518.549000   -1.239244
518.550000   -1.248276
518.551000   -1.256026
518.552000   -1.262396
518.553000   -1.267185
518.554000   -1.270093
518.555000   -1.271091
518.556000   -1.270824
518.557000   -1.270234
518.558000   -1.270054
518.559000   -1.270685
518.560000   -1.272224
518.561000   -1.274483
518.562000   -1.276943
518.563000   -1.278735
518.564000   -1.278912
518.565000   -1.277119
518.566000   -1.273610
518.567000   -1.268670
518.568000   -1.262407
518.569000   -1.254823
518.570000   -1.245873
518.571000   -1.235487
518.572000   -1.223541
518.573000   -1.209902
518.574000   -1.194669
518.575000   -1.178333
518.576000   -1.161565
518.577000   -1.145046
518.578000   -1.129387
518.579000   -1.115098
518.580000   -1.102542
518.581000   -1.091889
518.582000   -1.083035
518.583000   -1.075691
518.584000   -1.069728
518.585000   -1.065384
518.586000   -1.063119
518.587000   -1.063400
518.588000   -1.066551
518.589000   -1.072678
518.590000   -1.081615
518.591000   -1.092851
518.592000   -1.105548
518.593000   -1.118989
518.594000   -1.133078
518.595000   -1.148236
518.596000   -1.165018
518.597000   -1.183807
518.598000   -1.204663
518.599000   -1.227282
518.600000   -1.250951
518.601000   -1.274532
518.602000   -1.296721
518.603000   -1.316723
518.604000   -1.334521
518.605000   -1.350575
518.606000   -1.365437
518.607000   -1.379501
518.608000   -1.392927
518.609000   -1.405622
518.610000   -1.417218
518.611000   -1.427080
518.612000   -1.434586
518.613000   -1.439513
518.614000   -1.442110
518.615000   -1.442918
518.616000   -1.442459
518.617000   -1.441013
518.618000   -1.438577
518.619000   -1.434878
518.620000   -1.429357
518.621000   -1.421275
518.622000   -1.410080
518.623000   -1.395793
518.624000   -1.379136
518.625000   -1.361253
518.626000   -1.343216
518.627000   -1.325770
518.628000   -1.309256
518.629000   -1.293534
518.630000   -1.277961
518.631000   -1.261657
518.632000   -1.244035
518.633000   -1.225220
518.634000   -1.206096
518.635000   -1.187772
518.636000   -1.171059
518.637000   -1.156329
518.638000   -1.143535
518.639000   -1.132230
518.640000   -1.121662
518.641000   -1.111130
518.642000   -1.100441
518.643000   -1.090222
518.644000   -1.081722
518.645000   -1.076113
518.646000   -1.074089
518.647000   -1.075851
518.648000   -1.081142
518.649000   -1.089285
518.650000   -1.099306
518.651000   -1.110271
518.652000   -1.121693
518.653000   -1.133624
518.654000   -1.146195
518.655000   -1.159243
518.656000   -1.172309
518.657000   -1.184736
518.658000   -1.195726
518.659000   -1.204423
518.660000   -1.210131
518.661000   -1.212640
518.662000   -1.212419
518.663000   -1.210409
518.664000   -1.207564
518.665000   -1.204630
518.666000   -1.202079
518.667000   -1.200062
518.668000   -1.198364
518.669000   -1.196502
518.670000   -1.194050
518.671000   -1.191034
518.672000   -1.187996
518.673000   -1.185572
518.674000   -1.184098
518.675000   -1.183565
518.676000   -1.183694
518.677000   -1.184009
518.678000   -1.183934
518.679000   -1.183005
518.680000   -1.181122
518.681000   -1.178645
518.682000   -1.176210
518.683000   -1.174362
518.684000   -1.173354
518.685000   -1.173150
518.686000   -1.173475
518.687000   -1.173871
518.688000   -1.173809
518.689000   -1.172851
518.690000   -1.170779
518.691000   -1.167689
518.692000   -1.163941
518.693000   -1.159888
518.694000   -1.155759
518.695000   -1.151684
518.696000   -1.147730
518.697000   -1.143915
518.698000   -1.140206
518.699000   -1.136509
518.700000   -1.132886
518.701000   -1.130036
518.702000   -1.129082
518.703000   -1.130902
518.704000   -1.135912
518.705000   -1.144136
518.706000   -1.155283
518.707000   -1.168779
518.708000   -1.183778
518.709000   -1.199292
518.710000   -1.214750
518.711000   -1.230448
518.712000   -1.246872
518.713000   -1.264114
518.714000   -1.281882
518.715000   -1.299667
518.716000   -1.316856
518.717000   -1.332795
518.718000   -1.346817
518.719000   -1.358400
518.720000   -1.367570
518.721000   -1.374842
518.722000   -1.380630
518.723000   -1.385047
518.724000   -1.387984
518.725000   -1.389239
518.726000   -1.388607
518.727000   -1.385970
518.728000   -1.381347
518.729000   -1.374961
518.730000   -1.367245
518.731000   -1.358653
518.732000   -1.349536
518.733000   -1.340159
518.734000   -1.330756
518.735000   -1.321564
518.736000   -1.312825
518.737000   -1.304744
518.738000   -1.297409
518.739000   -1.290870
518.740000   -1.285327
518.741000   -1.281008
518.742000   -1.277967
518.743000   -1.276072
518.744000   -1.275066
518.745000   -1.274617
518.746000   -1.274335
518.747000   -1.273760
518.748000   -1.272404
518.749000   -1.270019
518.750000   -1.266717
518.751000   -1.262725
518.752000   -1.258258
518.753000   -1.253541
518.754000   -1.248804
518.755000   -1.244234
518.756000   -1.239876
518.757000   -1.235535
518.758000   -1.230928
518.759000   -1.226171
518.760000   -1.221787
518.761000   -1.218302
518.762000   -1.216101
518.763000   -1.215439
518.764000   -1.216421
518.765000   -1.218937
518.766000   -1.222554
518.767000   -1.226544
518.768000   -1.230390
518.769000   -1.234240
518.770000   -1.238512
518.771000   -1.243535
518.772000   -1.249514
518.773000   -1.256528
518.774000   -1.264467
518.775000   -1.272912
518.776000   -1.281047
518.777000   -1.287954
518.778000   -1.293364
518.779000   -1.297713
518.780000   -1.301546
518.781000   -1.305287
518.782000   -1.309218
518.783000   -1.313446
518.784000   -1.317835
518.785000   -1.321919
518.786000   -1.324951
518.787000   -1.326319
518.788000   -1.325948
518.789000   -1.324148
518.790000   -1.321403
518.791000   -1.318299
518.792000   -1.315368
518.793000   -1.312954
518.794000   -1.311116
518.795000   -1.309568
518.796000   -1.307760
518.797000   -1.305233
518.798000   -1.301941
518.799000   -1.298253
518.800000   -1.294777
518.801000   -1.292081
518.802000   -1.290486
518.803000   -1.289981
518.804000   -1.290178
518.805000   -1.290329
518.806000   -1.289613
518.807000   -1.287580
518.808000   -1.284307
518.809000   -1.280303
518.810000   -1.276241
518.811000   -1.272651
518.812000   -1.269762
518.813000   -1.267441
518.814000   -1.265165
518.815000   -1.262134
518.816000   -1.257692
518.817000   -1.251686
518.818000   -1.244448
518.819000   -1.236611
518.820000   -1.228797
518.821000   -1.221382
518.822000   -1.214443
518.823000   -1.207742
518.824000   -1.200773
518.825000   -1.192964
518.826000   -1.183987
518.827000   -1.173848
518.828000   -1.162881
518.829000   -1.151625
518.830000   -1.140541
518.831000   -1.129843
518.832000   -1.119470
518.833000   -1.109083
518.834000   -1.098125
518.835000   -1.086029
518.836000   -1.072466
518.837000   -1.057568
518.838000   -1.041945
518.839000   -1.026357
518.840000   -1.011414
518.841000   -0.997484
518.842000   -0.984680
518.843000   -0.972856
518.844000   -0.961715
518.845000   -0.951000
518.846000   -0.940685
518.847000   -0.931224
518.848000   -0.923464
518.849000   -0.918196
518.850000   -0.915872
518.851000   -0.916596
518.852000   -0.920174
518.853000   -0.926153
518.854000   -0.933835
518.855000   -0.942365
518.856000   -0.951143
518.857000   -0.960258
518.858000   -0.970202
518.859000   -0.981363
518.860000   -0.993886
518.861000   -1.007722
518.862000   -1.022640
518.863000   -1.038144
518.864000   -1.053401
518.865000   -1.067536
518.866000   -1.080349
518.867000   -1.092442
518.868000   -1.104543
518.869000   -1.117083
518.870000   -1.130170
518.871000   -1.143638
518.872000   -1.157046
518.873000   -1.169676
518.874000   -1.180725
518.875000   -1.189862
518.876000   -1.197648
518.877000   -1.205049
518.878000   -1.212788
518.879000   -1.221181
518.880000   -1.230197
518.881000   -1.239508
518.882000   -1.248547
518.883000   -1.256591
518.884000   -1.262961
518.885000   -1.267440
518.886000   -1.270366
518.887000   -1.272104
518.888000   -1.272700
518.889000   -1.271918
518.890000   -1.269365
518.891000   -1.264569
518.892000   -1.257038
518.893000   -1.246345
518.894000   -1.232441
518.895000   -1.216029
518.896000   -1.198271
518.897000   -1.180237
518.898000   -1.162715
518.899000   -1.146220
518.900000   -1.131000
518.901000   -1.117018
518.902000   -1.103927
518.903000   -1.091242
518.904000   -1.078952
518.905000   -1.067823
518.906000   -1.058794
518.907000   -1.052482
518.908000   -1.049138
518.909000   -1.048715
518.910000   -1.050895
518.911000   -1.055057
518.912000   -1.060296
518.913000   -1.065907
518.914000   -1.072153
518.915000   -1.080056
518.916000   -1.090539
518.917000   -1.104076
518.918000   -1.120721
518.919000   -1.140174
518.920000   -1.161760
518.921000   -1.184344
518.922000   -1.206468
518.923000   -1.227123
518.924000   -1.246421
518.925000   -1.265002
518.926000   -1.283303
518.927000   -1.301445
518.928000   -1.319320
518.929000   -1.336619
518.930000   -1.352753
518.931000   -1.366846
518.932000   -1.378203
518.933000   -1.387179
518.934000   -1.395024
518.935000   -1.402951
518.936000   -1.411726
518.937000   -1.421674
518.938000   -1.432734
518.939000   -1.444440
518.940000   -1.455862
518.941000   -1.465733
518.942000   -1.473108
518.943000   -1.478018
518.944000   -1.481044
518.945000   -1.482609
518.946000   -1.482832
518.947000   -1.481622
518.948000   -1.478745
518.949000   -1.473816
518.950000   -1.466275
518.951000   -1.455604
518.952000   -1.441848
518.953000   -1.425699
518.954000   -1.407948
518.955000   -1.389168
518.956000   -1.369748
518.957000   -1.349954
518.958000   -1.329951
518.959000   -1.309782
518.960000   -1.289392
518.961000   -1.268807
518.962000   -1.248355
518.963000   -1.228533
518.964000   -1.209791
518.965000   -1.192507
518.966000   -1.177032
518.967000   -1.163670
518.968000   -1.152623
518.969000   -1.143913
518.970000   -1.137407
518.971000   -1.133048
518.972000   -1.131006
518.973000   -1.131521
518.974000   -1.134776
518.975000   -1.140866
518.976000   -1.149758
518.977000   -1.161217
518.978000   -1.174731
518.979000   -1.189510
518.980000   -1.204748
518.981000   -1.220019
518.982000   -1.235242
518.983000   -1.250410
518.984000   -1.265509
518.985000   -1.280508
518.986000   -1.295312
518.987000   -1.309677
518.988000   -1.323153
518.989000   -1.335183
518.990000   -1.345494
518.991000   -1.354276
518.992000   -1.361868
518.993000   -1.368524
518.994000   -1.374371
518.995000   -1.379409
518.996000   -1.383491
518.997000   -1.386290
518.998000   -1.387329
518.999000   -1.386279
519.000000   -1.383330
519.001000   -1.379026
519.001000   -1.379026
519.002000   -1.373901
519.003000   -1.368373
519.004000   -1.362731
519.005000   -1.357105
519.006000   -1.351404
519.007000   -1.345291
519.008000   -1.338308
519.009000   -1.330192
519.010000   -1.320952
519.011000   -1.310665
519.012000   -1.299411
519.013000   -1.287266
519.014000   -1.274278
519.015000   -1.260438
519.016000   -1.245676
519.017000   -1.229901
519.018000   -1.213118
519.019000   -1.195493
519.020000   -1.177272
519.021000   -1.158822
519.022000   -1.140668
519.023000   -1.123383
519.024000   -1.107476
519.025000   -1.093359
519.026000   -1.081343
519.027000   -1.071571
519.028000   -1.063842
519.029000   -1.057679
519.030000   -1.052784
519.031000   -1.049293
519.032000   -1.047572
519.033000   -1.047959
519.034000   -1.050693
519.035000   -1.055898
519.036000   -1.063488
519.037000   -1.072957
519.038000   -1.083443
519.039000   -1.094287
519.040000   -1.105430
519.041000   -1.117208
519.042000   -1.129964
519.043000   -1.143887
519.044000   -1.158972
519.045000   -1.174962
519.046000   -1.191288
519.047000   -1.207193
519.048000   -1.222099
519.049000   -1.235921
519.050000   -1.248919
519.051000   -1.261325
519.052000   -1.273184
519.053000   -1.284359
519.054000   -1.294545
519.055000   -1.303313
519.056000   -1.310253
519.057000   -1.315184
519.058000   -1.318305
519.059000   -1.320149
519.060000   -1.321280
519.061000   -1.322055
519.062000   -1.322549
519.063000   -1.322569
519.064000   -1.321694
519.065000   -1.319411
519.066000   -1.315322
519.067000   -1.309368
519.068000   -1.301959
519.069000   -1.293703
519.070000   -1.285049
519.071000   -1.276196
519.072000   -1.267130
519.073000   -1.257681
519.074000   -1.247592
519.075000   -1.236595
519.076000   -1.224501
519.077000   -1.211528
519.078000   -1.198431
519.079000   -1.186062
519.080000   -1.175027
519.081000   -1.165655
519.082000   -1.158061
519.083000   -1.152170
519.084000   -1.147641
519.085000   -1.143824
519.086000   -1.140180
519.087000   -1.136998
519.088000   -1.135160
519.089000   -1.135416
519.090000   -1.138169
519.091000   -1.143537
519.092000   -1.151379
519.093000   -1.161160
519.094000   -1.171812
519.095000   -1.182025
519.096000   -1.191250
519.097000   -1.200029
519.098000   -1.209116
519.099000   -1.218945
519.100000   -1.229622
519.101000   -1.240980
519.102000   -1.252506
519.103000   -1.263209
519.104000   -1.271743
519.105000   -1.277267
519.106000   -1.280273
519.107000   -1.281900
519.108000   -1.283055
519.109000   -1.284264
519.110000   -1.285786
519.111000   -1.287667
519.112000   -1.289690
519.113000   -1.291360
519.114000   -1.292184
519.115000   -1.292317
519.116000   -1.292469
519.117000   -1.293179
519.118000   -1.294556
519.119000   -1.296415
519.120000   -1.298439
519.121000   -1.300275
519.122000   -1.301523
519.123000   -1.301730
519.124000   -1.300568
519.125000   -1.298084
519.126000   -1.294509
519.127000   -1.290001
519.128000   -1.284664
519.129000   -1.278648
519.130000   -1.272169
519.131000   -1.265416
519.132000   -1.258404
519.133000   -1.250947
519.134000   -1.242984
519.135000   -1.234871
519.136000   -1.227097
519.137000   -1.220026
519.138000   -1.213919
519.139000   -1.208998
519.140000   -1.205405
519.141000   -1.203096
519.142000   -1.201738
519.143000   -1.200899
519.144000   -1.200608
519.145000   -1.201422
519.146000   -1.203915
519.147000   -1.208462
519.148000   -1.215240
519.149000   -1.224204
519.150000   -1.235012
519.151000   -1.246915
519.152000   -1.258822
519.153000   -1.269920
519.154000   -1.280336
519.155000   -1.290646
519.156000   -1.301178
519.157000   -1.311873
519.158000   -1.322381
519.159000   -1.332117
519.160000   -1.340222
519.161000   -1.345555
519.162000   -1.347189
519.163000   -1.345312
519.164000   -1.341025
519.165000   -1.335366
519.166000   -1.328981
519.167000   -1.322236
519.168000   -1.315292
519.169000   -1.308038
519.170000   -1.299999
519.171000   -1.290540
519.172000   -1.279584
519.173000   -1.267894
519.174000   -1.256405
519.175000   -1.245812
519.176000   -1.236553
519.177000   -1.228835
519.178000   -1.222596
519.179000   -1.217467
519.180000   -1.212807
519.181000   -1.208020
519.182000   -1.202974
519.183000   -1.197957
519.184000   -1.193417
519.185000   -1.189809
519.186000   -1.187456
519.187000   -1.186454
519.188000   -1.186652
519.189000   -1.187633
519.190000   -1.188787
519.191000   -1.189543
519.192000   -1.189621
519.193000   -1.189052
519.194000   -1.188080
519.195000   -1.186986
519.196000   -1.185969
519.197000   -1.185103
519.198000   -1.184291
519.199000   -1.183237
519.200000   -1.181598
519.201000   -1.179332
519.202000   -1.176833
519.203000   -1.174728
519.204000   -1.173626
519.205000   -1.173953
519.206000   -1.175915
519.207000   -1.179452
519.208000   -1.184212
519.209000   -1.189656
519.210000   -1.195396
519.211000   -1.201481
519.212000   -1.208248
519.213000   -1.215964
519.214000   -1.224637
519.215000   -1.234029
519.216000   -1.243696
519.217000   -1.253012
519.218000   -1.261263
519.219000   -1.267953
519.220000   -1.273159
519.221000   -1.277390
519.222000   -1.281049
519.223000   -1.284223
519.224000   -1.286803
519.225000   -1.288585
519.226000   -1.289300
519.227000   -1.288644
519.228000   -1.286449
519.229000   -1.282897
519.230000   -1.278483
519.231000   -1.273677
519.232000   -1.268766
519.233000   -1.263911
519.234000   -1.259206
519.235000   -1.254670
519.236000   -1.250250
519.237000   -1.245884
519.238000   -1.241638
519.239000   -1.237766
519.240000   -1.234627
519.241000   -1.232646
519.242000   -1.232213
519.243000   -1.233557
519.244000   -1.236699
519.245000   -1.241477
519.246000   -1.247592
519.247000   -1.254643
519.248000   -1.262156
519.249000   -1.269720
519.250000   -1.277322
519.251000   -1.285344
519.252000   -1.294146
519.253000   -1.303848
519.254000   -1.314349
519.255000   -1.325388
519.256000   -1.336598
519.257000   -1.347548
519.258000   -1.357851
519.259000   -1.367381
519.260000   -1.376328
519.261000   -1.384857
519.262000   -1.392884
519.263000   -1.400100
519.264000   -1.406071
519.265000   -1.410340
519.266000   -1.412537
519.267000   -1.412461
519.268000   -1.410110
519.269000   -1.405603
519.270000   -1.399061
519.271000   -1.390601
519.272000   -1.380374
519.273000   -1.368597
519.274000   -1.355573
519.275000   -1.341728
519.276000   -1.327633
519.277000   -1.313935
519.278000   -1.301167
519.279000   -1.289627
519.280000   -1.279449
519.281000   -1.270709
519.282000   -1.263457
519.283000   -1.257737
519.284000   -1.253601
519.285000   -1.251107
519.286000   -1.250272
519.287000   -1.251042
519.288000   -1.253316
519.289000   -1.256970
519.290000   -1.261857
519.291000   -1.267812
519.292000   -1.274662
519.293000   -1.282240
519.294000   -1.290413
519.295000   -1.299096
519.296000   -1.308225
519.297000   -1.317610
519.298000   -1.326819
519.299000   -1.335336
519.300000   -1.342759
519.301000   -1.348870
519.302000   -1.353611
519.303000   -1.357030
519.304000   -1.359207
519.305000   -1.360140
519.306000   -1.359702
519.307000   -1.357813
519.308000   -1.354612
519.309000   -1.350449
519.310000   -1.345799
519.311000   -1.341177
519.312000   -1.337033
519.313000   -1.333613
519.314000   -1.330840
519.315000   -1.328410
519.316000   -1.326214
519.317000   -1.324492
519.318000   -1.323528
519.319000   -1.323462
519.320000   -1.324276
519.321000   -1.325785
519.322000   -1.327568
519.323000   -1.328900
519.324000   -1.328857
519.325000   -1.326821
519.326000   -1.322868
519.327000   -1.317456
519.328000   -1.311012
519.329000   -1.303824
519.330000   -1.296035
519.331000   -1.287607
519.332000   -1.278262
519.333000   -1.267489
519.334000   -1.254792
519.335000   -1.240109
519.336000   -1.223822
519.337000   -1.206436
519.338000   -1.188438
519.339000   -1.170301
519.340000   -1.152453
519.341000   -1.135245
519.342000   -1.118927
519.343000   -1.103686
519.344000   -1.089766
519.345000   -1.077524
519.346000   -1.067338
519.347000   -1.059575
519.348000   -1.054595
519.349000   -1.052685
519.350000   -1.053993
519.351000   -1.058470
519.352000   -1.065842
519.353000   -1.075627
519.354000   -1.087200
519.355000   -1.099912
519.356000   -1.113273
519.357000   -1.127046
519.358000   -1.141123
519.359000   -1.155360
519.360000   -1.169492
519.361000   -1.183100
519.362000   -1.195634
519.363000   -1.206543
519.364000   -1.215480
519.365000   -1.222507
519.366000   -1.228175
519.367000   -1.233301
519.368000   -1.238624
519.369000   -1.244595
519.370000   -1.251293
519.371000   -1.258424
519.372000   -1.265465
519.373000   -1.271956
519.374000   -1.277697
519.375000   -1.282809
519.376000   -1.287626
519.377000   -1.292431
519.378000   -1.297270
519.379000   -1.301908
519.380000   -1.305855
519.381000   -1.308520
519.382000   -1.309525
519.383000   -1.308891
519.384000   -1.306935
519.385000   -1.304092
519.386000   -1.300732
519.387000   -1.296990
519.388000   -1.292671
519.389000   -1.287240
519.390000   -1.279931
519.391000   -1.270093
519.392000   -1.257509
519.393000   -1.242367
519.394000   -1.225111
519.395000   -1.206355
519.396000   -1.186719
519.397000   -1.166677
519.398000   -1.146485
519.399000   -1.126205
519.400000   -1.105876
519.401000   -1.085774
519.402000   -1.066445
519.403000   -1.048601
519.404000   -1.033129
519.405000   -1.020942
519.406000   -1.012660
519.407000   -1.008441
519.408000   -1.007993
519.409000   -1.010722
519.410000   -1.015971
519.411000   -1.023174
519.412000   -1.031858
519.413000   -1.041774
519.414000   -1.052999
519.415000   -1.065700
519.416000   -1.079874
519.417000   -1.095306
519.418000   -1.111658
519.419000   -1.128574
519.420000   -1.145705
519.421000   -1.162661
519.422000   -1.179169
519.423000   -1.195390
519.424000   -1.211795
519.425000   -1.228753
519.426000   -1.246342
519.427000   -1.264372
519.428000   -1.282475
519.429000   -1.300144
519.430000   -1.316708
519.431000   -1.331487
519.432000   -1.344305
519.433000   -1.355649
519.434000   -1.366148
519.435000   -1.376177
519.436000   -1.385829
519.437000   -1.395021
519.438000   -1.403559
519.439000   -1.411091
519.440000   -1.417095
519.441000   -1.421227
519.442000   -1.423726
519.443000   -1.425123
519.444000   -1.425706
519.445000   -1.425417
519.446000   -1.424006
519.447000   -1.421207
519.448000   -1.416771
519.449000   -1.410389
519.450000   -1.401745
519.451000   -1.390830
519.452000   -1.378037
519.453000   -1.363814
519.454000   -1.348461
519.455000   -1.332205
519.456000   -1.315333
519.457000   -1.298178
519.458000   -1.280963
519.459000   -1.263689
519.460000   -1.246307
519.461000   -1.229038
519.462000   -1.212301
519.463000   -1.196426
519.464000   -1.181611
519.465000   -1.168041
519.466000   -1.155897
519.467000   -1.145240
519.468000   -1.135863
519.469000   -1.127403
519.470000   -1.119806
519.471000   -1.113501
519.472000   -1.108998
519.473000   -1.106619
519.474000   -1.106531
519.475000   -1.108770
519.476000   -1.113153
519.477000   -1.119160
519.478000   -1.125987
519.479000   -1.133017
519.480000   -1.140256
519.481000   -1.148033
519.482000   -1.156562
519.483000   -1.165864
519.484000   -1.175830
519.485000   -1.186186
519.486000   -1.196423
519.487000   -1.205787
519.488000   -1.213578
519.489000   -1.219674
519.490000   -1.224554
519.491000   -1.228811
519.492000   -1.232875
519.493000   -1.236969
519.494000   -1.241072
519.495000   -1.244890
519.496000   -1.247862
519.497000   -1.249352
519.498000   -1.249097
519.499000   -1.247375
519.500000   -1.244611
519.501000   -1.241049
519.501000   -1.241049
519.502000   -1.236713
519.503000   -1.231478
519.504000   -1.225121
519.505000   -1.217340
519.506000   -1.207853
519.507000   -1.196641
519.508000   -1.184099
519.509000   -1.170836
519.510000   -1.157421
519.511000   -1.144322
519.512000   -1.131884
519.513000   -1.120268
519.514000   -1.109408
519.515000   -1.099022
519.516000   -1.088801
519.517000   -1.078681
519.518000   -1.068863
519.519000   -1.059660
519.520000   -1.051423
519.521000   -1.044449
519.522000   -1.038872
519.523000   -1.034609
519.524000   -1.031367
519.525000   -1.028757
519.526000   -1.026569
519.527000   -1.024936
519.528000   -1.024240
519.529000   -1.024929
519.530000   -1.027351
519.531000   -1.031639
519.532000   -1.037693
519.533000   -1.045198
519.534000   -1.053695
519.535000   -1.062755
519.536000   -1.072159
519.537000   -1.081866
519.538000   -1.091874
519.539000   -1.102139
519.540000   -1.112557
519.541000   -1.122952
519.542000   -1.133080
519.543000   -1.142628
519.544000   -1.151275
519.545000   -1.158807
519.546000   -1.165214
519.547000   -1.170736
519.548000   -1.175818
519.549000   -1.180912
519.550000   -1.186308
519.551000   -1.192056
519.552000   -1.197938
519.553000   -1.203504
519.554000   -1.208211
519.555000   -1.211624
519.556000   -1.213647
519.557000   -1.214592
519.558000   -1.214930
519.559000   -1.215017
519.560000   -1.215005
519.561000   -1.214844
519.562000   -1.214311
519.563000   -1.213073
519.564000   -1.210831
519.565000   -1.207536
519.566000   -1.203586
519.567000   -1.199683
519.568000   -1.196457
519.569000   -1.194267
519.570000   -1.193188
519.571000   -1.193048
519.572000   -1.193444
519.573000   -1.193791
519.574000   -1.193479
519.575000   -1.192241
519.576000   -1.190356
519.577000   -1.188345
519.578000   -1.186636
519.579000   -1.185476
519.580000   -1.184944
519.581000   -1.184936
519.582000   -1.185114
519.583000   -1.184940
519.584000   -1.184006
519.585000   -1.182477
519.586000   -1.180936
519.587000   -1.179882
519.588000   -1.179522
519.589000   -1.179798
519.590000   -1.180427
519.591000   -1.180907
519.592000   -1.180519
519.593000   -1.178573
519.594000   -1.174970
519.595000   -1.170410
519.596000   -1.165875
519.597000   -1.162184
519.598000   -1.159905
519.599000   -1.159375
519.600000   -1.160676
519.601000   -1.163577
519.602000   -1.167584
519.603000   -1.172350
519.604000   -1.178148
519.605000   -1.185625
519.606000   -1.195242
519.607000   -1.207074
519.608000   -1.220850
519.609000   -1.236023
519.610000   -1.251790
519.611000   -1.267135
519.612000   -1.281090
519.613000   -1.293226
519.614000   -1.303764
519.615000   -1.313142
519.616000   -1.321693
519.617000   -1.329579
519.618000   -1.336800
519.619000   -1.343183
519.620000   -1.348353
519.621000   -1.351810
519.622000   -1.353266
519.623000   -1.352952
519.624000   -1.351459
519.625000   -1.349400
519.626000   -1.347238
519.627000   -1.345222
519.628000   -1.343371
519.629000   -1.341450
519.630000   -1.338997
519.631000   -1.335603
519.632000   -1.331358
519.633000   -1.326935
519.634000   -1.323227
519.635000   -1.321025
519.636000   -1.320835
519.637000   -1.322812
519.638000   -1.326720
519.639000   -1.331909
519.640000   -1.337456
519.641000   -1.342583
519.642000   -1.347017
519.643000   -1.350902
519.644000   -1.354480
519.645000   -1.357843
519.646000   -1.360849
519.647000   -1.363116
519.648000   -1.364047
519.649000   -1.362899
519.650000   -1.359032
519.651000   -1.352256
519.652000   -1.342942
519.653000   -1.331827
519.654000   -1.319735
519.655000   -1.307367
519.656000   -1.295201
519.657000   -1.283463
519.658000   -1.272102
519.659000   -1.260845
519.660000   -1.249409
519.661000   -1.237786
519.662000   -1.226412
519.663000   -1.216042
519.664000   -1.207433
519.665000   -1.201115
519.666000   -1.197306
519.667000   -1.195873
519.668000   -1.196331
519.669000   -1.197960
519.670000   -1.200105
519.671000   -1.202531
519.672000   -1.205538
519.673000   -1.209685
519.674000   -1.215401
519.675000   -1.222820
519.676000   -1.231751
519.677000   -1.241684
519.678000   -1.251841
519.679000   -1.261310
519.680000   -1.269347
519.681000   -1.275736
519.682000   -1.280848
519.683000   -1.285260
519.684000   -1.289433
519.685000   -1.293635
519.686000   -1.297947
519.687000   -1.302251
519.688000   -1.306211
519.689000   -1.309361
519.690000   -1.311455
519.691000   -1.312832
519.692000   -1.314215
519.693000   -1.316252
519.694000   -1.319293
519.695000   -1.323373
519.696000   -1.328201
519.697000   -1.333121
519.698000   -1.337118
519.699000   -1.339141
519.700000   -1.338751
519.701000   -1.336320
519.702000   -1.332496
519.703000   -1.327753
519.704000   -1.322300
519.705000   -1.316100
519.706000   -1.308853
519.707000   -1.299987
519.708000   -1.288825
519.709000   -1.275107
519.710000   -1.259375
519.711000   -1.242593
519.712000   -1.225564
519.713000   -1.208753
519.714000   -1.192329
519.715000   -1.176224
519.716000   -1.160152
519.717000   -1.143671
519.718000   -1.126469
519.719000   -1.108792
519.720000   -1.091403
519.721000   -1.075097
519.722000   -1.060436
519.723000   -1.047750
519.724000   -1.037174
519.725000   -1.028640
519.726000   -1.021850
519.727000   -1.016388
519.728000   -1.012083
519.729000   -1.009264
519.730000   -1.008450
519.731000   -1.009992
519.732000   -1.013975
519.733000   -1.020240
519.734000   -1.028366
519.735000   -1.037651
519.736000   -1.047177
519.737000   -1.056191
519.738000   -1.064658
519.739000   -1.073184
519.740000   -1.082449
519.741000   -1.092910
519.742000   -1.104771
519.743000   -1.117989
519.744000   -1.132247
519.745000   -1.146916
519.746000   -1.161208
519.747000   -1.174751
519.748000   -1.188022
519.749000   -1.201895
519.750000   -1.217003
519.751000   -1.233555
519.752000   -1.251392
519.753000   -1.270036
519.754000   -1.288675
519.755000   -1.306181
519.756000   -1.321431
519.757000   -1.334035
519.758000   -1.344532
519.759000   -1.353718
519.760000   -1.362149
519.761000   -1.370089
519.762000   -1.377555
519.763000   -1.384302
519.764000   -1.389716
519.765000   -1.392887
519.766000   -1.393202
519.767000   -1.391034
519.768000   -1.387382
519.769000   -1.383105
519.770000   -1.378680
519.771000   -1.374245
519.772000   -1.369652
519.773000   -1.364433
519.774000   -1.357775
519.775000   -1.348786
519.776000   -1.337255
519.777000   -1.324054
519.778000   -1.310506
519.779000   -1.297707
519.780000   -1.286345
519.781000   -1.276753
519.782000   -1.268939
519.783000   -1.262572
519.784000   -1.256992
519.785000   -1.251529
519.786000   -1.246183
519.787000   -1.241788
519.788000   -1.239346
519.789000   -1.239504
519.790000   -1.242520
519.791000   -1.248353
519.792000   -1.256720
519.793000   -1.267077
519.794000   -1.278666
519.795000   -1.290863
519.796000   -1.303647
519.797000   -1.317447
519.798000   -1.332628
519.799000   -1.349270
519.800000   -1.367190
519.801000   -1.385981
519.802000   -1.404986
519.803000   -1.423272
519.804000   -1.439797
519.805000   -1.453932
519.806000   -1.465800
519.807000   -1.475940
519.808000   -1.484871
519.809000   -1.492933
519.810000   -1.500280
519.811000   -1.506863
519.812000   -1.512386
519.813000   -1.516311
519.814000   -1.518166
519.815000   -1.518125
519.816000   -1.517098
519.817000   -1.516170
519.818000   -1.516153
519.819000   -1.517483
519.820000   -1.520220
519.821000   -1.524054
519.822000   -1.528302
519.823000   -1.532036
519.824000   -1.534529
519.825000   -1.535665
519.826000   -1.535744
519.827000   -1.535047
519.828000   -1.533675
519.829000   -1.531560
519.830000   -1.528475
519.831000   -1.523979
519.832000   -1.517404
519.833000   -1.508139
519.834000   -1.496207
519.835000   -1.482391
519.836000   -1.467702
519.837000   -1.452985
519.838000   -1.438813
519.839000   -1.425484
519.840000   -1.412978
519.841000   -1.400897
519.842000   -1.388547
519.843000   -1.375444
519.844000   -1.361958
519.845000   -1.349190
519.846000   -1.338280
519.847000   -1.329993
519.848000   -1.324666
519.849000   -1.322250
519.850000   -1.322309
519.851000   -1.324002
519.852000   -1.326266
519.853000   -1.328450
519.854000   -1.330893
519.855000   -1.334470
519.856000   -1.339817
519.857000   -1.347089
519.858000   -1.356045
519.859000   -1.366124
519.860000   -1.376452
519.861000   -1.385884
519.862000   -1.393369
519.863000   -1.398589
519.864000   -1.401996
519.865000   -1.404173
519.866000   -1.405474
519.867000   -1.406030
519.868000   -1.405804
519.869000   -1.404580
519.870000   -1.401908
519.871000   -1.397194
519.872000   -1.390169
519.873000   -1.381339
519.874000   -1.371624
519.875000   -1.361759
519.876000   -1.352091
519.877000   -1.342646
519.878000   -1.333209
519.879000   -1.323326
519.880000   -1.312313
519.881000   -1.299482
519.882000   -1.284755
519.883000   -1.268907
519.884000   -1.253000
519.885000   -1.237874
519.886000   -1.224062
519.887000   -1.211860
519.888000   -1.201338
519.889000   -1.192277
519.890000   -1.184106
519.891000   -1.176189
519.892000   -1.168383
519.893000   -1.160994
519.894000   -1.154281
519.895000   -1.148259
519.896000   -1.142751
519.897000   -1.137451
519.898000   -1.131867
519.899000   -1.125236
519.900000   -1.116737
519.901000   -1.106189
519.902000   -1.094338
519.903000   -1.082296
519.904000   -1.071048
519.905000   -1.061340
519.906000   -1.053696
519.907000   -1.048372
519.908000   -1.045259
519.909000   -1.043865
519.910000   -1.043633
519.911000   -1.044514
519.912000   -1.047047
519.913000   -1.051806
519.914000   -1.059045
519.915000   -1.068699
519.916000   -1.080477
519.917000   -1.093880
519.918000   -1.108150
519.919000   -1.122276
519.920000   -1.135335
519.921000   -1.146999
519.922000   -1.157448
519.923000   -1.166924
519.924000   -1.175569
519.925000   -1.183473
519.926000   -1.190698
519.927000   -1.197190
519.928000   -1.202674
519.929000   -1.206707
519.930000   -1.209065
519.931000   -1.210083
519.932000   -1.210428
519.933000   -1.210710
519.934000   -1.211348
519.935000   -1.212584
519.936000   -1.214488
519.937000   -1.216953
519.938000   -1.219687
519.939000   -1.222371
519.940000   -1.225118
519.941000   -1.228673
519.942000   -1.233924
519.943000   -1.241461
519.944000   -1.251489
519.945000   -1.263893
519.946000   -1.278298
519.947000   -1.294072
519.948000   -1.310342
519.949000   -1.326243
519.950000   -1.341393
519.951000   -1.355938
519.952000   -1.370096
519.953000   -1.383928
519.954000   -1.397351
519.955000   -1.410182
519.956000   -1.422129
519.957000   -1.432767
519.958000   -1.441650
519.959000   -1.448649
519.960000   -1.454138
519.961000   -1.458698
