516.968000   -1.405372
516.969000   -1.398107
516.970000   -1.391862
516.971000   -1.386756
516.972000   -1.382972
516.973000   -1.380754
516.974000   -1.380334
516.975000   -1.381808
516.976000   -1.385086
516.977000   -1.389959
516.978000   -1.396187
516.979000   -1.403454
516.980000   -1.411343
516.981000   -1.419409
516.982000   -1.427301
516.983000   -1.434808
516.984000   -1.441836
516.985000   -1.448349
516.986000   -1.454301
516.987000   -1.459536
516.988000   -1.463766
516.989000   -1.466697
516.990000   -1.468219
516.991000   -1.468507
516.992000   -1.468001
516.993000   -1.467296
516.994000   -1.466984
516.995000   -1.467485
516.996000   -1.468929
516.997000   -1.471177
516.998000   -1.473991
516.999000   -1.477223
517.000000   -1.480922
517.001000   -1.485308
517.001000   -1.485308
517.002000   -1.490649
517.003000   -1.497124
517.004000   -1.504727
517.005000   -1.513215
517.006000   -1.522110
517.007000   -1.530795
517.008000   -1.538725
517.009000   -1.545640
517.010000   -1.551643
517.011000   -1.557104
517.012000   -1.562497
517.013000   -1.568278
517.014000   -1.574750
517.015000   -1.581874
517.016000   -1.589184
517.017000   -1.595994
517.018000   -1.601751
517.019000   -1.606277
517.020000   -1.609788
517.021000   -1.612762
517.022000   -1.615791
517.023000   -1.619374
517.024000   -1.623526
517.025000   -1.627505
517.026000   -1.630153
517.027000   -1.630542
517.028000   -1.628395
517.029000   -1.624087
517.030000   -1.618403
517.031000   -1.612279
517.032000   -1.606550
517.033000   -1.601626
517.034000   -1.597332
517.035000   -1.593148
517.036000   -1.588649
517.037000   -1.583801
517.038000   -1.578982
517.039000   -1.574792
517.040000   -1.571842
517.041000   -1.570620
517.042000   -1.571380
517.043000   -1.573989
517.044000   -1.577835
517.045000   -1.582013
517.046000   -1.585742
517.047000   -1.588720
517.048000   -1.591170
517.049000   -1.593621
517.050000   -1.596666
517.051000   -1.600782
517.052000   -1.606096
517.053000   -1.612209
517.054000   -1.618343
517.055000   -1.623809
517.056000   -1.628414
517.057000   -1.632503
517.058000   -1.636642
517.059000   -1.641309
517.060000   -1.646716
517.061000   -1.652724
517.062000   -1.658823
517.063000   -1.664250
517.064000   -1.668257
517.065000   -1.670412
517.066000   -1.670743
517.067000   -1.669567
517.068000   -1.667207
517.069000   -1.663810
517.070000   -1.659310
517.071000   -1.653473
517.072000   -1.645983
517.073000   -1.636529
517.074000   -1.624977
517.075000   -1.611576
517.076000   -1.596927
517.077000   -1.581704
517.078000   -1.566413
517.079000   -1.551329
517.080000   -1.536550
517.081000   -1.522046
517.082000   -1.507664
517.083000   -1.493247
517.084000   -1.478927
517.085000   -1.465281
517.086000   -1.453115
517.087000   -1.443121
517.088000   -1.435697
517.089000   -1.430882
517.090000   -1.428324
517.091000   -1.427295
517.092000   -1.426863
517.093000   -1.426270
517.094000   -1.425269
517.095000   -1.424050
517.096000   -1.422903
517.097000   -1.421987
517.098000   -1.421253
517.099000   -1.420421
517.100000   -1.418982
517.101000   -1.416293
517.102000   -1.411870
517.103000   -1.405788
517.104000   -1.398772
517.105000   -1.391854
517.106000   -1.385986
517.107000   -1.381822
517.108000   -1.379616
517.109000   -1.379185
517.110000   -1.379962
517.111000   -1.381251
517.112000   -1.382685
517.113000   -1.384548
517.114000   -1.387589
517.115000   -1.392576
517.116000   -1.400008
517.117000   -1.409956
517.118000   -1.422000
517.119000   -1.435242
517.120000   -1.448490
517.121000   -1.460633
517.122000   -1.471128
517.123000   -1.480156
517.124000   -1.488309
517.125000   -1.496171
517.126000   -1.504022
517.127000   -1.511632
517.128000   -1.518243
517.129000   -1.522771
517.130000   -1.524135
517.131000   -1.521712
517.132000   -1.515636
517.133000   -1.506654
517.134000   -1.495709
517.135000   -1.483593
517.136000   -1.470720
517.137000   -1.457045
517.138000   -1.442164
517.139000   -1.425542
517.140000   -1.406889
517.141000   -1.386575
517.142000   -1.365682
517.143000   -1.345613
517.144000   -1.327654
517.145000   -1.312665
517.146000   -1.300898
517.147000   -1.292045
517.148000   -1.285453
517.149000   -1.280475
517.150000   -1.276883
517.151000   -1.275065
517.152000   -1.275749
517.153000   -1.279568
517.154000   -1.286759
517.155000   -1.297026
517.156000   -1.309587
517.157000   -1.323364
517.158000   -1.337222
517.159000   -1.350290
517.160000   -1.362270
517.161000   -1.373396
517.162000   -1.384067
517.163000   -1.394514
517.164000   -1.404673
517.165000   -1.414226
517.166000   -1.422726
517.167000   -1.429699
517.168000   -1.434836
517.169000   -1.438250
517.170000   -1.440547
517.171000   -1.442562
517.172000   -1.445038
517.173000   -1.448491
517.174000   -1.453203
517.175000   -1.459198
517.176000   -1.466187
517.177000   -1.473623
517.178000   -1.480986
517.179000   -1.488124
517.180000   -1.495284
517.181000   -1.502828
517.182000   -1.510989
517.183000   -1.519752
517.184000   -1.528782
517.185000   -1.537436
517.186000   -1.544885
517.187000   -1.550388
517.188000   -1.553645
517.189000   -1.554931
517.190000   -1.554863
517.191000   -1.554092
517.192000   -1.553071
517.193000   -1.551923
517.194000   -1.550435
517.195000   -1.548163
517.196000   -1.544624
517.197000   -1.539593
517.198000   -1.533359
517.199000   -1.526624
517.200000   -1.520167
517.201000   -1.514555
517.202000   -1.510008
517.203000   -1.506403
517.204000   -1.503353
517.205000   -1.500350
517.206000   -1.497036
517.207000   -1.493509
517.208000   -1.490347
517.209000   -1.488320
517.210000   -1.488075
517.211000   -1.489971
517.212000   -1.494001
517.213000   -1.499788
517.214000   -1.506689
517.215000   -1.514024
517.216000   -1.521416
517.217000   -1.529008
517.218000   -1.537329
517.219000   -1.546963
517.220000   -1.558258
517.221000   -1.571124
517.222000   -1.585001
517.223000   -1.599018
517.224000   -1.612254
517.225000   -1.624048
517.226000   -1.634263
517.227000   -1.643229
517.228000   -1.651418
517.229000   -1.659141
517.230000   -1.666400
517.231000   -1.672912
517.232000   -1.678222
517.233000   -1.681857
517.234000   -1.683549
517.235000   -1.683461
517.236000   -1.682147
517.237000   -1.680242
517.238000   -1.678213
517.239000   -1.676323
517.240000   -1.674707
517.241000   -1.673378
517.242000   -1.672175
517.243000   -1.670818
517.244000   -1.669131
517.245000   -1.667192
517.246000   -1.665216
517.247000   -1.663338
517.248000   -1.661575
517.249000   -1.659915
517.250000   -1.658343
517.251000   -1.656750
517.252000   -1.654912
517.253000   -1.652648
517.254000   -1.649998
517.255000   -1.647188
517.256000   -1.644428
517.257000   -1.641820
517.258000   -1.639450
517.259000   -1.637436
517.260000   -1.635834
517.261000   -1.634543
517.262000   -1.633362
517.263000   -1.632149
517.264000   -1.630883
517.265000   -1.629540
517.266000   -1.628017
517.267000   -1.626240
517.268000   -1.624268
517.269000   -1.622186
517.270000   -1.619914
517.271000   -1.617183
517.272000   -1.613709
517.273000   -1.609375
517.274000   -1.604207
517.275000   -1.598243
517.276000   -1.591554
517.277000   -1.584373
517.278000   -1.577027
517.279000   -1.569729
517.280000   -1.562480
517.281000   -1.555176
517.282000   -1.547822
517.283000   -1.540603
517.284000   -1.533760
517.285000   -1.527477
517.286000   -1.521903
517.287000   -1.517172
517.288000   -1.513291
517.289000   -1.510045
517.290000   -1.507061
517.291000   -1.503974
517.292000   -1.500549
517.293000   -1.496646
517.294000   -1.492128
517.295000   -1.486869
517.296000   -1.480834
517.297000   -1.474050
517.298000   -1.466521
517.299000   -1.458225
517.300000   -1.449224
517.301000   -1.439774
517.302000   -1.430275
517.303000   -1.421124
517.304000   -1.412662
517.305000   -1.405234
517.306000   -1.399156
517.307000   -1.394540
517.308000   -1.391208
517.309000   -1.388799
517.310000   -1.387017
517.311000   -1.385791
517.312000   -1.385224
517.313000   -1.385462
517.314000   -1.386641
517.315000   -1.388829
517.316000   -1.391927
517.317000   -1.395645
517.318000   -1.399626
517.319000   -1.403676
517.320000   -1.407926
517.321000   -1.412760
517.322000   -1.418580
517.323000   -1.425608
517.324000   -1.433792
517.325000   -1.442799
517.326000   -1.452077
517.327000   -1.460986
517.328000   -1.469008
517.329000   -1.475918
517.330000   -1.481755
517.331000   -1.486622
517.332000   -1.490527
517.333000   -1.493370
517.334000   -1.494979
517.335000   -1.495103
517.336000   -1.493440
517.337000   -1.489777
517.338000   -1.484156
517.339000   -1.476921
517.340000   -1.468564
517.341000   -1.459573
517.342000   -1.450409
517.343000   -1.441488
517.344000   -1.433077
517.345000   -1.425218
517.346000   -1.417799
517.347000   -1.410745
517.348000   -1.404169
517.349000   -1.398352
517.350000   -1.393591
517.351000   -1.390072
517.352000   -1.387787
517.353000   -1.386492
517.354000   -1.385745
517.355000   -1.385044
517.356000   -1.384025
517.357000   -1.382614
517.358000   -1.381024
517.359000   -1.379594
517.360000   -1.378586
517.361000   -1.378037
517.362000   -1.377719
517.363000   -1.377225
517.364000   -1.376124
517.365000   -1.374142
517.366000   -1.371319
517.367000   -1.368035
517.368000   -1.364882
517.369000   -1.362459
517.370000   -1.361173
517.371000   -1.361121
517.372000   -1.362122
517.373000   -1.363851
517.374000   -1.366018
517.375000   -1.368547
517.376000   -1.371653
517.377000   -1.375769
517.378000   -1.381373
517.379000   -1.388768
517.380000   -1.397868
517.381000   -1.408130
517.382000   -1.418745
517.383000   -1.428908
517.384000   -1.438063
517.385000   -1.446056
517.386000   -1.453118
517.387000   -1.459722
517.388000   -1.466348
517.389000   -1.473168
517.390000   -1.479851
517.391000   -1.485734
517.392000   -1.490157
517.393000   -1.492733
517.394000   -1.493481
517.395000   -1.492812
517.396000   -1.491389
517.397000   -1.489907
517.398000   -1.488808
517.399000   -1.488004
517.400000   -1.486901
517.401000   -1.484714
517.402000   -1.480806
517.403000   -1.474906
517.404000   -1.467190
517.405000   -1.458191
517.406000   -1.448632
517.407000   -1.439196
517.408000   -1.430246
517.409000   -1.421663
517.410000   -1.413035
517.411000   -1.403994
517.412000   -1.394473
517.413000   -1.384818
517.414000   -1.375682
517.415000   -1.367813
517.416000   -1.361826
517.417000   -1.358007
517.418000   -1.356194
517.419000   -1.355864
517.420000   -1.356357
517.421000   -1.357122
517.422000   -1.357901
517.423000   -1.358768
517.424000   -1.360022
517.425000   -1.362035
517.426000   -1.365086
517.427000   -1.369209
517.428000   -1.374114
517.429000   -1.379303
517.430000   -1.384302
517.431000   -1.388894
517.432000   -1.393242
517.433000   -1.397823
517.434000   -1.403235
517.435000   -1.409976
517.436000   -1.418219
517.437000   -1.427696
517.438000   -1.437827
517.439000   -1.447983
517.440000   -1.457753
517.441000   -1.467111
517.442000   -1.476375
517.443000   -1.486032
517.444000   -1.496513
517.445000   -1.507978
517.446000   -1.520155
517.447000   -1.532365
517.448000   -1.543767
517.449000   -1.553662
517.450000   -1.561734
517.451000   -1.568101
517.452000   -1.573179
517.453000   -1.577474
517.454000   -1.581362
517.455000   -1.584862
517.456000   -1.587586
517.457000   -1.588940
517.458000   -1.588443
517.459000   -1.586013
517.460000   -1.582082
517.461000   -1.577453
517.462000   -1.573038
517.463000   -1.569581
517.464000   -1.567382
517.465000   -1.566163
517.466000   -1.565217
517.467000   -1.563760
517.468000   -1.561318
517.469000   -1.557977
517.470000   -1.554274
517.471000   -1.550881
517.472000   -1.548322
517.473000   -1.546809
517.474000   -1.546156
517.475000   -1.545837
517.476000   -1.545171
517.477000   -1.543618
517.478000   -1.541096
517.479000   -1.538064
517.480000   -1.535279
517.481000   -1.533471
517.482000   -1.533133
517.483000   -1.534396
517.484000   -1.536983
517.485000   -1.540292
517.486000   -1.543611
517.487000   -1.546439
517.488000   -1.548718
517.489000   -1.550741
517.490000   -1.552868
517.491000   -1.555299
517.492000   -1.557964
517.493000   -1.560508
517.494000   -1.562381
517.495000   -1.562994
517.496000   -1.561960
517.497000   -1.559306
517.498000   -1.555442
517.499000   -1.550902
517.500000   -1.546119
517.501000   -1.541361
517.501000   -1.541361
517.502000   -1.536772
517.503000   -1.532404
517.504000   -1.528205
517.505000   -1.524124
517.506000   -1.520280
517.507000   -1.516993
517.508000   -1.514582
517.509000   -1.513178
517.510000   -1.512706
517.511000   -1.512989
517.512000   -1.513777
517.513000   -1.514661
517.514000   -1.515120
517.515000   -1.514769
517.516000   -1.513562
517.517000   -1.511739
517.518000   -1.509618
517.519000   -1.507457
517.520000   -1.505400
517.521000   -1.503405
517.522000   -1.501201
517.523000   -1.498400
517.524000   -1.494759
517.525000   -1.490412
517.526000   -1.485851
517.527000   -1.481683
517.528000   -1.478414
517.529000   -1.476292
517.530000   -1.475227
517.531000   -1.474820
517.532000   -1.474516
517.533000   -1.473858
517.534000   -1.472773
517.535000   -1.471630
517.536000   -1.470970
517.537000   -1.471215
517.538000   -1.472539
517.539000   -1.474902
517.540000   -1.478114
517.541000   -1.481833
517.542000   -1.485629
517.543000   -1.489218
517.544000   -1.492670
517.545000   -1.496308
517.546000   -1.500424
517.547000   -1.505112
517.548000   -1.510306
517.549000   -1.515849
517.550000   -1.521462
517.551000   -1.526705
517.552000   -1.531112
517.553000   -1.534435
517.554000   -1.536740
517.555000   -1.538235
517.556000   -1.539051
517.557000   -1.539158
517.558000   -1.538385
517.559000   -1.536446
517.560000   -1.532962
517.561000   -1.527560
517.562000   -1.520052
517.563000   -1.510577
517.564000   -1.499519
517.565000   -1.487309
517.566000   -1.474303
517.567000   -1.460809
517.568000   -1.447129
517.569000   -1.433524
517.570000   -1.420190
517.571000   -1.407367
517.572000   -1.395472
517.573000   -1.385047
517.574000   -1.376533
517.575000   -1.370116
517.576000   -1.365808
517.577000   -1.363558
517.578000   -1.363197
517.579000   -1.364335
517.580000   -1.366418
517.581000   -1.368945
517.582000   -1.371630
517.583000   -1.374344
517.584000   -1.376973
517.585000   -1.379396
517.586000   -1.381508
517.587000   -1.383167
517.588000   -1.384126
517.589000   -1.384093
517.590000   -1.382955
517.591000   -1.380973
517.592000   -1.378732
517.593000   -1.376890
517.594000   -1.375954
517.595000   -1.376174
517.596000   -1.377537
517.597000   -1.379819
517.598000   -1.382679
517.599000   -1.385852
517.600000   -1.389361
517.601000   -1.393517
517.602000   -1.398679
517.603000   -1.405053
517.604000   -1.412681
517.605000   -1.421514
517.606000   -1.431392
517.607000   -1.441997
517.608000   -1.452949
517.609000   -1.464016
517.610000   -1.475204
517.611000   -1.486586
517.612000   -1.498095
517.613000   -1.509543
517.614000   -1.520749
517.615000   -1.531515
517.616000   -1.541511
517.617000   -1.550304
517.618000   -1.557543
517.619000   -1.563123
517.620000   -1.567149
517.621000   -1.569758
517.622000   -1.571071
517.623000   -1.571274
517.624000   -1.570604
517.625000   -1.569215
517.626000   -1.567134
517.627000   -1.564343
517.628000   -1.560933
517.629000   -1.557145
517.630000   -1.553280
517.631000   -1.549588
517.632000   -1.546238
517.633000   -1.543276
517.634000   -1.540565
517.635000   -1.537812
517.636000   -1.534720
517.637000   -1.531195
517.638000   -1.527459
517.639000   -1.523950
517.640000   -1.521133
517.641000   -1.519337
517.642000   -1.518661
517.643000   -1.518929
517.644000   -1.519736
517.645000   -1.520583
517.646000   -1.521108
517.647000   -1.521294
517.648000   -1.521475
517.649000   -1.522133
517.650000   -1.523617
517.651000   -1.525892
517.652000   -1.528483
517.653000   -1.530653
517.654000   -1.531644
517.655000   -1.530944
517.656000   -1.528513
517.657000   -1.524839
517.658000   -1.520751
517.659000   -1.517063
517.660000   -1.514171
517.661000   -1.511951
517.662000   -1.509997
517.663000   -1.507871
517.664000   -1.505310
517.665000   -1.502390
517.666000   -1.499579
517.667000   -1.497556
517.668000   -1.496868
517.669000   -1.497583
517.670000   -1.499241
517.671000   -1.501108
517.672000   -1.502444
517.673000   -1.502675
517.674000   -1.501556
517.675000   -1.499209
517.676000   -1.495987
517.677000   -1.492251
517.678000   -1.488241
517.679000   -1.484114
517.680000   -1.479985
517.681000   -1.475891
517.682000   -1.471786
517.683000   -1.467616
517.684000   -1.463389
517.685000   -1.459155
517.686000   -1.454909
517.687000   -1.450558
517.688000   -1.446001
517.689000   -1.441161
517.690000   -1.435924
517.691000   -1.430118
517.692000   -1.423618
517.693000   -1.416469
517.694000   -1.408908
517.695000   -1.401256
517.696000   -1.393804
517.697000   -1.386770
517.698000   -1.380323
517.699000   -1.374548
517.700000   -1.369429
517.701000   -1.364932
517.702000   -1.361109
517.703000   -1.358097
517.704000   -1.356004
517.705000   -1.354791
517.706000   -1.354263
517.707000   -1.354188
517.708000   -1.354373
517.709000   -1.354675
517.710000   -1.355062
517.711000   -1.355700
517.712000   -1.356932
517.713000   -1.359112
517.714000   -1.362444
517.715000   -1.366943
517.716000   -1.372560
517.717000   -1.379284
517.718000   -1.387053
517.719000   -1.395678
517.720000   -1.404947
517.721000   -1.414728
517.722000   -1.424929
517.723000   -1.435368
517.724000   -1.445704
517.725000   -1.455503
517.726000   -1.464331
517.727000   -1.471769
517.728000   -1.477423
517.729000   -1.481076
517.730000   -1.482856
517.731000   -1.483206
517.732000   -1.482683
517.733000   -1.481751
517.734000   -1.480683
517.735000   -1.479599
517.736000   -1.478532
517.737000   -1.477423
517.738000   -1.476166
517.739000   -1.474759
517.740000   -1.473394
517.741000   -1.472366
517.742000   -1.471902
517.743000   -1.472042
517.744000   -1.472622
517.745000   -1.473299
517.746000   -1.473559
517.747000   -1.472808
517.748000   -1.470607
517.749000   -1.466910
517.750000   -1.462075
517.751000   -1.456638
517.752000   -1.451088
517.753000   -1.445715
517.754000   -1.440528
517.755000   -1.435205
517.756000   -1.429178
517.757000   -1.421893
517.758000   -1.413143
517.759000   -1.403212
517.760000   -1.392708
517.761000   -1.382293
517.762000   -1.372494
517.763000   -1.363594
517.764000   -1.355586
517.765000   -1.348220
517.766000   -1.341202
517.767000   -1.334500
517.768000   -1.328544
517.769000   -1.324093
517.770000   -1.321889
517.771000   -1.322414
517.772000   -1.325819
517.773000   -1.331965
517.774000   -1.340502
517.775000   -1.350906
517.776000   -1.362577
517.777000   -1.375058
517.778000   -1.388134
517.779000   -1.401678
517.780000   -1.415436
517.781000   -1.429001
517.782000   -1.441909
517.783000   -1.453749
517.784000   -1.464126
517.785000   -1.472625
517.786000   -1.478968
517.787000   -1.483279
517.788000   -1.486060
517.789000   -1.487915
517.790000   -1.489332
517.791000   -1.490667
517.792000   -1.492187
517.793000   -1.494040
517.794000   -1.496139
517.795000   -1.498183
517.796000   -1.499964
517.797000   -1.501656
517.798000   -1.503702
517.799000   -1.506479
517.800000   -1.510122
517.801000   -1.514546
517.802000   -1.519481
517.803000   -1.524453
517.804000   -1.528800
517.805000   -1.531942
517.806000   -1.533813
517.807000   -1.534965
517.808000   -1.536166
517.809000   -1.538009
517.810000   -1.540789
517.811000   -1.544511
517.812000   -1.548875
517.813000   -1.553264
517.814000   -1.556864
517.815000   -1.559041
517.816000   -1.559728
517.817000   -1.559341
517.818000   -1.558389
517.819000   -1.557210
517.820000   -1.555898
517.821000   -1.554287
517.822000   -1.551963
517.823000   -1.548351
517.824000   -1.543008
517.825000   -1.536052
517.826000   -1.528241
517.827000   -1.520570
517.828000   -1.513868
517.829000   -1.508652
517.830000   -1.505152
517.831000   -1.503318
517.832000   -1.502821
517.833000   -1.503163
517.834000   -1.503961
517.835000   -1.505167
517.836000   -1.506943
517.837000   -1.509397
517.838000   -1.512488
517.839000   -1.516056
517.840000   -1.519798
517.841000   -1.523216
517.842000   -1.525647
517.843000   -1.526478
517.844000   -1.525454
517.845000   -1.522774
517.846000   -1.518870
517.847000   -1.514197
517.848000   -1.509181
517.849000   -1.504160
517.850000   -1.499282
517.851000   -1.494451
517.852000   -1.489425
517.853000   -1.484068
517.854000   -1.478545
517.855000   -1.473256
517.856000   -1.468646
517.857000   -1.465099
517.858000   -1.462852
517.859000   -1.461889
517.860000   -1.461886
517.861000   -1.462289
517.862000   -1.462562
517.863000   -1.462486
517.864000   -1.462204
517.865000   -1.461974
517.866000   -1.461938
517.867000   -1.462042
517.868000   -1.462051
517.869000   -1.461547
517.870000   -1.459987
517.871000   -1.456865
517.872000   -1.451981
517.873000   -1.445612
517.874000   -1.438374
517.875000   -1.430947
517.876000   -1.423900
517.877000   -1.417607
517.878000   -1.412182
517.879000   -1.407456
517.880000   -1.403060
517.881000   -1.398666
517.882000   -1.394320
517.883000   -1.390517
517.884000   -1.387892
517.885000   -1.386869
517.886000   -1.387486
517.887000   -1.389426
517.888000   -1.392115
517.889000   -1.394813
517.890000   -1.396757
517.891000   -1.397407
517.892000   -1.396686
517.893000   -1.394936
517.894000   -1.392637
517.895000   -1.390148
517.896000   -1.387600
517.897000   -1.384907
517.898000   -1.381821
517.899000   -1.377992
517.900000   -1.373120
517.901000   -1.367180
517.902000   -1.360548
517.903000   -1.353829
517.904000   -1.347547
517.905000   -1.341999
517.906000   -1.337253
517.907000   -1.333192
517.908000   -1.329542
517.909000   -1.325946
517.910000   -1.322114
517.911000   -1.317974
517.912000   -1.313701
517.913000   -1.309606
517.914000   -1.306003
517.915000   -1.303124
517.916000   -1.301035
517.917000   -1.299626
517.918000   -1.298674
517.919000   -1.297969
517.920000   -1.297449
517.921000   -1.297259
517.922000   -1.297637
517.923000   -1.298750
517.924000   -1.300604
517.925000   -1.303069
517.926000   -1.305897
517.927000   -1.308755
517.928000   -1.311305
517.929000   -1.313295
517.930000   -1.314591
517.931000   -1.315124
517.932000   -1.314836
517.933000   -1.313765
517.934000   -1.312136
517.935000   -1.310237
517.936000   -1.308262
517.937000   -1.306306
517.938000   -1.304439
517.939000   -1.302759
517.940000   -1.301362
517.941000   -1.300292
517.942000   -1.299625
517.943000   -1.299663
517.944000   -1.300879
517.945000   -1.303669
517.946000   -1.308240
517.947000   -1.314650
517.948000   -1.322870
517.949000   -1.332776
517.950000   -1.344117
517.951000   -1.356544
517.952000   -1.369754
517.953000   -1.383490
517.954000   -1.397361
517.955000   -1.410801
517.956000   -1.423197
517.957000   -1.434023
517.958000   -1.442907
517.959000   -1.449609
517.960000   -1.453961
517.961000   -1.455839
517.962000   -1.455175
517.963000   -1.451997
517.964000   -1.446487
517.965000   -1.439038
517.966000   -1.430262
517.967000   -1.420915
517.968000   -1.411730
517.969000   -1.403256
517.970000   -1.395849
517.971000   -1.389841
517.972000   -1.385607
517.973000   -1.383432
517.974000   -1.383444
517.975000   -1.385654
517.976000   -1.389966
517.977000   -1.396112
517.978000   -1.403589
517.979000   -1.411699
517.980000   -1.419782
517.981000   -1.427427
517.982000   -1.434428
517.983000   -1.440727
517.984000   -1.446462
517.985000   -1.451961
517.986000   -1.457625
517.987000   -1.463773
517.988000   -1.470543
517.989000   -1.477937
517.990000   -1.485991
517.991000   -1.494805
517.992000   -1.504438
517.993000   -1.514910
517.994000   -1.526271
517.995000   -1.538570
517.996000   -1.551744
517.997000   -1.565542
517.998000   -1.579523
517.999000   -1.593116
518.000000   -1.605676
518.001000   -1.616568
518.001000   -1.616568
518.002000   -1.625360
518.003000   -1.632000
518.004000   -1.636792
518.005000   -1.640197
518.006000   -1.642641
518.007000   -1.644406
518.008000   -1.645619
518.009000   -1.646326
518.010000   -1.646556
518.011000   -1.646409
518.012000   -1.646155
518.013000   -1.646198
518.014000   -1.646890
518.015000   -1.648336
518.016000   -1.650319
518.017000   -1.652351
518.018000   -1.653813
518.019000   -1.654069
518.020000   -1.652576
518.021000   -1.649105
518.022000   -1.643845
518.023000   -1.637225
518.024000   -1.629621
518.025000   -1.621207
518.026000   -1.611974
518.027000   -1.601891
518.028000   -1.591038
518.029000   -1.579577
518.030000   -1.567782
518.031000   -1.556149
518.032000   -1.545292
518.033000   -1.535664
518.034000   -1.527371
518.035000   -1.520213
518.036000   -1.513899
518.037000   -1.508256
518.038000   -1.503182
518.039000   -1.498539
518.040000   -1.494256
518.041000   -1.490489
518.042000   -1.487510
518.043000   -1.485470
518.044000   -1.484306
518.045000   -1.483854
518.046000   -1.484005
518.047000   -1.484670
518.048000   -1.485601
518.049000   -1.486429
518.050000   -1.486937
518.051000   -1.487181
518.052000   -1.487297
518.053000   -1.487294
518.054000   -1.487080
518.055000   -1.486617
518.056000   -1.485956
518.057000   -1.485097
518.058000   -1.483926
518.059000   -1.482419
518.060000   -1.480873
518.061000   -1.479794
518.062000   -1.479587
518.063000   -1.480423
518.064000   -1.482312
518.065000   -1.485181
518.066000   -1.488811
518.067000   -1.492752
518.068000   -1.496438
518.069000   -1.499439
518.070000   -1.501557
518.071000   -1.502673
518.072000   -1.502613
518.073000   -1.501189
518.074000   -1.498277
518.075000   -1.493789
518.076000   -1.487584
518.077000   -1.479516
518.078000   -1.469668
518.079000   -1.458551
518.080000   -1.446988
518.081000   -1.435825
518.082000   -1.425774
518.083000   -1.417395
518.084000   -1.411037
518.085000   -1.406731
518.086000   -1.404172
518.087000   -1.402926
518.088000   -1.402806
518.089000   -1.404005
518.090000   -1.406843
518.091000   -1.411499
518.092000   -1.417921
518.093000   -1.425804
518.094000   -1.434546
518.095000   -1.443274
518.096000   -1.451049
518.097000   -1.457288
518.098000   -1.462097
518.099000   -1.466086
518.100000   -1.469900
518.101000   -1.473932
518.102000   -1.478267
518.103000   -1.482711
518.104000   -1.486825
518.105000   -1.490018
518.106000   -1.491797
518.107000   -1.492096
518.108000   -1.491350
518.109000   -1.490178
518.110000   -1.489078
518.111000   -1.488324
518.112000   -1.487963
518.113000   -1.487804
518.114000   -1.487441
518.115000   -1.486387
518.116000   -1.484366
518.117000   -1.481551
518.118000   -1.478461
518.119000   -1.475629
518.120000   -1.473412
518.121000   -1.471971
518.122000   -1.471261
518.123000   -1.471017
518.124000   -1.470806
518.125000   -1.470209
518.126000   -1.469023
518.127000   -1.467303
518.128000   -1.465210
518.129000   -1.462921
518.130000   -1.460623
518.131000   -1.458420
518.132000   -1.456195
518.133000   -1.453597
518.134000   -1.450170
518.135000   -1.445594
518.136000   -1.439875
518.137000   -1.433303
518.138000   -1.426277
518.139000   -1.419160
518.140000   -1.412178
518.141000   -1.405349
518.142000   -1.398495
518.143000   -1.391349
518.144000   -1.383726
518.145000   -1.375712
518.146000   -1.367703
518.147000   -1.360283
518.148000   -1.354022
518.149000   -1.349289
518.150000   -1.346174
518.151000   -1.344534
518.152000   -1.344104
518.153000   -1.344643
518.154000   -1.346113
518.155000   -1.348759
518.156000   -1.352986
518.157000   -1.359083
518.158000   -1.366964
518.159000   -1.376163
518.160000   -1.386018
518.161000   -1.395840
518.162000   -1.405046
518.163000   -1.413268
518.164000   -1.420373
518.165000   -1.426368
518.166000   -1.431273
518.167000   -1.435071
518.168000   -1.437731
518.169000   -1.439218
518.170000   -1.439476
518.171000   -1.438481
518.172000   -1.436345
518.173000   -1.433376
518.174000   -1.430033
518.175000   -1.426810
518.176000   -1.424116
518.177000   -1.422197
518.178000   -1.421092
518.179000   -1.420691
518.180000   -1.420861
518.181000   -1.421574
518.182000   -1.422964
518.183000   -1.425265
518.184000   -1.428695
518.185000   -1.433344
518.186000   -1.439093
518.187000   -1.445570
518.188000   -1.452204
518.189000   -1.458388
518.190000   -1.463676
518.191000   -1.467924
518.192000   -1.471284
518.193000   -1.474084
518.194000   -1.476651
518.195000   -1.479157
518.196000   -1.481512
518.197000   -1.483423
518.198000   -1.484577
518.199000   -1.484827
518.200000   -1.484318
518.201000   -1.483475
518.202000   -1.482832
518.203000   -1.482826
518.204000   -1.483676
518.205000   -1.485392
518.206000   -1.487895
518.207000   -1.491076
518.208000   -1.494811
518.209000   -1.499045
518.210000   -1.503875
518.211000   -1.509499
518.212000   -1.516084
518.213000   -1.523664
518.214000   -1.532110
518.215000   -1.541189
518.216000   -1.550619
518.217000   -1.560105
518.218000   -1.569406
518.219000   -1.578428
518.220000   -1.587214
518.221000   -1.595843
518.222000   -1.604322
518.223000   -1.612546
518.224000   -1.620314
518.225000   -1.627375
518.226000   -1.633436
518.227000   -1.638167
518.228000   -1.641334
518.229000   -1.642956
518.230000   -1.643264
518.231000   -1.642534
518.232000   -1.640952
518.233000   -1.638577
518.234000   -1.635330
518.235000   -1.630982
518.236000   -1.625181
518.237000   -1.617666
518.238000   -1.608587
518.239000   -1.598553
518.240000   -1.588369
518.241000   -1.578764
518.242000   -1.570273
518.243000   -1.563204
518.244000   -1.557558
518.245000   -1.552953
518.246000   -1.548751
518.247000   -1.544422
518.248000   -1.539882
518.249000   -1.535471
518.250000   -1.531677
518.251000   -1.528946
518.252000   -1.527573
518.253000   -1.527508
518.254000   -1.528206
518.255000   -1.528792
518.256000   -1.528529
518.257000   -1.527308
518.258000   -1.525722
518.259000   -1.524690
518.260000   -1.525049
518.261000   -1.527365
518.262000   -1.531871
518.263000   -1.538477
518.264000   -1.546825
518.265000   -1.556384
518.266000   -1.566688
518.267000   -1.577611
518.268000   -1.589305
518.269000   -1.601869
518.270000   -1.615128
518.271000   -1.628635
518.272000   -1.641778
518.273000   -1.653873
518.274000   -1.664195
518.275000   -1.672089
518.276000   -1.677262
518.277000   -1.679964
518.278000   -1.680768
518.279000   -1.680237
518.280000   -1.678773
518.281000   -1.676642
518.282000   -1.674042
518.283000   -1.671129
518.284000   -1.668011
518.285000   -1.664788
518.286000   -1.661638
518.287000   -1.658773
518.288000   -1.656277
518.289000   -1.654020
518.290000   -1.651726
518.291000   -1.649125
518.292000   -1.646035
518.293000   -1.642303
518.294000   -1.637733
518.295000   -1.632202
518.296000   -1.625811
518.297000   -1.618796
518.298000   -1.611337
518.299000   -1.603528
518.300000   -1.595480
518.301000   -1.587372
518.302000   -1.579336
518.303000   -1.571318
518.304000   -1.563150
518.305000   -1.554838
518.306000   -1.546666
518.307000   -1.538989
518.308000   -1.532057
518.309000   -1.526031
518.310000   -1.521033
518.311000   -1.517068
518.312000   -1.513911
518.313000   -1.511141
518.314000   -1.508449
518.315000   -1.505948
518.316000   -1.504029
518.317000   -1.503035
518.318000   -1.503117
518.319000   -1.504222
518.320000   -1.506089
518.321000   -1.508235
518.322000   -1.510011
518.323000   -1.510862
518.324000   -1.510741
518.325000   -1.510140
518.326000   -1.509671
518.327000   -1.509755
518.328000   -1.510540
518.329000   -1.511911
518.330000   -1.513477
518.331000   -1.514580
518.332000   -1.514472
518.333000   -1.512770
518.334000   -1.509690
518.335000   -1.505712
518.336000   -1.501177
518.337000   -1.496202
518.338000   -1.490730
518.339000   -1.484551
518.340000   -1.477285
518.341000   -1.468451
518.342000   -1.457737
518.343000   -1.445300
518.344000   -1.431674
518.345000   -1.417416
518.346000   -1.402959
518.347000   -1.388643
518.348000   -1.374745
518.349000   -1.361447
518.350000   -1.348837
518.351000   -1.336993
518.352000   -1.326117
518.353000   -1.316502
518.354000   -1.308334
518.355000   -1.301620
518.356000   -1.296270
518.357000   -1.292152
518.358000   -1.289088
518.359000   -1.286832
518.360000   -1.285091
518.361000   -1.283592
518.362000   -1.282129
518.363000   -1.280539
518.364000   -1.278705
518.365000   -1.276656
518.366000   -1.274582
518.367000   -1.272729
518.368000   -1.271268
518.369000   -1.270261
518.370000   -1.269743
518.371000   -1.269871
518.372000   -1.270900
518.373000   -1.273098
518.374000   -1.276771
518.375000   -1.282254
518.376000   -1.289737
518.377000   -1.299109
518.378000   -1.309932
518.379000   -1.321569
518.380000   -1.333415
518.381000   -1.345048
518.382000   -1.356191
518.383000   -1.366665
518.384000   -1.376373
518.385000   -1.385205
518.386000   -1.392944
518.387000   -1.399246
518.388000   -1.403748
518.389000   -1.406306
518.390000   -1.407212
518.391000   -1.407098
518.392000   -1.406633
518.393000   -1.406240
518.394000   -1.405989
518.395000   -1.405655
518.396000   -1.404816
518.397000   -1.402972
518.398000   -1.399809
518.399000   -1.395433
518.400000   -1.390304
518.401000   -1.384947
518.402000   -1.379708
518.403000   -1.374713
518.404000   -1.369909
518.405000   -1.365084
518.406000   -1.359903
518.407000   -1.354078
518.408000   -1.347627
518.409000   -1.340953
518.410000   -1.334626
518.411000   -1.329131
518.412000   -1.324774
518.413000   -1.321675
518.414000   -1.319765
518.415000   -1.318814
518.416000   -1.318552
518.417000   -1.318897
518.418000   -1.320080
518.419000   -1.322493
518.420000   -1.326458
518.421000   -1.332128
518.422000   -1.339500
518.423000   -1.348410
518.424000   -1.358528
518.425000   -1.369426
518.426000   -1.380726
518.427000   -1.392227
518.428000   -1.403868
518.429000   -1.415580
518.430000   -1.427253
518.431000   -1.438806
518.432000   -1.450175
518.433000   -1.461235
518.434000   -1.471803
518.435000   -1.481750
518.436000   -1.491099
518.437000   -1.499990
518.438000   -1.508550
518.439000   -1.516871
518.440000   -1.525143
518.441000   -1.533641
518.442000   -1.542538
518.443000   -1.551809
518.444000   -1.561325
518.445000   -1.570994
518.446000   -1.580781
518.447000   -1.590609
518.448000   -1.600283
518.449000   -1.609570
518.450000   -1.618264
518.451000   -1.626088
518.452000   -1.632630
518.453000   -1.637474
518.454000   -1.640389
518.455000   -1.641395
518.456000   -1.640654
518.457000   -1.638339
518.458000   -1.634613
518.459000   -1.629686
518.460000   -1.623773
518.461000   -1.617017
518.462000   -1.609546
518.463000   -1.601616
518.464000   -1.593677
518.465000   -1.586256
518.466000   -1.579770
518.467000   -1.574445
518.468000   -1.570319
518.469000   -1.567255
518.470000   -1.564935
518.471000   -1.562949
518.472000   -1.561010
518.473000   -1.559090
518.474000   -1.557352
518.475000   -1.555978
518.476000   -1.555068
518.477000   -1.554625
518.478000   -1.554604
518.479000   -1.554912
518.480000   -1.555427
518.481000   -1.556133
518.482000   -1.557235
518.483000   -1.559095
518.484000   -1.562049
518.485000   -1.566273
518.486000   -1.571750
518.487000   -1.578314
518.488000   -1.585675
518.489000   -1.593452
518.490000   -1.601333
518.491000   -1.609260
518.492000   -1.617410
518.493000   -1.625969
518.494000   -1.634945
518.495000   -1.644129
518.496000   -1.653167
518.497000   -1.661635
518.498000   -1.669043
518.499000   -1.674933
518.500000   -1.679121
518.501000   -1.681793
518.501000   -1.681793
518.502000   -1.683327
518.503000   -1.684038
518.504000   -1.684079
518.505000   -1.683477
518.506000   -1.682193
518.507000   -1.680104
518.508000   -1.677041
518.509000   -1.673016
518.510000   -1.668420
518.511000   -1.663855
518.512000   -1.659805
518.513000   -1.656461
518.514000   -1.653756
518.515000   -1.651483
518.516000   -1.649346
518.517000   -1.646959
518.518000   -1.644004
518.519000   -1.640462
518.520000   -1.636560
518.521000   -1.632468
518.522000   -1.628114
518.523000   -1.623223
518.524000   -1.617493
518.525000   -1.610696
518.526000   -1.602632
518.527000   -1.593152
518.528000   -1.582347
518.529000   -1.570613
518.530000   -1.558411
518.531000   -1.546040
518.532000   -1.533612
518.533000   -1.521200
518.534000   -1.508969
518.535000   -1.497109
518.536000   -1.485740
518.537000   -1.475007
518.538000   -1.465214
518.539000   -1.456723
518.540000   -1.449733
518.541000   -1.444204
518.542000   -1.439963
518.543000   -1.436838
518.544000   -1.434639
518.545000   -1.433066
518.546000   -1.431778
518.547000   -1.430617
518.548000   -1.429684
518.549000   -1.429169
518.550000   -1.429185
518.551000   -1.429750
518.552000   -1.430809
518.553000   -1.432202
518.554000   -1.433591
518.555000   -1.434513
518.556000   -1.434637
518.557000   -1.433963
518.558000   -1.432732
518.559000   -1.431194
518.560000   -1.429490
518.561000   -1.427616
518.562000   -1.425391
518.563000   -1.422412
518.564000   -1.418122
518.565000   -1.412104
518.566000   -1.404436
518.567000   -1.395701
518.568000   -1.386657
518.569000   -1.377952
518.570000   -1.369994
518.571000   -1.362932
518.572000   -1.356655
518.573000   -1.350872
518.574000   -1.345349
518.575000   -1.340242
518.576000   -1.336135
518.577000   -1.333679
518.578000   -1.333290
518.579000   -1.335080
518.580000   -1.338930
518.581000   -1.344533
518.582000   -1.351374
518.583000   -1.358810
518.584000   -1.366358
518.585000   -1.373907
518.586000   -1.381565
518.587000   -1.389369
518.588000   -1.397181
518.589000   -1.404768
518.590000   -1.411881
518.591000   -1.418246
518.592000   -1.423562
518.593000   -1.427655
518.594000   -1.430632
518.595000   -1.432780
518.596000   -1.434309
518.597000   -1.435245
518.598000   -1.435521
518.599000   -1.435130
518.600000   -1.434123
518.601000   -1.432510
518.602000   -1.430259
518.603000   -1.427438
518.604000   -1.424252
518.605000   -1.420880
518.606000   -1.417361
518.607000   -1.413673
518.608000   -1.409904
518.609000   -1.406262
518.610000   -1.402887
518.611000   -1.399760
518.612000   -1.396833
518.613000   -1.394159
518.614000   -1.391803
518.615000   -1.389669
518.616000   -1.387514
518.617000   -1.385135
518.618000   -1.382485
518.619000   -1.379542
518.620000   -1.376170
518.621000   -1.372169
518.622000   -1.367469
518.623000   -1.362193
518.624000   -1.356509
518.625000   -1.350540
518.626000   -1.344419
518.627000   -1.338368
518.628000   -1.332626
518.629000   -1.327315
518.630000   -1.322466
518.631000   -1.318207
518.632000   -1.314880
518.633000   -1.312914
518.634000   -1.312645
518.635000   -1.314245
518.636000   -1.317736
518.637000   -1.322977
518.638000   -1.329630
518.639000   -1.337253
518.640000   -1.345566
518.641000   -1.354632
518.642000   -1.364711
518.643000   -1.375984
518.644000   -1.388431
518.645000   -1.401880
518.646000   -1.416037
518.647000   -1.430445
518.648000   -1.444478
518.649000   -1.457563
518.650000   -1.469451
518.651000   -1.480186
518.652000   -1.489816
518.653000   -1.498206
518.654000   -1.505109
518.655000   -1.510296
518.656000   -1.513558
518.657000   -1.514643
518.658000   -1.513322
518.659000   -1.509607
518.660000   -1.503834
518.661000   -1.496452
518.662000   -1.487802
518.663000   -1.478086
518.664000   -1.467482
518.665000   -1.456178
518.666000   -1.444307
518.667000   -1.431904
518.668000   -1.418965
518.669000   -1.405486
518.670000   -1.391406
518.671000   -1.376549
518.672000   -1.360694
518.673000   -1.343755
518.674000   -1.325861
518.675000   -1.307249
518.676000   -1.288113
518.677000   -1.268576
518.678000   -1.248747
518.679000   -1.228758
518.680000   -1.208721
518.681000   -1.188770
518.682000   -1.169235
518.683000   -1.150709
518.684000   -1.133843
518.685000   -1.119100
518.686000   -1.106712
518.687000   -1.096823
518.688000   -1.089601
518.689000   -1.085160
518.690000   -1.083485
518.691000   -1.084559
518.692000   -1.088511
518.693000   -1.095513
518.694000   -1.105550
518.695000   -1.118344
518.696000   -1.133489
518.697000   -1.150660
518.698000   -1.169632
518.699000   -1.190159
518.700000   -1.211945
518.701000   -1.234711
518.702000   -1.258127
518.703000   -1.281661
518.704000   -1.304544
518.705000   -1.325955
518.706000   -1.345320
518.707000   -1.362424
518.708000   -1.377231
518.709000   -1.389721
518.710000   -1.399881
518.711000   -1.407710
518.712000   -1.413164
518.713000   -1.416114
518.714000   -1.416463
518.715000   -1.414388
518.716000   -1.410429
518.717000   -1.405271
518.718000   -1.399501
518.719000   -1.393588
518.720000   -1.387952
518.721000   -1.382867
518.722000   -1.378327
518.723000   -1.374052
518.724000   -1.369702
518.725000   -1.365113
518.726000   -1.360293
518.727000   -1.355241
518.728000   -1.349872
518.729000   -1.344130
518.730000   -1.337999
518.731000   -1.331376
518.732000   -1.324021
518.733000   -1.315691
518.734000   -1.306350
518.735000   -1.296195
518.736000   -1.285453
518.737000   -1.274227
518.738000   -1.262578
518.739000   -1.250631
518.740000   -1.238503
518.741000   -1.226199
518.742000   -1.213649
518.743000   -1.200864
518.744000   -1.188002
518.745000   -1.175261
518.746000   -1.162797
518.747000   -1.150835
518.748000   -1.139812
518.749000   -1.130279
518.750000   -1.122690
518.751000   -1.117334
518.752000   -1.114408
518.753000   -1.114075
518.754000   -1.116379
518.755000   -1.121169
518.756000   -1.128235
518.757000   -1.137516
518.758000   -1.149050
518.759000   -1.162733
518.760000   -1.178212
518.761000   -1.194953
518.762000   -1.212327
518.763000   -1.229621
518.764000   -1.246019
518.765000   -1.260769
518.766000   -1.273490
518.767000   -1.284234
518.768000   -1.293250
518.769000   -1.300788
518.770000   -1.307066
518.771000   -1.312305
518.772000   -1.316691
518.773000   -1.320308
518.774000   -1.323200
518.775000   -1.325592
518.776000   -1.327990
518.777000   -1.330931
518.778000   -1.334748
518.779000   -1.339544
518.780000   -1.345300
518.781000   -1.351923
518.782000   -1.359184
518.783000   -1.366705
518.784000   -1.374125
518.785000   -1.381286
518.786000   -1.388130
518.787000   -1.394468
518.788000   -1.399941
518.789000   -1.404188
518.790000   -1.407029
518.791000   -1.408450
518.792000   -1.408463
518.793000   -1.407080
518.794000   -1.404397
518.795000   -1.400591
518.796000   -1.395787
518.797000   -1.390032
518.798000   -1.383459
518.799000   -1.376490
518.800000   -1.369818
518.801000   -1.364195
518.802000   -1.360241
518.803000   -1.358424
518.804000   -1.359068
518.805000   -1.362270
518.806000   -1.367852
518.807000   -1.375482
518.808000   -1.384916
518.809000   -1.396096
518.810000   -1.409024
518.811000   -1.423569
518.812000   -1.439412
518.813000   -1.456103
518.814000   -1.473086
518.815000   -1.489708
518.816000   -1.505304
518.817000   -1.519382
518.818000   -1.531703
518.819000   -1.542180
518.820000   -1.550712
518.821000   -1.557156
518.822000   -1.561472
518.823000   -1.563819
518.824000   -1.564461
518.825000   -1.563691
518.826000   -1.561867
518.827000   -1.559435
518.828000   -1.556796
518.829000   -1.554135
518.830000   -1.551415
518.831000   -1.548608
518.832000   -1.545925
518.833000   -1.543715
518.834000   -1.542264
518.835000   -1.541766
518.836000   -1.542359
518.837000   -1.544074
518.838000   -1.546714
518.839000   -1.549884
518.840000   -1.553281
518.841000   -1.556963
518.842000   -1.561210
518.843000   -1.566208
518.844000   -1.571933
518.845000   -1.578198
518.846000   -1.584651
518.847000   -1.590710
518.848000   -1.595591
518.849000   -1.598593
518.850000   -1.599406
518.851000   -1.598055
518.852000   -1.594611
518.853000   -1.589051
518.854000   -1.581277
518.855000   -1.571151
518.856000   -1.558510
518.857000   -1.543231
518.858000   -1.525429
518.859000   -1.505644
518.860000   -1.484703
518.861000   -1.463421
518.862000   -1.442459
518.863000   -1.422383
518.864000   -1.403744
518.865000   -1.387054
518.866000   -1.372713
518.867000   -1.361055
518.868000   -1.352452
518.869000   -1.347240
518.870000   -1.345526
518.871000   -1.347124
518.872000   -1.351695
518.873000   -1.358905
518.874000   -1.368406
518.875000   -1.379734
518.876000   -1.392302
518.877000   -1.405530
518.878000   -1.418897
518.879000   -1.431864
518.880000   -1.443837
518.881000   -1.454299
518.882000   -1.462960
518.883000   -1.469747
518.884000   -1.474659
518.885000   -1.477680
518.886000   -1.478849
518.887000   -1.478344
518.888000   -1.476428
518.889000   -1.473347
518.890000   -1.469346
518.891000   -1.464751
518.892000   -1.459962
518.893000   -1.455346
518.894000   -1.451157
518.895000   -1.447633
518.896000   -1.445105
518.897000   -1.443935
518.898000   -1.444357
518.899000   -1.446422
518.900000   -1.450051
518.901000   -1.455070
518.902000   -1.461159
518.903000   -1.467806
518.904000   -1.474441
518.905000   -1.480676
518.906000   -1.486351
518.907000   -1.491354
518.908000   -1.495508
518.909000   -1.498593
518.910000   -1.500377
518.911000   -1.500584
518.912000   -1.498854
518.913000   -1.494879
518.914000   -1.488696
518.915000   -1.480792
518.916000   -1.471820
518.917000   -1.462325
518.918000   -1.452672
518.919000   -1.443085
518.920000   -1.433639
518.921000   -1.424229
518.922000   -1.414625
518.923000   -1.404706
518.924000   -1.394661
518.925000   -1.384861
518.926000   -1.375622
518.927000   -1.367135
518.928000   -1.359509
518.929000   -1.352803
518.930000   -1.346996
518.931000   -1.341972
518.932000   -1.337627
518.933000   -1.333983
518.934000   -1.331134
518.935000   -1.329101
518.936000   -1.327806
518.937000   -1.327141
518.938000   -1.327043
518.939000   -1.327482
518.940000   -1.328390
518.941000   -1.329620
518.942000   -1.330998
518.943000   -1.332360
518.944000   -1.333503
518.945000   -1.334174
518.946000   -1.334158
518.947000   -1.333396
518.948000   -1.331984
518.949000   -1.330049
518.950000   -1.327688
518.951000   -1.325069
518.952000   -1.322575
518.953000   -1.320718
518.954000   -1.319979
518.955000   -1.320759
518.956000   -1.323410
518.957000   -1.328202
518.958000   -1.335181
518.959000   -1.344101
518.960000   -1.354577
518.961000   -1.366357
518.962000   -1.379371
518.963000   -1.393524
518.964000   -1.408571
518.965000   -1.424134
518.966000   -1.439727
518.967000   -1.454741
518.968000   -1.468460
518.969000   -1.480233
518.970000   -1.489742
518.971000   -1.497088
518.972000   -1.502556
518.973000   -1.506395
518.974000   -1.508786
518.975000   -1.509870
518.976000   -1.509713
518.977000   -1.508256
518.978000   -1.505397
518.979000   -1.501246
518.980000   -1.496259
518.981000   -1.491036
518.982000   -1.486061
518.983000   -1.481655
518.984000   -1.478043
518.985000   -1.475339
518.986000   -1.473436
518.987000   -1.472018
518.988000   -1.470793
518.989000   -1.469732
518.990000   -1.468957
518.991000   -1.468454
518.992000   -1.468009
518.993000   -1.467390
518.994000   -1.466507
518.995000   -1.465367
518.996000   -1.463953
518.997000   -1.462197
518.998000   -1.460043
518.999000   -1.457426
519.000000   -1.454171
519.001000   -1.450019
519.001000   -1.450019
519.002000   -1.444860
519.003000   -1.438978
519.004000   -1.433028
519.005000   -1.427754
519.006000   -1.423758
519.007000   -1.421413
519.008000   -1.420847
519.009000   -1.421943
519.010000   -1.424376
519.011000   -1.427785
519.012000   -1.432044
519.013000   -1.437349
519.014000   -1.444010
519.015000   -1.452192
519.016000   -1.461818
519.017000   -1.472589
519.018000   -1.483997
519.019000   -1.495316
519.020000   -1.505724
519.021000   -1.514600
519.022000   -1.521796
519.023000   -1.527596
519.024000   -1.532420
519.025000   -1.536591
519.026000   -1.540235
519.027000   -1.543273
519.028000   -1.545442
519.029000   -1.546383
519.030000   -1.545845
519.031000   -1.543899
519.032000   -1.540929
519.033000   -1.537361
519.034000   -1.533424
519.035000   -1.529116
519.036000   -1.524340
519.037000   -1.519010
519.038000   -1.513037
519.039000   -1.506352
519.040000   -1.499047
519.041000   -1.491437
519.042000   -1.483908
519.043000   -1.476695
519.044000   -1.469837
519.045000   -1.463388
519.046000   -1.457623
519.047000   -1.452938
519.048000   -1.449619
519.049000   -1.447762
519.050000   -1.447289
519.051000   -1.447910
519.052000   -1.449036
519.053000   -1.449827
519.054000   -1.449473
519.055000   -1.447631
519.056000   -1.444496
519.057000   -1.440488
519.058000   -1.435968
519.059000   -1.431098
519.060000   -1.425777
519.061000   -1.419654
519.062000   -1.412251
519.063000   -1.403269
519.064000   -1.393001
519.065000   -1.382388
519.066000   -1.372574
519.067000   -1.364489
519.068000   -1.358684
519.069000   -1.355338
519.070000   -1.354311
519.071000   -1.355208
519.072000   -1.357579
519.073000   -1.361271
519.074000   -1.366580
519.075000   -1.373943
519.076000   -1.383577
519.077000   -1.395380
519.078000   -1.409021
519.079000   -1.424011
519.080000   -1.439699
519.081000   -1.455315
519.082000   -1.470195
519.083000   -1.484015
519.084000   -1.496718
519.085000   -1.508225
519.086000   -1.518333
519.087000   -1.526820
519.088000   -1.533506
519.089000   -1.538162
519.090000   -1.540425
519.091000   -1.539919
519.092000   -1.536496
519.093000   -1.530319
519.094000   -1.521692
519.095000   -1.510921
519.096000   -1.498367
519.097000   -1.484481
519.098000   -1.469672
519.099000   -1.454154
519.100000   -1.437995
519.101000   -1.421371
519.102000   -1.404749
519.103000   -1.388725
519.104000   -1.373765
519.105000   -1.360151
519.106000   -1.348031
519.107000   -1.337368
519.108000   -1.327835
519.109000   -1.318851
519.110000   -1.309856
519.111000   -1.300683
519.112000   -1.291580
519.113000   -1.282888
519.114000   -1.274819
519.115000   -1.267425
519.116000   -1.260619
519.117000   -1.254140
519.118000   -1.247570
519.119000   -1.240521
519.120000   -1.232982
519.121000   -1.225445
519.122000   -1.218598
519.123000   -1.212989
519.124000   -1.208943
519.125000   -1.206634
519.126000   -1.206106
519.127000   -1.207239
519.128000   -1.209810
519.129000   -1.213736
519.130000   -1.219262
519.131000   -1.226818
519.132000   -1.236722
519.133000   -1.249065
519.134000   -1.263838
519.135000   -1.281014
519.136000   -1.300450
519.137000   -1.321794
519.138000   -1.344577
519.139000   -1.368416
519.140000   -1.393013
519.141000   -1.417924
519.142000   -1.442439
519.143000   -1.465766
519.144000   -1.487301
519.145000   -1.506630
519.146000   -1.523345
519.147000   -1.536993
519.148000   -1.547234
519.149000   -1.553984
519.150000   -1.557305
519.151000   -1.557232
519.152000   -1.553823
519.153000   -1.547429
519.154000   -1.538777
519.155000   -1.528710
519.156000   -1.517893
519.157000   -1.506777
519.158000   -1.495729
519.159000   -1.485058
519.160000   -1.474900
519.161000   -1.465191
519.162000   -1.455831
519.163000   -1.446848
519.164000   -1.438304
519.165000   -1.430093
519.166000   -1.421910
519.167000   -1.413443
519.168000   -1.404573
519.169000   -1.395325
519.170000   -1.385724
519.171000   -1.375771
519.172000   -1.365535
519.173000   -1.355161
519.174000   -1.344722
519.175000   -1.334153
519.176000   -1.323432
519.177000   -1.312850
519.178000   -1.302978
519.179000   -1.294367
519.180000   -1.287377
519.181000   -1.282230
519.182000   -1.279128
519.183000   -1.278196
519.184000   -1.279365
519.185000   -1.282457
519.186000   -1.287488
519.187000   -1.294787
519.188000   -1.304724
519.189000   -1.317437
519.190000   -1.332817
519.191000   -1.350679
519.192000   -1.370837
519.193000   -1.393004
519.194000   -1.416705
519.195000   -1.441393
519.196000   -1.466643
519.197000   -1.492100
519.198000   -1.517304
519.199000   -1.541670
519.200000   -1.564658
519.201000   -1.585908
519.202000   -1.605184
519.203000   -1.622251
519.204000   -1.636876
519.205000   -1.648957
519.206000   -1.658554
519.207000   -1.665751
519.208000   -1.670570
519.209000   -1.673089
519.210000   -1.673609
519.211000   -1.672591
519.212000   -1.670431
519.213000   -1.667391
519.214000   -1.663754
519.215000   -1.659964
519.216000   -1.656468
519.217000   -1.653533
519.218000   -1.651267
519.219000   -1.649803
519.220000   -1.649318
519.221000   -1.649827
519.222000   -1.651077
519.223000   -1.652729
519.224000   -1.654650
519.225000   -1.656906
519.226000   -1.659493
519.227000   -1.662194
519.228000   -1.664671
519.229000   -1.666577
519.230000   -1.667526
519.231000   -1.667004
519.232000   -1.664442
519.233000   -1.659430
519.234000   -1.651818
519.235000   -1.641566
519.236000   -1.628603
519.237000   -1.612863
519.238000   -1.594426
519.239000   -1.573577
519.240000   -1.550733
519.241000   -1.526384
519.242000   -1.501169
519.243000   -1.475961
519.244000   -1.451752
519.245000   -1.429453
519.246000   -1.409849
519.247000   -1.393718
519.248000   -1.381846
519.249000   -1.374833
519.250000   -1.372880
519.251000   -1.375805
519.252000   -1.383249
519.253000   -1.394769
519.254000   -1.409685
519.255000   -1.426976
519.256000   -1.445492
519.257000   -1.464299
519.258000   -1.482792
519.259000   -1.500510
519.260000   -1.516993
519.261000   -1.531792
519.262000   -1.544483
519.263000   -1.554588
519.264000   -1.561535
519.265000   -1.564829
519.266000   -1.564396
519.267000   -1.560726
519.268000   -1.554647
519.269000   -1.546986
519.270000   -1.538394
519.271000   -1.529278
519.272000   -1.519816
519.273000   -1.510001
519.274000   -1.499729
519.275000   -1.489049
519.276000   -1.478466
519.277000   -1.468923
519.278000   -1.461417
519.279000   -1.456662
519.280000   -1.454985
519.281000   -1.456376
519.282000   -1.460519
519.283000   -1.466765
519.284000   -1.474229
519.285000   -1.482148
519.286000   -1.490210
519.287000   -1.498449
519.288000   -1.506873
519.289000   -1.515264
519.290000   -1.523183
519.291000   -1.530004
519.292000   -1.534896
519.293000   -1.536862
519.294000   -1.534995
519.295000   -1.528938
519.296000   -1.519120
519.297000   -1.506474
519.298000   -1.492012
519.299000   -1.476579
519.300000   -1.460734
519.301000   -1.444707
519.302000   -1.428452
519.303000   -1.411823
519.304000   -1.394963
519.305000   -1.378608
519.306000   -1.363873
519.307000   -1.351789
519.308000   -1.343037
519.309000   -1.337929
519.310000   -1.336468
519.311000   -1.338384
519.312000   -1.343144
519.313000   -1.350129
519.314000   -1.358922
519.315000   -1.369380
519.316000   -1.381379
519.317000   -1.394608
519.318000   -1.408596
519.319000   -1.422838
519.320000   -1.436843
519.321000   -1.450057
519.322000   -1.461849
519.323000   -1.471716
519.324000   -1.479525
519.325000   -1.485423
519.326000   -1.489571
519.327000   -1.492058
519.328000   -1.493006
519.329000   -1.492674
519.330000   -1.491386
519.331000   -1.489385
519.332000   -1.486839
519.333000   -1.484076
519.334000   -1.481737
519.335000   -1.480593
519.336000   -1.481269
519.337000   -1.484167
519.338000   -1.489524
519.339000   -1.497405
519.340000   -1.507602
519.341000   -1.519599
519.342000   -1.532753
519.343000   -1.546636
519.344000   -1.561159
519.345000   -1.576334
519.346000   -1.592022
519.347000   -1.607898
519.348000   -1.623482
519.349000   -1.638136
519.350000   -1.651053
519.351000   -1.661373
519.352000   -1.668516
519.353000   -1.672483
519.354000   -1.673780
519.355000   -1.673062
519.356000   -1.670915
519.357000   -1.667801
519.358000   -1.664021
519.359000   -1.659646
519.360000   -1.654523
519.361000   -1.648496
519.362000   -1.641779
519.363000   -1.635091
519.364000   -1.629335
519.365000   -1.625248
519.366000   -1.623241
519.367000   -1.623365
519.368000   -1.625293
519.369000   -1.628357
519.370000   -1.631717
519.371000   -1.634749
519.372000   -1.637374
519.373000   -1.639963
519.374000   -1.642939
519.375000   -1.646502
519.376000   -1.650522
519.377000   -1.654559
519.378000   -1.657939
519.379000   -1.659912
519.380000   -1.659949
519.381000   -1.658082
519.382000   -1.654878
519.383000   -1.651083
519.384000   -1.647346
519.385000   -1.644172
519.386000   -1.641961
519.387000   -1.640953
519.388000   -1.641140
519.389000   -1.642324
519.390000   -1.644371
519.391000   -1.647452
519.392000   -1.651968
519.393000   -1.658287
519.394000   -1.666597
519.395000   -1.676852
519.396000   -1.688717
519.397000   -1.701520
519.398000   -1.714335
519.399000   -1.726300
519.400000   -1.737035
519.401000   -1.746703
519.402000   -1.755638
519.403000   -1.763994
519.404000   -1.771659
519.405000   -1.778297
519.406000   -1.783379
519.407000   -1.786200
519.408000   -1.786036
519.409000   -1.782521
519.410000   -1.775969
519.411000   -1.767211
519.412000   -1.757146
519.413000   -1.746479
519.414000   -1.735639
519.415000   -1.724756
519.416000   -1.713645
519.417000   -1.701860
519.418000   -1.688961
519.419000   -1.674980
519.420000   -1.660620
519.421000   -1.646874
519.422000   -1.634571
519.423000   -1.624190
519.424000   -1.615860
519.425000   -1.609369
519.426000   -1.604191
519.427000   -1.599600
519.428000   -1.594990
519.429000   -1.590210
519.430000   -1.585547
519.431000   -1.581373
519.432000   -1.577817
519.433000   -1.574615
519.434000   -1.571116
519.435000   -1.566418
519.436000   -1.559543
519.437000   -1.549674
519.438000   -1.536511
519.439000   -1.520449
519.440000   -1.502355
519.441000   -1.483129
519.442000   -1.463401
519.443000   -1.443506
519.444000   -1.423626
519.445000   -1.403906
519.446000   -1.384541
519.447000   -1.365935
519.448000   -1.348870
519.449000   -1.334415
519.450000   -1.323624
519.451000   -1.317225
519.452000   -1.315459
519.453000   -1.318062
519.454000   -1.324338
519.455000   -1.333294
519.456000   -1.343873
519.457000   -1.355295
519.458000   -1.367295
519.459000   -1.379999
519.460000   -1.393599
519.461000   -1.408024
519.462000   -1.422776
519.463000   -1.437000
519.464000   -1.449667
519.465000   -1.459775
519.466000   -1.466607
519.467000   -1.469975
519.468000   -1.470226
519.469000   -1.467998
519.470000   -1.463880
519.471000   -1.458130
519.472000   -1.450649
519.473000   -1.441150
519.474000   -1.429366
519.475000   -1.415251
519.476000   -1.399195
519.477000   -1.382076
519.478000   -1.365036
519.479000   -1.349154
519.480000   -1.335196
519.481000   -1.323537
519.482000   -1.314233
519.483000   -1.307102
519.484000   -1.301837
519.485000   -1.298196
519.486000   -1.296156
519.487000   -1.295874
519.488000   -1.297494
519.489000   -1.300946
519.490000   -1.305800
519.491000   -1.311220
519.492000   -1.316073
519.493000   -1.319164
519.494000   -1.319546
519.495000   -1.316805
519.496000   -1.311128
519.497000   -1.303109
519.498000   -1.293467
519.499000   -1.282766
519.500000   -1.271284
519.501000   -1.259088
519.501000   -1.259088
519.502000   -1.246211
519.503000   -1.232807
519.504000   -1.219310
519.505000   -1.206507
519.506000   -1.195432
519.507000   -1.187108
519.508000   -1.182250
519.509000   -1.181010
519.510000   -1.182964
519.511000   -1.187325
519.512000   -1.193221
519.513000   -1.199988
519.514000   -1.207411
519.515000   -1.215763
519.516000   -1.225590
519.517000   -1.237364
519.518000   -1.251165
519.519000   -1.266585
519.520000   -1.282905
519.521000   -1.299321
519.522000   -1.315151
519.523000   -1.330024
519.524000   -1.343974
519.525000   -1.357351
519.526000   -1.370602
519.527000   -1.383987
519.528000   -1.397303
519.529000   -1.409862
519.530000   -1.420745
519.531000   -1.429124
519.532000   -1.434549
519.533000   -1.437144
519.534000   -1.437590
519.535000   -1.436878
519.536000   -1.435929
519.537000   -1.435236
519.538000   -1.434832
519.539000   -1.434582
519.540000   -1.434418
519.541000   -1.434480
519.542000   -1.435163
519.543000   -1.437018
519.544000   -1.440513
519.545000   -1.445802
519.546000   -1.452642
519.547000   -1.460496
519.548000   -1.468683
519.549000   -1.476470
519.550000   -1.483198
519.551000   -1.488404
519.552000   -1.491860
519.553000   -1.493450
519.554000   -1.493035
519.555000   -1.490476
519.556000   -1.485835
519.557000   -1.479484
519.558000   -1.471948
519.559000   -1.463785
519.560000   -1.455605
519.561000   -1.448048
519.562000   -1.441645
519.563000   -1.436644
519.564000   -1.433008
519.565000   -1.430681
519.566000   -1.429829
519.567000   -1.430710
519.568000   -1.433442
519.569000   -1.438004
519.570000   -1.444353
519.571000   -1.452425
519.572000   -1.462031
519.573000   -1.472774
519.574000   -1.484161
519.575000   -1.495826
519.576000   -1.507541
519.577000   -1.519046
519.578000   -1.530061
519.579000   -1.540451
519.580000   -1.550274
519.581000   -1.559641
519.582000   -1.568529
519.583000   -1.576748
519.584000   -1.584066
519.585000   -1.590314
519.586000   -1.595319
519.587000   -1.598904
519.588000   -1.601073
519.589000   -1.602134
519.590000   -1.602610
519.591000   -1.603025
519.592000   -1.603756
519.593000   -1.605037
519.594000   -1.607044
519.595000   -1.609847
519.596000   -1.613366
519.597000   -1.617494
519.598000   -1.622279
519.599000   -1.627932
519.600000   -1.634639
519.601000   -1.642397
519.602000   -1.650967
519.603000   -1.659940
519.604000   -1.668772
519.605000   -1.676810
519.606000   -1.683454
519.607000   -1.688402
519.608000   -1.691683
519.609000   -1.693478
519.610000   -1.693925
519.611000   -1.693056
519.612000   -1.690865
519.613000   -1.687385
519.614000   -1.682655
519.615000   -1.676732
519.616000   -1.669849
519.617000   -1.662481
519.618000   -1.655171
519.619000   -1.648291
519.620000   -1.641940
519.621000   -1.636035
519.622000   -1.630520
519.623000   -1.625395
519.624000   -1.620621
519.625000   -1.616185
519.626000   -1.612254
519.627000   -1.609145
519.628000   -1.607101
519.629000   -1.606136
519.630000   -1.606083
519.631000   -1.606810
519.632000   -1.608311
519.633000   -1.610576
519.634000   -1.613546
519.635000   -1.617210
519.636000   -1.621601
519.637000   -1.626605
519.638000   -1.631824
519.639000   -1.636630
519.640000   -1.640432
519.641000   -1.642919
519.642000   -1.643982
519.643000   -1.643574
519.644000   -1.641771
519.645000   -1.638806
519.646000   -1.634941
519.647000   -1.630282
519.648000   -1.624741
519.649000   -1.618250
519.650000   -1.611034
519.651000   -1.603530
519.652000   -1.596150
519.653000   -1.589272
519.654000   -1.583362
519.655000   -1.578875
519.656000   -1.576023
519.657000   -1.574668
519.658000   -1.574447
519.659000   -1.575027
519.660000   -1.576148
519.661000   -1.577468
519.662000   -1.578588
519.663000   -1.579300
519.664000   -1.579625
519.665000   -1.579569
519.666000   -1.578931
519.667000   -1.577335
519.668000   -1.574398
519.669000   -1.569825
519.670000   -1.563332
519.671000   -1.554686
519.672000   -1.543957
519.673000   -1.531596
519.674000   -1.518154
519.675000   -1.504017
519.676000   -1.489366
519.677000   -1.474284
519.678000   -1.458842
519.679000   -1.443050
519.680000   -1.426850
519.681000   -1.410341
519.682000   -1.393935
519.683000   -1.378203
519.684000   -1.363613
519.685000   -1.350438
519.686000   -1.338803
519.687000   -1.328716
519.688000   -1.320013
519.689000   -1.312345
519.690000   -1.305434
519.691000   -1.299353
519.692000   -1.294408
519.693000   -1.290816
519.694000   -1.288551
519.695000   -1.287401
519.696000   -1.287054
519.697000   -1.287097
519.698000   -1.287010
519.699000   -1.286353
519.700000   -1.285053
519.701000   -1.283385
519.702000   -1.281663
519.703000   -1.280068
519.704000   -1.278670
519.705000   -1.277490
519.706000   -1.276459
519.707000   -1.275328
519.708000   -1.273745
519.709000   -1.271604
519.710000   -1.269283
519.711000   -1.267432
519.712000   -1.266616
519.713000   -1.267167
519.714000   -1.269146
519.715000   -1.272298
519.716000   -1.276038
519.717000   -1.279562
519.718000   -1.282221
519.719000   -1.283972
519.720000   -1.285307
519.721000   -1.286785
519.722000   -1.288735
519.723000   -1.291154
519.724000   -1.293695
519.725000   -1.295703
519.726000   -1.296323
519.727000   -1.294796
519.728000   -1.290934
519.729000   -1.285222
519.730000   -1.278381
519.731000   -1.270979
519.732000   -1.263302
519.733000   -1.255362
519.734000   -1.246931
519.735000   -1.237584
519.736000   -1.226868
519.737000   -1.214730
519.738000   -1.201859
519.739000   -1.189447
519.740000   -1.178667
519.741000   -1.170365
519.742000   -1.164934
519.743000   -1.162299
519.744000   -1.161951
519.745000   -1.163083
519.746000   -1.164970
519.747000   -1.167513
519.748000   -1.171272
519.749000   -1.176947
519.750000   -1.184915
519.751000   -1.195049
519.752000   -1.206742
519.753000   -1.219038
519.754000   -1.230791
519.755000   -1.240983
519.756000   -1.249192
519.757000   -1.255772
519.758000   -1.261463
519.759000   -1.266960
519.760000   -1.272713
519.761000   -1.278908
519.762000   -1.285506
519.763000   -1.292261
519.764000   -1.298859
519.765000   -1.305255
519.766000   -1.311957
519.767000   -1.319839
519.768000   -1.329705
519.769000   -1.342018
519.770000   -1.356827
519.771000   -1.373792
519.772000   -1.392240
519.773000   -1.411269
519.774000   -1.430039
519.775000   -1.448184
519.776000   -1.465908
519.777000   -1.483646
519.778000   -1.501678
519.779000   -1.519908
519.780000   -1.537827
519.781000   -1.554597
519.782000   -1.569179
519.783000   -1.580569
519.784000   -1.588238
519.785000   -1.592415
519.786000   -1.593840
519.787000   -1.593263
519.788000   -1.591114
519.789000   -1.587443
519.790000   -1.582037
519.791000   -1.574534
519.792000   -1.564566
519.793000   -1.552069
519.794000   -1.537633
519.795000   -1.522448
519.796000   -1.507844
519.797000   -1.494831
519.798000   -1.483909
519.799000   -1.475116
519.800000   -1.468155
519.801000   -1.462504
519.802000   -1.457634
519.803000   -1.453372
519.804000   -1.450080
519.805000   -1.448376
519.806000   -1.448693
519.807000   -1.451025
519.808000   -1.454977
519.809000   -1.459914
519.810000   -1.465073
519.811000   -1.469735
519.812000   -1.473518
519.813000   -1.476608
519.814000   -1.479614
519.815000   -1.483209
519.816000   -1.487875
519.817000   -1.493849
519.818000   -1.501142
519.819000   -1.509562
519.820000   -1.518786
519.821000   -1.528540
519.822000   -1.538817
519.823000   -1.549920
519.824000   -1.562254
519.825000   -1.576080
519.826000   -1.591394
519.827000   -1.607920
519.828000   -1.625143
519.829000   -1.642393
519.830000   -1.658982
519.831000   -1.674433
519.832000   -1.688663
519.833000   -1.701932
519.834000   -1.714601
519.835000   -1.726878
519.836000   -1.738723
519.837000   -1.749885
519.838000   -1.759979
519.839000   -1.768582
519.840000   -1.775395
519.841000   -1.780398
519.842000   -1.783825
519.843000   -1.785934
519.844000   -1.786755
519.845000   -1.786030
519.846000   -1.783328
519.847000   -1.778171
519.848000   -1.770155
519.849000   -1.759089
519.850000   -1.745120
519.851000   -1.728738
519.852000   -1.710618
519.853000   -1.691428
519.854000   -1.671724
519.855000   -1.651911
519.856000   -1.632243
519.857000   -1.612859
519.858000   -1.593862
519.859000   -1.575413
519.860000   -1.557768
519.861000   -1.541206
519.862000   -1.525908
519.863000   -1.511913
519.864000   -1.499143
519.865000   -1.487417
519.866000   -1.476495
519.867000   -1.466153
519.868000   -1.456266
519.869000   -1.446837
519.870000   -1.437949
519.871000   -1.429702
519.872000   -1.422239
519.873000   -1.415753
519.874000   -1.410375
519.875000   -1.406111
519.876000   -1.402882
519.877000   -1.400600
519.878000   -1.399220
519.879000   -1.398719
519.880000   -1.399062
519.881000   -1.400249
519.882000   -1.402368
519.883000   -1.405524
519.884000   -1.409749
519.885000   -1.415013
519.886000   -1.421284
519.887000   -1.428566
519.888000   -1.436886
519.889000   -1.446243
519.890000   -1.456614
519.891000   -1.468004
519.892000   -1.480433
519.893000   -1.493825
519.894000   -1.507976
519.895000   -1.522585
519.896000   -1.537290
519.897000   -1.551683
519.898000   -1.565295
519.899000   -1.577619
519.900000   -1.588212
519.901000   -1.596799
519.902000   -1.603237
519.903000   -1.607450
519.904000   -1.609437
519.905000   -1.609279
519.906000   -1.607118
519.907000   -1.603103
519.908000   -1.597361
519.909000   -1.590062
519.910000   -1.581531
519.911000   -1.572179
519.912000   -1.562355
519.913000   -1.552304
519.914000   -1.542190
519.915000   -1.532096
519.916000   -1.521999
519.917000   -1.511758
519.918000   -1.501155
519.919000   -1.489964
519.920000   -1.477959
519.921000   -1.464918
519.922000   -1.450701
519.923000   -1.435337
519.924000   -1.419017
519.925000   -1.402023
519.926000   -1.384635
519.927000   -1.367071
519.928000   -1.349461
519.929000   -1.331893
519.930000   -1.314483
519.931000   -1.297444
519.932000   -1.281138
519.933000   -1.266027
519.934000   -1.252549
519.935000   -1.240972
519.936000   -1.231327
519.937000   -1.223447
519.938000   -1.217102
519.939000   -1.212039
519.940000   -1.208003
519.941000   -1.204833
519.942000   -1.202557
519.943000   -1.201364
519.944000   -1.201497
519.945000   -1.203170
519.946000   -1.206531
519.947000   -1.211599
519.948000   -1.218148
519.949000   -1.225733
519.950000   -1.233922
519.951000   -1.242527
519.952000   -1.251650
519.953000   -1.261568
519.954000   -1.272600
519.955000   -1.284979
519.956000   -1.298628
519.957000   -1.312960
519.958000   -1.327008
519.959000   -1.339850
519.960000   -1.350973
519.961000   -1.360389
